95140
225.82349460367507 145.823735525847
1
225.82349460367507 147.33091075128988
0.25 0.25 0.25 0.25
1.5071752254428583
45.0
416.3070312112618 276.9069782787165
1
416.3070312112618 305.0746264284411
0.25 0.25 0.25 0.25
28.167648149724574
45.0
3.405203102332507 204.30979631255178
0
3.405203102332507 167.87783657448975
0.25 0.25 0.25 0.25
36.431959738062034
45.0
380.35670600215553 61.86754132405852
2
421.66853228956165 61.86754132405852
0.25 0.25 0.25 0.25
41.31182628740609
45.0
350.82601177619733 361.4721318500747
0
350.82601177619733 313.68001737567374
0.25 0.25 0.25 0.25
47.79211447440092
45.0
482.6460660164694 444.80896304826774
3
487.4313630109219 444.80896304826774
0.25 0.25 0.25 0.25
29.922570972608714
45.0
448.2150274120469 250.51368864643734
1
448.2150274120469 299.28014273814273
0.25 0.25 0.25 0.25
48.76645409170537
45.0
276.6961287019838 418.35155926626527
2
279.1844199933823 418.35155926626527
0.25 0.25 0.25 0.25
2.48829129139847
45.0
172.63686447722102 411.3491491044358
3
138.30615634586331 411.3491491044358
0.25 0.25 0.25 0.25
34.33070813135771
45.0
148.70550715853432 361.93881115265765
3
102.13332523316927 361.93881115265765
0.25 0.25 0.25 0.25
46.572181925365044
45.0
18.805046147203917 296.8076740842338
2
68.15945262791857 296.8076740842338
0.25 0.25 0.25 0.25
49.35440648071465
45.0
171.7024673493907 22.456521635605043
2
213.87141190365358 22.456521635605043
0.25 0.25 0.25 0.25
42.16894455426288
45.0
35.46244283045629 101.9724654380849
0
35.46244283045629 67.42301044119205
0.25 0.25 0.25 0.25
34.549454996892855
45.0
149.01892074147182 348.03757066433167
3
127.13848063111016 348.03757066433167
0.25 0.25 0.25 0.25
21.880440110361665
45.0
411.31352231036647 284.68216962382076
3
403.802097261683 284.68216962382076
0.25 0.25 0.25 0.25
7.511425048683451
45.0
368.2498807291987 115.36119556918318
2
414.22198004950604 115.36119556918318
0.25 0.25 0.25 0.25
45.97209932030732
45.0
210.18669125149182 42.77888704121178
1
210.18669125149182 69.86942844369821
0.25 0.25 0.25 0.25
27.09054140248643
45.0
10.628657069770249 28.978887990328026
2
23.24181021550386 28.978887990328026
0.25 0.25 0.25 0.25
33.87046728527411
45.0
261.09401213651876 356.44802905478156
3
235.60983879008725 356.44802905478156
0.25 0.25 0.25 0.25
25.484173346431515
45.0
296.6730147426689 187.30601547046967
3
283.53819795460174 187.30601547046967
0.25 0.25 0.25 0.25
13.134816788067184
45.0
491.74019446431316 193.9559986775998
3
494.46359954959564 193.9559986775998
0.25 0.25 0.25 0.25
13.796205986091186
45.0
456.09413953400787 162.76489802520518
2
460.121210961566 162.76489802520518
0.25 0.25 0.25 0.25
4.027071427558171
45.0
335.62945898405525 377.33438631358274
1
335.62945898405525 405.4664556170839
0.25 0.25 0.25 0.25
28.13206930350116
45.0
491.6772497452796 53.76693083791207
1
491.6772497452796 90.85003739424204
0.25 0.25 0.25 0.25
37.083106556329966
45.0
495.88001355832887 197.14170928818683
3
467.5898555825173 197.14170928818683
0.25 0.25 0.25 0.25
28.290157975811574
45.0
488.2916651620904 390.95203188280465
0
488.2916651620904 355.0368767099511
0.25 0.25 0.25 0.25
35.91515517285354
45.0
118.61757334681437 285.42155787420637
2
159.03163932664313 285.42155787420637
0.25 0.25 0.25 0.25
40.414065979828756
45.0
284.09095596793316 82.20569533534137
3
250.86073945583388 82.20569533534137
0.25 0.25 0.25 0.25
33.23021651209927
45.0
118.9181242885918 293.5218168184949
3
70.77199674375004 293.5218168184949
0.25 0.25 0.25 0.25
48.14612754484176
45.0
216.89987370125283 123.3482188224159
2
252.7521841709586 123.3482188224159
0.25 0.25 0.25 0.25
35.85231046970576
45.0
32.4086157304482 420.68367667280995
2
82.31722843342914 420.68367667280995
0.25 0.25 0.25 0.25
49.90861270298094
45.0
232.04265354234377 47.10440839029742
0
232.04265354234377 6.015163049747741
0.25 0.25 0.25 0.25
41.08924534054968
45.0
177.71323038979315 58.19864889879398
0
177.71323038979315 21.05814624926372
0.25 0.25 0.25 0.25
37.140502649530255
45.0
222.5623384215594 20.612686931038866
3
189.51500463687245 20.612686931038866
0.25 0.25 0.25 0.25
33.04733378468694
45.0
43.522704250604974 254.36138940595043
1
43.522704250604974 279.00157343692587
0.25 0.25 0.25 0.25
24.640184030975448
45.0
213.9569865650438 86.2768291635968
2
246.57247518966486 86.2768291635968
0.25 0.25 0.25 0.25
32.61548862462107
45.0
125.11802512548348 56.97741777806891
2
136.31536487343755 56.97741777806891
0.25 0.25 0.25 0.25
11.19733974795406
45.0
346.0157525532965 61.06169258266857
2
386.1127250288238 61.06169258266857
0.25 0.25 0.25 0.25
40.09697247552726
45.0
449.8969065476723 252.68820914076557
2
470.3459109395231 252.68820914076557
0.25 0.25 0.25 0.25
20.44900439185081
45.0
468.5192458754366 481.4593222579225
3
436.5515177507901 481.4593222579225
0.25 0.25 0.25 0.25
31.967728124646495
45.0
145.4197097244657 263.5986550833375
2
157.40550923236177 263.5986550833375
0.25 0.25 0.25 0.25
11.985799507896072
45.0
327.70461286463217 289.97603279927847
0
327.70461286463217 285.703801871539
0.25 0.25 0.25 0.25
4.272230927739495
45.0
268.79455151879915 327.9320352003777
2
315.1367220096743 327.9320352003777
0.25 0.25 0.25 0.25
46.34217049087517
45.0
81.09501542486885 223.3443966993593
0
81.09501542486885 210.4975935870537
0.25 0.25 0.25 0.25
12.846803112305583
45.0
485.80311443811456 21.50550872374914
3
457.8540135558519 21.50550872374914
0.25 0.25 0.25 0.25
27.949100882262673
45.0
85.68995996989062 5.737895363119421
2
121.97432631102458 5.737895363119421
0.25 0.25 0.25 0.25
36.28436634113395
45.0
490.8905368764613 421.00867136999176
1
490.8905368764613 445.74566908156777
0.25 0.25 0.25 0.25
24.73699771157599
45.0
115.612768575762 0.7927552960074316
3
104.45850864145139 0.7927552960074316
0.25 0.25 0.25 0.25
11.154259934310613
45.0
