6314
145.85159819375622 236.97190545555213
1
145.85159819375622 373.1101285106256
0.25 0.25 0.25 0.25
136.13822305507347
45.0
10.691707874205747 381.71162714437844
0
10.691707874205747 457.10568093229995
0.25 0.25 0.25 0.25
161.18269192332158
45.0
88.43826042947435 51.04652634662585
2
85.82665142218531 51.04652634662585
0.25 0.25 0.25 0.25
174.26491185165966
45.0
191.16731172495798 150.37462479064408
0
191.16731172495798 33.2192468377707
0.25 0.25 0.25 0.25
117.15537795287338
45.0
113.55746001276839 294.9133797587372
2
35.675184487946865 294.9133797587372
0.25 0.25 0.25 0.25
149.23264450071525
45.0
83.65656177043411 322.308771407017
2
204.80738415580726 322.308771407017
0.25 0.25 0.25 0.25
121.15082238537315
45.0
452.8723610291804 377.21613853687904
3
423.93592185438604 377.21613853687904
0.25 0.25 0.25 0.25
123.19171711643351
45.0
383.36974947202395 54.32058865188094
3
280.0888257436244 54.32058865188094
0.25 0.25 0.25 0.25
103.28092372839956
45.0
57.69108834458564 127.38561514372498
1
57.69108834458564 280.8336191260096
0.25 0.25 0.25 0.25
153.4480039822846
45.0
431.60048860881034 497.76594033742697
0
431.60048860881034 349.21553239783645
0.25 0.25 0.25 0.25
148.5504079395905
45.0
395.5139216476748 290.6364779244239
3
457.8343415353145 290.6364779244239
0.25 0.25 0.25 0.25
146.65173681701066
45.0
328.6626879492916 101.59188731136328
3
498.5627755617919 101.59188731136328
0.25 0.25 0.25 0.25
172.7745364889165
45.0
135.8566550256818 336.9184618096027
2
34.1379935685095 336.9184618096027
0.25 0.25 0.25 0.25
169.9946485941913
45.0
101.03012978774211 216.38275937802035
2
265.35233557571877 216.38275937802035
0.25 0.25 0.25 0.25
164.32220578797666
45.0
40.33151641179698 109.47401058107111
2
141.20563252286536 109.47401058107111
0.25 0.25 0.25 0.25
100.87411611106837
45.0
134.4012140360801 375.5851880854368
0
134.4012140360801 467.17325844438324
0.25 0.25 0.25 0.25
157.24155347017995
45.0
172.82071749609884 110.32738903411297
1
172.82071749609884 23.090039433064618
0.25 0.25 0.25 0.25
133.4174284671776
45.0
307.1038072920775 147.21313569500168
3
156.4410435695133 147.21313569500168
0.25 0.25 0.25 0.25
150.66276372256416
45.0
98.54725386168568 497.99365259931744
0
98.54725386168568 324.8599282674422
0.25 0.25 0.25 0.25
173.13372433187524
45.0
482.19893379119924 361.09231801551925
3
332.67467228261626 361.09231801551925
0.25 0.25 0.25 0.25
149.524261508583
45.0
369.6342289143481 243.275176149063
0
369.6342289143481 134.55818517507862
0.25 0.25 0.25 0.25
108.71699097398435
45.0
153.65564434757357 446.4439587175207
2
292.54521715277895 446.4439587175207
0.25 0.25 0.25 0.25
138.88957280520538
45.0
364.9596378267587 222.22241237179276
0
364.9596378267587 57.14696095203294
0.25 0.25 0.25 0.25
165.07545141975982
45.0
21.914574913249567 460.69115862175374
0
21.914574913249567 298.2376252764323
0.25 0.25 0.25 0.25
162.45353334532143
45.0
316.5353893858761 140.6391056888851
3
176.229085453096 140.6391056888851
0.25 0.25 0.25 0.25
140.30630393278014
45.0
270.38457775673453 20.047523757432657
1
270.38457775673453 122.85074432603986
0.25 0.25 0.25 0.25
142.89826808347252
45.0
475.2266107376921 300.66042264652776
3
364.48396179467295 300.66042264652776
0.25 0.25 0.25 0.25
160.28942746763494
45.0
72.8868688962009 78.4016586442674
1
72.8868688962009 197.95776996214727
0.25 0.25 0.25 0.25
119.55611131787987
45.0
328.120377709217 431.09972435238876
0
328.120377709217 411.36660402691086
0.25 0.25 0.25 0.25
157.5336716207004
45.0
126.2964766470675 212.86249305176818
2
233.235263742298 212.86249305176818
0.25 0.25 0.25 0.25
106.93878709523051
45.0
169.89437273360932 119.15921448319125
1
169.89437273360932 33.584461226066026
0.25 0.25 0.25 0.25
152.74367570925727
45.0
191.76556002630036 109.61518644055886
3
53.19441116545235 109.61518644055886
0.25 0.25 0.25 0.25
138.571148860848
45.0
474.5875448875481 32.46704760088622
3
413.7293489556545 32.46704760088622
0.25 0.25 0.25 0.25
111.68310615679738
45.0
319.53855357002385 397.6915119342989
3
214.3183217575172 397.6915119342989
0.25 0.25 0.25 0.25
105.22023181250665
45.0
282.99120725369096 467.54230443389577
0
282.99120725369096 365.259070307823
0.25 0.25 0.25 0.25
167.19862525828125
45.0
220.77705679025115 105.61608892316224
3
82.44962905377474 105.61608892316224
0.25 0.25 0.25 0.25
138.3274277364764
45.0
121.70955284581567 116.57235121885617
1
121.70955284581567 272.9189682568737
0.25 0.25 0.25 0.25
156.34661703801754
45.0
102.74450152161864 273.97217225332105
1
102.74450152161864 444.1169766510684
0.25 0.25 0.25 0.25
170.14480439774735
45.0
291.0841233836375 157.7768566946939
2
384.77651444499634 157.7768566946939
0.25 0.25 0.25 0.25
93.6923910613588
45.0
207.51371714434742 139.9521358189169
3
67.95766759285519 139.9521358189169
0.25 0.25 0.25 0.25
139.55604955149224
45.0
478.4460608128388 384.7984703659612
0
478.4460608128388 222.4089958905324
0.25 0.25 0.25 0.25
162.38947447542878
45.0
119.1418026155979 254.8734361166871
0
119.1418026155979 157.04672087931607
0.25 0.25 0.25 0.25
97.82671523737102
45.0
445.6899472863405 172.04932163859314
3
379.6755693741105 172.04932163859314
0.25 0.25 0.25 0.25
174.63448333954898
45.0
462.82189419554754 416.82221251868134
3
343.02137873942155 416.82221251868134
0.25 0.25 0.25 0.25
119.800515456126
45.0
454.12464059248543 190.5995167541871
3
429.56032918190624 190.5995167541871
0.25 0.25 0.25 0.25
116.31503022560835
45.0
158.27066376740981 357.62857516291956
2
310.1089011166997 357.62857516291956
0.25 0.25 0.25 0.25
151.8382373492899
45.0
497.01176105071704 114.6434490121606
3
382.8422761504546 114.6434490121606
0.25 0.25 0.25 0.25
114.1694849002624
45.0
87.36557698690604 326.6490556537952
2
39.138405866208075 326.6490556537952
0.25 0.25 0.25 0.25
126.50398285311411
45.0
