51420
40.963984117820374 293.3020969773994
0
40.963984117820374 182.95760409874305
0.25 0.25 0.25 0.25
110.34449287865634
45.0
227.4668126543661 29.234775471308524
2
315.492766990279 29.234775471308524
0.25 0.25 0.25 0.25
88.0259543359129
45.0
61.05433741799479 408.78702241016265
0
61.05433741799479 287.316086607946
0.25 0.25 0.25 0.25
121.4709358022167
45.0
292.81577152478854 427.73223800595247
0
292.81577152478854 261.00057547444413
0.25 0.25 0.25 0.25
166.73166253150833
45.0
228.440647677107 277.89919827775657
3
69.88182709779059 277.89919827775657
0.25 0.25 0.25 0.25
158.5588205793164
45.0
50.52129792752963 305.9904887511391
1
50.52129792752963 398.5462880184201
0.25 0.25 0.25 0.25
92.55579926728105
45.0
403.9665246879773 158.56858524086445
0
403.9665246879773 18.260300947376834
0.25 0.25 0.25 0.25
140.30828429348762
45.0
304.74285627498523 491.5243422863497
0
304.74285627498523 365.50577533944283
0.25 0.25 0.25 0.25
142.9698823742075
45.0
234.2815078968642 392.2718589724675
0
234.2815078968642 485.1096416962579
0.25 0.25 0.25 0.25
122.61849933127465
45.0
18.266475509913107 214.53062105832282
2
189.48400113802938 214.53062105832282
0.25 0.25 0.25 0.25
171.21752562811628
45.0
109.16694885620619 202.5081696489113
2
201.81023986077224 202.5081696489113
0.25 0.25 0.25 0.25
92.64329100456605
45.0
180.8974758603838 483.292402019639
3
58.35682068308003 483.292402019639
0.25 0.25 0.25 0.25
122.54065517730376
45.0
350.06132008773795 208.64880580108428
2
496.8767594610785 208.64880580108428
0.25 0.25 0.25 0.25
146.81543937334055
45.0
412.3352829843873 264.88949230735454
1
412.3352829843873 360.84218324480895
0.25 0.25 0.25 0.25
95.9526909374544
45.0
290.3322591242202 405.95199517208266
0
290.3322591242202 457.9548324693319
0.25 0.25 0.25 0.25
136.09317235858543
45.0
469.0456764757787 93.66082749943067
3
383.82362618126353 93.66082749943067
0.25 0.25 0.25 0.25
147.13069734295775
45.0
348.3487012065442 186.70567674719405
1
348.3487012065442 286.1489567033532
0.25 0.25 0.25 0.25
99.44327995615912
45.0
38.322182889217686 118.62538956949427
2
126.58001675822621 118.62538956949427
0.25 0.25 0.25 0.25
164.9021996474439
45.0
123.01265779571311 45.65825960825374
3
23.70199178236888 45.65825960825374
0.25 0.25 0.25 0.25
99.31066601334423
45.0
244.92043352268325 163.7152890583949
3
156.05395914168275 163.7152890583949
0.25 0.25 0.25 0.25
88.86647438100049
45.0
39.85037390243406 69.07106532733565
0
39.85037390243406 51.53579872414696
0.25 0.25 0.25 0.25
17.53526660318869
45.0
18.48028620801101 36.70829788129008
2
16.96639797106593 36.70829788129008
0.25 0.25 0.25 0.25
35.44668417907694
45.0
449.10113328738555 173.79228666171812
1
449.10113328738555 191.4860501705142
0.25 0.25 0.25 0.25
17.69376350879609
45.0
465.16161211829007 369.5007310708501
2
471.0968334580339 369.5007310708501
0.25 0.25 0.25 0.25
5.935221339743863
45.0
98.84918791214994 235.11566722943184
0
98.84918791214994 226.3088197985095
0.25 0.25 0.25 0.25
8.806847430922355
45.0
158.50304320134998 129.07511873396103
1
158.50304320134998 174.1477461957931
0.25 0.25 0.25 0.25
45.07262746183207
45.0
391.60734793879965 33.541668831001395
3
343.83479992180435 33.541668831001395
0.25 0.25 0.25 0.25
47.77254801699531
45.0
155.5094487360546 12.854012097649914
1
155.5094487360546 31.61495205139613
0.25 0.25 0.25 0.25
44.468964149046045
45.0
12.69631280541816 215.22239591430525
1
12.69631280541816 241.74693444851806
0.25 0.25 0.25 0.25
26.524538534212823
45.0
272.6814684997049 205.14696502241708
3
233.5412713457279 205.14696502241708
0.25 0.25 0.25 0.25
39.14019715397703
45.0
252.76486622880682 121.28111975891923
0
252.76486622880682 87.96319200738714
0.25 0.25 0.25 0.25
33.3179277515321
45.0
190.4695349780421 341.23012650191436
3
184.0066407739056 341.23012650191436
0.25 0.25 0.25 0.25
6.46289420413651
45.0
329.2159660592747 337.256412854034
3
296.6233080066473 337.256412854034
0.25 0.25 0.25 0.25
32.59265805262741
45.0
463.75852138236564 425.2162415015184
0
463.75852138236564 390.93116877874434
0.25 0.25 0.25 0.25
34.28507272277406
45.0
73.73159266360778 221.10378908441766
1
73.73159266360778 247.81229226440087
0.25 0.25 0.25 0.25
26.708503179983218
45.0
321.2736022145628 74.66160755657
2
336.7990060089524 74.66160755657
0.25 0.25 0.25 0.25
15.525403794389604
45.0
221.7323757950062 24.97362415393284
2
264.26418525445445 24.97362415393284
0.25 0.25 0.25 0.25
42.53180945944825
45.0
174.0322661162153 183.8534226060873
3
164.8762022685687 183.8534226060873
0.25 0.25 0.25 0.25
9.156063847646607
45.0
233.35089646131723 211.8912947026504
0
233.35089646131723 193.62205447966193
0.25 0.25 0.25 0.25
18.269240222988476
45.0
265.18691841910044 346.92953432986866
3
252.491096531854 346.92953432986866
0.25 0.25 0.25 0.25
12.695821887246428
45.0
91.89920899407741 322.53658581776415
1
91.89920899407741 370.99652960352444
0.25 0.25 0.25 0.25
48.45994378576031
45.0
484.7435387181026 493.51242889460946
0
484.7435387181026 463.6528035722457
0.25 0.25 0.25 0.25
42.83476753314483
45.0
141.5514526980287 305.6818674097848
2
168.61878039883055 305.6818674097848
0.25 0.25 0.25 0.25
27.06732770080187
45.0
80.78233990173317 312.2245619094523
0
80.78233990173317 289.00655397168237
0.25 0.25 0.25 0.25
23.21800793776995
45.0
448.3536127183658 399.58541691431674
0
448.3536127183658 378.21363612091017
0.25 0.25 0.25 0.25
21.371780793406575
45.0
141.39007708031139 445.3076446771671
1
141.39007708031139 450.8805638324152
0.25 0.25 0.25 0.25
5.572919155248091
45.0
338.591077437831 485.28305039475663
2
375.30054237483904 485.28305039475663
0.25 0.25 0.25 0.25
36.70946493700802
45.0
433.69760502282486 188.39854177976963
3
430.12466933066656 188.39854177976963
0.25 0.25 0.25 0.25
3.5729356921582855
45.0
