51420
186.62456573158522 348.06616801826
3
76.2800728529289 348.06616801826
0.25 0.25 0.25 0.25
110.34449287865634
45.0
371.8042190212338 129.3377360534821
2
459.8301733571467 129.3377360534821
0.25 0.25 0.25 0.25
88.0259543359129
45.0
68.95747985737268 307.0077187170617
2
190.42841565958938 307.0077187170617
0.25 0.25 0.25 0.25
121.4709358022167
45.0
461.49731000154725 261.78052585254443
3
371.7710274669445 261.78052585254443
0.25 0.25 0.25 0.25
166.73166253150833
45.0
118.52890362189223 26.60085187386477
2
277.08772420120863 26.60085187386477
0.25 0.25 0.25 0.25
158.5588205793164
45.0
170.81788448721557 269.76290487095616
1
170.81788448721557 362.3187041382372
0.25 0.25 0.25 0.25
92.55579926728105
45.0
18.725691698687626 457.0271637734263
2
121.58259259479999 457.0271637734263
0.25 0.25 0.25 0.25
140.30828429348762
45.0
121.79926098928001 491.5243422863497
2
264.7691433634875 491.5243422863497
0.25 0.25 0.25 0.25
142.9698823742075
45.0
179.98446802902274 98.20213835263104
2
302.6029673602974 98.20213835263104
0.25 0.25 0.25 0.25
122.61849933127465
45.0
78.42219182804047 405.6666974392065
0
78.42219182804047 423.11577693267725
0.25 0.25 0.25 0.25
171.21752562811628
45.0
239.96264196122524 407.842465282598
0
239.96264196122524 315.199174278032
0.25 0.25 0.25 0.25
92.64329100456605
45.0
245.74876541623755 267.1341839378698
3
123.20811023893378 267.1341839378698
0.25 0.25 0.25 0.25
122.54065517730376
45.0
384.01587677896487 355.46424517442483
3
237.2004374056243 355.46424517442483
0.25 0.25 0.25 0.25
146.81543937334055
45.0
68.99760986002542 159.3943620679189
1
68.99760986002542 255.3470530053733
0.25 0.25 0.25 0.25
95.9526909374544
45.0
484.8291896485109 3.6226862074468045
3
348.7360172899255 3.6226862074468045
0.25 0.25 0.25 0.25
136.09317235858543
45.0
294.0789819791506 494.86196187240034
0
294.0789819791506 347.73126452944257
0.25 0.25 0.25 0.25
147.13069734295775
45.0
452.76473888113753 385.5922366595123
3
447.7919811627034 385.5922366595123
0.25 0.25 0.25 0.25
99.44327995615912
45.0
245.5715909980079 67.45041430862278
2
410.4737906454518 67.45041430862278
0.25 0.25 0.25 0.25
164.9021996474439
45.0
366.6473324044504 179.43562495438624
0
366.6473324044504 80.12495894104201
0.25 0.25 0.25 0.25
99.31066601334423
45.0
89.65626656967687 74.8488146773944
1
89.65626656967687 14.017659703606085
0.25 0.25 0.25 0.25
88.86647438100049
45.0
408.0909725693965 229.02846692687206
1
408.0909725693965 246.56373353006074
0.25 0.25 0.25 0.25
17.53526660318869
45.0
470.28044931322086 388.6519122676333
3
434.8337651341439 388.6519122676333
0.25 0.25 0.25 0.25
35.44668417907694
45.0
272.16349819942445 315.34239473208686
1
272.16349819942445 333.03615824088297
0.25 0.25 0.25 0.25
17.69376350879609
45.0
386.4578543881134 363.56550973110626
3
380.5226330483695 363.56550973110626
0.25 0.25 0.25 0.25
5.935221339743863
45.0
72.42864561938283 138.240345489286
0
72.42864561938283 129.43349805836365
0.25 0.25 0.25 0.25
8.806847430922355
45.0
14.882964976159599 346.03606020342727
2
59.95559243799167 346.03606020342727
0.25 0.25 0.25 0.25
45.07262746183207
45.0
257.9602289585178 326.6239736467761
3
210.1876809415225 326.6239736467761
0.25 0.25 0.25 0.25
47.77254801699531
45.0
244.44737703414665 475.2012068347848
2
288.9163411831927 475.2012068347848
0.25 0.25 0.25 0.25
44.468964149046045
45.0
137.38654117639538 408.8266299538818
2
163.9110797106082 408.8266299538818
0.25 0.25 0.25 0.25
26.524538534212823
45.0
272.6814684997049 457.63327394968235
1
272.6814684997049 496.7734711036594
0.25 0.25 0.25 0.25
39.14019715397703
45.0
19.539371968082136 354.50661401964396
2
52.85729971961424 354.50661401964396
0.25 0.25 0.25 0.25
33.3179277515321
45.0
125.84059293667694 250.74960764400348
3
119.37769873254044 250.74960764400348
0.25 0.25 0.25 0.25
6.46289420413651
45.0
394.40128216452956 359.0372650408694
1
394.40128216452956 391.6299230934968
0.25 0.25 0.25 0.25
32.59265805262741
45.0
498.04359410513973 294.770285676737
0
498.04359410513973 260.4852129539629
0.25 0.25 0.25 0.25
34.28507272277406
45.0
497.92990504459823 87.56127318450159
3
475.36159177541856 87.56127318450159
0.25 0.25 0.25 0.25
26.708503179983218
45.0
492.05304395284844 183.33943411729723
3
476.52764015845884 183.33943411729723
0.25 0.25 0.25 0.25
15.525403794389604
45.0
349.3278041733511 378.5760880078594
2
391.8596136327994 378.5760880078594
0.25 0.25 0.25 0.25
42.53180945944825
45.0
54.86933007494986 321.1943803207862
0
54.86933007494986 312.0383164731396
0.25 0.25 0.25 0.25
9.156063847646607
45.0
361.2355780222365 47.46813269575411
1
361.2355780222365 65.73737291874258
0.25 0.25 0.25 0.25
18.269240222988476
45.0
100.14123388489678 258.0587811191436
1
100.14123388489678 270.75460300639
0.25 0.25 0.25 0.25
12.695821887246428
45.0
471.9612969340799 144.4040325388726
1
471.9612969340799 192.86397632463292
0.25 0.25 0.25 0.25
48.45994378576031
45.0
30.839944359497395 307.1140801773354
0
30.839944359497395 264.27931264419055
0.25 0.25 0.25 0.25
42.83476753314483
45.0
195.6861080996324 315.37554477898925
2
222.75343580043426 315.37554477898925
0.25 0.25 0.25 0.25
27.06732770080187
45.0
151.3977394759664 265.78854603391244
1
151.3977394759664 289.00655397168237
0.25 0.25 0.25 0.25
23.21800793776995
45.0
0.4537839431723043 108.86362483733205
1
0.4537839431723043 130.23540563073863
0.25 0.25 0.25 0.25
21.371780793406575
45.0
80.08796637258243 361.7138573484458
1
80.08796637258243 367.2867765036939
0.25 0.25 0.25 0.25
5.572919155248091
45.0
293.03716580003953 469.1630379674518
2
329.74663073704755 469.1630379674518
0.25 0.25 0.25 0.25
36.70946493700802
45.0
451.56228348361634 270.57606269941044
1
451.56228348361634 274.14899839156874
0.25 0.25 0.25 0.25
3.5729356921582855
45.0
