51420
13.365727749448837 286.4025328853066
2
96.9787651292075 286.4025328853066
0.25 0.25 0.25 0.25
110.34449287865634
45.0
117.51945211032398 115.10263089555906
3
29.493497774411082 115.10263089555906
0.25 0.25 0.25 0.25
88.0259543359129
45.0
246.89344282412233 77.0967207987041
1
246.89344282412233 198.5676566009208
0.25 0.25 0.25 0.25
121.4709358022167
45.0
293.5957219028888 402.80627313918876
2
460.3273844343971 402.80627313918876
0.25 0.25 0.25 0.25
166.73166253150833
45.0
203.20546566308403 387.8109423329713
2
361.76428624240043 387.8109423329713
0.25 0.25 0.25 0.25
158.5588205793164
45.0
114.48966910011715 323.7863141797368
3
21.93386983283611 323.7863141797368
0.25 0.25 0.25 0.25
92.55579926728105
45.0
103.74058264921342 439.1851538278397
0
103.74058264921342 298.87686953435207
0.25 0.25 0.25 0.25
140.30828429348762
45.0
444.5560321713831 78.77683397157546
1
444.5560321713831 221.74671634578294
0.25 0.25 0.25 0.25
142.9698823742075
45.0
422.3624905100047 182.71662698429986
0
422.3624905100047 60.098127653025216
0.25 0.25 0.25 0.25
122.61849933127465
45.0
169.565450385262 65.90751964458411
2
1.6520752428542664 65.90751964458411
0.25 0.25 0.25 0.25
171.21752562811628
45.0
149.68672310726544 298.86068747437184
0
149.68672310726544 206.2173964698058
0.25 0.25 0.25 0.25
92.64329100456605
45.0
38.682062101509985 277.56060882817144
2
161.22271727881375 277.56060882817144
0.25 0.25 0.25 0.25
122.54065517730376
45.0
264.90851301900824 327.7561695610411
0
264.90851301900824 180.94073018770052
0.25 0.25 0.25 0.25
146.81543937334055
45.0
370.2927542017906 391.7728345682838
0
370.2927542017906 295.8201436308294
0.25 0.25 0.25 0.25
95.9526909374544
45.0
212.64284493134005 138.42069426225908
1
212.64284493134005 274.5138666208445
0.25 0.25 0.25 0.25
136.09317235858543
45.0
151.83570395732036 93.6608274994307
3
4.705006614362617 93.6608274994307
0.25 0.25 0.25 0.25
147.13069734295775
45.0
33.31726002284047 17.748083603533104
1
33.31726002284047 81.69519635262601
0.25 0.25 0.25 0.25
99.44327995615912
45.0
270.30861217499694 294.11439133227475
0
270.30861217499694 129.21219168483086
0.25 0.25 0.25 0.25
164.9021996474439
45.0
493.5313578840252 238.48705869866365
3
394.220691870681 238.48705869866365
0.25 0.25 0.25 0.25
99.31066601334423
45.0
67.18748476068227 385.3771485834072
1
67.18748476068227 474.2436229644077
0.25 0.25 0.25 0.25
88.86647438100049
45.0
29.800888892075932 244.42373135922253
1
29.800888892075932 261.9589979624112
0.25 0.25 0.25 0.25
17.53526660318869
45.0
229.64650304552754 183.46465017901699
3
194.19981886645058 183.46465017901699
0.25 0.25 0.25 0.25
35.44668417907694
45.0
276.34317057325416 330.78233509199094
0
276.34317057325416 313.08857158319483
0.25 0.25 0.25 0.25
17.69376350879609
45.0
441.4207267593146 458.52905116700805
0
441.4207267593146 452.5938298272642
0.25 0.25 0.25 0.25
5.935221339743863
45.0
42.06037098260773 161.19246716207405
2
50.86721841353008 161.19246716207405
0.25 0.25 0.25 0.25
8.806847430922355
45.0
293.7209255868462 42.813195273673074
1
293.7209255868462 87.88582273550514
0.25 0.25 0.25 0.25
45.07262746183207
45.0
369.52991197622384 112.99948357688606
3
321.75736395922854 112.99948357688606
0.25 0.25 0.25 0.25
47.77254801699531
45.0
134.09051158628046 119.44949364241664
0
134.09051158628046 74.9805294933706
0.25 0.25 0.25 0.25
44.468964149046045
45.0
126.72693124235637 121.66414073037451
3
100.20239270814355 121.66414073037451
0.25 0.25 0.25 0.25
26.524538534212823
45.0
489.87752542016426 244.2871621763941
0
489.87752542016426 205.14696502241708
0.25 0.25 0.25 0.25
39.14019715397703
45.0
485.52819303549495 145.26230225333757
1
485.52819303549495 178.58023000486966
0.25 0.25 0.25 0.25
33.3179277515321
45.0
293.87584224422625 497.1975183946734
0
293.87584224422625 490.7346241905369
0.25 0.25 0.25 0.25
6.46289420413651
45.0
329.2159660592747 412.37472235639643
0
329.2159660592747 379.782064303769
0.25 0.25 0.25 0.25
32.59265805262741
45.0
223.76301232294705 316.6281322936443
2
258.0480850457211 316.6281322936443
0.25 0.25 0.25 0.25
34.28507272277406
45.0
151.72181511687916 114.26977636448481
0
151.72181511687916 87.5612731845016
0.25 0.25 0.25 0.25
26.708503179983218
45.0
82.3868964395669 462.7967024163101
2
97.9123002339565 462.7967024163101
0.25 0.25 0.25 0.25
15.525403794389604
45.0
309.4127647451309 3.2052417212425866
3
266.88095528568266 3.2052417212425866
0.25 0.25 0.25 0.25
42.53180945944825
45.0
274.748968440328 385.28682725431224
3
265.5929045926814 385.28682725431224
0.25 0.25 0.25 0.25
9.156063847646607
45.0
168.57238844442927 25.60882819619979
0
168.57238844442927 7.339587973211316
0.25 0.25 0.25 0.25
18.269240222988476
45.0
442.9284248405506 156.49220602117208
0
442.9284248405506 143.79638413392564
0.25 0.25 0.25 0.25
12.695821887246428
45.0
400.31769120960564 65.14296446831827
3
351.85774742384535 65.14296446831827
0.25 0.25 0.25 0.25
48.45994378576031
45.0
230.21343528755256 35.305128240797444
1
230.21343528755256 78.13989577394227
0.25 0.25 0.25 0.25
42.83476753314483
45.0
491.935587878784 262.7320143070543
0
491.935587878784 235.66468660625247
0.25 0.25 0.25 0.25
27.06732770080187
45.0
266.5264034038928 335.4425698472222
3
243.30839546612285 335.4425698472222
0.25 0.25 0.25 0.25
23.21800793776995
45.0
448.3536127183658 292.7265129472839
1
448.3536127183658 314.09829374069045
0.25 0.25 0.25 0.25
21.371780793406575
45.0
364.3068432902349 484.3180787639037
2
369.879762445483 484.3180787639037
0.25 0.25 0.25 0.25
5.572919155248091
45.0
366.4560956740557 228.31679583570047
3
329.74663073704767 228.31679583570047
0.25 0.25 0.25 0.25
36.70946493700802
45.0
272.91549887570153 159.81505624250326
3
269.34256318354323 159.81505624250326
0.25 0.25 0.25 0.25
3.5729356921582855
45.0
