39571
368.66316616424774 247.716940220198
0
368.66316616424774 118.85851553053112
0.25 0.25 0.25 0.25
128.8584246896669
45.0
22.14844275899307 126.42427380156933
0
22.14844275899307 38.89841413532676
0.25 0.25 0.25 0.25
87.52585966624257
45.0
66.43474988989288 348.01205375261213
0
66.43474988989288 246.58610595419256
0.25 0.25 0.25 0.25
101.42594779841957
45.0
470.85768024240247 475.6689521246079
2
497.7842126574205 475.6689521246079
0.25 0.25 0.25 0.25
26.926532415018013
45.0
43.61096603923008 181.2276817877716
1
43.61096603923008 228.49719252716758
0.25 0.25 0.25 0.25
47.269510739396
45.0
432.79051238761747 250.06847534443833
3
412.2712206952441 250.06847534443833
0.25 0.25 0.25 0.25
20.519291692373343
45.0
408.0835395000154 209.74387902253997
0
408.0835395000154 181.4835908374113
0.25 0.25 0.25 0.25
28.26028818512867
45.0
387.0231786664204 365.1889585896878
1
387.0231786664204 383.26789947133096
0.25 0.25 0.25 0.25
18.078940881643163
45.0
162.16379458512785 27.360661646436686
2
177.05394132161484 27.360661646436686
0.25 0.25 0.25 0.25
14.890146736487008
45.0
305.2584088041164 78.14384304636367
1
305.2584088041164 84.33073102188382
0.25 0.25 0.25 0.25
6.1868879755201505
45.0
415.9464868878596 291.44237217867607
0
415.9464868878596 274.18849988381214
0.25 0.25 0.25 0.25
17.253872294863903
45.0
42.41787067672001 104.05050537314219
0
42.41787067672001 56.31277469484862
0.25 0.25 0.25 0.25
47.737730678293566
45.0
295.1020237666058 259.7084490776309
1
295.1020237666058 260.6216324695968
0.25 0.25 0.25 0.25
0.913183391965916
45.0
459.02892691747957 455.0256271412537
3
443.6925569575183 455.0256271412537
0.25 0.25 0.25 0.25
15.33636995996125
45.0
226.2385862461387 355.33147476665846
0
226.2385862461387 337.93542517851864
0.25 0.25 0.25 0.25
17.39604958813984
45.0
80.97165799100844 332.87161361188345
0
80.97165799100844 284.89904131335953
0.25 0.25 0.25 0.25
47.97257229852391
45.0
240.15460353135305 0.4171598025827734
1
240.15460353135305 22.55969070348553
0.25 0.25 0.25 0.25
22.142530900902756
45.0
116.36844055739158 164.53059387293763
0
116.36844055739158 140.1592056333897
0.25 0.25 0.25 0.25
24.371388239547947
45.0
373.91112637930706 217.51714553503624
3
358.5730852774083 217.51714553503624
0.25 0.25 0.25 0.25
15.338041101898764
45.0
306.6565973178077 41.25443203901525
1
306.6565973178077 82.012875705384
0.25 0.25 0.25 0.25
40.758443666368755
45.0
317.01249532784993 260.10028261162597
1
317.01249532784993 292.2102121911274
0.25 0.25 0.25 0.25
32.10992957950147
45.0
320.05757380135077 29.71346305606488
1
320.05757380135077 4.870227700511919
0.25 0.25 0.25 0.25
34.5836907565768
45.0
449.8581956218688 328.6965892486184
0
449.8581956218688 279.3232002448083
0.25 0.25 0.25 0.25
49.373389003810146
45.0
24.5270847772847 193.61052807820704
0
24.5270847772847 186.20896410066723
0.25 0.25 0.25 0.25
7.40156397753981
45.0
59.43680525503734 154.7290152372954
1
59.43680525503734 157.6591362685068
0.25 0.25 0.25 0.25
2.9301210312113857
45.0
313.71693189914424 129.59115099723968
3
269.9986143583508 129.59115099723968
0.25 0.25 0.25 0.25
43.71831754079349
45.0
67.09190672608635 295.5376812163967
3
42.72259546449172 295.5376812163967
0.25 0.25 0.25 0.25
24.369311261594635
45.0
86.69960157087468 431.8308162665701
3
61.36187215975132 431.8308162665701
0.25 0.25 0.25 0.25
25.337729411123355
45.0
55.30280021270107 29.719622895351243
0
55.30280021270107 28.211744026133243
0.25 0.25 0.25 0.25
1.507878869217999
45.0
37.63313960597581 383.3983500639619
3
30.20971380289506 383.3983500639619
0.25 0.25 0.25 0.25
7.423425803080752
45.0
132.67910943633274 474.04164442440003
0
132.67910943633274 437.16344600511695
0.25 0.25 0.25 0.25
36.87819841928308
45.0
343.58384548282095 475.8319634091996
3
316.4491366470352 475.8319634091996
0.25 0.25 0.25 0.25
27.134708835785787
45.0
158.07525677643392 489.2222866959027
0
158.07525677643392 476.1219267097878
0.25 0.25 0.25 0.25
34.6557865943095
45.0
453.8312360685368 234.54454465961828
1
453.8312360685368 264.94438383048237
0.25 0.25 0.25 0.25
30.39983917086409
45.0
490.9158666277711 152.6442659812301
1
490.9158666277711 160.45649756336485
0.25 0.25 0.25 0.25
7.812231582134754
45.0
410.3480850976904 427.571976240886
3
389.6650046483336 427.571976240886
0.25 0.25 0.25 0.25
20.683080449356815
45.0
51.98351071827031 80.34549563517186
3
20.935990172363965 80.34549563517186
0.25 0.25 0.25 0.25
31.047520545906345
45.0
139.26311631964333 107.0958989019129
2
167.0050553976589 107.0958989019129
0.25 0.25 0.25 0.25
27.741939078015577
45.0
309.51015158055293 157.449153509922
1
309.51015158055293 199.33008354535735
0.25 0.25 0.25 0.25
41.88093003543534
45.0
485.5610201149658 376.1310576792239
0
485.5610201149658 362.5755858010999
0.25 0.25 0.25 0.25
13.555471878123981
45.0
374.53255363246365 80.04006465094876
2
397.7696497357491 80.04006465094876
0.25 0.25 0.25 0.25
23.23709610328545
45.0
1.460397184585517 354.60218912377286
1
1.460397184585517 403.44323982181453
0.25 0.25 0.25 0.25
48.84105069804165
45.0
161.50907941891123 426.32002148319174
3
129.8446457889361 426.32002148319174
0.25 0.25 0.25 0.25
31.664433629975118
45.0
399.36231585001855 91.3739361698041
1
399.36231585001855 136.68434442683858
0.25 0.25 0.25 0.25
45.31040825703449
45.0
494.0113871743729 66.89658566929822
3
466.1066940029491 66.89658566929822
0.25 0.25 0.25 0.25
39.881918822678045
45.0
403.5434993972765 82.82255192975906
0
403.5434993972765 34.47208232064446
0.25 0.25 0.25 0.25
48.3504696091146
45.0
329.05498122053757 139.36053737134415
0
329.05498122053757 102.50361740277748
0.25 0.25 0.25 0.25
36.85691996856668
45.0
151.01445755384316 345.3683354788916
3
128.06814313313532 345.3683354788916
0.25 0.25 0.25 0.25
22.946314420707836
45.0
