47541
395.3433042207648 174.23790838879268
0
395.3433042207648 61.8812079528532
0.25 0.25 0.25 0.25
112.35670043593947
45.0
177.95875203201544 9.679042439874081
1
177.95875203201544 133.43225806010443
0.25 0.25 0.25 0.25
143.1113004999785
45.0
115.4327811203334 134.72032990002833
1
115.4327811203334 2.408760313595735
0.25 0.25 0.25 0.25
137.12909021362407
45.0
16.233810988479092 380.2631252191817
2
112.20340389591448 380.2631252191817
0.25 0.25 0.25 0.25
128.43721488439357
45.0
443.31268374326123 219.67097304445446
3
413.78262995087834 219.67097304445446
0.25 0.25 0.25 0.25
142.90468630586048
45.0
481.3331574861727 448.8751085100538
0
481.3331574861727 323.1289624826444
0.25 0.25 0.25 0.25
125.74614602740937
45.0
249.05879162146869 417.38796892414325
0
249.05879162146869 485.831265912672
0.25 0.25 0.25 0.25
96.78076516318471
45.0
198.47200142125894 69.09320499000489
1
198.47200142125894 216.0098241222276
0.25 0.25 0.25 0.25
146.9166191322227
45.0
264.4088732010904 419.78987101804034
2
427.6720349643068 419.78987101804034
0.25 0.25 0.25 0.25
163.26316176321646
45.0
298.25795092415865 73.56941194999351
2
413.91940945722524 73.56941194999351
0.25 0.25 0.25 0.25
115.66145853306662
45.0
284.8798832172352 346.4685078709881
2
394.4984946640028 346.4685078709881
0.25 0.25 0.25 0.25
109.61861144676762
45.0
157.35304988847872 354.4125301940816
2
273.237004851004 354.4125301940816
0.25 0.25 0.25 0.25
115.88395496252525
45.0
462.1304623802671 103.0566964675288
0
462.1304623802671 14.406775029760041
0.25 0.25 0.25 0.25
88.64992143776875
45.0
188.7111172535609 102.09735023631069
1
188.7111172535609 48.08464999306665
0.25 0.25 0.25 0.25
150.18200022937734
45.0
80.15370784275528 495.5278983609896
0
80.15370784275528 393.43558295882247
0.25 0.25 0.25 0.25
111.03651868018797
45.0
359.3356013833806 258.39338463027906
2
476.7434954738584 258.39338463027906
0.25 0.25 0.25 0.25
117.4078940904778
45.0
390.68881253229415 289.6117511320309
0
390.68881253229415 165.41676540339986
0.25 0.25 0.25 0.25
124.19498572863105
45.0
323.9859281850513 3.5854794172969378
1
323.9859281850513 146.94595216712855
0.25 0.25 0.25 0.25
143.36047274983162
45.0
255.17859526913193 198.66045351709155
2
396.3700059097714 198.66045351709155
0.25 0.25 0.25 0.25
141.19141064063948
45.0
401.5968764302478 125.38761840980575
3
243.57383563970777 125.38761840980575
0.25 0.25 0.25 0.25
158.02304079054002
45.0
286.13601103996047 441.27388360001396
0
286.13601103996047 445.6523711807946
0.25 0.25 0.25 0.25
113.07374521919148
45.0
83.69028053693465 458.4622376119305
2
40.97591760031449 458.4622376119305
0.25 0.25 0.25 0.25
124.66619813724914
45.0
161.55934428422336 419.69253940638873
2
277.21333564255 419.69253940638873
0.25 0.25 0.25 0.25
115.65399135832666
45.0
284.56967433224673 366.78970102689027
0
284.56967433224673 231.47411676276448
0.25 0.25 0.25 0.25
135.3155842641258
45.0
284.2713500099957 405.0303837995391
2
424.75268398464425 405.0303837995391
0.25 0.25 0.25 0.25
140.4813339746486
45.0
389.9623516298859 12.872037073757383
3
229.49816995773404 12.872037073757383
0.25 0.25 0.25 0.25
160.46418167215188
45.0
324.00962068992465 443.2866856285276
0
324.00962068992465 462.59470955000245
0.25 0.25 0.25 0.25
94.11860482146992
45.0
399.71592705527985 364.3373463597708
0
399.71592705527985 228.43904687269878
0.25 0.25 0.25 0.25
135.898299487072
45.0
409.67625220574723 103.61260440965987
1
409.67625220574723 253.96050167512232
0.25 0.25 0.25 0.25
150.34789726546245
45.0
261.0988835112442 359.3028228369838
2
286.10217322353526 359.3028228369838
0.25 0.25 0.25 0.25
25.00328971229105
45.0
109.94626132236328 67.15007093271848
1
109.94626132236328 106.49520416849793
0.25 0.25 0.25 0.25
39.345133235779464
45.0
10.17994631434707 329.8047146040791
2
8.543352536942905 329.8047146040791
0.25 0.25 0.25 0.25
18.723298851289975
45.0
132.90758337029712 45.50217814345842
1
132.90758337029712 49.22548373716951
0.25 0.25 0.25 0.25
3.7233055937110904
45.0
271.53619431365405 268.8010537613584
3
241.58809676750175 268.8010537613584
0.25 0.25 0.25 0.25
29.9480975461523
45.0
206.3069408851238 165.3032020849691
2
206.38214346885957 165.3032020849691
0.25 0.25 0.25 0.25
0.07520258373577837
45.0
269.39460418858755 316.7783976877952
3
229.06123521563407 316.7783976877952
0.25 0.25 0.25 0.25
40.33336897295348
45.0
256.99372798351703 422.32242661715
0
256.99372798351703 376.9841704037515
0.25 0.25 0.25 0.25
45.338256213398466
45.0
379.04742738372323 18.401828294569665
0
379.04742738372323 0.38372267913414504
0.25 0.25 0.25 0.25
18.01810561543552
45.0
262.38972649447527 376.465299302388
3
248.07176703874174 376.465299302388
0.25 0.25 0.25 0.25
14.317959455733536
45.0
491.442906755553 178.2481713284729
3
451.21420472819943 178.2481713284729
0.25 0.25 0.25 0.25
40.22870202735357
45.0
327.19141837217455 88.19476034718765
3
325.67536723289624 88.19476034718765
0.25 0.25 0.25 0.25
1.516051139278296
45.0
10.819752092795177 316.2734944476831
3
4.529962493601076 316.2734944476831
0.25 0.25 0.25 0.25
6.289789599194101
45.0
271.13091958885235 325.2707502894793
3
256.73822829335836 325.2707502894793
0.25 0.25 0.25 0.25
14.392691295493965
45.0
78.7285540022056 274.3065951058443
2
99.71335151799101 274.3065951058443
0.25 0.25 0.25 0.25
20.98479751578542
45.0
92.14572224718499 56.676943812821015
0
92.14572224718499 56.19250204126581
0.25 0.25 0.25 0.25
0.4844417715552052
45.0
453.5530902171286 46.34885042517854
0
453.5530902171286 12.132936548427423
0.25 0.25 0.25 0.25
34.21591387675112
45.0
14.995893284891707 395.87943453742656
2
30.993808032819807 395.87943453742656
0.25 0.25 0.25 0.25
15.9979147479281
45.0
352.46601164158903 319.77605071528717
1
352.46601164158903 364.29507307057236
0.25 0.25 0.25 0.25
44.51902235528516
45.0
