47541
87.71440929335927 297.609501201876
2
200.07110972929874 297.609501201876
0.25 0.25 0.25 0.25
112.35670043593947
45.0
380.2536219691026 2.774682059072404
3
476.6350775309189 2.774682059072404
0.25 0.25 0.25 0.25
143.1113004999785
45.0
115.4327811203334 293.50692544057335
0
115.4327811203334 156.3778352269493
0.25 0.25 0.25 0.25
137.12909021362407
45.0
16.233810988479064 60.04395758429635
2
112.2034038959145 60.04395758429635
0.25 0.25 0.25 0.25
128.43721488439357
45.0
273.2075726321818 351.9477721789876
3
130.3028863263213 351.9477721789876
0.25 0.25 0.25 0.25
142.90468630586048
45.0
151.8480651581447 293.66343121585237
0
151.8480651581447 167.917285188443
0.25 0.25 0.25 0.25
125.74614602740937
45.0
442.6203219478382 288.4148553928056
1
442.6203219478382 385.1956205559903
0.25 0.25 0.25 0.25
96.78076516318471
45.0
308.7804228353829 64.25825548557702
2
455.6970419676056 64.25825548557702
0.25 0.25 0.25 0.25
146.9166191322227
45.0
121.56674085857523 498.52601129915445
0
121.56674085857523 338.2108269376291
0.25 0.25 0.25 0.25
163.26316176321646
45.0
286.0965115654867 75.84725152094069
3
170.4350530324201 75.84725152094069
0.25 0.25 0.25 0.25
115.66145853306662
45.0
316.94316193296885 100.36629101926978
3
207.32455048620125 100.36629101926978
0.25 0.25 0.25 0.25
109.61861144676762
45.0
462.0493201133272 53.18486596763569
1
462.0493201133272 62.699088994889564
0.25 0.25 0.25 0.25
115.88395496252525
45.0
235.1288911356421 212.59479621486497
2
323.77881257341085 212.59479621486497
0.25 0.25 0.25 0.25
88.64992143776875
45.0
360.74288205830715 98.45734564876415
1
360.74288205830715 51.72465458061319
0.25 0.25 0.25 0.25
150.18200022937734
45.0
364.6636987563049 164.43233795535082
3
253.62718007611693 164.43233795535082
0.25 0.25 0.25 0.25
111.03651868018797
45.0
122.4933763641631 205.78813827785643
1
122.4933763641631 323.1960323683342
0.25 0.25 0.25 0.25
117.4078940904778
45.0
39.85717219216238 276.731522790128
1
39.85717219216238 400.9265085187591
0.25 0.25 0.25 0.25
124.19498572863105
45.0
40.78829193420938 136.37602442066463
2
102.57218081562223 136.37602442066463
0.25 0.25 0.25 0.25
143.36047274983162
45.0
490.9209144883158 447.72606765413263
0
490.9209144883158 411.0825217052279
0.25 0.25 0.25 0.25
141.19141064063948
45.0
241.13606061944753 197.971788232055
1
241.13606061944753 355.994829022595
0.25 0.25 0.25 0.25
158.02304079054002
45.0
6.9973996834073375 119.71635491516288
2
106.07634553578414 119.71635491516288
0.25 0.25 0.25 0.25
113.07374521919148
45.0
282.2970691687922 453.1214078079167
0
282.2970691687922 328.45520967066756
0.25 0.25 0.25 0.25
124.66619813724914
45.0
38.90157760940332 412.68876408989536
0
38.90157760940332 297.0347727315687
0.25 0.25 0.25 0.25
115.65399135832666
45.0
50.34888753853596 474.8375685197512
0
50.34888753853596 339.5219842556254
0.25 0.25 0.25 0.25
135.3155842641258
45.0
37.38867884919108 290.37433762484034
2
103.09265512545753 290.37433762484034
0.25 0.25 0.25 0.25
140.4813339746486
45.0
364.3519834665942 87.30185700793481
3
203.88780179444234 87.30185700793481
0.25 0.25 0.25 0.25
160.46418167215188
45.0
323.10666859827063 219.7448229494186
2
417.2252734197406 219.7448229494186
0.25 0.25 0.25 0.25
94.11860482146992
45.0
476.6649116674397 335.6289736444214
3
340.7666121803677 335.6289736444214
0.25 0.25 0.25 0.25
135.898299487072
45.0
102.02251236557333 142.13199464939896
1
102.02251236557333 292.4798919148614
0.25 0.25 0.25 0.25
150.34789726546245
45.0
288.8419016675167 115.75968169654625
0
288.8419016675167 90.7563919842552
0.25 0.25 0.25 0.25
25.00328971229105
45.0
362.1953375069903 60.5482759079654
0
362.1953375069903 21.203142672185933
0.25 0.25 0.25 0.25
39.345133235779464
45.0
165.99490422889355 351.89920492399096
3
147.27160537760358 351.89920492399096
0.25 0.25 0.25 0.25
18.723298851289975
45.0
58.44147149607532 144.3864071358072
0
58.44147149607532 140.6631015420961
0.25 0.25 0.25 0.25
3.7233055937110904
45.0
285.76487808626587 180.42040943092618
3
255.81678054011357 180.42040943092618
0.25 0.25 0.25 0.25
29.9480975461523
45.0
206.38214346885957 163.79915041025362
0
206.38214346885957 163.72394782651784
0.25 0.25 0.25 0.25
0.07520258373577837
45.0
206.2715991630169 343.88620188090226
3
165.93823019006342 343.88620188090226
0.25 0.25 0.25 0.25
40.33336897295348
45.0
153.6089412423026 396.32454852925605
0
153.6089412423026 350.98629231585755
0.25 0.25 0.25 0.25
45.338256213398466
45.0
413.7492196954395 359.9783896295762
3
395.731114080004 359.9783896295762
0.25 0.25 0.25 0.25
18.01810561543552
45.0
333.97952377314306 251.2677548485395
3
319.6615643174095 251.2677548485395
0.25 0.25 0.25 0.25
14.317959455733536
45.0
255.74977971264735 23.05091390289776
1
255.74977971264735 63.27961593025133
0.25 0.25 0.25 0.25
40.22870202735357
45.0
359.0284922970192 39.68112389028228
3
357.5124411577409 39.68112389028228
0.25 0.25 0.25 0.25
1.516051139278296
45.0
253.3514110733573 234.50622965815995
3
247.0616214741632 234.50622965815995
0.25 0.25 0.25 0.25
6.289789599194101
45.0
146.25712798047263 102.47608024615411
2
160.6498192759666 102.47608024615411
0.25 0.25 0.25 0.25
14.392691295493965
45.0
144.8339379137335 12.210289357451213
3
123.84914039794809 12.210289357451213
0.25 0.25 0.25 0.25
20.98479751578542
45.0
88.2701880747433 37.78371472216806
0
88.2701880747433 37.29927295061285
0.25 0.25 0.25 0.25
0.4844417715552052
45.0
358.64384616109254 175.47400835796572
1
358.64384616109254 209.68992223471685
0.25 0.25 0.25 0.25
34.21591387675112
45.0
318.9562734955256 139.91279857057683
0
318.9562734955256 123.91488382264873
0.25 0.25 0.25 0.25
15.9979147479281
45.0
194.97143040417455 76.59943075513513
0
194.97143040417455 32.08040839984997
0.25 0.25 0.25 0.25
44.51902235528516
45.0
