47541
413.5742066777224 499.9022942268442
0
413.5742066777224 387.7410053372163
0.25 0.25 0.25 0.25
112.35670043593947
45.0
467.73956003167143 11.458145939723579
1
467.73956003167143 154.5694464397021
0.25 0.25 0.25 0.25
143.1113004999785
45.0
416.2435950344334 213.3141884313103
0
416.2435950344334 76.18509821768623
0.25 0.25 0.25 0.25
137.12909021362407
45.0
474.9872323757561 32.546238509147685
1
474.9872323757561 95.89097637524588
0.25 0.25 0.25 0.25
128.43721488439357
45.0
414.7810423739486 208.3774775910802
1
414.7810423739486 351.2821638969407
0.25 0.25 0.25 0.25
142.90468630586048
45.0
139.9097287195946 436.9367720715037
0
139.9097287195946 311.1906260440943
0.25 0.25 0.25 0.25
125.74614602740937
45.0
41.28350386808543 30.26490827140438
2
55.49726129509928 30.26490827140438
0.25 0.25 0.25 0.25
96.78076516318471
45.0
340.5536710490539 182.75854069224079
3
193.63705191683118 182.75854069224079
0.25 0.25 0.25 0.25
146.9166191322227
45.0
0.8543620632386251 480.94788567775026
2
162.40879969997783 480.94788567775026
0.25 0.25 0.25 0.25
163.26316176321646
45.0
353.60692144122197 150.55558325640786
0
353.60692144122197 34.894124723341235
0.25 0.25 0.25 0.25
115.66145853306662
45.0
426.56177337973645 201.62454936284996
3
463.81961517349595 201.62454936284996
0.25 0.25 0.25 0.25
109.61861144676762
45.0
233.2544096618243 225.00724461854463
1
233.2544096618243 340.8911995810699
0.25 0.25 0.25 0.25
115.88395496252525
45.0
346.4723658600579 432.80551803406
3
257.82244442228915 432.80551803406
0.25 0.25 0.25 0.25
88.64992143776875
45.0
12.744884581457711 453.7353523007066
0
12.744884581457711 396.0826474699161
0.25 0.25 0.25 0.25
150.18200022937734
45.0
30.211478959124335 276.8115203921555
0
30.211478959124335 165.77500171196755
0.25 0.25 0.25 0.25
111.03651868018797
45.0
468.6118945501034 324.5802853602324
3
351.2040004596256 324.5802853602324
0.25 0.25 0.25 0.25
117.4078940904778
45.0
406.00201520710414 95.85343439576516
3
469.8029990642648 95.85343439576516
0.25 0.25 0.25 0.25
124.19498572863105
45.0
249.45596281427515 146.8216118301773
2
392.81643556410677 146.8216118301773
0.25 0.25 0.25 0.25
143.36047274983162
45.0
497.4189599961604 107.04261879523489
1
497.4189599961604 248.23402943587436
0.25 0.25 0.25 0.25
141.19141064063948
45.0
15.734940644091864 384.6963946936054
0
15.734940644091864 457.2805645158546
0.25 0.25 0.25 0.25
158.02304079054002
45.0
480.6249951388054 463.316078153518
3
406.3012596420032 463.316078153518
0.25 0.25 0.25 0.25
113.07374521919148
45.0
343.70433641946045 172.87999778033588
1
343.70433641946045 297.546195917585
0.25 0.25 0.25 0.25
124.66619813724914
45.0
270.20956032605665 106.6127122398554
1
270.20956032605665 9.041279118471266
0.25 0.25 0.25 0.25
115.65399135832666
45.0
302.8069551027218 231.4741167627646
0
302.8069551027218 96.1585324986388
0.25 0.25 0.25 0.25
135.3155842641258
45.0
418.13531986324733 147.70032647656532
3
277.65398588859875 147.70032647656532
0.25 0.25 0.25 0.25
140.4813339746486
45.0
5.395831648595276 35.94741469712835
1
5.395831648595276 196.41159636928023
0.25 0.25 0.25 0.25
160.46418167215188
45.0
371.0282181881879 102.1169193788171
3
276.90961336671796 102.1169193788171
0.25 0.25 0.25 0.25
94.11860482146992
45.0
105.4027785869282 374.10346595050135
2
30.495520900143788 374.10346595050135
0.25 0.25 0.25 0.25
135.898299487072
45.0
499.3690766962764 240.04461105662426
0
499.3690766962764 89.69671379116181
0.25 0.25 0.25 0.25
150.34789726546245
45.0
288.84190166751665 134.27321542636423
3
263.8386119552256 134.27321542636423
0.25 0.25 0.25 0.25
25.00328971229105
45.0
323.0435966067738 231.23932584800403
2
362.3887298425533 231.23932584800403
0.25 0.25 0.25 0.25
39.345133235779464
45.0
159.96633712466684 464.23899803173094
2
178.6896359759568 464.23899803173094
0.25 0.25 0.25 0.25
18.723298851289975
45.0
86.76744665865716 8.269122206347529
2
90.49075225236825 8.269122206347529
0.25 0.25 0.25 0.25
3.7233055937110904
45.0
46.18009771704749 298.74915130751066
0
46.18009771704749 268.80105376135833
0.25 0.25 0.25 0.25
29.9480975461523
45.0
205.1789021290872 162.59590907048124
2
205.25410471282296 162.59590907048124
0.25 0.25 0.25 0.25
0.07520258373577837
45.0
448.2718130007379 118.55443669085582
2
488.6051819736914 118.55443669085582
0.25 0.25 0.25 0.25
40.33336897295348
45.0
209.09710846488514 303.0896727972256
3
163.75885225148667 303.0896727972256
0.25 0.25 0.25 0.25
45.338256213398466
45.0
395.731114080004 369.75002613889126
0
395.731114080004 351.73192052345576
0.25 0.25 0.25 0.25
18.01810561543552
45.0
291.0256454059424 419.4191776695887
2
305.34360486167594 419.4191776695887
0.25 0.25 0.25 0.25
14.317959455733536
45.0
146.5372405608883 344.8805301217263
2
186.76594258824187 344.8805301217263
0.25 0.25 0.25 0.25
40.22870202735357
45.0
277.16173077599007 51.809533004508644
0
277.16173077599007 50.29348186523035
0.25 0.25 0.25 0.25
1.516051139278296
45.0
8.049616704787134 253.37559845574228
1
8.049616704787134 259.6653880549364
0.25 0.25 0.25 0.25
6.289789599194101
45.0
127.20400663391266 314.9119673231709
3
112.8113153384187 314.9119673231709
0.25 0.25 0.25 0.25
14.392691295493965
45.0
417.6363056189441 43.4738224322046
0
417.6363056189441 22.48902491641918
0.25 0.25 0.25 0.25
20.98479751578542
45.0
82.94132858763598 40.20592357994408
0
82.94132858763598 39.72148180838887
0.25 0.25 0.25 0.25
0.4844417715552052
45.0
204.28777101536014 235.11695816304774
3
170.071857138609 235.11695816304774
0.25 0.25 0.25 0.25
34.21591387675112
45.0
462.93750622687867 411.8773492853547
2
478.9354209748068 411.8773492853547
0.25 0.25 0.25 0.25
15.9979147479281
45.0
242.84645874729247 234.09401199254958
3
198.32743639200731 234.09401199254958
0.25 0.25 0.25 0.25
44.51902235528516
45.0
