78946
269.9349959976977 28.166844341956562
2
363.5146723862142 28.166844341956562
0.25 0.25 0.25 0.25
93.57967638851656
45.0
198.14557912142993 355.95381631096683
0
198.14557912142993 266.0062038432375
0.25 0.25 0.25 0.25
89.94761246772934
45.0
108.56892486656545 120.29318644890805
1
108.56892486656545 215.71584815666867
0.25 0.25 0.25 0.25
95.42266170776062
45.0
488.023186602376 167.90839121040938
0
488.023186602376 130.4458035907677
0.25 0.25 0.25 0.25
37.462587619641695
45.0
209.38319130623643 167.17559809392003
0
209.38319130623643 120.48567582059235
0.25 0.25 0.25 0.25
46.68992227332769
45.0
61.3340944113739 272.8332924398831
1
61.3340944113739 288.3086064335871
0.25 0.25 0.25 0.25
15.475313993703981
45.0
452.48371334280694 374.7107356539858
1
452.48371334280694 379.1128932907885
0.25 0.25 0.25 0.25
4.4021576368027056
45.0
232.28126099881817 104.45702961301058
2
264.91317930915875 104.45702961301058
0.25 0.25 0.25 0.25
32.63191831034059
45.0
433.4898318726714 488.03866669790324
2
437.1689048701755 488.03866669790324
0.25 0.25 0.25 0.25
3.679072997504057
45.0
446.320366447677 54.4557608714105
0
446.320366447677 27.033204120791794
0.25 0.25 0.25 0.25
27.422556750618703
45.0
242.63860077585193 24.856203487178302
1
242.63860077585193 52.6605200430086
0.25 0.25 0.25 0.25
27.8043165558303
45.0
383.48754233222155 333.1498764121352
2
418.05935328204544 333.1498764121352
0.25 0.25 0.25 0.25
34.57181094982391
45.0
152.73588154040536 227.75169937931508
1
152.73588154040536 250.41371177834367
0.25 0.25 0.25 0.25
22.662012399028587
45.0
150.3762530013134 367.9152856713382
0
150.3762530013134 337.42999032077853
0.25 0.25 0.25 0.25
30.485295350559703
45.0
296.34863545789676 400.0470420091056
0
296.34863545789676 381.6137268501958
0.25 0.25 0.25 0.25
18.433315158909807
45.0
180.0459509942471 285.524918461736
2
229.38836633361606 285.524918461736
0.25 0.25 0.25 0.25
49.342415339368955
45.0
279.916852952518 278.3936512057528
1
279.916852952518 284.87735319353243
0.25 0.25 0.25 0.25
6.4837019877796
45.0
132.79331014082504 346.9110159080219
2
159.30449429488067 346.9110159080219
0.25 0.25 0.25 0.25
26.511184154055638
45.0
189.58562138586336 347.1938359965891
0
189.58562138586336 331.22257258338334
0.25 0.25 0.25 0.25
15.971263413205762
45.0
465.20932094225907 319.7789797106882
2
480.9264428785657 319.7789797106882
0.25 0.25 0.25 0.25
15.717121936306643
45.0
419.7301019793486 485.20735000028674
3
408.8857366560578 485.20735000028674
0.25 0.25 0.25 0.25
10.844365323290766
45.0
117.75521170353477 473.53164929637137
3
87.48198979517718 473.53164929637137
0.25 0.25 0.25 0.25
30.273221908357588
45.0
208.69541322408764 32.701218603687636
2
217.3264375678835 32.701218603687636
0.25 0.25 0.25 0.25
8.63102434379583
45.0
397.5364522880252 8.021135173677294
1
397.5364522880252 40.72220696458896
0.25 0.25 0.25 0.25
32.70107179091167
45.0
325.39407223144906 160.4334775064466
2
365.9465427748816 160.4334775064466
0.25 0.25 0.25 0.25
40.55247054343254
45.0
386.60428086911804 46.357535251772035
3
358.09984793037097 46.357535251772035
0.25 0.25 0.25 0.25
28.50443293874706
45.0
245.79762706749108 492.96174265693884
3
220.48628434631598 492.96174265693884
0.25 0.25 0.25 0.25
25.311342721175105
45.0
474.94360464664317 13.6821732788653
1
474.94360464664317 19.27962563849418
0.25 0.25 0.25 0.25
32.96179891735948
45.0
134.84453603345025 425.66559267264023
0
134.84453603345025 391.44613839463045
0.25 0.25 0.25 0.25
34.21945427800978
45.0
426.10394908171975 406.3819400071677
1
426.10394908171975 420.44337202184414
0.25 0.25 0.25 0.25
14.0614320146764
45.0
177.28367420943124 25.146492926691458
1
177.28367420943124 40.151349863296744
0.25 0.25 0.25 0.25
15.004856936605288
45.0
54.41916139348517 56.29514347017502
3
26.915776135784224 56.29514347017502
0.25 0.25 0.25 0.25
27.503385257700945
45.0
459.7765369311926 416.9741972188663
1
459.7765369311926 453.94919302926996
0.25 0.25 0.25 0.25
36.97499581040366
45.0
285.3495968880032 230.17370930857055
2
324.387793723723 230.17370930857055
0.25 0.25 0.25 0.25
39.0381968357198
45.0
270.98068463017387 168.67734564444459
0
270.98068463017387 131.1499929703033
0.25 0.25 0.25 0.25
37.5273526741413
45.0
369.7335300580986 164.2993525791107
3
322.3263824925922 164.2993525791107
0.25 0.25 0.25 0.25
47.40714756550645
45.0
7.920972370213246 440.4383103450085
2
18.700545687752403 440.4383103450085
0.25 0.25 0.25 0.25
26.62151805796565
45.0
328.6679194494566 314.94989971609965
1
328.6679194494566 316.04323531584123
0.25 0.25 0.25 0.25
1.0933355997415628
45.0
83.24251668821252 39.041519004790516
1
83.24251668821252 60.299421115659015
0.25 0.25 0.25 0.25
21.257902110868503
45.0
110.8554778589149 128.2639144594502
1
110.8554778589149 177.20857027721564
0.25 0.25 0.25 0.25
48.94465581776544
45.0
228.9422973328127 343.28264838805455
1
228.9422973328127 376.055283289527
0.25 0.25 0.25 0.25
32.77263490147242
45.0
41.3769857599647 356.55434556089847
3
16.581510304031493 356.55434556089847
0.25 0.25 0.25 0.25
24.795475455933204
45.0
105.75228459627456 436.6402215126982
0
105.75228459627456 414.56583633831883
0.25 0.25 0.25 0.25
22.07438517437935
45.0
365.6669205903548 470.0059413586757
3
342.00926549128883 470.0059413586757
0.25 0.25 0.25 0.25
23.657655099065945
45.0
130.478557640137 455.48587995880905
0
130.478557640137 443.6399072058273
0.25 0.25 0.25 0.25
11.845972752981776
45.0
382.7779659666893 105.0498087327017
2
401.8868658643896 105.0498087327017
0.25 0.25 0.25 0.25
19.108899897700315
45.0
396.98788656942077 447.1857374536103
3
365.5618004051387 447.1857374536103
0.25 0.25 0.25 0.25
31.42608616428209
45.0
141.32308495709833 359.5248727310608
1
141.32308495709833 361.29244970118845
0.25 0.25 0.25 0.25
1.7675769701276822
45.0
