69804
416.8284705667494 413.38868141751243
0
416.8284705667494 247.14859841661303
0.25 0.25 0.25 0.25
166.2400830008994
45.0
404.67392354837705 389.49841066669046
3
283.66257419601266 389.49841066669046
0.25 0.25 0.25 0.25
121.01134935236436
45.0
374.7523796781529 142.63523967085473
3
272.6353421009086 142.63523967085473
0.25 0.25 0.25 0.25
102.11703757724433
45.0
408.207792877589 365.60228529261707
3
299.67579389854046 365.60228529261707
0.25 0.25 0.25 0.25
108.53199897904854
45.0
229.59191064187394 68.50872598248351
1
229.59191064187394 156.44578382312778
0.25 0.25 0.25 0.25
87.93705784064427
45.0
335.6668371359894 65.01166582554369
2
433.04817075968356 65.01166582554369
0.25 0.25 0.25 0.25
97.38133362369415
45.0
252.0894040117859 154.24473126264346
0
252.0894040117859 10.031706348146997
0.25 0.25 0.25 0.25
144.21302491449646
45.0
173.73042219652783 142.94782434331754
1
173.73042219652783 9.2429152641418
0.25 0.25 0.25 0.25
152.19073960745934
45.0
349.2954727208522 30.627065503668547
1
349.2954727208522 165.49361372841884
0.25 0.25 0.25 0.25
134.8665482247503
45.0
221.1478854712157 291.6543192123303
1
221.1478854712157 400.7517474816576
0.25 0.25 0.25 0.25
109.09742826932731
45.0
128.43346302600025 60.09510977744849
3
112.38849241901363 60.09510977744849
0.25 0.25 0.25 0.25
16.04497060698663
45.0
110.78846326646871 13.743437729592536
1
110.78846326646871 18.426582543527203
0.25 0.25 0.25 0.25
32.17002027311974
45.0
229.639903103936 192.23361491501092
3
199.8521615975929 192.23361491501092
0.25 0.25 0.25 0.25
29.787741506343107
45.0
32.712190158443924 370.9335245409309
2
74.07061816766887 370.9335245409309
0.25 0.25 0.25 0.25
41.358428009224944
45.0
170.2106426926783 442.7224855543946
2
202.64817332643457 442.7224855543946
0.25 0.25 0.25 0.25
32.43753063375626
45.0
212.30534294589165 48.437251734332335
0
212.30534294589165 4.98284565508186
0.25 0.25 0.25 0.25
43.454406079250475
45.0
337.93342172786765 436.930895538327
1
337.93342172786765 451.1307460376609
0.25 0.25 0.25 0.25
14.199850499333955
45.0
349.1218822521324 413.6680496152734
3
330.84765493781197 413.6680496152734
0.25 0.25 0.25 0.25
18.27422731432044
45.0
263.4610980697843 233.04868841600643
3
254.3722035956714 233.04868841600643
0.25 0.25 0.25 0.25
9.088894474112907
45.0
234.51869020448834 273.4744353625104
0
234.51869020448834 255.0268292527286
0.25 0.25 0.25 0.25
18.447606109781802
45.0
256.84197602478946 400.1178120572562
1
256.84197602478946 437.7365745997121
0.25 0.25 0.25 0.25
37.61876254245596
45.0
209.40327950276253 495.547444581538
3
207.87706457548293 495.547444581538
0.25 0.25 0.25 0.25
1.52621492727959
45.0
112.03045469129266 185.86924548841
2
157.29661990270654 185.86924548841
0.25 0.25 0.25 0.25
45.26616521141388
45.0
377.04334840032163 57.93925446366865
2
412.6218496293735 57.93925446366865
0.25 0.25 0.25 0.25
35.57850122905191
45.0
123.04577194076751 418.02725515976294
1
123.04577194076751 451.4605733447295
0.25 0.25 0.25 0.25
33.433318184966566
45.0
49.4259305729309 121.7329196530608
3
34.287797936985164 121.7329196530608
0.25 0.25 0.25 0.25
15.13813263594574
45.0
392.8981663825041 178.6259848778427
1
392.8981663825041 199.28877848747848
0.25 0.25 0.25 0.25
20.66279360963576
45.0
267.3342909318845 397.69543695607547
3
227.81296617641988 397.69543695607547
0.25 0.25 0.25 0.25
39.52132475546459
45.0
35.237606856181046 60.81817080536226
3
1.291412496443229 60.81817080536226
0.25 0.25 0.25 0.25
33.94619435973782
45.0
370.2216251567523 213.4384026541765
2
403.8368660658401 213.4384026541765
0.25 0.25 0.25 0.25
33.615240909087866
45.0
315.4205304121359 356.12094194493886
3
312.77907617364093 356.12094194493886
0.25 0.25 0.25 0.25
2.641454238495
45.0
376.48518234886046 199.69990932907473
1
376.48518234886046 208.12077983415048
0.25 0.25 0.25 0.25
8.420870505075756
45.0
223.56051702231966 149.93044146389312
1
223.56051702231966 188.2983389114625
0.25 0.25 0.25 0.25
38.36789744756939
45.0
281.0894165469081 370.5173942856352
3
267.152662067184 370.5173942856352
0.25 0.25 0.25 0.25
13.936754479724145
45.0
84.90962292367115 4.576375109645838
3
40.56742731908802 4.576375109645838
0.25 0.25 0.25 0.25
44.34219560458313
45.0
41.57712059695656 300.92316463668556
3
12.031393696852497 300.92316463668556
0.25 0.25 0.25 0.25
29.545726900104068
45.0
359.6734067762763 233.58866875587955
1
359.6734067762763 244.49974414396388
0.25 0.25 0.25 0.25
10.911075388084335
45.0
191.51735835436077 409.65003025870635
0
191.51735835436077 381.8569197882786
0.25 0.25 0.25 0.25
27.793110470427717
45.0
216.99478484013355 214.65955431267452
1
216.99478484013355 219.60222816484293
0.25 0.25 0.25 0.25
4.9426738521684115
45.0
415.71302666551685 162.32830286289175
2
462.7720017218635 162.32830286289175
0.25 0.25 0.25 0.25
47.05897505634664
45.0
318.6471592005073 238.20874756062716
0
318.6471592005073 225.21508725042145
0.25 0.25 0.25 0.25
12.993660310205712
45.0
15.439668193112396 303.65254297214653
1
15.439668193112396 335.2593961160203
0.25 0.25 0.25 0.25
31.606853143873735
45.0
24.880837170347142 355.17981712676203
0
24.880837170347142 323.7414971549972
0.25 0.25 0.25 0.25
31.438319971764805
45.0
340.72669544387577 259.79611180644775
2
372.69565210121647 259.79611180644775
0.25 0.25 0.25 0.25
31.968956657340676
45.0
221.30761224093516 339.7174390904478
3
186.32629546677856 339.7174390904478
0.25 0.25 0.25 0.25
34.9813167741566
45.0
462.7290047028783 369.54074515164456
1
462.7290047028783 391.22679758455797
0.25 0.25 0.25 0.25
21.68605243291339
45.0
482.2148087890623 159.83987983963283
1
482.2148087890623 188.8664118988163
0.25 0.25 0.25 0.25
29.02653205918348
45.0
412.759686056972 108.9865340524833
1
412.759686056972 145.7185426404626
0.25 0.25 0.25 0.25
36.73200858797931
45.0
