46277
164.66389222943235 472.08618102131607
0
164.66389222943235 377.2153296666887
0.25 0.25 0.25 0.25
94.87085135462735
45.0
436.6938459267652 276.6608913337966
0
436.6938459267652 163.88288523327756
0.25 0.25 0.25 0.25
112.77800610051904
45.0
136.16627720277958 313.1531633333717
2
296.8053457174233 313.1531633333717
0.25 0.25 0.25 0.25
160.6390685146437
45.0
335.5889104344093 327.4939115972575
2
497.2729306828482 327.4939115972575
0.25 0.25 0.25 0.25
161.6840202484389
45.0
147.74715765599558 9.66719632606953
1
147.74715765599558 109.91393733039638
0.25 0.25 0.25 0.25
100.24674100432685
45.0
323.3637809907134 493.84893573744034
0
323.3637809907134 367.7942370956596
0.25 0.25 0.25 0.25
138.3568271669001
45.0
326.67610067433696 172.54389812199145
2
464.72750548676015 172.54389812199145
0.25 0.25 0.25 0.25
138.0514048124232
45.0
16.91431084239116 468.6261185804617
0
16.91431084239116 418.22524234637535
0.25 0.25 0.25 0.25
113.148639073163
45.0
104.5853796114275 5.735071730309585
2
46.968487409915326 5.735071730309585
0.25 0.25 0.25 0.25
151.55386702134282
45.0
261.4057776512734 104.95961036346625
1
261.4057776512734 238.03080468677388
0.25 0.25 0.25 0.25
133.07119432330762
45.0
218.09191929396377 257.55488222892853
1
218.09191929396377 282.77275440796154
0.25 0.25 0.25 0.25
25.21787217903303
45.0
395.120597936162 169.90279573754782
3
370.7418230121766 169.90279573754782
0.25 0.25 0.25 0.25
24.378774923985414
45.0
50.4374454332533 448.56270661572177
3
39.697476120657356 448.56270661572177
0.25 0.25 0.25 0.25
10.739969312595942
45.0
411.3761600569602 183.3399848983898
3
410.6112765778885 183.3399848983898
0.25 0.25 0.25 0.25
0.7648834790717152
45.0
312.40005877053767 199.61160959049965
3
298.30983835912485 199.61160959049965
0.25 0.25 0.25 0.25
14.090220411412796
45.0
143.35780871191793 102.73964086179001
0
143.35780871191793 64.42395085212905
0.25 0.25 0.25 0.25
38.315690009660955
45.0
54.630966860569806 393.82301095542704
1
54.630966860569806 421.94930842509706
0.25 0.25 0.25 0.25
28.126297469670043
45.0
41.84423347377601 242.86442328490847
3
0.6610688727031544 242.86442328490847
0.25 0.25 0.25 0.25
41.18316460107285
45.0
403.1247933247072 250.82291697353378
1
403.1247933247072 279.6298114608397
0.25 0.25 0.25 0.25
28.80689448730589
45.0
57.12169010540515 149.84687086873188
1
57.12169010540515 164.1772105518581
0.25 0.25 0.25 0.25
14.330339683126226
45.0
384.5618326865298 420.8215871576926
0
384.5618326865298 408.0640958227666
0.25 0.25 0.25 0.25
12.757491334925996
45.0
12.171088413505679 292.3834075221841
0
12.171088413505679 272.7712941142532
0.25 0.25 0.25 0.25
19.6121134079309
45.0
202.99602539229073 84.77642357966357
0
202.99602539229073 54.74864824428661
0.25 0.25 0.25 0.25
30.027775335376962
45.0
395.8638058781509 88.77674548242292
1
395.8638058781509 136.625415902266
0.25 0.25 0.25 0.25
47.84867041984309
45.0
459.59074502826616 461.59395054134814
0
459.59074502826616 416.84923891102096
0.25 0.25 0.25 0.25
44.74471163032715
45.0
118.35071261412504 474.1060910382522
3
90.73679618567485 474.1060910382522
0.25 0.25 0.25 0.25
27.613916428450192
45.0
499.5228642364388 483.66992508013243
3
468.83717970159864 483.66992508013243
0.25 0.25 0.25 0.25
31.639956061962536
45.0
451.13262605638056 146.10600384371176
0
451.13262605638056 102.5644783409266
0.25 0.25 0.25 0.25
43.541525502785156
45.0
139.33609725710184 156.35343662147216
3
105.60060706646684 156.35343662147216
0.25 0.25 0.25 0.25
33.73549019063501
45.0
349.5332781784084 49.24627515159112
2
358.1039076338911 49.24627515159112
0.25 0.25 0.25 0.25
8.570629455482665
45.0
317.13153550660417 294.7111925646839
2
318.37926382952884 294.7111925646839
0.25 0.25 0.25 0.25
1.2477283229246738
45.0
356.16786318395975 381.72450757121305
1
356.16786318395975 416.90649260598855
0.25 0.25 0.25 0.25
35.18198503477552
45.0
70.63241089787373 197.5414465521699
0
70.63241089787373 188.19210858810533
0.25 0.25 0.25 0.25
9.349337964064585
45.0
158.04419827852087 392.74360361594347
0
158.04419827852087 353.99582180913217
0.25 0.25 0.25 0.25
38.74778180681132
45.0
225.69526115556573 229.92448641679778
0
225.69526115556573 191.72934883309313
0.25 0.25 0.25 0.25
38.19513758370465
45.0
109.34057102319323 2.2702780519155823
3
66.19729310979582 2.2702780519155823
0.25 0.25 0.25 0.25
43.143277913397405
45.0
75.8637412414196 196.48494845897025
1
75.8637412414196 208.92254245692416
0.25 0.25 0.25 0.25
12.437593997953917
45.0
426.6704850064459 432.313819813184
2
433.34264098764334 432.313819813184
0.25 0.25 0.25 0.25
6.672155981197431
45.0
278.37965178647 210.06107603553613
3
245.8795929075021 210.06107603553613
0.25 0.25 0.25 0.25
32.50005887896791
45.0
411.9668414671462 94.57650288692774
3
374.4768060590067 94.57650288692774
0.25 0.25 0.25 0.25
37.49003540813949
45.0
488.20417032689306 193.39289035101626
1
488.20417032689306 241.08173396298426
0.25 0.25 0.25 0.25
47.68884361196799
45.0
388.4509501393912 411.95681520227487
3
383.36079293374473 411.95681520227487
0.25 0.25 0.25 0.25
5.09015720564644
45.0
100.89594031877587 94.77345465515758
0
100.89594031877587 80.32520033928421
0.25 0.25 0.25 0.25
14.448254315873365
45.0
427.89699969831395 109.42725095655967
2
459.52608685033624 109.42725095655967
0.25 0.25 0.25 0.25
31.62908715202227
45.0
233.6867728912024 228.79389501511304
3
227.59566413961892 228.79389501511304
0.25 0.25 0.25 0.25
6.091108751583474
45.0
30.891953336324733 421.9199055412902
0
30.891953336324733 381.6938836187095
0.25 0.25 0.25 0.25
40.2260219225807
45.0
150.76470196821202 27.721811108572155
2
177.50216915968872 27.721811108572155
0.25 0.25 0.25 0.25
26.73746719147669
45.0
150.44003818502875 235.13422733132688
0
150.44003818502875 210.2305230846202
0.25 0.25 0.25 0.25
24.90370424670669
45.0
