42225
355.09978701550074 276.60099742045134
2
453.83621086191215 276.60099742045134
0.25 0.25 0.25 0.25
98.73642384641143
45.0
143.17403480293444 429.8772476912252
2
296.75220290883095 429.8772476912252
0.25 0.25 0.25 0.25
153.5781681058965
45.0
384.0564493676942 306.7229836871221
0
384.0564493676942 141.80410380784784
0.25 0.25 0.25 0.25
164.91887987927427
45.0
308.3799798418851 453.86733684816465
0
308.3799798418851 454.9470953711369
0.25 0.25 0.25 0.25
91.18556778069843
45.0
211.78366258639448 440.00571888783315
3
113.41268403012282 440.00571888783315
0.25 0.25 0.25 0.25
98.37097855627167
45.0
369.67106185956357 244.45622548265592
1
369.67106185956357 419.0056032620753
0.25 0.25 0.25 0.25
174.54937777941936
45.0
184.7621141647066 174.90567238776367
2
278.98430479469687 174.90567238776367
0.25 0.25 0.25 0.25
94.22219062999028
45.0
186.3186496475302 54.3668843394795
1
186.3186496475302 35.76581683936257
0.25 0.25 0.25 0.25
90.13270117884207
45.0
398.69970958177544 448.20677941978204
2
493.52828520045693 448.20677941978204
0.25 0.25 0.25 0.25
94.8285756186815
45.0
222.38260158908054 425.5924075554624
3
128.72222565379366 425.5924075554624
0.25 0.25 0.25 0.25
93.6603759352869
45.0
442.0450331914884 52.22177838373952
1
442.0450331914884 59.89728623811908
0.25 0.25 0.25 0.25
112.1190646218586
45.0
66.32253304685895 265.91349846480585
0
66.32253304685895 133.91342242795884
0.25 0.25 0.25 0.25
132.00007603684702
45.0
112.29198844853806 473.15343019167017
0
112.29198844853806 379.18526033180166
0.25 0.25 0.25 0.25
93.96816985986851
45.0
336.37001247804585 142.5146554581868
2
493.4888379916797 142.5146554581868
0.25 0.25 0.25 0.25
157.11882551363382
45.0
5.596218211781405 54.88903324092209
2
106.45416413206995 54.88903324092209
0.25 0.25 0.25 0.25
112.05038234385135
45.0
261.65652520272613 168.71587041466557
1
261.65652520272613 312.59923361294875
0.25 0.25 0.25 0.25
143.88336319828318
45.0
28.043717885975553 150.35875639332897
0
28.043717885975553 51.114684014299115
0.25 0.25 0.25 0.25
99.24407237902986
45.0
471.44331440265773 122.78862220481199
3
353.5902653757968 122.78862220481199
0.25 0.25 0.25 0.25
174.9664202215455
45.0
199.55243298757432 466.7019439393148
0
199.55243298757432 327.30847003633494
0.25 0.25 0.25 0.25
139.39347390297985
45.0
112.50135760461426 136.83784423362636
2
233.90566160551475 136.83784423362636
0.25 0.25 0.25 0.25
121.4043040009005
45.0
447.37124929313507 168.5747563850872
3
405.1793298987436 168.5747563850872
0.25 0.25 0.25 0.25
147.44942080812132
45.0
201.594179983999 345.70700979834635
1
201.594179983999 437.7212349136746
0.25 0.25 0.25 0.25
92.01422511532823
45.0
175.17305608881145 359.8583035656295
2
320.8420130995801 359.8583035656295
0.25 0.25 0.25 0.25
145.66895701076862
45.0
271.6886561165119 296.94341803139673
3
141.9594891558561 296.94341803139673
0.25 0.25 0.25 0.25
129.7291669606558
45.0
276.3415247463622 337.0011540490379
1
276.3415247463622 443.0583751344819
0.25 0.25 0.25 0.25
106.05722108544397
45.0
424.19547261975276 38.006300347544084
1
424.19547261975276 104.13020963887925
0.25 0.25 0.25 0.25
142.13650998642333
45.0
129.67761631460178 346.2271865479548
0
129.67761631460178 192.31703338929674
0.25 0.25 0.25 0.25
153.91015315865803
45.0
13.964169907441828 17.292205678428218
2
170.24009080618885 17.292205678428218
0.25 0.25 0.25 0.25
156.27592089874702
45.0
187.03357787293544 183.28705347547861
2
302.6961339930413 183.28705347547861
0.25 0.25 0.25 0.25
115.66255612010589
45.0
42.43981655735638 377.7727588517864
0
42.43981655735638 212.8503924606381
0.25 0.25 0.25 0.25
164.92236639114833
45.0
183.8757399905866 330.99339355749464
3
80.8069109513188 330.99339355749464
0.25 0.25 0.25 0.25
103.0688290392678
45.0
366.1151438072487 468.0952544487732
3
231.01658106793494 468.0952544487732
0.25 0.25 0.25 0.25
135.0985627393138
45.0
229.85970655752374 127.53224761408592
1
229.85970655752374 6.442023233209625
0.25 0.25 0.25 0.25
133.97427084729554
45.0
309.8503867421737 306.4609467728109
3
193.66873598679194 306.4609467728109
0.25 0.25 0.25 0.25
116.18165075538177
45.0
273.96935203449 473.69140263378654
0
273.96935203449 381.8622071947525
0.25 0.25 0.25 0.25
91.82919543903407
45.0
32.19127086547526 247.80531384258023
0
32.19127086547526 147.9163965653085
0.25 0.25 0.25 0.25
99.88891727727172
45.0
447.61172348796526 174.5907479627797
1
447.61172348796526 264.98140769187864
0.25 0.25 0.25 0.25
90.39065972909896
45.0
145.99829776402962 462.52221777624663
2
274.19105778089715 462.52221777624663
0.25 0.25 0.25 0.25
128.19276001686754
45.0
256.3116497556433 484.3096627766082
3
132.3842775422156 484.3096627766082
0.25 0.25 0.25 0.25
123.92737221342769
45.0
290.28071322666204 60.886991445188755
1
290.28071322666204 101.1405060998573
0.25 0.25 0.25 0.25
40.25351465466855
45.0
92.47161453560966 215.5817087905142
2
122.10216013572222 215.5817087905142
0.25 0.25 0.25 0.25
29.63054560011255
45.0
339.99794423397753 208.73958794824318
3
311.67833081341746 208.73958794824318
0.25 0.25 0.25 0.25
28.319613420560074
45.0
493.8412930728912 102.50189823060333
3
472.1880463957334 102.50189823060333
0.25 0.25 0.25 0.25
33.97066053137544
45.0
146.596847194551 238.75247706715797
3
113.27973588645003 238.75247706715797
0.25 0.25 0.25 0.25
33.31711130810097
45.0
336.9713547129717 328.95902072954357
3
313.883585673089 328.95902072954357
0.25 0.25 0.25 0.25
23.087769039882716
45.0
264.8710228543806 138.78541610567447
2
306.9155992644466 138.78541610567447
0.25 0.25 0.25 0.25
42.04457641006598
45.0
315.6550978626128 237.03742098828846
2
358.92055109932335 237.03742098828846
0.25 0.25 0.25 0.25
43.265453236710506
45.0
143.12908687060144 82.23904318615179
0
143.12908687060144 67.76790043122324
0.25 0.25 0.25 0.25
14.471142754928545
45.0
