30219
215.62478053400048 493.48835727560606
0
215.62478053400048 379.95909985427306
0.25 0.25 0.25 0.25
113.529257421333
45.0
427.28106408764586 156.3086210797829
3
259.26028019342573 156.3086210797829
0.25 0.25 0.25 0.25
168.02078389422016
45.0
246.51779545992326 213.49487431770763
1
246.51779545992326 314.2494931791302
0.25 0.25 0.25 0.25
100.75461886142254
45.0
305.2803734524475 448.270704210728
0
305.2803734524475 332.4366184733842
0.25 0.25 0.25 0.25
115.8340857373438
45.0
470.7539382045104 275.0130396713583
1
470.7539382045104 434.6767897672378
0.25 0.25 0.25 0.25
159.6637500958795
45.0
85.87606534384611 294.949559431161
2
33.869156279413346 294.949559431161
0.25 0.25 0.25 0.25
119.74522162325945
45.0
303.3879119366803 136.2301663907568
2
466.7991553971897 136.2301663907568
0.25 0.25 0.25 0.25
163.41124346050938
45.0
431.9412530194478 190.87215732515642
3
442.0846537956695 190.87215732515642
0.25 0.25 0.25 0.25
125.97409318488269
45.0
11.635848252030655 371.0086140795802
2
141.2521369260445 371.0086140795802
0.25 0.25 0.25 0.25
152.88798517807516
45.0
322.2527527785203 463.9062190221125
0
322.2527527785203 325.25564658021494
0.25 0.25 0.25 0.25
138.65057244189757
45.0
134.47756649332518 348.24071981299153
2
29.26094884327631 348.24071981299153
0.25 0.25 0.25 0.25
163.7385153366015
45.0
308.95145392247207 46.931886222107565
1
308.95145392247207 165.56891624638365
0.25 0.25 0.25 0.25
118.63703002427609
45.0
92.8845949960745 495.2407869247176
0
92.8845949960745 345.5676607379585
0.25 0.25 0.25 0.25
159.1915523373239
45.0
364.1909844843558 244.12157306039893
3
202.5061750676545 244.12157306039893
0.25 0.25 0.25 0.25
161.68480941670128
45.0
411.82519382971054 140.1399619206078
3
267.8078759373346 140.1399619206078
0.25 0.25 0.25 0.25
144.01731789237596
45.0
383.6700066118974 193.96284257123236
2
475.3612946233807 193.96284257123236
0.25 0.25 0.25 0.25
91.6912880114833
45.0
403.23235369974134 486.6742889481642
3
273.5197498859859 486.6742889481642
0.25 0.25 0.25 0.25
129.71260381375544
45.0
70.49206318918166 345.17469544273115
1
70.49206318918166 499.41589912664983
0.25 0.25 0.25 0.25
154.24120368391866
45.0
189.68461314870194 400.3707005268236
0
189.68461314870194 485.6982440911203
0.25 0.25 0.25 0.25
113.93105538205612
45.0
160.10772692785042 301.8302225947851
2
256.96947535859283 301.8302225947851
0.25 0.25 0.25 0.25
96.8617484307424
45.0
481.4128993213701 221.72117805369868
0
481.4128993213701 209.21765111367375
0.25 0.25 0.25 0.25
12.503526940024933
45.0
422.2812160605248 480.849662032644
3
380.02989575988624 480.849662032644
0.25 0.25 0.25 0.25
42.251320300638525
45.0
390.42350725419857 43.69280294214488
2
392.36099327319783 43.69280294214488
0.25 0.25 0.25 0.25
1.9374860189992626
45.0
35.73024664849852 239.2145880530764
2
66.34602732185307 239.2145880530764
0.25 0.25 0.25 0.25
30.615780673354553
45.0
324.5481063517774 197.39774466863048
3
298.60004608746647 197.39774466863048
0.25 0.25 0.25 0.25
25.948060264310936
45.0
254.3057022106744 212.41932228061302
0
254.3057022106744 173.51930118442547
0.25 0.25 0.25 0.25
38.900021096187544
45.0
103.82224438220908 382.0582483453836
1
103.82224438220908 429.7686161957283
0.25 0.25 0.25 0.25
47.71036785034474
45.0
31.137244367138237 155.42217366944533
1
31.137244367138237 205.2557610684388
0.25 0.25 0.25 0.25
49.83358739899347
45.0
394.28950829030885 356.19923418346
0
394.28950829030885 340.96457508418615
0.25 0.25 0.25 0.25
15.234659099273845
45.0
2.9133026387116026 420.832447843208
0
2.9133026387116026 404.9732376532681
0.25 0.25 0.25 0.25
15.859210189939898
45.0
428.7683416288587 422.3545868189984
0
428.7683416288587 408.6219781006903
0.25 0.25 0.25 0.25
13.732608718308143
45.0
387.23996705992573 71.92634542754209
3
346.3436338600144 71.92634542754209
0.25 0.25 0.25 0.25
40.896333199911325
45.0
122.43481592969793 228.82638412782296
1
122.43481592969793 248.8314357910109
0.25 0.25 0.25 0.25
20.005051663187956
45.0
259.15058001596276 291.4654157922212
1
259.15058001596276 295.3584293714111
0.25 0.25 0.25 0.25
3.8930135791898914
45.0
384.16088315469347 59.83004204634164
1
384.16088315469347 85.4926166844013
0.25 0.25 0.25 0.25
25.66257463805966
45.0
229.16615502758418 420.7756748402552
3
224.29470019521807 420.7756748402552
0.25 0.25 0.25 0.25
4.8714548323661235
45.0
250.29548409896023 224.32323474537347
0
250.29548409896023 218.59422271592794
0.25 0.25 0.25 0.25
5.729012029445535
45.0
219.9698608328946 363.0606393090831
0
219.9698608328946 351.16193003403777
0.25 0.25 0.25 0.25
11.898709275045372
45.0
323.03159510744274 218.518832341721
1
323.03159510744274 250.1417749858524
0.25 0.25 0.25 0.25
31.622942644131403
45.0
427.4673606933073 162.31569354429246
0
427.4673606933073 157.57211121040189
0.25 0.25 0.25 0.25
4.743582333890572
45.0
268.6255577583547 185.44433443702013
3
251.28114982782984 185.44433443702013
0.25 0.25 0.25 0.25
17.344407930524884
45.0
483.47373514616754 374.89554157021826
0
483.47373514616754 349.0922090858453
0.25 0.25 0.25 0.25
25.803332484372945
45.0
185.9079171976311 348.50135945777015
3
163.71236228725277 348.50135945777015
0.25 0.25 0.25 0.25
22.195554910378313
45.0
354.7513307791258 305.2614289981253
0
354.7513307791258 279.2925846559828
0.25 0.25 0.25 0.25
25.96884434214251
45.0
154.06927670353562 317.1345733959778
3
128.9189520025887 317.1345733959778
0.25 0.25 0.25 0.25
25.150324700946914
45.0
317.85826901396575 132.8788449018728
2
324.48472481870266 132.8788449018728
0.25 0.25 0.25 0.25
6.626455804736886
45.0
494.5656101532305 473.1749694980683
3
468.0658007893836 473.1749694980683
0.25 0.25 0.25 0.25
26.49980936384693
45.0
81.08995205072524 92.98402260173518
3
78.65000566124105 92.98402260173518
0.25 0.25 0.25 0.25
2.4399463894841933
45.0
