44965
147.37501670735492 196.64696848981043
0
147.37501670735492 26.425882081126474
0.25 0.25 0.25 0.25
170.22108640868396
45.0
2.710969778232794 18.518306827478227
2
88.19865909728662 18.518306827478227
0.25 0.25 0.25 0.25
90.90962887551942
45.0
197.10102503218036 211.3013321317435
3
96.12835158758507 211.3013321317435
0.25 0.25 0.25 0.25
100.97267344459529
45.0
493.1845345053964 244.41887485092445
3
346.49675765286963 244.41887485092445
0.25 0.25 0.25 0.25
160.31870784173395
45.0
342.8604733934592 46.35162407634107
3
492.0022535728171 46.35162407634107
0.25 0.25 0.25 0.25
165.13727303372372
45.0
35.75667728989177 133.99775812185118
0
35.75667728989177 35.03249075547646
0.25 0.25 0.25 0.25
98.96526736637472
45.0
58.293543960837894 211.7374034250064
2
105.31887612690991 211.7374034250064
0.25 0.25 0.25 0.25
163.6124200877478
45.0
408.38411388914267 422.1202971865839
3
438.56862014681224 422.1202971865839
0.25 0.25 0.25 0.25
153.0472659640451
45.0
311.7364208155619 344.97501995332266
3
155.68427327445738 344.97501995332266
0.25 0.25 0.25 0.25
156.05214754110455
45.0
299.61986184831176 209.36419422769472
0
299.61986184831176 78.4269812326535
0.25 0.25 0.25 0.25
130.93721299504122
45.0
122.98404528734201 216.06710628706296
2
273.10135565104997 216.06710628706296
0.25 0.25 0.25 0.25
150.11731036370796
45.0
210.5944138324864 495.84097981860856
3
87.15035893946788 495.84097981860856
0.25 0.25 0.25 0.25
123.44405489301852
45.0
208.8267455548585 304.6714096977531
1
208.8267455548585 460.7833042724112
0.25 0.25 0.25 0.25
156.11189457465807
45.0
212.62627725906307 43.641445183674875
2
368.3278445185198 43.641445183674875
0.25 0.25 0.25 0.25
155.7015672594567
45.0
121.78274858952852 124.16932859944461
2
9.41369786248464 124.16932859944461
0.25 0.25 0.25 0.25
131.19644645201316
45.0
388.8878468626749 250.0409148674505
3
478.2693156809213 250.0409148674505
0.25 0.25 0.25 0.25
132.8428374564038
45.0
47.934307131043 303.4524313181759
2
84.88339612151753 303.4524313181759
0.25 0.25 0.25 0.25
132.81770325256053
45.0
12.004571981540238 357.2452431263906
1
12.004571981540238 472.96494362970964
0.25 0.25 0.25 0.25
115.71970050331899
45.0
116.89987171984478 171.8192071784532
2
53.8622557536587 171.8192071784532
0.25 0.25 0.25 0.25
170.76212747350348
45.0
38.42210459301032 498.8733883760278
0
38.42210459301032 395.7633809175543
0.25 0.25 0.25 0.25
103.11000745847349
45.0
128.43931501252848 80.4329333624703
2
240.83035588720543 80.4329333624703
0.25 0.25 0.25 0.25
112.39104087467695
45.0
419.46120199867914 466.9571860541374
0
419.46120199867914 387.9666791443285
0.25 0.25 0.25 0.25
145.07613480153404
45.0
338.66162152453325 232.8191613224186
1
338.66162152453325 353.4272034464938
0.25 0.25 0.25 0.25
120.60804212407523
45.0
257.01821280134504 355.0664369091362
0
257.01821280134504 481.04387002486965
0.25 0.25 0.25 0.25
163.88969306599415
45.0
343.77707590289174 384.7871038933133
0
343.77707590289174 226.00361698977022
0.25 0.25 0.25 0.25
158.7834869035431
45.0
174.6663611626999 474.5053192866974
0
174.6663611626999 335.6770959264095
0.25 0.25 0.25 0.25
138.8282233602879
45.0
300.00986869251324 6.292411537834482
1
300.00986869251324 137.23306159679817
0.25 0.25 0.25 0.25
143.52547313463265
45.0
150.46408240301287 342.0557175757331
2
276.44222686520453 342.0557175757331
0.25 0.25 0.25 0.25
125.97814446219166
45.0
181.81308546731213 427.08635158176753
0
181.81308546731213 299.64103485402217
0.25 0.25 0.25 0.25
127.44531672774538
45.0
498.0953538293976 275.81014889248775
1
498.0953538293976 398.3630819507016
0.25 0.25 0.25 0.25
122.55293305821382
45.0
193.11787162195145 326.88659807992593
2
295.5733570689491 326.88659807992593
0.25 0.25 0.25 0.25
102.45548544699768
45.0
282.22110711705125 377.1048360146491
0
282.22110711705125 488.4971358634542
0.25 0.25 0.25 0.25
134.39802812189666
45.0
381.87089868116027 299.1966925435329
0
381.87089868116027 166.79059861517362
0.25 0.25 0.25 0.25
132.40609392835927
45.0
482.2111298659257 336.487582904801
3
377.57125683569825 336.487582904801
0.25 0.25 0.25 0.25
104.63987303022748
45.0
424.33722085789384 242.63528472438864
3
427.2474874650103 242.63528472438864
0.25 0.25 0.25 0.25
148.41529167709584
45.0
40.116471310736245 393.33140481217515
2
131.91708561309432 393.33140481217515
0.25 0.25 0.25 0.25
172.03355692383056
45.0
228.8916242274355 221.29043324038162
0
228.8916242274355 67.38287137239865
0.25 0.25 0.25 0.25
153.90756186798296
45.0
426.9686856051603 202.81900471471624
0
426.9686856051603 77.1016696276269
0.25 0.25 0.25 0.25
125.71733508708934
45.0
270.46247581657013 252.31763846959956
3
105.07222904784078 252.31763846959956
0.25 0.25 0.25 0.25
165.39024676872936
45.0
153.6596802178552 113.36296619607876
1
153.6596802178552 36.82552606895382
0.25 0.25 0.25 0.25
150.18849226503258
45.0
441.6981696510809 350.9916995459706
1
441.6981696510809 491.5880508536733
0.25 0.25 0.25 0.25
140.5963513077027
45.0
311.81176528337306 212.09295967837681
1
311.81176528337306 308.7867749407979
0.25 0.25 0.25 0.25
96.69381526242108
45.0
416.2112482773962 76.20449593342192
1
416.2112482773962 29.942050421271915
0.25 0.25 0.25 0.25
106.14654635469384
45.0
276.4038989000318 126.09150663398512
3
142.7604204758143 126.09150663398512
0.25 0.25 0.25 0.25
133.64347842421748
45.0
378.1982745854144 70.1955485557076
3
490.1704034898745 70.1955485557076
0.25 0.25 0.25 0.25
131.63132192471105
45.0
417.55195866426 372.34142125179153
0
417.55195866426 197.44885704679183
0.25 0.25 0.25 0.25
174.8925642049997
45.0
196.89347039377014 427.1437075076491
2
307.0941729721634 427.1437075076491
0.25 0.25 0.25 0.25
110.20070257839323
45.0
285.5747097492953 148.40468503053222
2
397.8843408436544 148.40468503053222
0.25 0.25 0.25 0.25
112.30963109435908
45.0
