44965
274.94306621183136 196.64696848981043
3
104.7219798031474 196.64696848981043
0.25 0.25 0.25 0.25
170.22108640868396
45.0
179.0905350806656 200.34939983994408
3
88.18090620514619 200.34939983994408
0.25 0.25 0.25 0.25
90.90962887551942
45.0
34.06261592680116 495.5073819804236
0
34.06261592680116 394.5347085358283
0.25 0.25 0.25 0.25
100.97267344459529
45.0
332.86582666366246 228.56955263092857
2
493.1845345053964 228.56955263092857
0.25 0.25 0.25 0.25
160.31870784173395
45.0
370.38955878643264 495.88163418922335
3
205.25228575270893 495.88163418922335
0.25 0.25 0.25 0.25
165.13727303372372
45.0
134.72194465626643 251.5159850073949
1
134.72194465626643 350.4812523737696
0.25 0.25 0.25 0.25
98.96526736637472
45.0
21.642585013811356 496.37182017265326
2
141.96983507393645 496.37182017265326
0.25 0.25 0.25 0.25
163.6124200877478
45.0
356.8522159310828 361.174977905682
0
356.8522159310828 485.7777561302729
0.25 0.25 0.25 0.25
153.0472659640451
45.0
254.38058474684374 431.00877405639994
2
410.4327322879483 431.00877405639994
0.25 0.25 0.25 0.25
156.05214754110455
45.0
140.6894810971418 281.2478043764577
1
140.6894810971418 412.18501737149893
0.25 0.25 0.25 0.25
130.93721299504122
45.0
471.6936312865546 320.05565865313315
3
378.1890583497375 320.05565865313315
0.25 0.25 0.25 0.25
150.11731036370796
45.0
197.08043341412474 244.82334953950266
2
320.52448830714326 244.82334953950266
0.25 0.25 0.25 0.25
123.44405489301852
45.0
111.6241099213104 304.6714096977531
0
111.6241099213104 148.55951512309505
0.25 0.25 0.25 0.25
156.11189457465807
45.0
236.7466516320004 465.1334786650176
3
81.0450843725437 465.1334786650176
0.25 0.25 0.25 0.25
155.7015672594567
45.0
403.00303721852424 383.09818881230535
3
271.8065907665111 383.09818881230535
0.25 0.25 0.25 0.25
131.19644645201316
45.0
65.02592700382388 273.9729968042217
0
65.02592700382388 141.13015934781788
0.25 0.25 0.25 0.25
132.8428374564038
45.0
272.5082741829704 24.72460120742943
3
139.69057093040988 24.72460120742943
0.25 0.25 0.25 0.25
132.81770325256053
45.0
409.39692550186476 420.02756895326536
0
409.39692550186476 304.30786844994634
0.25 0.25 0.25 0.25
115.71970050331899
45.0
287.66199919334827 122.67367749641141
3
116.89987171984478 122.67367749641141
0.25 0.25 0.25 0.25
170.76212747350348
45.0
409.95227613790075 230.45322428961083
3
306.84226867942726 230.45322428961083
0.25 0.25 0.25 0.25
103.11000745847349
45.0
128.43931501252848 339.77311872810174
3
16.048274137851536 339.77311872810174
0.25 0.25 0.25 0.25
112.39104087467695
45.0
0.234258795184644 450.09845358728194
0
0.234258795184644 305.02231878574787
0.25 0.25 0.25 0.25
145.07613480153404
45.0
27.17421126158642 199.27629106460347
2
147.78225338566165 199.27629106460347
0.25 0.25 0.25 0.25
120.60804212407523
45.0
273.68005440538013 153.26448389288134
1
273.68005440538013 10.625209173112808
0.25 0.25 0.25 0.25
163.88969306599415
45.0
291.35687171128063 226.00361698977022
0
291.35687171128063 67.22013008622713
0.25 0.25 0.25 0.25
158.7834869035431
45.0
313.4945845229878 253.2537455220911
1
313.4945845229878 392.081968882379
0.25 0.25 0.25 0.25
138.8282233602879
45.0
426.9741208655071 280.7585347314308
1
426.9741208655071 424.28400786606346
0.25 0.25 0.25 0.25
143.52547313463265
45.0
245.14160407507137 365.53118466833314
3
119.1634596128797 365.53118466833314
0.25 0.25 0.25 0.25
125.97814446219166
45.0
416.2884305274887 278.8979473188156
1
416.2884305274887 406.343264046561
0.25 0.25 0.25 0.25
127.44531672774538
45.0
359.77517757809915 136.0954412032104
0
359.77517757809915 13.542508144996589
0.25 0.25 0.25 0.25
122.55293305821382
45.0
421.6150410600346 19.520141738933006
3
475.92947349296765 19.520141738933006
0.25 0.25 0.25 0.25
102.45548544699768
45.0
255.3710053705354 156.22004525620596
1
255.3710053705354 290.6180733781026
0.25 0.25 0.25 0.25
134.39802812189666
45.0
455.0282411826454 171.17893174303003
3
412.56566488899534 171.17893174303003
0.25 0.25 0.25 0.25
132.40609392835927
45.0
296.6667116479414 336.487582904801
0
296.6667116479414 231.84770987457352
0.25 0.25 0.25 0.25
104.63987303022748
45.0
190.8949704198682 421.6270901817487
0
190.8949704198682 273.21179850465285
0.25 0.25 0.25 0.25
148.41529167709584
45.0
260.72245178502794 15.138392121452796
1
260.72245178502794 156.89516480237776
0.25 0.25 0.25 0.25
172.03355692383056
45.0
386.73862324449635 87.32299477936283
1
386.73862324449635 66.58456708862013
0.25 0.25 0.25 0.25
153.90756186798296
45.0
449.92340839201916 71.3629889309122
1
449.92340839201916 197.08032401800153
0.25 0.25 0.25 0.25
125.71733508708934
45.0
451.169761360547 244.6591190819757
3
383.4399918707237 244.6591190819757
0.25 0.25 0.25 0.25
165.39024676872936
45.0
443.32444354162374 69.5832109421535
3
293.1359512765912 69.5832109421535
0.25 0.25 0.25 0.25
150.18849226503258
45.0
447.52304442635034 336.16451614646155
3
411.880604265947 336.16451614646155
0.25 0.25 0.25 0.25
140.5963513077027
45.0
85.36228738274178 49.27544966437728
1
85.36228738274178 47.418365598043806
0.25 0.25 0.25 0.25
96.69381526242108
45.0
142.45269202107005 182.35104228811576
3
36.30614566637621 182.35104228811576
0.25 0.25 0.25 0.25
106.14654635469384
45.0
396.465669584318 190.5871576644627
3
262.8221911601005 190.5871576644627
0.25 0.25 0.25 0.25
133.64347842421748
45.0
437.119828092186 123.24612395339608
3
431.2488499831029 123.24612395339608
0.25 0.25 0.25 0.25
131.63132192471105
45.0
232.66291292574073 148.09347181679374
2
407.5554771307404 148.09347181679374
0.25 0.25 0.25 0.25
174.8925642049997
45.0
158.2896677247923 214.93597914532347
3
48.088965146399076 214.93597914532347
0.25 0.25 0.25 0.25
110.20070257839323
45.0
163.66381462814104 87.00125700741756
2
275.9734457225001 87.00125700741756
0.25 0.25 0.25 0.25
112.30963109435908
45.0
