74578
350.6755693906724 361.9403748678518
1
350.6755693906724 482.0953919025186
0.25 0.25 0.25 0.25
120.1550170346668
45.0
458.52251693988455 493.57770097673097
0
458.52251693988455 346.58509816907963
0.25 0.25 0.25 0.25
159.83720085418938
45.0
173.3783531966235 195.9120679525015
2
289.0740977541776 195.9120679525015
0.25 0.25 0.25 0.25
115.69574455755414
45.0
105.65860108118778 69.17973183654485
1
105.65860108118778 51.241830312433365
0.25 0.25 0.25 0.25
120.42156214897821
45.0
232.2566217210866 187.45301909101383
2
372.635398558617 187.45301909101383
0.25 0.25 0.25 0.25
140.3787768375304
45.0
115.07830743724867 376.84012896854574
1
115.07830743724867 469.743721960151
0.25 0.25 0.25 0.25
92.90359299160525
45.0
488.9917853530509 280.6530524344996
0
488.9917853530509 150.18103704643715
0.25 0.25 0.25 0.25
130.47201538806246
45.0
151.06126869363058 166.0726012336987
1
151.06126869363058 4.860534324775983
0.25 0.25 0.25 0.25
170.93313555847467
45.0
77.88927169882383 375.3899119202277
0
77.88927169882383 249.2703921245054
0.25 0.25 0.25 0.25
126.1195197957223
45.0
455.4479063369756 273.0449936386658
3
324.00232102937025 273.0449936386658
0.25 0.25 0.25 0.25
131.4455853076054
45.0
389.7192835282316 454.5804118713842
0
389.7192835282316 327.4965678988783
0.25 0.25 0.25 0.25
127.08384397250589
45.0
129.65543543711578 7.52480371055799
1
129.65543543711578 148.86014491905667
0.25 0.25 0.25 0.25
141.33534120849868
45.0
75.46497212768061 481.1656912117487
2
179.38379856504974 481.1656912117487
0.25 0.25 0.25 0.25
103.91882643736913
45.0
218.86866273382753 438.49004545857906
2
375.29786198222746 438.49004545857906
0.25 0.25 0.25 0.25
156.42919924839993
45.0
223.71385584733773 248.711653498215
3
104.49514787573742 248.711653498215
0.25 0.25 0.25 0.25
119.21870797160031
45.0
199.71339939284474 108.3748678616912
3
95.00921649524378 108.3748678616912
0.25 0.25 0.25 0.25
104.70418289760096
45.0
17.203221268752543 418.896736035967
0
17.203221268752543 410.70915085566264
0.25 0.25 0.25 0.25
170.39411310837036
45.0
144.60721280168923 226.22894434865145
0
144.60721280168923 87.02832892480728
0.25 0.25 0.25 0.25
139.20061542384417
45.0
392.7509084943973 279.3697354856421
3
277.4133905461971 279.3697354856421
0.25 0.25 0.25 0.25
115.33751794820026
45.0
360.1153099818392 488.7175614192756
0
360.1153099818392 380.6837274478359
0.25 0.25 0.25 0.25
108.03383397143973
45.0
433.19281496266876 308.11181972383554
0
433.19281496266876 152.17509372496434
0.25 0.25 0.25 0.25
155.9367259988712
45.0
365.3513556575482 64.57133271398646
3
488.585391191142 64.57133271398646
0.25 0.25 0.25 0.25
146.0632531513098
45.0
447.18303573810385 460.36766388582475
0
447.18303573810385 289.9669483112675
0.25 0.25 0.25 0.25
170.40071557455724
45.0
173.46379244715365 420.73226675610965
2
299.85163978637416 420.73226675610965
0.25 0.25 0.25 0.25
126.38784733922053
45.0
278.4006438401202 320.68944558664805
3
172.2200455539706 320.68944558664805
0.25 0.25 0.25 0.25
106.1805982861496
45.0
285.4374896871301 219.573344049339
2
381.04617345369525 219.573344049339
0.25 0.25 0.25 0.25
95.60868376656512
45.0
470.614968288642 10.626605118003255
3
371.2651913245031 10.626605118003255
0.25 0.25 0.25 0.25
99.34977696413884
45.0
373.0861179024599 431.9320301508967
2
477.2874230851239 431.9320301508967
0.25 0.25 0.25 0.25
104.20130518266403
45.0
74.76314522517711 186.43792315801227
2
70.45309058609581 186.43792315801227
0.25 0.25 0.25 0.25
145.21623581127292
45.0
449.478911328761 340.8557366086771
0
449.478911328761 227.68702710422517
0.25 0.25 0.25 0.25
113.16870950445193
45.0
132.10326789017932 252.77860293146787
0
132.10326789017932 132.70714845149456
0.25 0.25 0.25 0.25
120.07145447997331
45.0
122.7647675830857 445.52171511992117
2
270.3281731183639 445.52171511992117
0.25 0.25 0.25 0.25
147.5634055352782
45.0
202.46785282107965 461.1523729821055
0
202.46785282107965 397.9402744619081
0.25 0.25 0.25 0.25
140.90735255598645
45.0
400.71158795113763 458.17240509837154
2
498.7032477249893 458.17240509837154
0.25 0.25 0.25 0.25
97.99165977385164
45.0
480.58156982383866 466.87087873421456
3
369.8064995794183 466.87087873421456
0.25 0.25 0.25 0.25
110.77507024442033
45.0
440.31709617120134 96.21164348971604
3
324.9738713799379 96.21164348971604
0.25 0.25 0.25 0.25
115.34322479126342
45.0
141.8869769992274 392.61162004210996
2
313.21848856377545 392.61162004210996
0.25 0.25 0.25 0.25
171.33151156454807
45.0
177.56263832879935 97.78663444334364
3
41.391400458674696 97.78663444334364
0.25 0.25 0.25 0.25
136.17123787012466
45.0
493.5740108603102 212.7301340907659
0
493.5740108603102 86.93583447804167
0.25 0.25 0.25 0.25
125.79429961272422
45.0
21.401458983453537 373.349567506747
1
21.401458983453537 422.5087244593591
0.25 0.25 0.25 0.25
49.1591569526121
45.0
245.71464258745567 202.25069898761328
2
247.347238518866 202.25069898761328
0.25 0.25 0.25 0.25
1.6325959314103078
45.0
367.1456720786175 75.1652596812238
1
367.1456720786175 96.7449493184034
0.25 0.25 0.25 0.25
21.579689637179598
45.0
286.4539906145708 113.09606742857486
1
286.4539906145708 136.26080694905946
0.25 0.25 0.25 0.25
23.164739520484606
45.0
466.19317308761936 155.91006783102932
1
466.19317308761936 187.65719716501408
0.25 0.25 0.25 0.25
31.74712933398476
45.0
403.99943072507006 455.547562739481
2
446.1647455809798 455.547562739481
0.25 0.25 0.25 0.25
42.16531485590971
45.0
115.81030531662488 258.43293847541406
1
115.81030531662488 290.83453865905824
0.25 0.25 0.25 0.25
32.40160018364416
45.0
230.64670116025312 332.0091276985177
2
239.43574956130115 332.0091276985177
0.25 0.25 0.25 0.25
8.789048401048033
45.0
13.754358907271126 315.17959139094194
2
34.79333481881483 315.17959139094194
0.25 0.25 0.25 0.25
21.0389759115437
45.0
