74578
191.76068863334 203.0254941105194
2
311.9157056680068 203.0254941105194
0.25 0.25 0.25 0.25
120.1550170346668
45.0
344.7334659763277 227.72469218975394
1
344.7334659763277 387.5618930439433
0.25 0.25 0.25 0.25
159.83720085418938
45.0
330.66632605158026 80.21632339494735
2
446.3620706091344 80.21632339494735
0.25 0.25 0.25 0.25
115.69574455755414
45.0
208.4395288331175 98.40838684506281
1
208.4395288331175 218.82994899404102
0.25 0.25 0.25 0.25
120.42156214897821
45.0
398.6527341781839 222.15014336558826
3
258.2739573406535 222.15014336558826
0.25 0.25 0.25 0.25
140.3787768375304
45.0
305.56061170546207 71.04432572509802
1
305.56061170546207 21.85926726650723
0.25 0.25 0.25 0.25
92.90359299160525
45.0
54.6559700098004 63.48514476287437
1
54.6559700098004 193.95716015093683
0.25 0.25 0.25 0.25
130.47201538806246
45.0
336.13932463094545 311.4069234413254
0
336.13932463094545 140.4737878828507
0.25 0.25 0.25 0.25
170.93313555847467
45.0
212.9649498603245 240.3142337587272
0
212.9649498603245 114.1947139630049
0.25 0.25 0.25 0.25
126.1195197957223
45.0
201.78002020105131 229.4888855168319
2
333.2256055086567 229.4888855168319
0.25 0.25 0.25 0.25
131.4455853076054
45.0
245.6999363342978 351.652737035922
0
245.6999363342978 224.5688930634161
0.25 0.25 0.25 0.25
127.08384397250589
45.0
9.625317309635648 221.882821003893
2
131.71002389886303 221.882821003893
0.25 0.25 0.25 0.25
141.33534120849868
45.0
140.19553419135838 246.26609384983522
1
140.19553419135838 350.18492028720436
0.25 0.25 0.25 0.25
103.91882643736913
45.0
436.72266649182774 220.63604170057874
0
436.72266649182774 64.20684245217882
0.25 0.25 0.25 0.25
156.42919924839993
45.0
491.59839198226416 479.96333463420217
0
491.59839198226416 360.74462666260183
0.25 0.25 0.25 0.25
119.21870797160031
45.0
287.38621106473227 386.0661125240663
3
182.6820281671313 386.0661125240663
0.25 0.25 0.25 0.25
104.70418289760096
45.0
323.5850049479882 11.014473868559946
1
323.5850049479882 159.37963923981042
0.25 0.25 0.25 0.25
170.39411310837036
45.0
411.78628839098747 40.95013124064678
1
411.78628839098747 98.25048418319739
0.25 0.25 0.25 0.25
139.20061542384417
45.0
261.236537661002 450.6930337373617
0
261.236537661002 433.96944831443807
0.25 0.25 0.25 0.25
115.33751794820026
45.0
396.12152781823886 458.63959312336954
0
396.12152781823886 433.3265729051907
0.25 0.25 0.25 0.25
108.03383397143973
45.0
410.87045903846 87.79544971819158
1
410.87045903846 68.14127628067962
0.25 0.25 0.25 0.25
155.9367259988712
45.0
387.79412771671684 171.26300867399792
3
241.73087456540702 171.26300867399792
0.25 0.25 0.25 0.25
146.0632531513098
45.0
106.38160458898938 164.37481963139714
2
64.01911098556786 164.37481963139714
0.25 0.25 0.25 0.25
170.40071557455724
45.0
415.13670841183045 370.9031534205062
1
415.13670841183045 497.2910007597267
0.25 0.25 0.25 0.25
126.38784733922053
45.0
216.5946609786242 104.03294755795042
1
216.5946609786242 2.1476507281991815
0.25 0.25 0.25 0.25
106.1805982861496
45.0
285.4374896871301 470.2685921125534
3
189.82880592056497 470.2685921125534
0.25 0.25 0.25 0.25
95.60868376656512
45.0
284.91987507758733 15.38231631644291
2
384.2696520417262 15.38231631644291
0.25 0.25 0.25 0.25
99.34977696413884
45.0
435.2743712584836 494.1202835069203
3
460.5243235588524 494.1202835069203
0.25 0.25 0.25 0.25
104.20130518266403
45.0
41.73584386735632 8.319264689991826
1
41.73584386735632 153.53550050126475
0.25 0.25 0.25 0.25
145.21623581127292
45.0
15.322458851020627 35.687162984813455
2
97.8462506534313 35.687162984813455
0.25 0.25 0.25 0.25
113.16870950445193
45.0
108.03964106976724 385.2206716292791
2
228.11109554974055 385.2206716292791
0.25 0.25 0.25 0.25
120.07145447997331
45.0
384.94773990669466 406.9148793448006
3
237.38433437141646 406.9148793448006
0.25 0.25 0.25 0.25
147.5634055352782
45.0
220.2542048468797 420.2067766578209
3
79.34685229089325 420.2067766578209
0.25 0.25 0.25 0.25
140.90735255598645
45.0
478.6198454635057 71.95269829385376
3
423.3884947626426 71.95269829385376
0.25 0.25 0.25 0.25
97.99165977385164
45.0
366.78213177920145 77.93136908723625
1
366.78213177920145 32.843701157184086
0.25 0.25 0.25 0.25
110.77507024442033
45.0
402.2280730498305 287.7329145237211
1
402.2280730498305 403.0761393149845
0.25 0.25 0.25 0.25
115.34322479126342
45.0
113.41174272718592 324.1005908441882
1
113.41174272718592 495.4321024087363
0.25 0.25 0.25 0.25
171.33151156454807
45.0
317.96664305618185 136.12243563795548
2
454.1378809263065 136.12243563795548
0.25 0.25 0.25 0.25
136.17123787012466
45.0
487.21961395851645 45.21286203647628
3
386.98608642875934 45.21286203647628
0.25 0.25 0.25 0.25
125.79429961272422
45.0
207.5774648318489 299.35319477272645
2
256.736621784461 299.35319477272645
0.25 0.25 0.25 0.25
49.1591569526121
45.0
306.12069204963757 181.0269518792791
0
306.12069204963757 179.39435594786877
0.25 0.25 0.25 0.25
1.6325959314103078
45.0
373.898052275227 11.15349886749459
1
373.898052275227 32.73318850467419
0.25 0.25 0.25 0.25
21.579689637179598
45.0
124.30081397117853 394.98914229355216
1
124.30081397117853 418.15388181403677
0.25 0.25 0.25 0.25
23.164739520484606
45.0
418.60705310716173 235.3124651865107
0
418.60705310716173 203.56533585252595
0.25 0.25 0.25 0.25
31.74712933398476
45.0
247.30572784326458 118.22504389220316
1
247.30572784326458 160.39035874811287
0.25 0.25 0.25 0.25
42.16531485590971
45.0
277.81830623484575 96.42493755719319
2
310.2199064184899 96.42493755719319
0.25 0.25 0.25 0.25
32.40160018364416
45.0
41.81379927223594 395.5303718689932
3
33.024750871187905 395.5303718689932
0.25 0.25 0.25 0.25
8.789048401048033
45.0
245.18309393425184 0.4050472822135873
3
224.14411802270814 0.4050472822135873
0.25 0.25 0.25 0.25
21.0389759115437
45.0
