74578
389.43543311333804 1.4753237638514065
1
389.43543311333804 121.6303407985182
0.25 0.25 0.25 0.25
120.1550170346668
45.0
97.87132035664209 55.042893289026495
1
97.87132035664209 104.79430756516288
0.25 0.25 0.25 0.25
159.83720085418938
45.0
148.62589645086678 76.7411221805937
3
32.93015189331264 76.7411221805937
0.25 0.25 0.25 0.25
115.69574455755414
45.0
14.762961067790428 456.53286736719883
0
14.762961067790428 336.11130521822065
0.25 0.25 0.25 0.25
120.42156214897821
45.0
320.58971214675535 431.92316875226754
0
320.58971214675535 427.6980544102021
0.25 0.25 0.25 0.25
140.3787768375304
45.0
474.573776141989 464.4377093168757
3
381.67018315038376 464.4377093168757
0.25 0.25 0.25 0.25
92.90359299160525
45.0
250.0641838708242 237.7332832554365
2
380.53619925888665 237.7332832554365
0.25 0.25 0.25 0.25
130.47201538806246
45.0
62.81093566907879 311.4069234413254
1
62.81093566907879 482.3400589998
0.25 0.25 0.25 0.25
170.93313555847467
45.0
23.419018829328408 354.45873175677076
2
149.5385386250507 354.45873175677076
0.25 0.25 0.25 0.25
126.1195197957223
45.0
356.47406758358056 278.1127519496612
3
225.02848227597516 278.1127519496612
0.25 0.25 0.25 0.25
131.4455853076054
45.0
8.203000169333052 471.25116365143117
0
8.203000169333052 344.1673196789253
0.25 0.25 0.25 0.25
127.08384397250589
45.0
110.40480081784449 428.67943615417585
0
110.40480081784449 429.9852226373255
0.25 0.25 0.25 0.25
141.33534120849868
45.0
210.74920949444055 247.785740647024
0
210.74920949444055 143.86691420965485
0.25 0.25 0.25 0.25
103.91882643736913
45.0
246.71387701422879 187.2267515350207
3
90.28467776582886 187.2267515350207
0.25 0.25 0.25 0.25
156.42919924839993
45.0
118.86661749016429 281.59924942259715
2
238.0853254617646 281.59924942259715
0.25 0.25 0.25 0.25
119.21870797160031
45.0
334.42804004074185 118.99539280727299
2
439.1322229383428 118.99539280727299
0.25 0.25 0.25 0.25
104.70418289760096
45.0
382.1557248052479 55.74383116900418
1
382.1557248052479 114.65028193936618
0.25 0.25 0.25 0.25
170.39411310837036
45.0
488.5733644902599 484.1476695452701
3
349.37274906641574 484.1476695452701
0.25 0.25 0.25 0.25
139.20061542384417
45.0
7.476159769200791 86.73236112304377
2
107.86135817899947 86.73236112304377
0.25 0.25 0.25 0.25
115.33751794820026
45.0
8.318313810477406 244.95439921935372
2
116.35214778191714 244.95439921935372
0.25 0.25 0.25 0.25
108.03383397143973
45.0
363.64348498089157 30.93907025923255
1
363.64348498089157 124.99765573963865
0.25 0.25 0.25 0.25
155.9367259988712
45.0
50.78207729575996 440.9467429174489
2
196.84533044706976 440.9467429174489
0.25 0.25 0.25 0.25
146.0632531513098
45.0
77.58977242872106 469.201295890015
2
247.9904880032783 469.201295890015
0.25 0.25 0.25 0.25
170.40071557455724
45.0
58.178723821697346 387.42393061481664
2
184.56657116091787 387.42393061481664
0.25 0.25 0.25 0.25
126.38784733922053
45.0
137.35731068028593 130.97619554576158
3
31.17671239413633 130.97619554576158
0.25 0.25 0.25 0.25
106.1805982861496
45.0
94.22012215399991 271.2688654815554
1
94.22012215399991 366.87754924812054
0.25 0.25 0.25 0.25
95.60868376656512
45.0
324.18324742446873 108.22986292197027
2
423.5330243886076 108.22986292197027
0.25 0.25 0.25 0.25
99.34977696413884
45.0
314.30996654954794 194.93844971296113
2
418.511271732212 194.93844971296113
0.25 0.25 0.25 0.25
104.20130518266403
45.0
473.97793100225454 103.99454846453361
1
473.97793100225454 249.21078427580653
0.25 0.25 0.25 0.25
145.21623581127292
45.0
58.75108330924894 209.1686415641578
0
58.75108330924894 95.99993205970588
0.25 0.25 0.25 0.25
113.16870950445193
45.0
331.0314506905795 378.20914340944057
0
331.0314506905795 258.13768892946723
0.25 0.25 0.25 0.25
120.07145447997331
45.0
465.25573029610734 150.39490404936475
3
317.69232476082914 150.39490404936475
0.25 0.25 0.25 0.25
147.5634055352782
45.0
206.60567273878485 425.2373386780978
0
206.60567273878485 433.85530876591577
0.25 0.25 0.25 0.25
140.90735255598645
45.0
458.53644320202216 357.7553937909537
1
458.53644320202216 455.74705356480536
0.25 0.25 0.25 0.25
97.99165977385164
45.0
480.58156982383866 122.44819680008567
3
408.643359931741 122.44819680008567
0.25 0.25 0.25 0.25
110.77507024442033
45.0
249.87198056434727 251.79620225665224
2
365.2152053556107 251.79620225665224
0.25 0.25 0.25 0.25
115.34322479126342
45.0
260.15128014526425 68.80187111777514
3
88.81976858071619 68.80187111777514
0.25 0.25 0.25 0.25
171.33151156454807
45.0
443.79391554092285 417.0280495570588
0
443.79391554092285 280.8568116869342
0.25 0.25 0.25 0.25
136.17123787012466
45.0
386.98608642875934 57.92165584006375
1
386.98608642875934 183.71595545278797
0.25 0.25 0.25 0.25
125.79429961272422
45.0
70.56061593606557 36.740549061907906
3
21.401458983453473 36.740549061907906
0.25 0.25 0.25 0.25
49.1591569526121
45.0
304.48809611822725 190.82252746774103
0
304.48809611822725 189.1899315363307
0.25 0.25 0.25 0.25
1.6325959314103078
45.0
323.98629280425826 104.07922600814129
1
323.98629280425826 125.65891564532089
0.25 0.25 0.25 0.25
21.579689637179598
45.0
481.8986141805832 117.01226804773694
3
458.7338746600986 117.01226804773694
0.25 0.25 0.25 0.25
23.164739520484606
45.0
263.9908015940299 346.3928438349378
3
232.24367226004514 346.3928438349378
0.25 0.25 0.25 0.25
31.74712933398476
45.0
488.33006043688954 124.48768912261255
3
446.1647455809798 124.48768912261255
0.25 0.25 0.25 0.25
42.16531485590971
45.0
208.2056965198168 125.93665803534658
1
208.2056965198168 158.33825821899075
0.25 0.25 0.25 0.25
32.40160018364416
45.0
270.32905769948485 281.27274265536875
3
261.5400092984368 281.27274265536875
0.25 0.25 0.25 0.25
8.789048401048033
45.0
455.5728530496891 52.841036698319186
0
455.5728530496891 31.802060786775485
0.25 0.25 0.25 0.25
21.0389759115437
45.0
