74578
269.28041607867124 241.785357833185
1
269.28041607867124 361.9403748678518
0.25 0.25 0.25 0.25
120.1550170346668
45.0
102.94267537241095 333.74050012254156
1
102.94267537241095 493.57770097673097
0.25 0.25 0.25 0.25
159.83720085418938
45.0
404.76984231173174 195.9120679525015
1
404.76984231173174 311.6078125100556
0.25 0.25 0.25 0.25
115.69574455755414
45.0
262.70766603834034 51.24183031243339
1
262.70766603834034 171.6633924614116
0.25 0.25 0.25 0.25
120.42156214897821
45.0
495.66561325886016 170.1044569537266
3
363.95560990360946 170.1044569537266
0.25 0.25 0.25 0.25
140.3787768375304
45.0
327.5001346131198 65.73831308182275
3
234.59654162151458 65.73831308182275
0.25 0.25 0.25 0.25
92.90359299160525
45.0
207.14441469176109 66.98687062518809
3
76.67239930369863 66.98687062518809
0.25 0.25 0.25 0.25
130.47201538806246
45.0
492.9275398105799 124.59604318155468
3
321.99440425210526 124.59604318155468
0.25 0.25 0.25 0.25
170.93313555847467
45.0
39.274089731120085 258.22655049028367
0
39.274089731120085 132.1070306945614
0.25 0.25 0.25 0.25
126.1195197957223
45.0
464.6711908162621 69.72707982330729
1
464.6711908162621 201.1726651309127
0.25 0.25 0.25 0.25
131.4455853076054
45.0
8.20300016933308 327.4965678988783
1
8.20300016933308 454.5804118713842
0.25 0.25 0.25 0.25
127.08384397250589
45.0
1.027294230873622 296.4511017874579
2
140.30804697762505 296.4511017874579
0.25 0.25 0.25 0.25
141.33534120849868
45.0
322.49088937611026 63.970738665083346
3
218.5720629387411 63.970738665083346
0.25 0.25 0.25 0.25
103.91882643736913
45.0
436.7226664918278 97.78643268137796
1
436.7226664918278 254.21563192977789
0.25 0.25 0.25 0.25
156.42919924839993
45.0
342.932563818938 129.49294552661462
0
342.932563818938 10.27423755501431
0.25 0.25 0.25 0.25
119.21870797160031
45.0
229.7238571431409 469.52924553050366
0
229.7238571431409 364.8250626329027
0.25 0.25 0.25 0.25
104.70418289760096
45.0
142.86797707667867 114.65028193936618
1
142.86797707667867 55.74383116900418
0.25 0.25 0.25 0.25
170.39411310837036
45.0
298.5903255029341 391.02525180558644
0
298.5903255029341 251.82463638174227
0.25 0.25 0.25 0.25
139.20061542384417
45.0
376.5740556092022 125.99455600363956
2
491.91157355740245 125.99455600363956
0.25 0.25 0.25 0.25
115.33751794820026
45.0
387.8108042388817 220.00704801904146
2
495.8446382103214 220.00704801904146
0.25 0.25 0.25 0.25
108.03383397143973
45.0
341.6357329705703 152.17509372496434
1
341.6357329705703 308.11181972383554
0.25 0.25 0.25 0.25
155.9367259988712
45.0
118.11039347326587 311.81229489826876
2
264.17364662457567 311.81229489826876
0.25 0.25 0.25 0.25
146.0632531513098
45.0
41.61481753822443 346.8273270922746
2
128.7858980363328 346.8273270922746
0.25 0.25 0.25 0.25
170.40071557455724
45.0
333.15997592766684 30.465946024683873
1
333.15997592766684 156.8537933639044
0.25 0.25 0.25 0.25
126.38784733922053
45.0
490.76184041241936 382.495428448144
0
490.76184041241936 276.3148301619944
0.25 0.25 0.25 0.25
106.1805982861496
45.0
1.3885616125652689 167.87782261712258
0
1.3885616125652689 72.26913885055745
0.25 0.25 0.25 0.25
95.60868376656512
45.0
423.5330243886076 293.9249561330248
3
477.11719864725353 293.9249561330248
0.25 0.25 0.25 0.25
99.34977696413884
45.0
144.50830600774844 201.69156948831153
1
144.50830600774844 305.8928746709756
0.25 0.25 0.25 0.25
104.20130518266403
45.0
365.19561684772293 394.4270200870794
3
219.97938103645 394.4270200870794
0.25 0.25 0.25 0.25
145.21623581127292
45.0
52.35922993115554 451.3252299224864
2
60.809479573296386 451.3252299224864
0.25 0.25 0.25 0.25
113.16870950445193
45.0
348.18255002971387 292.20696709168135
2
468.2540045096872 292.20696709168135
0.25 0.25 0.25 0.25
120.07145447997331
45.0
204.440495624469 226.40763506257497
1
204.440495624469 373.9710405978532
0.25 0.25 0.25 0.25
147.5634055352782
45.0
192.95714063069 320.245020426119
1
192.95714063069 461.1523729821055
0.25 0.25 0.25 0.25
140.90735255598645
45.0
403.30509250115904 109.69415128325477
3
498.7032477249893 109.69415128325477
0.25 0.25 0.25 0.25
97.99165977385164
45.0
259.03142933499794 311.5789807769447
2
369.8064995794183 311.5789807769447
0.25 0.25 0.25 0.25
110.77507024442033
45.0
132.37644491878189 211.72900776270342
3
17.03322012751846 211.72900776270342
0.25 0.25 0.25 0.25
115.34322479126342
45.0
197.865115773804 208.74721805421717
1
197.865115773804 380.07872961876524
0.25 0.25 0.25 0.25
171.33151156454807
45.0
224.36397323792684 404.3297489852853
3
88.19273536780219 404.3297489852853
0.25 0.25 0.25 0.25
136.17123787012466
45.0
22.311981394174154 38.85846513468255
1
22.311981394174154 86.93583447804167
0.25 0.25 0.25 0.25
125.79429961272422
45.0
487.0069714904255 36.740549061907906
3
463.83387155696244 36.740549061907906
0.25 0.25 0.25 0.25
49.1591569526121
45.0
247.347238518866 200.61810305620295
0
247.347238518866 198.98550712479263
0.25 0.25 0.25 0.25
1.6325959314103078
45.0
151.34877570682139 118.324638955583
3
129.7690860696418 118.324638955583
0.25 0.25 0.25 0.25
21.579689637179598
45.0
471.7719067784476 391.0729416743901
1
471.7719067784476 414.2376811948747
0.25 0.25 0.25 0.25
23.164739520484606
45.0
248.08266290651804 314.6457145009531
2
279.8297922405028 314.6457145009531
0.25 0.25 0.25 0.25
31.74712933398476
45.0
488.33006043688954 371.2169330276615
3
469.5046247072007 371.2169330276615
0.25 0.25 0.25 0.25
42.16531485590971
45.0
175.80409633617262 485.2441397609233
3
143.40249615252844 485.2441397609233
0.25 0.25 0.25 0.25
32.40160018364416
45.0
213.06860435815702 314.43103089642165
0
213.06860435815702 305.6419824953736
0.25 0.25 0.25 0.25
8.789048401048033
45.0
161.02719028807704 420.3744709486606
0
161.02719028807704 399.33549503711686
0.25 0.25 0.25 0.25
21.0389759115437
45.0
