74578
129.94449874799477 241.785357833185
3
9.789481713327973 241.785357833185
0.25 0.25 0.25 0.25
120.1550170346668
45.0
381.64028220592604 214.88009414321587
1
381.64028220592604 374.71729499740525
0.25 0.25 0.25 0.25
159.83720085418938
45.0
404.76984231173174 311.6078125100556
0
404.76984231173174 195.9120679525015
0.25 0.25 0.25 0.25
115.69574455755414
45.0
142.28610388936212 467.07192109165385
0
142.28610388936212 412.50651675936797
0.25 0.25 0.25 0.25
120.42156214897821
45.0
355.2868364213298 47.07424225348345
1
355.2868364213298 93.30453458404696
0.25 0.25 0.25 0.25
140.3787768375304
45.0
207.98190042885392 191.03294298533524
3
115.07830743724867 191.03294298533524
0.25 0.25 0.25 0.25
92.90359299160525
45.0
119.59216848276174 241.23500911775022
0
119.59216848276174 110.76299372968776
0.25 0.25 0.25 0.25
130.47201538806246
45.0
125.46245534278259 337.00573679217337
2
296.39559090125726 337.00573679217337
0.25 0.25 0.25 0.25
170.93313555847467
45.0
426.58880748406534 249.27039212450535
0
426.58880748406534 123.15087232878305
0.25 0.25 0.25 0.25
126.1195197957223
45.0
201.78002020105131 10.153823023455004
1
201.78002020105131 121.2917622841504
0.25 0.25 0.25 0.25
131.4455853076054
45.0
118.61609236179194 344.1673196789253
0
118.61609236179194 217.08347570641945
0.25 0.25 0.25 0.25
127.08384397250589
45.0
153.01524697988157 285.79849024694863
3
11.679905771382892 285.79849024694863
0.25 0.25 0.25 0.25
141.33534120849868
45.0
387.221451439788 103.15900303877471
1
387.221451439788 207.07782947614385
0.25 0.25 0.25 0.25
103.91882643736913
45.0
406.8481342597722 466.5055598026214
0
406.8481342597722 377.06524094897867
0.25 0.25 0.25 0.25
156.42919924839993
45.0
299.411312266261 155.19480664378344
2
418.63002023786134 155.19480664378344
0.25 0.25 0.25 0.25
119.21870797160031
45.0
37.3468625736524 422.4874165544941
2
67.35732032394856 422.4874165544941
0.25 0.25 0.25 0.25
104.70418289760096
45.0
175.55557048983994 418.896736035967
3
5.161457381469575 418.896736035967
0.25 0.25 0.25 0.25
170.39411310837036
45.0
159.38971007908992 226.22894434865145
3
20.189094655245754 226.22894434865145
0.25 0.25 0.25 0.25
139.20061542384417
45.0
145.89901971280173 297.3178542553592
2
261.236537661002 297.3178542553592
0.25 0.25 0.25 0.25
115.33751794820026
45.0
252.08147601039946 375.55311035224213
2
360.1153099818392 375.55311035224213
0.25 0.25 0.25 0.25
108.03383397143973
45.0
277.25608896379754 308.11181972383554
1
277.25608896379754 464.04854572270676
0.25 0.25 0.25 0.25
155.9367259988712
45.0
95.66762141409723 64.57133271398646
2
50.39563173721257 64.57133271398646
0.25 0.25 0.25 0.25
146.0632531513098
45.0
382.4162486873389 119.56623273671028
1
382.4162486873389 289.9669483112675
0.25 0.25 0.25 0.25
170.40071557455724
45.0
68.2091235175232 294.34441941688914
0
68.2091235175232 167.95657207766862
0.25 0.25 0.25 0.25
126.38784733922053
45.0
66.039447267821 148.40756298260402
1
66.039447267821 254.58816126875362
0.25 0.25 0.25 0.25
106.1805982861496
45.0
189.82880592056497 397.99192088440043
1
189.82880592056497 493.6006046509656
0.25 0.25 0.25 0.25
95.60868376656512
45.0
172.5656373962254 408.0257129745586
0
172.5656373962254 492.62451006130254
0.25 0.25 0.25 0.25
99.34977696413884
45.0
1.7060510015559487 89.07449576242347
2
105.90735618421998 89.07449576242347
0.25 0.25 0.25 0.25
104.20130518266403
45.0
91.27679590408746 394.4270200870794
0
91.27679590408746 249.2107842758065
0.25 0.25 0.25 0.25
145.21623581127292
45.0
241.65987785992453 338.1565204180345
0
241.65987785992453 224.9878109135826
0.25 0.25 0.25 0.25
113.16870950445193
45.0
171.5316320503928 132.70714845149456
2
291.6030865303661 132.70714845149456
0.25 0.25 0.25 0.25
120.07145447997331
45.0
24.798637952192507 330.9021483315904
2
172.36204348747071 330.9021483315904
0.25 0.25 0.25 0.25
147.5634055352782
45.0
106.64391650708296 320.245020426119
0
106.64391650708296 179.33766787013258
0.25 0.25 0.25 0.25
140.90735255598645
45.0
11.33845340575246 164.19742577681657
2
109.3301131796041 164.19742577681657
0.25 0.25 0.25 0.25
97.99165977385164
45.0
477.5572020236218 90.02884028810405
1
477.5572020236218 200.80391053252438
0.25 0.25 0.25 0.25
110.77507024442033
45.0
324.9738713799379 442.41545734523027
3
209.6306465886745 442.41545734523027
0.25 0.25 0.25 0.25
115.34322479126342
45.0
456.56093074103524 65.4047758769575
3
285.22941917648717 65.4047758769575
0.25 0.25 0.25 0.25
171.33151156454807
45.0
271.16530814705436 221.35717620603313
1
271.16530814705436 357.5284140761578
0.25 0.25 0.25 0.25
136.17123787012466
45.0
135.3974872033109 464.3187333162143
0
135.3974872033109 338.5244337034901
0.25 0.25 0.25 0.25
125.79429961272422
45.0
27.757697969158563 471.66788141197117
0
27.757697969158563 479.17296163541675
0.25 0.25 0.25 0.25
49.1591569526121
45.0
244.08204665604535 208.78108271325456
1
244.08204665604535 210.41367864466488
0.25 0.25 0.25 0.25
1.6325959314103078
45.0
216.08784461836018 204.6433975043014
2
237.66753425553978 204.6433975043014
0.25 0.25 0.25 0.25
21.579689637179598
45.0
309.6187301350554 344.7434626334209
1
309.6187301350554 367.9082021539055
0.25 0.25 0.25 0.25
23.164739520484606
45.0
466.19317308761936 60.668679829075046
3
434.4460437536346 60.668679829075046
0.25 0.25 0.25 0.25
31.74712933398476
45.0
319.6688010132506 333.6258629809703
1
319.6688010132506 375.79117783688
0.25 0.25 0.25 0.25
42.16531485590971
45.0
115.81030531662488 449.95265987178834
3
83.40870513298071 449.95265987178834
0.25 0.25 0.25 0.25
32.40160018364416
45.0
318.53718517073344 288.06388569327754
1
318.53718517073344 296.8529340943256
0.25 0.25 0.25 0.25
8.789048401048033
45.0
49.36256882735998 399.33549503711686
0
49.36256882735998 378.2965191255731
0.25 0.25 0.25 0.25
21.0389759115437
45.0
