74578
211.33965205999596 203.0254941105194
0
211.33965205999596 82.87047707585259
0.25 0.25 0.25 0.25
120.1550170346668
45.0
179.82491010636946 227.72469218975394
0
179.82491010636946 67.88749133556456
0.25 0.25 0.25 0.25
159.83720085418938
45.0
66.10249441489233 419.21419857120236
2
49.5932501426618 419.21419857120236
0.25 0.25 0.25 0.25
115.69574455755414
45.0
383.1292281873185 470.2121270164524
0
383.1292281873185 409.3663108345694
0.25 0.25 0.25 0.25
120.42156214897821
45.0
346.60704776632224 151.16561507720675
3
206.22827092879183 151.16561507720675
0.25 0.25 0.25 0.25
140.3787768375304
45.0
31.99533409162052 486.3772322245335
2
60.90825889998473 486.3772322245335
0.25 0.25 0.25 0.25
92.90359299160525
45.0
446.0720161739878 371.7070245058127
0
446.0720161739878 497.82096010612486
0.25 0.25 0.25 0.25
130.47201538806246
45.0
5.7269464860038966 311.4069234413254
1
5.7269464860038966 482.3400589998
0.25 0.25 0.25 0.25
170.93313555847467
45.0
492.0724645491041 480.57825155249304
3
381.8080156551736 480.57825155249304
0.25 0.25 0.25 0.25
126.1195197957223
45.0
70.33443489344594 196.10490681991732
2
61.111150414159454 196.10490681991732
0.25 0.25 0.25 0.25
131.4455853076054
45.0
229.29393599563173 140.01188707405458
0
229.29393599563173 12.928043101548695
0.25 0.25 0.25 0.25
127.08384397250589
45.0
30.930540390654187 419.3326110968162
2
110.40480081784449 419.3326110968162
0.25 0.25 0.25 0.25
141.33534120849868
45.0
81.28808536708495 24.782474291391978
2
22.630741070284188 24.782474291391978
0.25 0.25 0.25 0.25
103.91882643736913
45.0
369.5634860334296 404.91045522938
0
369.5634860334296 248.48125598098005
0.25 0.25 0.25 0.25
156.42919924839993
45.0
338.475913686245 387.46266217980735
3
219.2572057146447 387.46266217980735
0.25 0.25 0.25 0.25
119.21870797160031
45.0
84.38869154966198 79.79244804234713
1
84.38869154966198 184.4966309399481
0.25 0.25 0.25 0.25
104.70418289760096
45.0
382.1557248052479 137.0149605895883
1
382.1557248052479 33.379152518782064
0.25 0.25 0.25 0.25
170.39411310837036
45.0
284.2167887282334 180.15074666449095
2
423.41740415207755 180.15074666449095
0.25 0.25 0.25 0.25
139.20061542384417
45.0
338.5363940754 297.3178542553592
0
338.5363940754 181.98033630715892
0.25 0.25 0.25 0.25
115.33751794820026
45.0
304.7243214677541 134.53809120905044
0
304.7243214677541 26.5042572376107
0.25 0.25 0.25 0.25
108.03383397143973
45.0
51.77003298314918 243.7321757170628
1
51.77003298314918 399.668901715934
0.25 0.25 0.25 0.25
155.9367259988712
45.0
218.901656947691 148.82023661482927
1
218.901656947691 294.88348976613906
0.25 0.25 0.25 0.25
146.0632531513098
45.0
456.0166677422941 257.21015330290084
3
285.61595216773685 257.21015330290084
0.25 0.25 0.25 0.25
170.40071557455724
45.0
58.17872382169733 2.842390116608996
2
68.2091235175232 2.842390116608996
0.25 0.25 0.25 0.25
126.38784733922053
45.0
332.28713981574276 81.38500102653762
2
438.46773810189234 81.38500102653762
0.25 0.25 0.25 0.25
106.1805982861496
45.0
332.1277752466093 441.90508321874916
0
332.1277752466093 462.4862330146857
0.25 0.25 0.25 0.25
95.60868376656512
45.0
218.33124010171835 108.22986292197027
0
218.33124010171835 8.880085957831426
0.25 0.25 0.25 0.25
99.34977696413884
45.0
356.32301837618826 368.08112802699935
2
460.5243235588523 368.08112802699935
0.25 0.25 0.25 0.25
104.20130518266403
45.0
427.8435992644439 381.1951110060163
3
282.62736345317103 381.1951110060163
0.25 0.25 0.25 0.25
145.21623581127292
45.0
72.93601173527048 224.98781091358254
2
186.1047212397224 224.98781091358254
0.25 0.25 0.25 0.25
113.16870950445193
45.0
250.38836037081964 23.21994619002595
1
250.38836037081964 143.29140066999926
0.25 0.25 0.25 0.25
120.07145447997331
45.0
105.60897938362666 84.50722655546986
1
105.60897938362666 232.07063209074806
0.25 0.25 0.25 0.25
147.5634055352782
45.0
216.1163849291745 143.4226335661249
2
357.02373748516095 143.4226335661249
0.25 0.25 0.25 0.25
140.90735255598645
45.0
31.42185566723603 446.261286661343
2
129.41351544108767 446.261286661343
0.25 0.25 0.25 0.25
97.99165977385164
45.0
184.06885164268343 317.62771637737865
1
184.06885164268343 428.402786621799
0.25 0.25 0.25 0.25
110.77507024442033
45.0
212.5770740278574 173.6399846413326
0
212.5770740278574 58.29675985006918
0.25 0.25 0.25 0.25
115.34322479126342
45.0
316.1294189198408 361.22545541400393
2
487.4609304843889 361.22545541400393
0.25 0.25 0.25 0.25
171.33151156454807
45.0
218.25277470980106 310.62947470269194
3
82.0815368396764 310.62947470269194
0.25 0.25 0.25 0.25
136.17123787012466
45.0
122.68869339972343 171.0071616492005
2
248.48299301244765 171.0071616492005
0.25 0.25 0.25 0.25
125.79429961272422
45.0
109.25915092662476 242.68895759666893
2
158.41830787923686 242.68895759666893
0.25 0.25 0.25 0.25
49.1591569526121
45.0
325.7118432265614 207.14848678184424
0
325.7118432265614 205.51589085043392
0.25 0.25 0.25 0.25
1.6325959314103078
45.0
395.4777419124066 60.919846733782094
1
395.4777419124066 82.49953637096169
0.25 0.25 0.25 0.25
21.579689637179598
45.0
458.7338746600986 21.9761690751707
1
458.7338746600986 45.140908595655304
0.25 0.25 0.25 0.25
23.164739520484606
45.0
57.599886902609484 240.89447482326065
1
57.599886902609484 272.6416041572454
0.25 0.25 0.25 0.25
31.74712933398476
45.0
59.819032689936876 116.53664347101233
1
59.819032689936876 158.70195832692204
0.25 0.25 0.25 0.25
42.16531485590971
45.0
435.01689780532604 413.1014539951748
0
435.01689780532604 380.6998538115306
0.25 0.25 0.25 0.25
32.40160018364416
45.0
208.8057188921486 386.74132346794516
3
200.01667049110057 386.74132346794516
0.25 0.25 0.25 0.25
8.789048401048033
45.0
439.23226739259223 179.07489216758142
3
418.1932914810485 179.07489216758142
0.25 0.25 0.25 0.25
21.0389759115437
45.0
