74578
250.09951578266157 361.9403748678518
0
250.09951578266157 241.785357833185
0.25 0.25 0.25 0.25
120.1550170346668
45.0
102.94267537241095 173.90329926835219
0
102.94267537241095 14.06609841416281
0.25 0.25 0.25 0.25
159.83720085418938
45.0
363.83866857316 311.6078125100556
2
479.53441313071414 311.6078125100556
0.25 0.25 0.25 0.25
115.69574455755414
45.0
419.75673099549294 292.0849546103898
3
459.8217068555289 292.0849546103898
0.25 0.25 0.25 0.25
120.42156214897821
45.0
363.95560990360946 450.8620106287874
3
223.57683306607905 450.8620106287874
0.25 0.25 0.25 0.25
140.3787768375304
45.0
442.34325051238284 27.165279909782498
3
349.4396575207776 27.165279909782498
0.25 0.25 0.25 0.25
92.90359299160525
45.0
32.89627619919895 327.930901401313
0
32.89627619919895 197.45888601325055
0.25 0.25 0.25 0.25
130.47201538806246
45.0
321.99440425210526 492.061127649352
0
321.99440425210526 337.00573679217337
0.25 0.25 0.25 0.25
170.93313555847467
45.0
330.1283112902684 246.25152869260552
1
330.1283112902684 372.3710484883278
0.25 0.25 0.25 0.25
126.1195197957223
45.0
333.2256055086567 141.5994083310604
2
464.6711908162621 141.5994083310604
0.25 0.25 0.25 0.25
131.4455853076054
45.0
135.55159558321984 164.16805621109822
3
8.467751610713947 164.16805621109822
0.25 0.25 0.25 0.25
127.08384397250589
45.0
294.35058818838024 427.1338314554473
3
153.01524697988157 427.1338314554473
0.25 0.25 0.25 0.25
141.33534120849868
45.0
114.65323650137198 167.88956510245248
3
10.734410064002844 167.88956510245248
0.25 0.25 0.25 0.25
103.91882643736913
45.0
341.71827175302826 220.6360417005788
3
185.28907250462834 220.6360417005788
0.25 0.25 0.25 0.25
156.42919924839993
45.0
342.932563818938 274.41351461538375
2
462.1512717905383 274.41351461538375
0.25 0.25 0.25 0.25
119.21870797160031
45.0
456.16359416405624 368.104217650304
0
456.16359416405624 263.40003475270305
0.25 0.25 0.25 0.25
104.70418289760096
45.0
313.26209018504903 226.13794427737454
0
313.26209018504903 55.74383116900418
0.25 0.25 0.25 0.25
170.39411310837036
45.0
298.5903255029341 191.37290192288106
2
437.79094092677826 191.37290192288106
0.25 0.25 0.25 0.25
139.20061542384417
45.0
68.59916329840368 472.00710984824036
0
68.59916329840368 412.6553722035594
0.25 0.25 0.25 0.25
115.33751794820026
45.0
387.81080423888164 455.8914500666393
2
495.84463821032136 455.8914500666393
0.25 0.25 0.25 0.25
108.03383397143973
45.0
433.19281496266876 224.07800227955082
3
410.87045903846 224.07800227955082
0.25 0.25 0.25 0.25
155.9367259988712
45.0
50.39563173721254 81.49192043732333
2
95.66762141409725 81.49192043732333
0.25 0.25 0.25 0.25
146.0632531513098
45.0
41.61481753822443 198.83090496506077
2
128.7858980363328 198.83090496506077
0.25 0.25 0.25 0.25
170.40071557455724
45.0
46.00356608999475 30.465946024683873
1
46.00356608999475 95.92190131453665
0.25 0.25 0.25 0.25
126.38784733922053
45.0
172.2200455539706 320.68944558664805
2
278.4006438401202 320.68944558664805
0.25 0.25 0.25 0.25
106.1805982861496
45.0
236.51909148004418 72.26913885055745
3
140.91040771347906 72.26913885055745
0.25 0.25 0.25 0.25
95.60868376656512
45.0
423.5330243886076 393.2747330971637
3
477.11719864725353 393.2747330971637
0.25 0.25 0.25 0.25
99.34977696413884
45.0
272.2969147229077 235.28885277172793
0
272.2969147229077 131.0875475890639
0.25 0.25 0.25 0.25
104.20130518266403
45.0
344.3719115297313 120.50819914344399
1
344.3719115297313 24.708036667828935
0.25 0.25 0.25 0.25
145.21623581127292
45.0
287.14689858220027 95.99993205970583
1
287.14689858220027 209.16864156415775
0.25 0.25 0.25 0.25
113.16870950445193
45.0
331.0314506905795 52.064058131734726
2
451.10290517055284 52.064058131734726
0.25 0.25 0.25 0.25
120.07145447997331
45.0
57.74247669913996 297.95830958464296
1
57.74247669913996 445.52171511992117
0.25 0.25 0.25 0.25
147.5634055352782
45.0
188.8193207129848 384.2917423538132
2
329.72667326897124 384.2917423538132
0.25 0.25 0.25 0.25
140.90735255598645
45.0
207.32177295345573 380.26414758600345
2
305.3134327273074 380.26414758600345
0.25 0.25 0.25 0.25
97.99165977385164
45.0
300.89265748753746 90.02884028810405
2
411.6677277319578 90.02884028810405
0.25 0.25 0.25 0.25
110.77507024442033
45.0
17.03322012751846 96.21164348971604
2
98.31000466374496 96.21164348971604
0.25 0.25 0.25 0.25
115.34322479126342
45.0
484.5500001283236 277.2582472521387
0
484.5500001283236 105.92673568759062
0.25 0.25 0.25 0.25
171.33151156454807
45.0
47.97850250232244 268.15851111516065
2
184.1497403724471 268.15851111516065
0.25 0.25 0.25 0.25
136.17123787012466
45.0
15.95758449238042 86.93583447804167
1
15.95758449238042 38.85846513468255
0.25 0.25 0.25 0.25
125.79429961272422
45.0
168.87892984128985 430.0138046828047
2
218.03808679390195 430.0138046828047
0.25 0.25 0.25 0.25
49.1591569526121
45.0
245.71464258745567 216.94406237030617
3
244.08204665604535 216.94406237030617
0.25 0.25 0.25 0.25
1.6325959314103078
45.0
43.450327520923395 75.1652596812238
0
43.450327520923395 53.5855700440442
0.25 0.25 0.25 0.25
21.579689637179598
45.0
379.1129486965092 460.5671602358439
2
402.2776882169938 460.5671602358439
0.25 0.25 0.25 0.25
23.164739520484606
45.0
406.8183095764417 60.668679829075046
0
406.8183095764417 28.921550495090287
0.25 0.25 0.25 0.25
31.74712933398476
45.0
300.84336528356175 455.547562739481
3
258.678050427652 455.547562739481
0.25 0.25 0.25 0.25
42.16531485590971
45.0
18.605504765692388 417.55105968814416
2
51.00710494933655 417.55105968814416
0.25 0.25 0.25 0.25
32.40160018364416
45.0
257.0138463633972 279.2748372922295
1
257.0138463633972 288.06388569327754
0.25 0.25 0.25 0.25
8.789048401048033
45.0
203.10514211116444 399.33549503711686
0
203.10514211116444 378.2965191255731
0.25 0.25 0.25 0.25
21.0389759115437
45.0
