74578
153.0008249106744 443.335528179853
3
32.8458078760076 443.335528179853
0.25 0.25 0.25 0.25
120.1550170346668
45.0
458.52251693988455 411.6241112270036
3
298.68531608569515 411.6241112270036
0.25 0.25 0.25 0.25
159.83720085418938
45.0
206.55069571820314 390.6560133316765
3
90.854951160649 390.6560133316765
0.25 0.25 0.25 0.25
115.69574455755414
45.0
135.1845232167687 288.9447486855912
1
135.1845232167687 409.3663108345694
0.25 0.25 0.25 0.25
120.42156214897821
45.0
381.3041720408967 274.19582977744994
0
381.3041720408967 133.81705293991953
0.25 0.25 0.25 0.25
140.3787768375304
45.0
131.87232898393222 322.50956914898075
1
131.87232898393222 415.413162140586
0.25 0.25 0.25 0.25
92.90359299160525
45.0
250.0641838708242 458.40291678937547
0
250.0641838708242 411.1250678225621
0.25 0.25 0.25 0.25
130.47201538806246
45.0
190.80500242331877 114.87497453200271
2
361.73813798179344 114.87497453200271
0.25 0.25 0.25 0.25
170.93313555847467
45.0
129.56897606372888 345.5025733909924
3
3.4494562680065854 345.5025733909924
0.25 0.25 0.25 0.25
126.1195197957223
45.0
61.111150414159454 487.3122978210473
0
61.111150414159454 355.86671251344194
0.25 0.25 0.25 0.25
131.4455853076054
45.0
168.62834770193294 241.23964484346308
1
168.62834770193294 368.323488815969
0.25 0.25 0.25 0.25
127.08384397250589
45.0
454.9365640161502 418.0268246136666
0
454.9365640161502 440.63783417783475
0.25 0.25 0.25 0.25
141.33534120849868
45.0
328.3140026155146 104.6786498359635
2
432.23282905288374 104.6786498359635
0.25 0.25 0.25 0.25
103.91882643736913
45.0
403.1430762626287 187.0564514713796
3
246.71387701422879 187.0564514713796
0.25 0.25 0.25 0.25
156.42919924839993
45.0
411.44428543064794 116.13020522379935
1
411.44428543064794 3.088502747800959
0.25 0.25 0.25 0.25
119.21870797160031
45.0
236.13470342327253 393.90499673515
1
236.13470342327253 498.60917963275097
0.25 0.25 0.25 0.25
104.70418289760096
45.0
277.0560489780114 248.50262292759666
3
106.66193586964104 248.50262292759666
0.25 0.25 0.25 0.25
170.39411310837036
45.0
133.38505754329913 237.45109960704156
2
272.5856729671433 237.45109960704156
0.25 0.25 0.25 0.25
139.20061542384417
45.0
470.0507649087954 28.605156825156485
3
354.71324696059514 28.605156825156485
0.25 0.25 0.25 0.25
115.33751794820026
45.0
235.44484838944453 405.6310786481482
0
235.44484838944453 297.5972446767085
0.25 0.25 0.25 0.25
108.03383397143973
45.0
244.90896500346744 243.7321757170628
0
244.90896500346744 87.7954497181916
0.25 0.25 0.25 0.25
155.9367259988712
45.0
364.9649100990008 126.37746455566062
3
488.9718367496894 126.37746455566062
0.25 0.25 0.25 0.25
146.0632531513098
45.0
137.61953004052305 128.3998647409005
1
137.61953004052305 42.00085083365673
0.25 0.25 0.25 0.25
170.40071557455724
45.0
437.3422658393589 404.2114895617989
3
436.2698868214205 404.2114895617989
0.25 0.25 0.25 0.25
126.38784733922053
45.0
181.18448417816293 19.57901816504156
1
181.18448417816293 125.75961645119116
0.25 0.25 0.25 0.25
106.1805982861496
45.0
479.4319804453909 131.74701938064158
3
383.8232966788257 131.74701938064158
0.25 0.25 0.25 0.25
95.60868376656512
45.0
417.03079402999606 313.43164720885943
1
417.03079402999606 412.7814241729983
0.25 0.25 0.25 0.25
99.34977696413884
45.0
289.06001424917923 110.9123460596805
3
184.8587090665152 110.9123460596805
0.25 0.25 0.25 0.25
104.20130518266403
45.0
426.9401649242832 107.27629006238087
1
426.9401649242832 252.4925258736538
0.25 0.25 0.25 0.25
145.21623581127292
45.0
412.4421402486263 280.5429675337848
3
474.38915024692176 280.5429675337848
0.25 0.25 0.25 0.25
113.16870950445193
45.0
449.3165431712198 175.70823661037414
3
329.24508869124645 175.70823661037414
0.25 0.25 0.25 0.25
120.07145447997331
45.0
156.5739929399823 68.71917600798145
1
156.5739929399823 216.28258154325965
0.25 0.25 0.25 0.25
147.5634055352782
45.0
361.16155740286615 279.29942410183446
0
361.16155740286615 138.392071545848
0.25 0.25 0.25 0.25
140.90735255598645
45.0
86.65320636809918 83.86381673088232
1
86.65320636809918 181.85547650473396
0.25 0.25 0.25 0.25
97.99165977385164
45.0
486.63030542427236 317.62771637737865
3
375.855235179852 317.62771637737865
0.25 0.25 0.25 0.25
110.77507024442033
45.0
402.2280730498305 173.6399846413326
3
286.8848482585671 173.6399846413326
0.25 0.25 0.25 0.25
115.34322479126342
45.0
228.76511551715765 189.89394384945598
1
228.76511551715765 361.22545541400405
0.25 0.25 0.25 0.25
171.33151156454807
45.0
143.4596039914454 497.8348143392019
0
143.4596039914454 365.9939477906735
0.25 0.25 0.25 0.25
136.17123787012466
45.0
499.9284077621039 290.447064360131
1
499.9284077621039 416.2413639728552
0.25 0.25 0.25 0.25
125.79429961272422
45.0
158.4183078792368 291.84811454928104
3
109.2591509266247 291.84811454928104
0.25 0.25 0.25 0.25
49.1591569526121
45.0
355.0985699919472 216.94406237030617
0
355.0985699919472 215.31146643889585
0.25 0.25 0.25 0.25
1.6325959314103078
45.0
460.2168108239455 384.6151912914762
3
438.63712118676585 384.6151912914762
0.25 0.25 0.25 0.25
21.579689637179598
45.0
41.768563291375756 160.96460619807834
3
18.60382377089115 160.96460619807834
0.25 0.25 0.25 0.25
23.164739520484606
45.0
196.37714776926856 330.5538531884649
1
196.37714776926856 362.30098252244966
0.25 0.25 0.25 0.25
31.74712933398476
45.0
277.50348615734083 473.77776451172383
2
319.6688010132506 473.77776451172383
0.25 0.25 0.25 0.25
42.16531485590971
45.0
78.59929578524012 360.087344719316
2
111.00089596888428 360.087344719316
0.25 0.25 0.25 0.25
32.40160018364416
45.0
164.86047688690843 483.42085587947355
1
164.86047688690843 492.2099042805216
0.25 0.25 0.25 0.25
8.789048401048033
45.0
165.7255805425239 410.50362719456234
2
186.7645564540676 410.50362719456234
0.25 0.25 0.25 0.25
21.0389759115437
45.0
