74578
370.25453281732837 361.9403748678518
2
490.40954985199517 361.9403748678518
0.25 0.25 0.25 0.25
120.1550170346668
45.0
52.82454683651309 264.63150841935226
2
107.01265401767628 264.63150841935226
0.25 0.25 0.25 0.25
159.83720085418938
45.0
231.63367974337552 274.9602687741222
0
231.63367974337552 159.26452421656808
0.25 0.25 0.25 0.25
115.69574455755414
45.0
302.77264189837626 470.2121270164524
2
423.19420404735445 470.2121270164524
0.25 0.25 0.25 0.25
120.42156214897821
45.0
57.180720608981744 252.62215329809723
2
197.55949744651215 252.62215329809723
0.25 0.25 0.25 0.25
140.3787768375304
45.0
425.5492289656993 163.94791871670327
1
425.5492289656993 256.8515117083085
0.25 0.25 0.25 0.25
92.90359299160525
45.0
446.0720161739878 457.5465628639389
0
446.0720161739878 411.98142174799864
0.25 0.25 0.25 0.25
130.47201538806246
45.0
327.88076673348417 166.0726012336987
3
156.9476311750095 166.0726012336987
0.25 0.25 0.25 0.25
170.93313555847467
45.0
365.952944753382 150.01934742611843
1
365.952944753382 276.1388672218407
0.25 0.25 0.25 0.25
126.1195197957223
45.0
98.65065527936517 249.79653156374192
1
98.65065527936517 381.2421168713473
0.25 0.25 0.25 0.25
131.4455853076054
45.0
68.86858846303181 471.25116365143117
0
68.86858846303181 344.1673196789253
0.25 0.25 0.25 0.25
127.08384397250589
45.0
161.6132700586436 428.67943615417585
2
302.94861126714227 428.67943615417585
0.25 0.25 0.25 0.25
141.33534120849868
45.0
444.1291600591652 375.7272179771908
0
444.1291600591652 271.8083915398216
0.25 0.25 0.25 0.25
103.91882643736913
45.0
66.14452148257107 282.06084621017914
1
66.14452148257107 438.49004545857906
0.25 0.25 0.25 0.25
156.42919924839993
45.0
477.22692236783723 56.5245737822118
3
403.55436966056243 56.5245737822118
0.25 0.25 0.25 0.25
119.21870797160031
45.0
77.97784526953035 433.10794150007587
2
26.72633762807061 433.10794150007587
0.25 0.25 0.25 0.25
104.70418289760096
45.0
315.0616888545816 114.65028193936618
1
315.0616888545816 55.74383116900418
0.25 0.25 0.25 0.25
170.39411310837036
45.0
411.78628839098747 319.3513620883351
0
411.78628839098747 180.15074666449095
0.25 0.25 0.25 0.25
139.20061542384417
45.0
185.16121459339752 220.01799784096121
3
69.82369664519726 220.01799784096121
0.25 0.25 0.25 0.25
115.33751794820026
45.0
371.1741766179268 269.9017504196661
2
479.2080105893665 269.9017504196661
0.25 0.25 0.25 0.25
108.03383397143973
45.0
12.609611023623586 251.2554402648765
1
12.609611023623586 407.1921662637477
0.25 0.25 0.25 0.25
155.9367259988712
45.0
129.51701426956382 249.9979456478018
2
16.54623888174598 249.9979456478018
0.25 0.25 0.25 0.25
146.0632531513098
45.0
144.80265277075137 42.00085083365673
2
25.598062803805874 42.00085083365673
0.25 0.25 0.25 0.25
170.40071557455724
45.0
34.900787376230525 359.8003747067423
1
34.900787376230525 486.1882220459628
0.25 0.25 0.25 0.25
126.38784733922053
45.0
242.99046703965885 81.38500102653762
3
136.80986875350925 81.38500102653762
0.25 0.25 0.25 0.25
106.1805982861496
45.0
138.1332844883486 59.47034815248864
3
42.524600721783486 59.47034815248864
0.25 0.25 0.25 0.25
95.60868376656512
45.0
66.71363007347503 406.27919381438676
2
166.06340703761387 406.27919381438676
0.25 0.25 0.25 0.25
99.34977696413884
45.0
314.3099665495479 48.72409270365678
1
314.3099665495479 152.9253978863208
0.25 0.25 0.25 0.25
104.20130518266403
45.0
219.07594669628926 8.319264689991826
2
364.2921825075622 8.319264689991826
0.25 0.25 0.25 0.25
145.21623581127292
45.0
379.7388262825373 319.6381348779671
3
266.5701167780853 319.6381348779671
0.25 0.25 0.25 0.25
113.16870950445193
45.0
149.25436722931374 340.56714124856035
3
29.18291274934043 340.56714124856035
0.25 0.25 0.25 0.25
120.07145447997331
45.0
371.39281362112604 292.29531255646987
3
223.82940808584783 292.29531255646987
0.25 0.25 0.25 0.25
147.5634055352782
45.0
229.76491703726936 406.55824454972606
3
88.8575644812829 406.55824454972606
0.25 0.25 0.25 0.25
140.90735255598645
45.0
71.5886601902032 337.6719915294701
1
71.5886601902032 435.6636513033218
0.25 0.25 0.25 0.25
97.99165977385164
45.0
76.31814919847994 227.17453144407213
0
76.31814919847994 116.3994611996518
0.25 0.25 0.25 0.25
110.77507024442033
45.0
19.18553098182042 136.4529774653888
1
19.18553098182042 251.79620225665224
0.25 0.25 0.25 0.25
115.34322479126342
45.0
288.14034953255253 333.23638602671554
2
459.4718610971006 333.23638602671554
0.25 0.25 0.25 0.25
171.33151156454807
45.0
260.82134276167073 446.80071257281656
0
260.82134276167073 417.0280495570588
0.25 0.25 0.25 0.25
136.17123787012466
45.0
493.71719533610235 303.15585816371845
3
367.92289572337813 303.15585816371845
0.25 0.25 0.25 0.25
125.79429961272422
45.0
463.8338715569623 201.03488086750224
1
463.8338715569623 250.19403782011435
0.25 0.25 0.25 0.25
49.1591569526121
45.0
337.1400147464337 218.5766583017165
3
335.50741881502336 218.5766583017165
0.25 0.25 0.25 0.25
1.6325959314103078
45.0
43.450327520923395 449.3542602030151
1
43.450327520923395 470.9339498401947
0.25 0.25 0.25 0.25
21.579689637179598
45.0
494.9366462989322 487.64810037549057
3
481.8986141805832 487.64810037549057
0.25 0.25 0.25 0.25
23.164739520484606
45.0
359.2321895959841 473.38136117087674
0
359.2321895959841 441.634231836892
0.25 0.25 0.25 0.25
31.74712933398476
45.0
300.84336528356175 453.85916231829015
3
258.678050427652 453.85916231829015
0.25 0.25 0.25 0.25
42.16531485590971
45.0
435.3767014600972 68.47294306651841
0
435.3767014600972 36.07134288287425
0.25 0.25 0.25 0.25
32.40160018364416
45.0
59.391896074332024 290.0617910564168
3
50.60284767328399 290.0617910564168
0.25 0.25 0.25 0.25
8.789048401048033
45.0
312.99841192332985 52.841036698319186
3
291.9594360117861 52.841036698319186
0.25 0.25 0.25 0.25
21.0389759115437
45.0
