22732
224.80404323756596 77.20707992345126
1
224.80404323756596 218.24419607497742
0.25 0.25 0.25 0.25
141.03711615152616
45.0
352.27815570970756 46.80911298974996
2
488.5048263209094 46.80911298974996
0.25 0.25 0.25 0.25
136.2266706112018
45.0
190.47362260402508 390.0343184398771
0
190.47362260402508 478.75262959685574
0.25 0.25 0.25 0.25
131.2130519632671
45.0
289.19413699801066 440.2534584122343
0
289.19413699801066 453.9739492662093
0.25 0.25 0.25 0.25
105.77259232155643
45.0
50.180783873555924 474.592542854395
2
174.12530176303085 474.592542854395
0.25 0.25 0.25 0.25
123.94451788947492
45.0
482.7873863172697 359.2413926179494
0
482.7873863172697 250.39477884635437
0.25 0.25 0.25 0.25
108.84661377159499
45.0
124.35991398066717 440.6432951805012
0
124.35991398066717 340.9280934229708
0.25 0.25 0.25 0.25
99.71520175753038
45.0
374.97356520794904 186.46785949176117
3
280.08000274701044 186.46785949176117
0.25 0.25 0.25 0.25
94.89356246093863
45.0
473.40639738932134 306.34121224657986
3
376.6836586533667 306.34121224657986
0.25 0.25 0.25 0.25
96.72273873595465
45.0
344.76608487886585 450.55131866498186
3
202.9400920406708 450.55131866498186
0.25 0.25 0.25 0.25
141.82599283819505
45.0
94.40501054037037 265.81417977906153
0
94.40501054037037 163.7360454043572
0.25 0.25 0.25 0.25
102.07813437470432
45.0
75.34206235759936 334.011267329339
1
75.34206235759936 451.1755867566818
0.25 0.25 0.25 0.25
117.16431942734282
45.0
214.17511355830226 176.05838514261137
1
214.17511355830226 351.0236306516815
0.25 0.25 0.25 0.25
174.96524550907014
45.0
413.48852819795206 333.5625232114378
3
457.2728711079425 333.5625232114378
0.25 0.25 0.25 0.25
129.2386006941055
45.0
43.5292725135249 378.96143261064447
1
43.5292725135249 488.4021494118899
0.25 0.25 0.25 0.25
109.44071680124547
45.0
34.606804262918956 297.7315240732253
0
34.606804262918956 144.96231704254777
0.25 0.25 0.25 0.25
152.7692070306775
45.0
393.74460849556704 18.230106454909148
3
283.9398573002237 18.230106454909148
0.25 0.25 0.25 0.25
109.80475119534334
45.0
146.40092158105824 57.227700189458005
2
305.381507024528 57.227700189458005
0.25 0.25 0.25 0.25
158.98058544346975
45.0
9.537490726299154 157.42679152712165
2
125.13700271439862 157.42679152712165
0.25 0.25 0.25 0.25
134.67449344069777
45.0
134.67429303566564 328.5997784548549
3
45.849526464644896 328.5997784548549
0.25 0.25 0.25 0.25
88.82476657102075
45.0
162.90184320818312 318.4299687570947
1
162.90184320818312 417.5551581327808
0.25 0.25 0.25 0.25
99.12518937568612
45.0
338.7169016614845 283.00172908580635
0
338.7169016614845 129.5684484178989
0.25 0.25 0.25 0.25
153.43328066790744
45.0
296.56720089241173 19.678700754513272
3
150.38646031449977 19.678700754513272
0.25 0.25 0.25 0.25
146.18074057791196
45.0
292.12592324774573 488.5885550450131
0
292.12592324774573 351.1187273562458
0.25 0.25 0.25 0.25
160.29271759874106
45.0
182.38458204054723 258.71661921392644
3
93.58308254697793 258.71661921392644
0.25 0.25 0.25 0.25
88.8014994935693
45.0
156.7466069481655 224.43639246710404
3
50.81226666331841 224.43639246710404
0.25 0.25 0.25 0.25
105.93434028484707
45.0
70.51395698291185 359.0880102764874
1
70.51395698291185 478.1183268114801
0.25 0.25 0.25 0.25
119.03031653499266
45.0
213.06176791188318 396.3709695123971
2
366.3017675661041 396.3709695123971
0.25 0.25 0.25 0.25
153.23999965422092
45.0
224.51140578424258 358.3055054012775
2
387.5426164528227 358.3055054012775
0.25 0.25 0.25 0.25
163.03121066858012
45.0
469.1836835026368 252.43226279054355
3
465.23021511981136 252.43226279054355
0.25 0.25 0.25 0.25
3.953468382825437
45.0
171.27719355221728 16.570391837724294
0
171.27719355221728 14.201529046385945
0.25 0.25 0.25 0.25
2.3688627913383495
45.0
376.61587694869104 100.52764344748704
3
356.0515553361704 100.52764344748704
0.25 0.25 0.25 0.25
20.564321612520658
45.0
142.1775348313456 5.971591541351797
1
142.1775348313456 2.017636598987014
0.25 0.25 0.25 0.25
7.9892281403388115
45.0
286.38755242738597 402.5346339187411
3
277.12844336425394 402.5346339187411
0.25 0.25 0.25 0.25
9.259109063132048
45.0
273.7541484372723 244.81855223013295
1
273.7541484372723 277.8514269947416
0.25 0.25 0.25 0.25
33.032874764608636
45.0
210.10960326040964 434.14752813594737
2
212.77217708193615 434.14752813594737
0.25 0.25 0.25 0.25
2.6625738215264985
45.0
354.72371231700595 432.193695064812
2
365.8856974860504 432.193695064812
0.25 0.25 0.25 0.25
11.161985169044424
45.0
378.1328846414075 243.51205635165948
0
378.1328846414075 201.1346599656802
0.25 0.25 0.25 0.25
42.377396385979274
45.0
226.50601268345076 13.41128899130834
2
249.21834530186968 13.41128899130834
0.25 0.25 0.25 0.25
22.71233261841892
45.0
460.3397679259982 110.76639162142419
0
460.3397679259982 76.94555562896261
0.25 0.25 0.25 0.25
33.82083599246158
45.0
315.34406666024506 147.93982315839537
3
288.7259795393989 147.93982315839537
0.25 0.25 0.25 0.25
26.618087120846162
45.0
136.00163969739572 377.90919841091284
0
136.00163969739572 348.0503216428
0.25 0.25 0.25 0.25
29.858876768112847
45.0
457.2800249160844 399.38417097767325
2
484.4110697366293 399.38417097767325
0.25 0.25 0.25 0.25
27.131044820544894
45.0
106.20299104281915 168.97328019028336
3
92.41888611859105 168.97328019028336
0.25 0.25 0.25 0.25
13.784104924228108
45.0
193.25028494722812 492.38537684174764
0
193.25028494722812 489.4110338211608
0.25 0.25 0.25 0.25
2.974343020586856
45.0
243.3366419657284 459.19385425049495
0
243.3366419657284 432.1117271421
0.25 0.25 0.25 0.25
27.082127108394953
45.0
460.14777917948095 462.47062267964236
3
493.00363918503564 462.47062267964236
0.25 0.25 0.25 0.25
46.84858163548339
45.0
288.472309255586 343.210171570251
1
288.472309255586 349.41327660438697
0.25 0.25 0.25 0.25
6.203105034135942
45.0
