78679
130.7190624733865 74.54228554290405
1
130.7190624733865 16.438399059058696
0.25 0.25 0.25 0.25
90.98068460196275
45.0
33.24795335452569 267.29574030520513
1
33.24795335452569 409.04207617295697
0.25 0.25 0.25 0.25
141.74633586775184
45.0
362.28599445350847 487.57248689639664
0
362.28599445350847 360.3615068212009
0.25 0.25 0.25 0.25
127.21098007519572
45.0
269.8882222201899 372.50057359070877
3
142.74323631860227 372.50057359070877
0.25 0.25 0.25 0.25
127.14498590158763
45.0
366.6523182553244 52.25284270183897
3
468.01720388670446 52.25284270183897
0.25 0.25 0.25 0.25
165.33047785797112
45.0
130.3055111314484 232.22559250437567
1
130.3055111314484 406.53058421054425
0.25 0.25 0.25 0.25
174.30499170616858
45.0
361.91119917946844 257.3910792845819
2
480.23596308191486 257.3910792845819
0.25 0.25 0.25 0.25
118.32476390244645
45.0
473.90302020393733 59.23390337889265
1
473.90302020393733 42.02693208621119
0.25 0.25 0.25 0.25
101.26083546510384
45.0
257.74651260701455 350.41611287235
0
257.74651260701455 497.79621015596194
0.25 0.25 0.25 0.25
151.78767697168803
45.0
188.4094507300028 72.5284825271159
3
27.964446935853744 72.5284825271159
0.25 0.25 0.25 0.25
160.44500379414905
45.0
484.23259119970726 208.88398483349937
3
410.8144268986788 208.88398483349937
0.25 0.25 0.25 0.25
104.95298190161394
45.0
13.524795575762937 496.2840088278699
2
179.68754361365131 496.2840088278699
0.25 0.25 0.25 0.25
166.16274803788838
45.0
483.99228190277563 388.91092547163703
0
483.99228190277563 296.46893093139033
0.25 0.25 0.25 0.25
92.44199454024667
45.0
297.1907512199138 75.25996179466837
1
297.1907512199138 22.786077979388807
0.25 0.25 0.25 0.25
98.04603977405718
45.0
214.8550407540795 444.5029382009791
0
214.8550407540795 343.5079854568048
0.25 0.25 0.25 0.25
100.99495274417424
45.0
218.97943104461055 218.86960370914196
1
218.97943104461055 319.5800320118436
0.25 0.25 0.25 0.25
100.71042830270167
45.0
454.825297170265 7.47500698392281
1
454.825297170265 146.0414030022625
0.25 0.25 0.25 0.25
153.51640998618532
45.0
495.9370510318401 337.56887763442495
3
402.62273586750325 337.56887763442495
0.25 0.25 0.25 0.25
93.31431516433683
45.0
407.6094008032941 32.28351681772932
3
243.65129476046116 32.28351681772932
0.25 0.25 0.25 0.25
163.9581060428329
45.0
9.742524302836443 429.30558848563146
0
9.742524302836443 401.2755388957678
0.25 0.25 0.25 0.25
169.41887261860072
45.0
246.28946303581552 56.41149993838951
1
246.28946303581552 230.03365186293257
0.25 0.25 0.25 0.25
173.62215192454306
45.0
301.9523230189707 393.73305733658003
3
131.3906293653382 393.73305733658003
0.25 0.25 0.25 0.25
170.56169365363246
45.0
25.54347906565809 400.80307045396864
2
114.5226079034121 400.80307045396864
0.25 0.25 0.25 0.25
88.979128837754
45.0
336.12074409587785 324.13442390841954
3
203.94769768989113 324.13442390841954
0.25 0.25 0.25 0.25
132.17304640598675
45.0
219.1223823407504 111.42123600989629
3
86.36253713782551 111.42123600989629
0.25 0.25 0.25 0.25
132.75984520292488
45.0
79.01357604791144 329.8467145632685
2
81.0599812490276 329.8467145632685
0.25 0.25 0.25 0.25
160.07355729693904
45.0
188.58550525331805 409.5704700490586
0
188.58550525331805 270.1781888548292
0.25 0.25 0.25 0.25
139.39228119422938
45.0
46.19850705521566 118.94613866648729
2
190.60217978268167 118.94613866648729
0.25 0.25 0.25 0.25
144.40367272746602
45.0
472.83812151157895 266.7028786406514
3
367.40945674913866 266.7028786406514
0.25 0.25 0.25 0.25
105.4286647624403
45.0
408.9335235602771 494.65784234560783
0
408.9335235602771 380.98962851381077
0.25 0.25 0.25 0.25
124.35252914058142
45.0
423.4996822818663 329.34105278172
3
403.73845119040277 329.34105278172
0.25 0.25 0.25 0.25
172.76186652773094
45.0
108.28708964766992 433.6065900551115
0
108.28708964766992 334.8809561369112
0.25 0.25 0.25 0.25
98.72563391820026
45.0
202.81521759522445 13.019368958983023
1
202.81521759522445 173.74610566254955
0.25 0.25 0.25 0.25
160.72673670356653
45.0
419.24285139517895 241.09041746019278
3
462.2473202391801 241.09041746019278
0.25 0.25 0.25 0.25
118.50982836564096
45.0
128.95576454156264 289.9086887141432
1
128.95576454156264 444.75416339841934
0.25 0.25 0.25 0.25
154.84547468427616
45.0
347.3806819762528 474.2062383367479
0
347.3806819762528 355.87258718131505
0.25 0.25 0.25 0.25
118.33365115543285
45.0
477.07966079382425 459.05046460750157
0
477.07966079382425 387.28326680600935
0.25 0.25 0.25 0.25
153.6662685864891
45.0
435.5750927088742 64.79751523624927
1
435.5750927088742 39.84786086825066
0.25 0.25 0.25 0.25
104.64537610449993
45.0
343.1106551720902 157.68346870183927
3
495.9507327472739 157.68346870183927
0.25 0.25 0.25 0.25
160.9386120806359
45.0
313.1650904532352 57.809330840113105
0
313.1650904532352 48.364264994156
0.25 0.25 0.25 0.25
9.445065845957107
45.0
210.7140561892803 207.2948807117955
3
175.77956593658988 207.2948807117955
0.25 0.25 0.25 0.25
34.93449025269043
45.0
26.74735272421123 140.08085126906258
0
26.74735272421123 113.45896951242815
0.25 0.25 0.25 0.25
26.62188175663442
45.0
384.42098003565314 163.26662213159528
3
360.3070055180923 163.26662213159528
0.25 0.25 0.25 0.25
24.113974517560855
45.0
176.36439978568728 133.178671714451
2
211.2064361390561 133.178671714451
0.25 0.25 0.25 0.25
34.84203635336882
45.0
40.44120428746089 496.91391507146375
0
40.44120428746089 471.94096356442253
0.25 0.25 0.25 0.25
24.97295150704122
45.0
37.335124866948824 357.97403292993056
1
37.335124866948824 403.200461432265
0.25 0.25 0.25 0.25
45.22642850233445
45.0
373.03380499626115 410.92969790558755
2
379.22309128576046 410.92969790558755
0.25 0.25 0.25 0.25
6.189286289499318
45.0
182.778710985337 225.86267731135985
2
190.90332081005275 225.86267731135985
0.25 0.25 0.25 0.25
8.124609824715757
45.0
