29378
74.66080734206105 390.4236667841404
1
74.66080734206105 398.47253161287153
0.25 0.25 0.25 0.25
8.048864828731151
45.0
286.0375109432173 214.86976504028672
3
254.24260591446685 214.86976504028672
0.25 0.25 0.25 0.25
31.794905028750442
45.0
449.76277825225577 443.69959446710413
3
449.5474824194372 443.69959446710413
0.25 0.25 0.25 0.25
0.215295832818585
45.0
445.4032088759919 149.72051965279314
2
450.1442821037156 149.72051965279314
0.25 0.25 0.25 0.25
4.741073227723747
45.0
188.1397700151349 420.70845541067894
1
188.1397700151349 460.8147724040225
0.25 0.25 0.25 0.25
40.10631699334357
45.0
129.8146973303106 139.46382258814765
1
129.8146973303106 143.2140203988726
0.25 0.25 0.25 0.25
3.7501978107249534
45.0
190.80328685978327 207.29784778475897
0
190.80328685978327 160.31172150901693
0.25 0.25 0.25 0.25
46.98612627574202
45.0
280.277294900631 46.151826880531424
1
280.277294900631 83.71961741629687
0.25 0.25 0.25 0.25
37.56779053576545
45.0
368.9878662831087 279.0379032618672
1
368.9878662831087 309.5005659404726
0.25 0.25 0.25 0.25
30.4626626786054
45.0
316.7731041936189 240.50123434745416
2
338.24226793909503 240.50123434745416
0.25 0.25 0.25 0.25
21.469163745476106
45.0
475.8902176740544 474.13521041065303
1
475.8902176740544 494.52504074459006
0.25 0.25 0.25 0.25
20.38983033393703
45.0
215.74590696228825 489.1293678388565
0
215.74590696228825 479.52238867991935
0.25 0.25 0.25 0.25
9.606979158937179
45.0
154.60160676144332 323.25238290128
1
154.60160676144332 366.73212381115286
0.25 0.25 0.25 0.25
43.479740909872866
45.0
149.78848187708647 408.4496324101235
2
171.71447909352906 408.4496324101235
0.25 0.25 0.25 0.25
21.9259972164426
45.0
84.59154773375369 350.1345351303519
3
82.57834211425693 350.1345351303519
0.25 0.25 0.25 0.25
2.0132056194967607
45.0
36.183431131637796 46.581719132347665
0
36.183431131637796 2.913149613611168
0.25 0.25 0.25 0.25
43.6685695187365
45.0
197.95192030769624 330.58414752253367
1
197.95192030769624 332.8480784814853
0.25 0.25 0.25 0.25
2.263930958951643
45.0
307.43220214577883 334.5908535636476
2
315.4334016608155 334.5908535636476
0.25 0.25 0.25 0.25
8.001199515036667
45.0
27.036245294637283 418.35195483528867
2
55.58566584120987 418.35195483528867
0.25 0.25 0.25 0.25
28.549420546572584
45.0
188.02532994139642 417.70508159349953
3
153.17562870165483 417.70508159349953
0.25 0.25 0.25 0.25
34.84970123974158
45.0
20.24748446608131 397.80343808519314
1
20.24748446608131 408.05862216388357
0.25 0.25 0.25 0.25
10.255184078690444
45.0
236.73555486613782 228.8340302065966
2
281.2574459056266 228.8340302065966
0.25 0.25 0.25 0.25
44.52189103948878
45.0
313.48760499038605 323.37739744511526
3
309.9408548504985 323.37739744511526
0.25 0.25 0.25 0.25
3.546750139887511
45.0
499.2659972377951 268.9060315398875
3
466.08132157003456 268.9060315398875
0.25 0.25 0.25 0.25
34.652681192170334
45.0
194.27421180979908 298.25508864152374
2
206.7450399185509 298.25508864152374
0.25 0.25 0.25 0.25
12.470828108751814
45.0
465.0311025069125 110.5652629572626
3
452.4850009260829 110.5652629572626
0.25 0.25 0.25 0.25
12.546101580829616
45.0
284.0601828102487 301.8347755115837
0
284.0601828102487 294.57120018989224
0.25 0.25 0.25 0.25
7.263575321691452
45.0
150.00458235786448 184.27165707953947
2
174.23003965667488 184.27165707953947
0.25 0.25 0.25 0.25
24.225457298810397
45.0
410.6034086853335 339.569903665876
0
410.6034086853335 334.35760472892
0.25 0.25 0.25 0.25
5.2122989369559445
45.0
343.8033447425393 138.60445894443134
2
370.77851730439954 138.60445894443134
0.25 0.25 0.25 0.25
26.975172561860216
45.0
250.4554594004517 176.76867537907566
0
250.4554594004517 135.0008251402247
0.25 0.25 0.25 0.25
41.767850238850976
45.0
224.23765478004694 11.537374227954103
1
224.23765478004694 37.718122811993936
0.25 0.25 0.25 0.25
49.25549703994804
45.0
330.37201957847117 260.80089015438614
2
337.7394756172446 260.80089015438614
0.25 0.25 0.25 0.25
7.36745603877344
45.0
298.08906527477427 171.7948472529622
0
298.08906527477427 138.85351533087623
0.25 0.25 0.25 0.25
32.94133192208597
45.0
42.46616963731004 179.33094279421096
1
42.46616963731004 201.13015822701126
0.25 0.25 0.25 0.25
21.799215432800302
45.0
432.93047509274675 484.7996788851964
3
404.6299649271091 484.7996788851964
0.25 0.25 0.25 0.25
28.30051016563769
45.0
102.27636702245076 15.043116898645396
2
116.62654518056429 15.043116898645396
0.25 0.25 0.25 0.25
14.350178158113541
45.0
83.38206984276542 232.55189181308185
0
83.38206984276542 227.21368700464916
0.25 0.25 0.25 0.25
5.338204808432695
45.0
253.14640388556234 271.15975500890926
2
257.74651957286505 271.15975500890926
0.25 0.25 0.25 0.25
4.600115687302719
45.0
421.89629231371185 441.52277209961875
3
376.631118793818 441.52277209961875
0.25 0.25 0.25 0.25
45.265173519893814
45.0
270.18264630640397 317.81269610212473
3
226.43458403469697 317.81269610212473
0.25 0.25 0.25 0.25
43.74806227170701
45.0
28.728467271963424 447.6331154062345
0
28.728467271963424 399.98403418696455
0.25 0.25 0.25 0.25
47.64908121926992
45.0
495.2913547693626 177.97756828341227
1
495.2913547693626 216.7048632735981
0.25 0.25 0.25 0.25
38.727294990185825
45.0
43.36173763075465 113.2834782138599
3
8.529611332248692 113.2834782138599
0.25 0.25 0.25 0.25
34.832126298505955
45.0
164.50532906665885 354.04954870885194
1
164.50532906665885 389.20233315413054
0.25 0.25 0.25 0.25
35.15278444527858
45.0
99.89841613758827 305.2453981816212
2
129.98159002478573 305.2453981816212
0.25 0.25 0.25 0.25
30.083173887197457
45.0
295.8245717790943 322.8586582589167
0
295.8245717790943 307.3034158148069
0.25 0.25 0.25 0.25
15.55524244410979
45.0
103.49702639257279 246.08387253622269
1
103.49702639257279 277.7408309919017
0.25 0.25 0.25 0.25
31.656958455679014
45.0
