29378
122.95399631444798 293.8372888393665
0
122.95399631444798 285.78842401063537
0.25 0.25 0.25 0.25
8.048864828731151
45.0
159.09115945928886 149.23213438470418
3
127.29625443053843 149.23213438470418
0.25 0.25 0.25 0.25
31.794905028750442
45.0
452.1310324132602 445.6372569624714
3
451.9157365804416 445.6372569624714
0.25 0.25 0.25 0.25
0.215295832818585
45.0
421.69784273737315 97.56871414783194
3
416.9567695096494 97.56871414783194
0.25 0.25 0.25 0.25
4.741073227723747
45.0
92.60444893827008 380.60213841733537
3
52.49813194492651 380.60213841733537
0.25 0.25 0.25 0.25
40.10631699334357
45.0
28.559356440736796 143.2140203988726
1
28.559356440736796 146.96421820959756
0.25 0.25 0.25 0.25
3.7501978107249534
45.0
472.7200445142355 207.29784778475897
1
472.7200445142355 254.283974060501
0.25 0.25 0.25 0.25
46.98612627574202
45.0
132.968400992789 384.2619417024204
2
170.53619152855444 384.2619417024204
0.25 0.25 0.25 0.25
37.56779053576545
45.0
295.9228442522319 492.276542012105
0
295.9228442522319 477.2607953092896
0.25 0.25 0.25 0.25
30.4626626786054
45.0
338.24226793909503 394.52298197945174
1
338.24226793909503 415.99214572492787
0.25 0.25 0.25 0.25
21.469163745476106
45.0
401.77080032232345 311.0165677391568
3
381.3809699883864 311.0165677391568
0.25 0.25 0.25 0.25
20.38983033393703
45.0
254.17382359803696 434.01479888964604
0
254.17382359803696 424.40781973070887
0.25 0.25 0.25 0.25
9.606979158937179
45.0
106.27683869779389 415.8691716394828
2
149.75657960766677 415.8691716394828
0.25 0.25 0.25 0.25
43.479740909872866
45.0
477.469565443389 474.2276240594514
0
477.469565443389 452.30162684300876
0.25 0.25 0.25 0.25
21.9259972164426
45.0
66.47269715828286 344.09491827186156
3
64.4594915387861 344.09491827186156
0.25 0.25 0.25 0.25
2.0132056194967607
45.0
356.83369453699066 90.25028865108419
2
400.50226405572715 90.25028865108419
0.25 0.25 0.25 0.25
43.6685695187365
45.0
193.42405838979295 335.1120094404369
1
193.42405838979295 337.3759403993885
0.25 0.25 0.25 0.25
2.263930958951643
45.0
227.42020699541223 318.5884545335743
1
227.42020699541223 326.58965404861095
0.25 0.25 0.25 0.25
8.001199515036667
45.0
426.72813294665355 418.35195483528867
0
426.72813294665355 389.80253428871606
0.25 0.25 0.25 0.25
28.549420546572584
45.0
21.07287749705307 0.49133328339951277
2
13.776823742688507 0.49133328339951277
0.25 0.25 0.25 0.25
34.84970123974158
45.0
194.58561380381883 408.05862216388357
2
204.84079788250926 408.05862216388357
0.25 0.25 0.25 0.25
10.255184078690444
45.0
95.4360795415307 273.35592124608536
2
139.95797058101948 273.35592124608536
0.25 0.25 0.25 0.25
44.52189103948878
45.0
270.9266033117356 252.4423946473646
2
274.47335345162315 252.4423946473646
0.25 0.25 0.25 0.25
3.546750139887511
45.0
19.056215120350245 471.8943641199696
0
19.056215120350245 493.45295468786003
0.25 0.25 0.25 0.25
34.652681192170334
45.0
231.68669613605454 260.8426043152684
1
231.68669613605454 273.31343242402016
0.25 0.25 0.25 0.25
12.470828108751814
45.0
472.2383895889395 223.48017718472923
0
472.2383895889395 210.9340756038996
0.25 0.25 0.25 0.25
12.546101580829616
45.0
291.32375813194017 134.77254311268007
1
291.32375813194017 142.03611843437153
0.25 0.25 0.25 0.25
7.263575321691452
45.0
261.8281917219123 208.49711437834986
3
237.60273442310188 208.49711437834986
0.25 0.25 0.25 0.25
24.225457298810397
45.0
467.93869699184904 313.5084089810962
1
467.93869699184904 318.72070791805214
0.25 0.25 0.25 0.25
5.2122989369559445
45.0
8.792513772815301 23.24657642672995
2
18.182658789044915 23.24657642672995
0.25 0.25 0.25 0.25
26.975172561860216
45.0
41.61620820619685 196.7135710381595
2
83.38405844504783 196.7135710381595
0.25 0.25 0.25 0.25
41.767850238850976
45.0
283.2073748204724 223.4494215887852
1
283.2073748204724 272.70491862873325
0.25 0.25 0.25 0.25
49.25549703994804
45.0
286.1672833458307 231.33106599929238
1
286.1672833458307 238.69852203806582
0.25 0.25 0.25 0.25
7.36745603877344
45.0
331.03039719686024 348.26154920081296
2
363.9717291189462 348.26154920081296
0.25 0.25 0.25 0.25
32.94133192208597
45.0
153.7267692578927 113.93329649581003
3
131.9275538250924 113.93329649581003
0.25 0.25 0.25 0.25
21.799215432800302
45.0
291.42792426455844 222.71307525574565
1
291.42792426455844 251.01358542138334
0.25 0.25 0.25 0.25
28.30051016563769
45.0
44.8756543899966 71.05795205003585
0
44.8756543899966 56.70777389192231
0.25 0.25 0.25 0.25
14.350178158113541
45.0
56.691045800601955 237.89009662151454
2
62.02925060903465 237.89009662151454
0.25 0.25 0.25 0.25
5.338204808432695
45.0
294.5474450712868 229.7587138231848
1
294.5474450712868 234.3588295104875
0.25 0.25 0.25 0.25
4.600115687302719
45.0
397.04301360671286 441.52277209961875
2
442.3081871266067 441.52277209961875
0.25 0.25 0.25 0.25
45.265173519893814
45.0
357.67877084981797 207.16405115835937
2
401.42683312152496 207.16405115835937
0.25 0.25 0.25 0.25
43.74806227170701
45.0
457.57019824539276 218.82331605887606
3
409.92111702612283 218.82331605887606
0.25 0.25 0.25 0.25
47.64908121926992
45.0
495.2913547693626 332.8867482441556
3
456.5640597791768 332.8867482441556
0.25 0.25 0.25 0.25
38.727294990185825
45.0
43.36173763075465 182.9477308108718
3
8.529611332248692 182.9477308108718
0.25 0.25 0.25 0.25
34.832126298505955
45.0
59.046975730823135 32.631080189212405
1
59.046975730823135 2.5217042560661724
0.25 0.25 0.25 0.25
35.15278444527858
45.0
160.06476391198316 64.58000708404154
2
190.14793779918062 64.58000708404154
0.25 0.25 0.25 0.25
30.083173887197457
45.0
404.71126888786296 58.41953670905026
1
404.71126888786296 73.97477915316006
0.25 0.25 0.25 0.25
15.55524244410979
45.0
135.1539848482518 214.42691408054367
3
103.49702639257279 214.42691408054367
0.25 0.25 0.25 0.25
31.656958455679014
45.0
