32566
343.32649744803643 190.44217445837566
3
175.69588856948653 190.44217445837566
0.25 0.25 0.25 0.25
167.6306088785499
45.0
462.28334077748355 466.33382905519284
3
299.59029328409514 466.33382905519284
0.25 0.25 0.25 0.25
162.6930474933884
45.0
134.286043767985 409.5057916252508
0
134.286043767985 462.94354229293174
0.25 0.25 0.25 0.25
127.55066608181744
45.0
283.58710863485715 347.4546634262757
0
283.58710863485715 483.07374363094584
0.25 0.25 0.25 0.25
169.47159294277841
45.0
59.892946261630385 4.571752993487479
2
59.86314052209373 4.571752993487479
0.25 0.25 0.25 0.25
119.75608678372411
45.0
229.86936380981987 227.0762815378741
2
387.9728999276108 227.0762815378741
0.25 0.25 0.25 0.25
158.10353611779092
45.0
201.0130897098253 52.18586219681703
3
67.7825436758938 52.18586219681703
0.25 0.25 0.25 0.25
133.2305460339315
45.0
198.21139385822465 28.261271325525854
2
290.87073754156825 28.261271325525854
0.25 0.25 0.25 0.25
92.6593436833436
45.0
339.25107531450135 191.92118030990596
0
339.25107531450135 96.29915106321118
0.25 0.25 0.25 0.25
95.62202924669478
45.0
372.69771942072646 138.53100716289342
1
372.69771942072646 265.3069510218272
0.25 0.25 0.25 0.25
126.7759438589338
45.0
444.4512572907829 392.99480630952473
3
339.26278604814115 392.99480630952473
0.25 0.25 0.25 0.25
105.18847124264173
45.0
333.2492790805718 28.643909612967775
2
466.04055925830335 28.643909612967775
0.25 0.25 0.25 0.25
132.79128017773158
45.0
390.31066658955535 432.04477112185793
3
454.10533076534523 432.04477112185793
0.25 0.25 0.25 0.25
155.58400264509942
45.0
469.6637872192957 64.25716664546758
1
469.6637872192957 66.70231712811056
0.25 0.25 0.25 0.25
130.95948377357814
45.0
10.41217447943717 176.08538479829826
2
166.9825580908324 176.08538479829826
0.25 0.25 0.25 0.25
156.57038361139524
45.0
193.3797932827615 150.25357703533155
1
193.3797932827615 256.244495339841
0.25 0.25 0.25 0.25
105.99091830450948
45.0
431.45339481110636 64.95136680069476
3
418.604594617094 64.95136680069476
0.25 0.25 0.25 0.25
149.94201057179959
45.0
5.21748331549793 78.23921707106433
1
5.21748331549793 65.12436739561531
0.25 0.25 0.25 0.25
143.36358446667964
45.0
225.32493056068688 390.8398402442189
1
225.32493056068688 478.9524866042748
0.25 0.25 0.25 0.25
88.11264636005586
45.0
365.6600701294916 52.94358353129773
1
365.6600701294916 158.6179148537861
0.25 0.25 0.25 0.25
105.67433132248836
45.0
182.55474246555204 198.4196964987809
1
182.55474246555204 346.8693835121218
0.25 0.25 0.25 0.25
148.44968701334088
45.0
234.98234432841502 114.06050156213321
1
234.98234432841502 235.5893319543269
0.25 0.25 0.25 0.25
121.52883039219368
45.0
158.59571228082905 254.92368127586963
3
45.64391395452071 254.92368127586963
0.25 0.25 0.25 0.25
112.95179832630834
45.0
393.8108613596943 56.14861112590788
3
261.994831708892 56.14861112590788
0.25 0.25 0.25 0.25
131.81602965080234
45.0
334.27897249352554 258.72568228694206
2
451.30374372599306 258.72568228694206
0.25 0.25 0.25 0.25
117.02477123246754
45.0
108.56069424305178 306.70461310807224
2
34.67313416956398 306.70461310807224
0.25 0.25 0.25 0.25
143.23382841261576
45.0
408.3963637479245 156.6117218424317
3
418.34346167449553 156.6117218424317
0.25 0.25 0.25 0.25
173.26017457758
45.0
28.039430066915713 280.8184397150444
2
96.52774826249444 280.8184397150444
0.25 0.25 0.25 0.25
124.56717832941015
45.0
399.141649678734 411.13005755674044
3
428.79601449552683 411.13005755674044
0.25 0.25 0.25 0.25
172.06233582573913
45.0
7.4947219711224875 480.3576978433588
0
7.4947219711224875 372.97293831413106
0.25 0.25 0.25 0.25
146.66936384251014
45.0
36.61120496590979 194.66392509653184
1
36.61120496590979 348.3186492784914
0.25 0.25 0.25 0.25
153.65472418195958
45.0
57.570006260457774 228.23049266933972
1
57.570006260457774 331.01496681864285
0.25 0.25 0.25 0.25
102.78447414930312
45.0
419.1533970606514 472.3423519630088
0
419.1533970606514 403.8122725682284
0.25 0.25 0.25 0.25
123.84537546876281
45.0
9.707711331652405 24.750225173188284
2
122.46913889819142 24.750225173188284
0.25 0.25 0.25 0.25
112.76142756653901
45.0
222.6478133860999 132.4724175295217
2
324.84421331688213 132.4724175295217
0.25 0.25 0.25 0.25
102.19639993078223
45.0
206.56431996702872 329.5786274121939
3
45.934364262319946 329.5786274121939
0.25 0.25 0.25 0.25
160.62995570470878
45.0
499.7280403321062 274.61399941490544
0
499.7280403321062 152.36377876876304
0.25 0.25 0.25 0.25
122.25022064614238
45.0
158.45994850055754 199.6880407294906
0
158.45994850055754 90.46558669542122
0.25 0.25 0.25 0.25
109.22245403406939
45.0
491.0649425440764 60.957843191105326
1
491.0649425440764 151.9440426027793
0.25 0.25 0.25 0.25
90.98619941167397
45.0
131.98563110814666 432.10873142328774
3
107.53652022331029 432.10873142328774
0.25 0.25 0.25 0.25
24.449110884836372
45.0
239.67174630119194 193.99395320712335
1
239.67174630119194 212.13965776188263
0.25 0.25 0.25 0.25
18.145704554759266
45.0
45.91924211966721 493.1571393108123
0
45.91924211966721 449.04838158736595
0.25 0.25 0.25 0.25
44.10875772344631
45.0
313.91802417274323 296.2943434937204
0
313.91802417274323 278.9256991575586
0.25 0.25 0.25 0.25
17.368644336161832
45.0
343.5857927165606 60.431471666699224
0
343.5857927165606 50.70864150427673
0.25 0.25 0.25 0.25
9.722830162422497
45.0
130.53490647289098 83.96666571187933
0
130.53490647289098 37.50432460994255
0.25 0.25 0.25 0.25
46.46234110193678
45.0
388.0575229621651 302.3141586327695
2
433.3560380370016 302.3141586327695
0.25 0.25 0.25 0.25
45.29851507483652
45.0
157.76088492096846 289.0534519580314
2
195.21569391280423 289.0534519580314
0.25 0.25 0.25 0.25
37.45480899183577
45.0
448.39320922891454 317.44262040889316
1
448.39320922891454 336.2937824094044
0.25 0.25 0.25 0.25
18.851162000511245
45.0
