50112
234.8920348257946 459.8903123422331
2
379.34630179728606 459.8903123422331
0.25 0.25 0.25 0.25
144.45426697149145
45.0
299.62312349733804 82.58306034315981
1
299.62312349733804 57.28400516711184
0.25 0.25 0.25 0.25
139.86706551027166
45.0
249.98172613780253 207.38145235110676
3
88.47546360850208 207.38145235110676
0.25 0.25 0.25 0.25
161.50626252930044
45.0
18.915598274994466 472.8811369157553
0
18.915598274994466 423.80005252487786
0.25 0.25 0.25 0.25
49.081084390877464
45.0
38.468010239643654 122.25182930760263
2
77.559336123853 122.25182930760263
0.25 0.25 0.25 0.25
39.09132588420935
45.0
139.55890309771843 396.0152347936794
3
108.0657278296885 396.0152347936794
0.25 0.25 0.25 0.25
31.493175268029926
45.0
477.94138665600974 131.02556528332622
3
452.0306368006583 131.02556528332622
0.25 0.25 0.25 0.25
25.910749855351412
45.0
83.8467971591931 315.0457157244918
2
96.68519651860275 315.0457157244918
0.25 0.25 0.25 0.25
12.838399359409646
45.0
47.302002527748044 0.21922171337353547
1
47.302002527748044 31.589014397756944
0.25 0.25 0.25 0.25
31.36979268438341
45.0
113.56565604763284 28.717829632855683
1
113.56565604763284 65.42234988930326
0.25 0.25 0.25 0.25
36.70452025644758
45.0
260.7095642009757 167.5643807578391
1
260.7095642009757 209.1138015459112
0.25 0.25 0.25 0.25
41.5494207880721
45.0
379.1366907678595 431.80842183216964
3
340.81813543586304 431.80842183216964
0.25 0.25 0.25 0.25
38.318555331996464
45.0
447.58314388035785 196.2287606417849
0
447.58314388035785 153.65818602946553
0.25 0.25 0.25 0.25
42.57057461231939
45.0
419.1775478241995 22.049966364226975
2
434.5685597968817 22.049966364226975
0.25 0.25 0.25 0.25
15.391011972682179
45.0
25.358197687779594 120.80759027784886
2
72.78431456695418 120.80759027784886
0.25 0.25 0.25 0.25
47.426116879174586
45.0
25.608731331908032 365.05582676193603
0
25.608731331908032 351.55933364270766
0.25 0.25 0.25 0.25
13.49649311922837
45.0
320.65562591096295 367.1902046689306
3
271.1692495857601 367.1902046689306
0.25 0.25 0.25 0.25
49.486376325202855
45.0
118.20662903836957 31.856126162493233
2
130.4171710851364 31.856126162493233
0.25 0.25 0.25 0.25
12.21054204676683
45.0
23.56340231717428 366.8434633483507
2
63.207827368456236 366.8434633483507
0.25 0.25 0.25 0.25
39.64442505128196
45.0
330.1302557314001 316.9179621018437
1
330.1302557314001 354.0346713741642
0.25 0.25 0.25 0.25
37.11670927232044
45.0
329.1393278058857 248.1498428358753
2
333.5380711266335 248.1498428358753
0.25 0.25 0.25 0.25
4.398743320747772
45.0
388.4154483659189 17.13774168771586
2
430.95955467595405 17.13774168771586
0.25 0.25 0.25 0.25
42.544106310035154
45.0
267.38637699657227 210.85520537595204
2
294.8347106171858 210.85520537595204
0.25 0.25 0.25 0.25
27.448333620613546
45.0
271.9249660790276 496.62292677785837
0
271.9249660790276 464.84128146782314
0.25 0.25 0.25 0.25
31.781645310035216
45.0
241.77699249594025 494.789002527423
3
205.56982513985713 494.789002527423
0.25 0.25 0.25 0.25
36.20716735608312
45.0
80.03505489391199 109.44818359695589
0
80.03505489391199 61.89209037553608
0.25 0.25 0.25 0.25
47.55609322141981
45.0
94.6520467987637 446.9142625184577
1
94.6520467987637 491.19779107177294
0.25 0.25 0.25 0.25
44.28352855331526
45.0
257.6286876656445 69.2889458573062
3
214.77221997223228 69.2889458573062
0.25 0.25 0.25 0.25
42.85646769341225
45.0
248.01424119731897 237.54348839920013
1
248.01424119731897 281.7875417577918
0.25 0.25 0.25 0.25
44.24405335859169
45.0
340.3354854144251 3.099270818687856
2
383.3246147627567 3.099270818687856
0.25 0.25 0.25 0.25
42.98912934833164
45.0
324.13516178908174 406.61696481387065
2
338.8445720666732 406.61696481387065
0.25 0.25 0.25 0.25
14.709410277591495
45.0
491.33779383001695 250.96378042387025
3
488.97923786561694 250.96378042387025
0.25 0.25 0.25 0.25
2.358555964399983
45.0
91.36325425201076 349.1107698202826
1
91.36325425201076 350.68614378332785
0.25 0.25 0.25 0.25
1.5753739630452346
45.0
180.03392062691023 7.793269586948327
1
180.03392062691023 42.097697812981664
0.25 0.25 0.25 0.25
34.30442822603334
45.0
376.3180115241848 391.7867761824067
1
376.3180115241848 424.0276825703557
0.25 0.25 0.25 0.25
32.24090638794899
45.0
177.08933308989313 353.89227718320114
1
177.08933308989313 355.4168828375516
0.25 0.25 0.25 0.25
1.524605654350475
45.0
68.42621326548436 351.14641162786734
1
68.42621326548436 398.43953790668945
0.25 0.25 0.25 0.25
47.29312627882209
45.0
404.48285836416244 481.367355597936
0
404.48285836416244 472.7796692699261
0.25 0.25 0.25 0.25
45.85297513213787
45.0
366.14260936932817 304.81624274683855
2
391.92478960314054 304.81624274683855
0.25 0.25 0.25 0.25
25.782180233812372
45.0
298.2039417762282 330.73983697455157
1
298.2039417762282 343.05120530860324
0.25 0.25 0.25 0.25
12.311368334051686
45.0
448.82302624111526 176.9123888611373
2
479.91882948022806 176.9123888611373
0.25 0.25 0.25 0.25
31.0958032391128
45.0
298.92102032523275 150.93218162802702
2
320.00528150971036 150.93218162802702
0.25 0.25 0.25 0.25
21.084261184477608
45.0
256.01846656146415 493.6296597369739
0
256.01846656146415 485.7441336031311
0.25 0.25 0.25 0.25
20.62620665989497
45.0
15.63801853673506 245.0669043287621
0
15.63801853673506 231.21353853383613
0.25 0.25 0.25 0.25
13.85336579492597
45.0
145.5808685228161 301.2239877420484
3
138.83655182071547 301.2239877420484
0.25 0.25 0.25 0.25
6.7443167021006225
45.0
121.4400064996766 296.0186552994341
0
121.4400064996766 284.88083098016267
0.25 0.25 0.25 0.25
11.137824319271433
45.0
198.52586585118294 273.3240552464135
2
205.17165108887994 273.3240552464135
0.25 0.25 0.25 0.25
6.645785237696994
45.0
223.04017587866485 292.6834906825606
1
223.04017587866485 297.41222398406006
0.25 0.25 0.25 0.25
4.728733301499472
45.0
