85088
430.20757654953616 175.38641863138398
3
317.56668753136796 175.38641863138398
0.25 0.25 0.25 0.25
112.64088901816822
45.0
194.80264483188466 141.7762776575379
1
194.80264483188466 11.536423441817533
0.25 0.25 0.25 0.25
153.31270109935542
45.0
304.1576598007495 265.142227320212
3
194.24691816418428 265.142227320212
0.25 0.25 0.25 0.25
109.91074163656523
45.0
277.67871084993646 103.08870359791234
2
374.77836537086966 103.08870359791234
0.25 0.25 0.25 0.25
97.0996545209332
45.0
326.2677297778454 83.83795550415476
1
326.2677297778454 232.91127982983224
0.25 0.25 0.25 0.25
149.07332432567748
45.0
101.02019857793357 426.0908627894139
2
56.03388438900856 426.0908627894139
0.25 0.25 0.25 0.25
157.05408296694213
45.0
390.10965530957833 339.7384075946377
0
390.10965530957833 181.85727676185496
0.25 0.25 0.25 0.25
157.88113083278273
45.0
251.56783121092553 323.45341769750735
0
251.56783121092553 188.67483872597722
0.25 0.25 0.25 0.25
134.77857897153012
45.0
228.66293034905448 100.44132999245119
2
390.805369854672 100.44132999245119
0.25 0.25 0.25 0.25
162.14243950561752
45.0
424.31039908579555 142.54237183648053
1
424.31039908579555 253.89486285120128
0.25 0.25 0.25 0.25
111.35249101472075
45.0
96.12330178049285 421.7514167919164
0
96.12330178049285 408.83690172941806
0.25 0.25 0.25 0.25
169.41168147866546
45.0
278.28823907541687 230.31734612221467
2
380.39162555131475 230.31734612221467
0.25 0.25 0.25 0.25
102.1033864758979
45.0
324.3349033240459 328.12515957768943
0
324.3349033240459 206.5023920343989
0.25 0.25 0.25 0.25
121.62276754329054
45.0
389.3625755007728 394.74623863568183
3
254.959473803062 394.74623863568183
0.25 0.25 0.25 0.25
134.40310169771078
45.0
393.06704279214466 39.92823120381769
1
393.06704279214466 121.75786059605196
0.25 0.25 0.25 0.25
161.68609179986964
45.0
275.2880597800554 308.8056594878444
0
275.2880597800554 158.48335367411477
0.25 0.25 0.25 0.25
150.32230581372966
45.0
375.42035445213577 149.1544360316684
2
493.1649202492302 149.1544360316684
0.25 0.25 0.25 0.25
117.74456579709442
45.0
34.305715569087 31.939303602203438
1
34.305715569087 115.79393638507449
0.25 0.25 0.25 0.25
147.73323998727793
45.0
217.14637764765303 22.88388000094419
1
217.14637764765303 104.98250163647393
0.25 0.25 0.25 0.25
127.86638163741812
45.0
382.7263965604643 444.7497117596895
0
382.7263965604643 389.4437175292194
0.25 0.25 0.25 0.25
165.80657071109107
45.0
216.62809422060334 211.83939865635148
0
216.62809422060334 62.47523609646103
0.25 0.25 0.25 0.25
149.36416255989045
45.0
165.9332133196045 31.34302877596727
1
165.9332133196045 125.78612806066718
0.25 0.25 0.25 0.25
94.44309928469991
45.0
409.0592150946993 12.319973572936163
1
409.0592150946993 106.86133169712474
0.25 0.25 0.25 0.25
94.54135812418858
45.0
148.7477246118364 21.22222041994661
2
295.12175066247914 21.22222041994661
0.25 0.25 0.25 0.25
146.37402605064275
45.0
257.5396891494453 77.12398977283868
1
257.5396891494453 56.313823404897306
0.25 0.25 0.25 0.25
133.437813177736
45.0
196.2401781045703 19.20196466756326
3
98.74552845233343 19.20196466756326
0.25 0.25 0.25 0.25
97.49464965223687
45.0
135.82793041616196 111.77425151208593
2
306.2142352146213 111.77425151208593
0.25 0.25 0.25 0.25
170.38630479845932
45.0
281.06430854765705 377.942357300283
0
281.06430854765705 497.2886761727558
0.25 0.25 0.25 0.25
124.76896652696126
45.0
485.5563514717737 442.04696777502807
0
485.5563514717737 385.8066329116034
0.25 0.25 0.25 0.25
172.14639931336856
45.0
404.083383646774 375.06819175393343
1
404.083383646774 488.52198491208867
0.25 0.25 0.25 0.25
113.45379315815524
45.0
367.0235145640408 440.4268883177833
0
367.0235145640408 440.1812908600742
0.25 0.25 0.25 0.25
119.39182082214248
45.0
282.2087688257171 229.08135447671452
0
282.2087688257171 129.02043270048307
0.25 0.25 0.25 0.25
100.06092177623144
45.0
490.7355239597166 365.5925559145927
3
385.5394594079436 365.5925559145927
0.25 0.25 0.25 0.25
123.7250166323398
45.0
126.83304401341135 46.17354703816551
2
301.28279378372577 46.17354703816551
0.25 0.25 0.25 0.25
174.4497497703144
45.0
108.1171874019565 51.273680561463664
1
108.1171874019565 196.08024939534275
0.25 0.25 0.25 0.25
144.80656883387908
45.0
44.18139712272682 284.4087573058993
2
73.08332764859193 284.4087573058993
0.25 0.25 0.25 0.25
117.26472477131875
45.0
201.74391515236596 62.05801363828192
1
201.74391515236596 82.55693950835993
0.25 0.25 0.25 0.25
144.61495314664185
45.0
320.886737006534 85.47746280686113
1
320.886737006534 61.5207336677276
0.25 0.25 0.25 0.25
146.99819647458872
45.0
218.5168848309094 499.12266351804226
0
218.5168848309094 324.9194250186789
0.25 0.25 0.25 0.25
174.20323849936332
45.0
372.75963645055356 148.96623627929864
2
481.4197591307594 148.96623627929864
0.25 0.25 0.25 0.25
108.66012268020587
45.0
48.47748566779194 7.5127100894932255
1
48.47748566779194 172.32629026293375
0.25 0.25 0.25 0.25
164.81358017344053
45.0
215.151987543713 144.83404330943245
1
215.151987543713 307.6857296839481
0.25 0.25 0.25 0.25
162.85168637451568
45.0
306.4463366983149 292.37177128193485
3
164.36030163053334 292.37177128193485
0.25 0.25 0.25 0.25
142.08603506778155
45.0
329.52864559727993 428.88685947905475
0
329.52864559727993 257.07387003821646
0.25 0.25 0.25 0.25
171.8129894408383
45.0
416.70348689573825 145.74269719345082
3
436.0162633592819 145.74269719345082
0.25 0.25 0.25 0.25
147.28024974497984
45.0
401.21228838399935 469.581685154305
0
401.21228838399935 322.7083985349895
0.25 0.25 0.25 0.25
146.87328661931548
45.0
167.51582373346162 182.68235488538403
1
167.51582373346162 335.5664741036463
0.25 0.25 0.25 0.25
152.8841192182623
45.0
57.760393720266904 329.4483715465335
1
57.760393720266904 426.54320973097066
0.25 0.25 0.25 0.25
97.09483818443715
45.0
