85088
372.6386921854238 162.53624842312067
3
259.9978031672556 162.53624842312067
0.25 0.25 0.25 0.25
112.64088901816822
45.0
251.26568704942258 134.84139194915838
1
251.26568704942258 288.1540930485138
0.25 0.25 0.25 0.25
153.31270109935542
45.0
234.5927231111638 265.142227320212
2
344.503464747729 265.142227320212
0.25 0.25 0.25 0.25
109.91074163656523
45.0
442.87456510113486 297.2880126397788
1
442.87456510113486 394.387667160712
0.25 0.25 0.25 0.25
97.0996545209332
45.0
115.14762168597522 83.83795550415476
2
264.2209460116527 83.83795550415476
0.25 0.25 0.25 0.25
149.07332432567748
45.0
370.1420503228928 243.30612488032352
3
472.80386671016504 243.30612488032352
0.25 0.25 0.25 0.25
157.05408296694213
45.0
337.3964403062747 76.68936093237602
3
179.51530947349198 76.68936093237602
0.25 0.25 0.25 0.25
157.88113083278273
45.0
265.8678001022431 115.7535818434203
2
400.64637907377323 115.7535818434203
0.25 0.25 0.25 0.25
134.77857897153012
45.0
122.76731162847545 250.98891198507874
2
284.90975113409297 250.98891198507874
0.25 0.25 0.25 0.25
162.14243950561752
45.0
14.582307575627198 258.2397011161746
0
14.582307575627198 146.88721010145386
0.25 0.25 0.25 0.25
111.35249101472075
45.0
122.69864631415095 53.54344990009429
1
122.69864631415095 115.86823157857117
0.25 0.25 0.25 0.25
169.41168147866546
45.0
376.39980929792864 15.957156347539097
3
274.29642282203076 15.957156347539097
0.25 0.25 0.25 0.25
102.1033864758979
45.0
418.9398112136608 449.7479271209799
0
418.9398112136608 328.1251595776894
0.25 0.25 0.25 0.25
121.62276754329054
45.0
298.0912364534248 438.75760873528395
0
298.0912364534248 426.83928956700527
0.25 0.25 0.25 0.25
134.40310169771078
45.0
445.24686540798575 261.3812214052516
1
445.24686540798575 423.06731320512125
0.25 0.25 0.25 0.25
161.68609179986964
45.0
430.51344486707853 384.10361261010326
0
430.51344486707853 233.7813067963736
0.25 0.25 0.25 0.25
150.32230581372966
45.0
433.46382807538043 499.2694851276535
0
433.46382807538043 382.98594907525205
0.25 0.25 0.25 0.25
117.74456579709442
45.0
23.103195225590696 388.3302567921812
0
23.103195225590696 240.5970168049033
0.25 0.25 0.25 0.25
147.73323998727793
45.0
299.1506530863813 173.68131473770734
1
299.1506530863813 301.54769637512544
0.25 0.25 0.25 0.25
127.86638163741812
45.0
367.2446693601036 149.26060047168187
3
201.43809864901255 149.26060047168187
0.25 0.25 0.25 0.25
165.80657071109107
45.0
365.9922567804938 62.47523609646106
3
484.64358065961574 62.47523609646106
0.25 0.25 0.25 0.25
149.36416255989045
45.0
388.2092419316083 157.54316979343258
1
388.2092419316083 251.9862690781325
0.25 0.25 0.25 0.25
94.44309928469991
45.0
125.43514072213355 132.18479167115945
0
125.43514072213355 37.64343354697087
0.25 0.25 0.25 0.25
94.54135812418858
45.0
270.5035683079798 70.45858512894532
2
416.87759435862256 70.45858512894532
0.25 0.25 0.25 0.25
146.37402605064275
45.0
7.7687395399870525 11.188682016990526
2
125.66907363774894 11.188682016990526
0.25 0.25 0.25 0.25
133.437813177736
45.0
363.6742163312197 189.13776049440577
1
363.6742163312197 286.63241014664266
0.25 0.25 0.25 0.25
97.49464965223687
45.0
454.28271122232445 178.72773788435376
0
454.28271122232445 8.341433085894437
0.25 0.25 0.25 0.25
170.38630479845932
45.0
31.52637549373452 122.85962089343082
2
156.29534202069578 122.85962089343082
0.25 0.25 0.25 0.25
124.76896652696126
45.0
162.39642998917722 401.4141519825048
2
334.5428293025458 401.4141519825048
0.25 0.25 0.25 0.25
172.14639931336856
45.0
126.97441944249965 324.86681386596956
3
13.520626284344416 324.86681386596956
0.25 0.25 0.25 0.25
113.45379315815524
45.0
274.8010229695318 485.0467242829345
2
394.19284379167425 485.0467242829345
0.25 0.25 0.25 0.25
119.39182082214248
45.0
18.58321426529173 470.1266624322767
0
18.58321426529173 429.81241579149184
0.25 0.25 0.25 0.25
100.06092177623144
45.0
316.01117262096886 253.03252724710637
2
439.7361892533087 253.03252724710637
0.25 0.25 0.25 0.25
123.7250166323398
45.0
175.36795690533106 301.6760493350215
1
175.36795690533106 476.1257991053359
0.25 0.25 0.25 0.25
174.4497497703144
45.0
225.6317925615286 168.78828572103575
3
80.82522372764953 168.78828572103575
0.25 0.25 0.25 0.25
144.80656883387908
45.0
340.59304849481435 49.87930776326181
1
340.59304849481435 167.14403253458056
0.25 0.25 0.25 0.25
117.26472477131875
45.0
484.41683450136463 227.17189265500178
0
484.41683450136463 82.55693950835993
0.25 0.25 0.25 0.25
144.61495314664185
45.0
385.1168700442886 148.4828596340908
3
238.11867356969987 148.4828596340908
0.25 0.25 0.25 0.25
146.99819647458872
45.0
308.95574682326935 455.65790548577775
0
308.95574682326935 370.1388560148589
0.25 0.25 0.25 0.25
174.20323849936332
45.0
177.498286968289 474.9466043199164
0
177.498286968289 366.28648163971053
0.25 0.25 0.25 0.25
108.66012268020587
45.0
422.57872185210033 314.9028325176606
0
422.57872185210033 150.08925234422009
0.25 0.25 0.25 0.25
164.81358017344053
45.0
227.62330807402225 86.687288323801
1
227.62330807402225 249.53897469831668
0.25 0.25 0.25 0.25
162.85168637451568
45.0
301.04858217278587 133.8863339214097
2
443.1346172405674 133.8863339214097
0.25 0.25 0.25 0.25
142.08603506778155
45.0
483.91832882242875 54.38294395234851
1
483.91832882242875 117.43004548848978
0.25 0.25 0.25 0.25
171.8129894408383
45.0
5.824485875657672 254.53270739425673
2
153.1047356206375 254.53270739425673
0.25 0.25 0.25 0.25
147.28024974497984
45.0
101.15746020209463 117.91146132295705
1
101.15746020209463 264.78474794227253
0.25 0.25 0.25 0.25
146.87328661931548
45.0
444.0206531395876 373.08582459141667
3
291.1365339213253 373.08582459141667
0.25 0.25 0.25 0.25
152.8841192182623
45.0
427.71379720191885 185.07743753128085
3
330.6189590174817 185.07743753128085
0.25 0.25 0.25 0.25
97.09483818443715
45.0
