85088
147.35691414908737 161.6184174678701
3
34.71602513091915 161.6184174678701
0.25 0.25 0.25 0.25
112.64088901816822
45.0
331.38948045329005 441.4667941478692
3
178.07677935393463 441.4667941478692
0.25 0.25 0.25 0.25
153.31270109935542
45.0
314.9609850716623 495.76703586425526
0
314.9609850716623 394.3222224991795
0.25 0.25 0.25 0.25
109.91074163656523
45.0
248.67525605926846 462.4838668909772
2
345.77491058020166 462.4838668909772
0.25 0.25 0.25 0.25
97.0996545209332
45.0
158.66089196571764 276.35547691339286
1
158.66089196571764 425.42880123907037
0.25 0.25 0.25 0.25
149.07332432567748
45.0
315.7497837432229 185.63062268197632
1
315.7497837432229 342.68470564891845
0.25 0.25 0.25 0.25
157.05408296694213
45.0
495.27757113905744 396.9540315659722
0
495.27757113905744 239.07290073318944
0.25 0.25 0.25 0.25
157.88113083278273
45.0
209.31785290295397 19.024997128109817
2
344.0964318744841 19.024997128109817
0.25 0.25 0.25 0.25
134.77857897153012
45.0
447.0521906397105 73.29596702615629
3
284.90975113409297 73.29596702615629
0.25 0.25 0.25 0.25
162.14243950561752
45.0
239.45970873755547 146.88721010145386
2
350.81219975227623 146.88721010145386
0.25 0.25 0.25 0.25
111.35249101472075
45.0
79.6532129085 99.39814270657837
2
89.75846857016546 99.39814270657837
0.25 0.25 0.25 0.25
169.41168147866546
45.0
419.3934177502756 188.24961660425672
3
478.5031957738265 188.24961660425672
0.25 0.25 0.25 0.25
102.1033864758979
45.0
67.55125895950135 476.7657867746556
0
67.55125895950135 355.1430192313651
0.25 0.25 0.25 0.25
121.62276754329054
45.0
491.6726262671601 51.594829107813325
3
373.9242720351291 51.594829107813325
0.25 0.25 0.25 0.25
134.40310169771078
45.0
201.49750179149288 291.2646706060336
0
201.49750179149288 129.57857880616393
0.25 0.25 0.25 0.25
161.68609179986964
45.0
419.16424931919187 135.7151416787516
1
419.16424931919187 286.03744749248125
0.25 0.25 0.25 0.25
150.32230581372966
45.0
433.46382807538043 205.73687991022007
3
315.719262278286 205.73687991022007
0.25 0.25 0.25 0.25
117.74456579709442
45.0
432.17023527647905 429.8038233095955
0
432.17023527647905 422.4629367031266
0.25 0.25 0.25 0.25
147.73323998727793
45.0
166.45276726460133 173.68131473770734
2
294.31914890201944 173.68131473770734
0.25 0.25 0.25 0.25
127.86638163741812
45.0
301.14218921771425 144.1000247382284
3
135.33561850662318 144.1000247382284
0.25 0.25 0.25 0.25
165.80657071109107
45.0
36.55109297994437 62.47523609646103
2
112.81306957994607 62.47523609646103
0.25 0.25 0.25 0.25
149.36416255989045
45.0
328.46146021429206 440.8724676475323
0
328.46146021429206 464.6844330677678
0.25 0.25 0.25 0.25
94.44309928469991
45.0
23.692636160169144 281.31256855346214
1
23.692636160169144 375.85392667765075
0.25 0.25 0.25 0.25
94.54135812418858
45.0
2.3736985611936348 45.84040277444598
2
144.00032748944912 45.84040277444598
0.25 0.25 0.25 0.25
146.37402605064275
45.0
259.1068868154849 323.18944976036926
1
259.1068868154849 456.6272629381052
0.25 0.25 0.25 0.25
133.437813177736
45.0
148.8525354075959 493.3247870712524
2
246.34718505983278 493.3247870712524
0.25 0.25 0.25 0.25
97.49464965223687
45.0
204.9446791807568 184.3627005033207
1
204.9446791807568 354.74900530178
0.25 0.25 0.25 0.25
170.38630479845932
45.0
281.0643085476571 128.5265799448016
0
281.0643085476571 3.757613417840332
0.25 0.25 0.25 0.25
124.76896652696126
45.0
367.4212251827571 196.3893567889249
3
460.43237550387437 196.3893567889249
0.25 0.25 0.25 0.25
172.14639931336856
45.0
192.30282160856893 36.57870403189327
3
78.8490284504137 36.57870403189327
0.25 0.25 0.25 0.25
113.45379315815524
45.0
110.54376872452912 365.65490346079207
1
110.54376872452912 485.0467242829345
0.25 0.25 0.25 0.25
119.39182082214248
45.0
418.21768360790304 129.62965046279749
1
418.21768360790304 229.69057223902894
0.25 0.25 0.25 0.25
100.06092177623144
45.0
439.7361892533087 376.7575438794462
0
439.7361892533087 499.51743948821405
0.25 0.25 0.25 0.25
123.7250166323398
45.0
47.61670575690306 429.42730048344947
0
47.61670575690306 396.12294974623615
0.25 0.25 0.25 0.25
174.4497497703144
45.0
36.68938143192253 485.6933870631009
0
36.68938143192253 369.50004410302006
0.25 0.25 0.25 0.25
144.80656883387908
45.0
223.3283237234956 67.38541700805695
1
223.3283237234956 49.87930776326181
0.25 0.25 0.25 0.25
117.26472477131875
45.0
339.8018813547228 495.90287307820745
3
195.18692820808096 495.90287307820745
0.25 0.25 0.25 0.25
144.61495314664185
45.0
238.11867356969987 292.51172978967537
3
91.12047709511114 292.51172978967537
0.25 0.25 0.25 0.25
146.99819647458872
45.0
342.63777617800395 499.12266351804226
3
483.1589853226327 499.12266351804226
0.25 0.25 0.25 0.25
174.20323849936332
45.0
39.82195839212275 177.01413176131882
2
68.83816428808312 177.01413176131882
0.25 0.25 0.25 0.25
108.66012268020587
45.0
411.4602028927435 366.58852609481517
3
246.64662271930297 366.58852609481517
0.25 0.25 0.25 0.25
164.81358017344053
45.0
98.08006467500911 284.7958479310422
1
98.08006467500911 447.6475343055579
0.25 0.25 0.25 0.25
162.85168637451568
45.0
164.36030163053329 150.28573621415342
2
306.44633669831484 150.28573621415342
0.25 0.25 0.25 0.25
142.08603506778155
45.0
406.02455502679254 117.43004548848984
3
234.21156558595425 117.43004548848984
0.25 0.25 0.25 0.25
171.8129894408383
45.0
257.77426539944304 285.4944556091157
0
257.77426539944304 138.21420586413583
0.25 0.25 0.25 0.25
147.28024974497984
45.0
366.7910271055173 264.7847479422724
3
219.9177404862018 264.7847479422724
0.25 0.25 0.25 0.25
146.87328661931548
45.0
138.25241470306298 15.377698535534137
2
291.1365339213253 15.377698535534137
0.25 0.25 0.25 0.25
152.8841192182623
45.0
183.90685006033254 397.49159157534206
0
183.90685006033254 300.3967533909049
0.25 0.25 0.25 0.25
97.09483818443715
45.0
