19634
388.3766430811347 321.31046720295404
0
388.3766430811347 219.5130632407066
0.25 0.25 0.25 0.25
101.79740396224744
45.0
193.33058842294724 459.98810844757713
3
20.34033692572973 459.98810844757713
0.25 0.25 0.25 0.25
172.9902514972175
45.0
461.33435205378146 484.91360950735157
0
461.33435205378146 417.8849172423322
0.25 0.25 0.25 0.25
97.20147325031623
45.0
131.83142768482924 36.19505267037124
2
278.6610109346347 36.19505267037124
0.25 0.25 0.25 0.25
146.82958324980547
45.0
270.0082488871524 98.85986056720361
1
270.0082488871524 255.42927744282176
0.25 0.25 0.25 0.25
156.56941687561815
45.0
174.53047727380726 274.28657244111264
0
174.53047727380726 119.09795959065872
0.25 0.25 0.25 0.25
155.18861285045392
45.0
285.6265334993288 378.08218687373886
0
285.6265334993288 228.67102017189154
0.25 0.25 0.25 0.25
149.41116670184732
45.0
107.32454593135844 469.0317647527279
0
107.32454593135844 436.91714264424127
0.25 0.25 0.25 0.25
94.05109260303078
45.0
305.21588291222884 442.4479809966839
0
305.21588291222884 276.40604695193133
0.25 0.25 0.25 0.25
166.0419340447526
45.0
484.08007375147565 313.7701675255954
1
484.08007375147565 418.28568746000826
0.25 0.25 0.25 0.25
104.51551993441286
45.0
162.59173971666016 183.02122199894936
3
67.35815572021573 183.02122199894936
0.25 0.25 0.25 0.25
95.23358399644442
45.0
25.34373804951008 359.14408088022367
2
87.01782910423321 359.14408088022367
0.25 0.25 0.25 0.25
112.3615671537433
45.0
49.10018286709288 15.719124523103488
1
49.10018286709288 135.44745146202996
0.25 0.25 0.25 0.25
119.72832693892647
45.0
463.4036584148728 122.84920301758277
1
463.4036584148728 39.034973016422725
0.25 0.25 0.25 0.25
161.8841760340055
45.0
490.3195154407347 288.8541475857917
0
490.3195154407347 119.36022685829349
0.25 0.25 0.25 0.25
169.4939207274982
45.0
385.8277023097039 38.74291657373186
1
385.8277023097039 113.7819457332497
0.25 0.25 0.25 0.25
152.52486230698156
45.0
39.1280236321594 252.2809443072831
2
117.73966918599893 252.2809443072831
0.25 0.25 0.25 0.25
156.86769281815833
45.0
232.47327146854943 78.96218385356093
1
232.47327146854943 250.48935807037807
0.25 0.25 0.25 0.25
171.52717421681714
45.0
196.20581133086276 214.25971626094113
2
355.18844788924946 214.25971626094113
0.25 0.25 0.25 0.25
158.9826365583867
45.0
448.5516439129415 289.10769977187044
3
381.6207289891171 289.10769977187044
0.25 0.25 0.25 0.25
169.82762709794144
45.0
216.34193806514816 244.11510316844476
3
98.02214171999998 244.11510316844476
0.25 0.25 0.25 0.25
118.31979634514818
45.0
163.5998687774902 2.712500144794035
2
275.45310587875986 2.712500144794035
0.25 0.25 0.25 0.25
111.85323710126966
45.0
65.3066013684774 2.462568692430466
1
65.3066013684774 134.20789112315734
0.25 0.25 0.25 0.25
136.6704598155878
45.0
194.25666899109785 438.51933916456994
0
194.25666899109785 289.7592146344291
0.25 0.25 0.25 0.25
148.76012453014084
45.0
299.97156887175146 400.5976165144267
2
394.49530186076106 400.5976165144267
0.25 0.25 0.25 0.25
94.5237329890096
45.0
433.0438971387871 412.52476612216685
3
284.7354382822411 412.52476612216685
0.25 0.25 0.25 0.25
148.308458856546
45.0
217.02092559862135 191.3275469661588
1
217.02092559862135 364.09987509729285
0.25 0.25 0.25 0.25
172.77232813113406
45.0
378.66111054468155 413.09541557380135
3
275.05907609057147 413.09541557380135
0.25 0.25 0.25 0.25
103.6020344541101
45.0
388.40848929159216 241.47590922537364
3
279.32372701890324 241.47590922537364
0.25 0.25 0.25 0.25
109.08476227268893
45.0
401.7567888302816 210.81165427055674
3
393.39998527143325 210.81165427055674
0.25 0.25 0.25 0.25
8.356803558848364
45.0
61.00176106129306 83.08779829883588
1
61.00176106129306 88.77777205726518
0.25 0.25 0.25 0.25
5.689973758429301
45.0
334.30489285822506 181.72927975877275
0
334.30489285822506 178.25673829613174
0.25 0.25 0.25 0.25
3.47254146264101
45.0
30.696311279899763 335.20622085459286
1
30.696311279899763 359.63175638348525
0.25 0.25 0.25 0.25
24.425535528892407
45.0
432.01165209143846 178.69259661664518
1
432.01165209143846 202.18428808356109
0.25 0.25 0.25 0.25
23.4916914669159
45.0
408.29657861414825 244.79001684112663
1
408.29657861414825 260.85447842102127
0.25 0.25 0.25 0.25
16.06446157989465
45.0
331.3565145154679 118.99187025239917
2
373.80418949227317 118.99187025239917
0.25 0.25 0.25 0.25
42.44767497680525
45.0
287.78620103396656 359.7256413623601
2
316.7865914936122 359.7256413623601
0.25 0.25 0.25 0.25
29.000390459645647
45.0
262.4686968512576 376.8617573041624
2
289.1860413081201 376.8617573041624
0.25 0.25 0.25 0.25
26.717344456862463
45.0
396.96128135580693 415.6876015217603
0
396.96128135580693 375.1807030369626
0.25 0.25 0.25 0.25
40.50689848479772
45.0
478.5590257472513 379.560737083396
1
478.5590257472513 419.67530357323415
0.25 0.25 0.25 0.25
40.114566489838154
45.0
404.100966176499 32.151832005472144
1
404.100966176499 37.803351152694546
0.25 0.25 0.25 0.25
5.6515191472224
45.0
44.76588257950711 60.41054630620785
1
44.76588257950711 76.47180760684856
0.25 0.25 0.25 0.25
16.061261300640712
45.0
330.7339106328471 417.3222570243781
1
330.7339106328471 458.41262347427084
0.25 0.25 0.25 0.25
41.09036644989275
45.0
14.552961216474003 367.7068712837254
0
14.552961216474003 326.9031725270653
0.25 0.25 0.25 0.25
40.803698756660076
45.0
292.85515457042396 427.07728462841607
3
258.96346113872926 427.07728462841607
0.25 0.25 0.25 0.25
33.89169343169472
45.0
56.65664562945886 130.74206296844704
3
43.885698046141286 130.74206296844704
0.25 0.25 0.25 0.25
12.770947583317572
45.0
435.49898727935295 391.46053361260897
1
435.49898727935295 430.8613227486486
0.25 0.25 0.25 0.25
39.40078913603966
45.0
142.53340949825088 115.2274340723909
1
142.53340949825088 151.35571945347544
0.25 0.25 0.25 0.25
36.12828538108454
45.0
