58657
363.3262720069532 246.70543139563551
3
469.2325059482986 246.70543139563551
0.25 0.25 0.25 0.25
167.4412220447482
45.0
216.30941419101612 178.74026141934922
2
341.17997412305573 178.74026141934922
0.25 0.25 0.25 0.25
124.87055993203961
45.0
192.69275102880167 498.2901236642398
2
287.8839304386348 498.2901236642398
0.25 0.25 0.25 0.25
95.19117940983315
45.0
223.56817899796283 78.19537425612124
1
223.56817899796283 185.23886156353586
0.25 0.25 0.25 0.25
107.04348730741462
45.0
442.3917485992582 247.9223851607354
3
404.00697168307954 247.9223851607354
0.25 0.25 0.25 0.25
153.60127971766227
45.0
89.37656153765636 340.78865528203585
0
89.37656153765636 191.7709883221446
0.25 0.25 0.25 0.25
149.01766695989124
45.0
428.1680384962673 309.0901500731028
3
263.0045920496573 309.0901500731028
0.25 0.25 0.25 0.25
165.16344644661004
45.0
413.5485928814911 7.180859266727765
3
484.2445528800408 7.180859266727765
0.25 0.25 0.25 0.25
102.2068542384681
45.0
357.76745128913865 151.0465853487209
0
357.76745128913865 13.660276701360374
0.25 0.25 0.25 0.25
137.38630864736052
45.0
6.833796905127713 397.5784530542361
0
6.833796905127713 236.76581367978974
0.25 0.25 0.25 0.25
160.81263937444638
45.0
43.171942711425075 170.95348191644223
2
155.64496430898288 170.95348191644223
0.25 0.25 0.25 0.25
112.4730215975578
45.0
60.411415423267385 159.54599327322626
0
60.411415423267385 0.25644892246793916
0.25 0.25 0.25 0.25
159.28954435075832
45.0
293.24290416821725 145.9763391607865
3
198.58182399551333 145.9763391607865
0.25 0.25 0.25 0.25
94.66108017270393
45.0
56.5622645029804 222.67263503552795
1
56.5622645029804 312.4826867377538
0.25 0.25 0.25 0.25
89.81005170222583
45.0
290.1891514394321 114.04687739277385
3
175.90331111181035 114.04687739277385
0.25 0.25 0.25 0.25
114.28584032762178
45.0
24.08462826691948 131.4860794097043
2
190.5101037066181 131.4860794097043
0.25 0.25 0.25 0.25
166.42547543969863
45.0
64.69283297694436 198.93840711972263
2
158.26942301707226 198.93840711972263
0.25 0.25 0.25 0.25
93.5765900401279
45.0
198.57787452292118 26.129722563164393
1
198.57787452292118 138.7508168825088
0.25 0.25 0.25 0.25
112.6210943193444
45.0
353.0394857301087 58.83515090506842
2
486.66145739621095 58.83515090506842
0.25 0.25 0.25 0.25
133.62197166610224
45.0
132.49642988238068 108.62560146578735
1
132.49642988238068 64.30380481063065
0.25 0.25 0.25 0.25
172.929406276418
45.0
259.4400347216538 400.3425688372252
0
259.4400347216538 352.3074293664047
0.25 0.25 0.25 0.25
48.03513947082053
45.0
45.3348921483846 178.56077090334313
3
29.713910149969223 178.56077090334313
0.25 0.25 0.25 0.25
15.620981998415374
45.0
336.1555492245795 377.93825281863576
1
336.1555492245795 422.63909218197153
0.25 0.25 0.25 0.25
44.70083936333577
45.0
405.5156330146227 300.34004644209233
2
431.4781025911724 300.34004644209233
0.25 0.25 0.25 0.25
25.96246957654965
45.0
1.3727883875300222 483.81511880699895
0
1.3727883875300222 451.77756563985855
0.25 0.25 0.25 0.25
32.037553167140416
45.0
145.21869675781375 334.1895177369398
3
129.41554416963092 334.1895177369398
0.25 0.25 0.25 0.25
15.803152588182833
45.0
173.47281702758198 462.48483601756834
3
134.0878374624184 462.48483601756834
0.25 0.25 0.25 0.25
39.38497956516356
45.0
151.38540731080747 233.9012493257161
1
151.38540731080747 258.75140607939164
0.25 0.25 0.25 0.25
24.850156753675545
45.0
226.71229749998486 238.25500797738988
2
255.28186345358995 238.25500797738988
0.25 0.25 0.25 0.25
28.569565953605107
45.0
394.6205899111835 329.04426207929885
2
442.6096933985324 329.04426207929885
0.25 0.25 0.25 0.25
47.98910348734886
45.0
299.46554857413975 210.32389910821547
2
312.71755056521357 210.32389910821547
0.25 0.25 0.25 0.25
13.252001991073808
45.0
156.10847164868045 112.63336283152088
3
143.05256812707466 112.63336283152088
0.25 0.25 0.25 0.25
13.05590352160577
45.0
126.43257937265254 323.01529174797747
1
126.43257937265254 336.9246369505014
0.25 0.25 0.25 0.25
13.909345202523943
45.0
130.9231401060148 431.7695073621083
0
130.9231401060148 416.87451084629316
0.25 0.25 0.25 0.25
14.894996515815118
45.0
160.64927968532413 3.691999785476199
2
190.9436007729252 3.691999785476199
0.25 0.25 0.25 0.25
30.29432108760109
45.0
335.06698311825124 419.63869246919927
0
335.06698311825124 380.937135709785
0.25 0.25 0.25 0.25
38.70155675941426
45.0
296.8609918445644 375.49401546019465
3
286.8785100561354 375.49401546019465
0.25 0.25 0.25 0.25
9.982481788428998
45.0
407.20111132436415 246.27997834003884
0
407.20111132436415 235.66235106551636
0.25 0.25 0.25 0.25
10.61762727452249
45.0
221.88021637146062 417.02964665131617
3
186.94050581784222 417.02964665131617
0.25 0.25 0.25 0.25
34.93971055361839
45.0
430.46125929562527 293.33167547802617
1
430.46125929562527 320.37794864339423
0.25 0.25 0.25 0.25
27.04627316536805
45.0
455.0489973119968 154.41802930804545
3
440.5865817309975 154.41802930804545
0.25 0.25 0.25 0.25
14.462415580999272
45.0
288.59599430509684 28.042269809713616
2
336.83639936241036 28.042269809713616
0.25 0.25 0.25 0.25
48.240405057313524
45.0
368.8341760654713 257.00518859769113
2
386.57830886675026 257.00518859769113
0.25 0.25 0.25 0.25
17.74413280127899
45.0
72.6028147433681 470.477662171543
2
113.06303824398475 470.477662171543
0.25 0.25 0.25 0.25
40.46022350061665
45.0
496.6796954776641 443.5788872146813
3
463.25121981153256 443.5788872146813
0.25 0.25 0.25 0.25
40.06908471080334
45.0
186.9113168948283 194.7393070957586
2
214.03055986637423 194.7393070957586
0.25 0.25 0.25 0.25
27.11924297154592
45.0
40.45376631690482 401.4591644538526
2
1.9416844398605662 401.4591644538526
0.25 0.25 0.25 0.25
42.395450756765385
45.0
166.43030299282063 379.60350198311914
3
155.48169236525072 379.60350198311914
0.25 0.25 0.25 0.25
10.948610627569893
45.0
