58657
418.1118509949173 88.17701269386089
1
418.1118509949173 79.26420935088731
0.25 0.25 0.25 0.25
167.4412220447482
45.0
215.273893647333 300.50425972033946
3
90.4033337152934 300.50425972033946
0.25 0.25 0.25 0.25
124.87055993203961
45.0
287.88393043863476 169.0333645980962
1
287.88393043863476 264.22454400792935
0.25 0.25 0.25 0.25
95.19117940983315
45.0
452.51900368740314 488.0659657294397
0
452.51900368740314 381.0224784220251
0.25 0.25 0.25 0.25
107.04348730741462
45.0
448.7584759400396 414.2571195599604
3
295.15719622237737 414.2571195599604
0.25 0.25 0.25 0.25
153.60127971766227
45.0
130.07212917342565 337.6990028811181
2
279.0897961333169 337.6990028811181
0.25 0.25 0.25 0.25
149.01766695989124
45.0
49.283658202883146 30.256064140457113
2
115.87978824372689 30.256064140457113
0.25 0.25 0.25 0.25
165.16344644661004
45.0
92.99534546634267 429.9409609203441
2
195.20219970481077 429.9409609203441
0.25 0.25 0.25 0.25
102.2068542384681
45.0
239.16893097993756 173.5453755906525
2
376.5552396272981 173.5453755906525
0.25 0.25 0.25 0.25
137.38630864736052
45.0
43.09854624035671 386.1687594568366
0
43.09854624035671 453.01860116871705
0.25 0.25 0.25 0.25
160.81263937444638
45.0
194.03129486171082 254.42421571774844
3
81.55827326415303 254.42421571774844
0.25 0.25 0.25 0.25
112.4730215975578
45.0
143.14086282294102 425.12239664592676
0
143.14086282294102 265.83285229516844
0.25 0.25 0.25 0.25
159.28954435075832
45.0
470.4477481404076 87.66720810773516
1
470.4477481404076 182.3282882804391
0.25 0.25 0.25 0.25
94.66108017270393
45.0
32.38340195194908 84.50485823123923
1
32.38340195194908 174.31490993346506
0.25 0.25 0.25 0.25
89.81005170222583
45.0
4.476756353758759 0.2345514680856411
2
109.80908397386303 0.2345514680856411
0.25 0.25 0.25 0.25
114.28584032762178
45.0
191.95725106842633 128.59178468608786
1
191.95725106842633 37.83369075361077
0.25 0.25 0.25 0.25
166.42547543969863
45.0
105.13356085016623 374.99334976816334
2
198.71015089029413 374.99334976816334
0.25 0.25 0.25 0.25
93.5765900401279
45.0
297.60911996816606 435.8445532182434
2
410.2302142875104 435.8445532182434
0.25 0.25 0.25 0.25
112.6210943193444
45.0
422.01525905892663 175.13882260503624
3
288.3932873928244 175.13882260503624
0.25 0.25 0.25 0.25
133.62197166610224
45.0
250.93882032896343 161.1548211404179
2
423.86822660538144 161.1548211404179
0.25 0.25 0.25 0.25
172.929406276418
45.0
116.1031521576794 311.44659433785165
0
116.1031521576794 263.4114548670311
0.25 0.25 0.25 0.25
48.03513947082053
45.0
423.29456780407634 193.92460080034152
3
407.673585805661 193.92460080034152
0.25 0.25 0.25 0.25
15.620981998415374
45.0
263.335404504521 242.8297356115616
0
263.335404504521 198.12889624822583
0.25 0.25 0.25 0.25
44.70083936333577
45.0
289.1294412229872 180.41056202691442
3
263.16697164643756 180.41056202691442
0.25 0.25 0.25 0.25
25.96246957654965
45.0
305.33103964657926 234.35054528852305
1
305.33103964657926 266.38809845566345
0.25 0.25 0.25 0.25
32.037553167140416
45.0
34.59662864053395 297.93658579037344
3
18.793476052351117 297.93658579037344
0.25 0.25 0.25 0.25
15.803152588182833
45.0
346.388246159147 64.89540920046879
3
307.0032665939834 64.89540920046879
0.25 0.25 0.25 0.25
39.38497956516356
45.0
411.87443455351917 393.34639936915073
1
411.87443455351917 418.1965561228263
0.25 0.25 0.25 0.25
24.850156753675545
45.0
312.48618698462167 361.70587704831723
2
341.05575293822676 361.70587704831723
0.25 0.25 0.25 0.25
28.569565953605107
45.0
261.6845124430481 392.57571203530006
0
261.6845124430481 344.5866085479512
0.25 0.25 0.25 0.25
47.98910348734886
45.0
204.1105270866649 242.92775375982697
0
204.1105270866649 229.67575176875317
0.25 0.25 0.25 0.25
13.252001991073808
45.0
365.002927994373 439.0309508716655
0
365.002927994373 425.9750473500597
0.25 0.25 0.25 0.25
13.05590352160577
45.0
428.46837414658165 78.88286454349353
0
428.46837414658165 64.97351934096959
0.25 0.25 0.25 0.25
13.909345202523943
45.0
386.1733143152585 285.2255588374041
2
401.06831083107363 285.2255588374041
0.25 0.25 0.25 0.25
14.894996515815118
45.0
51.4109679278837 457.81941199032815
3
21.116646840282613 457.81941199032815
0.25 0.25 0.25 0.25
30.29432108760109
45.0
180.26075608059426 130.00636791898802
1
180.26075608059426 168.70792467840226
0.25 0.25 0.25 0.25
38.70155675941426
45.0
62.50835253887962 75.46948617620939
0
62.50835253887962 65.48700438778039
0.25 0.25 0.25 0.25
9.982481788428998
45.0
483.46753844090836 284.6013853860853
1
483.46753844090836 295.2190126606078
0.25 0.25 0.25 0.25
10.61762727452249
45.0
326.6993480323158 137.1906145953963
0
326.6993480323158 102.25090404177791
0.25 0.25 0.25 0.25
34.93971055361839
45.0
188.46901504454905 212.90496310054016
2
215.51528820991712 212.90496310054016
0.25 0.25 0.25 0.25
27.04627316536805
45.0
299.08993781101543 299.0421851180382
3
284.62752223001615 299.0421851180382
0.25 0.25 0.25 0.25
14.462415580999272
45.0
228.99995512176793 436.10890291836733
0
228.99995512176793 387.8684978610538
0.25 0.25 0.25 0.25
48.240405057313524
45.0
304.1862079887326 268.420758270593
3
286.4420751874536 268.420758270593
0.25 0.25 0.25 0.25
17.74413280127899
45.0
245.94929626125074 72.95429180625806
2
286.4095197618674 72.95429180625806
0.25 0.25 0.25 0.25
40.46022350061665
45.0
62.56037270349918 485.375089695568
0
62.56037270349918 474.5558255936287
0.25 0.25 0.25 0.25
40.06908471080334
45.0
185.93410481241602 198.15129704295782
3
158.8148618408701 198.15129704295782
0.25 0.25 0.25 0.25
27.11924297154592
45.0
164.10967303489565 12.418339383458303
2
206.50512379166105 12.418339383458303
0.25 0.25 0.25 0.25
42.395450756765385
45.0
479.5377240338035 226.32295319714046
1
479.5377240338035 237.27156382471037
0.25 0.25 0.25 0.25
10.948610627569893
45.0
