58657
97.17140371088851 385.8807986354436
2
70.26981833385969 385.8807986354436
0.25 0.25 0.25 0.25
167.4412220447482
45.0
162.44434777983508 172.52713815725053
1
162.44434777983508 297.39769808929015
0.25 0.25 0.25 0.25
124.87055993203961
45.0
336.95736873380724 353.04027356573033
1
336.95736873380724 448.23145297556346
0.25 0.25 0.25 0.25
95.19117940983315
45.0
474.2637678460602 59.89201649978129
3
367.22028053864557 59.89201649978129
0.25 0.25 0.25 0.25
107.04348730741462
45.0
291.9738325519867 49.73008326341704
2
445.5751122696489 49.73008326341704
0.25 0.25 0.25 0.25
153.60127971766227
45.0
230.73353426777066 16.186661044272
2
379.7512012276619 16.186661044272
0.25 0.25 0.25 0.25
149.01766695989124
45.0
169.99571616576586 186.40018926672732
2
335.1591626123759 186.40018926672732
0.25 0.25 0.25 0.25
165.16344644661004
45.0
115.06388785102372 161.23162212578353
0
115.06388785102372 59.02476788731545
0.25 0.25 0.25 0.25
102.2068542384681
45.0
371.1709333199125 135.2495361221762
3
491.442758032727 135.2495361221762
0.25 0.25 0.25 0.25
137.38630864736052
45.0
420.1639731037304 26.020831159858915
1
420.1639731037304 134.79180821458746
0.25 0.25 0.25 0.25
160.81263937444638
45.0
55.429137089445376 278.93860447378904
2
167.90215868700318 278.93860447378904
0.25 0.25 0.25 0.25
112.4730215975578
45.0
263.96369366947573 150.8060418398602
1
263.96369366947573 8.48350251089812
0.25 0.25 0.25 0.25
159.28954435075832
45.0
446.21311539397254 237.58791431011986
0
446.21311539397254 142.92683413741594
0.25 0.25 0.25 0.25
94.66108017270393
45.0
404.5774252836644 288.3038241867224
0
404.5774252836644 198.49377248449656
0.25 0.25 0.25 0.25
89.81005170222583
45.0
433.0475547156499 256.90969213575386
3
318.7617143880281 256.90969213575386
0.25 0.25 0.25 0.25
114.28584032762178
45.0
137.9994050873545 128.59178468608786
1
137.9994050873545 37.83369075361077
0.25 0.25 0.25 0.25
166.42547543969863
45.0
321.6292313718288 472.74507930889513
3
228.0526413317009 472.74507930889513
0.25 0.25 0.25 0.25
93.5765900401279
45.0
297.609119968166 336.81330777299854
0
297.609119968166 224.19221345365415
0.25 0.25 0.25 0.25
112.6210943193444
45.0
116.80220259701593 36.11807237295113
2
16.819769069086306 36.11807237295113
0.25 0.25 0.25 0.25
133.62197166610224
45.0
371.3390069307509 147.12755375391
1
371.3390069307509 320.056960030328
0.25 0.25 0.25 0.25
172.929406276418
45.0
268.94649945737206 311.4465943378516
1
268.94649945737206 359.4817338086721
0.25 0.25 0.25 0.25
48.03513947082053
45.0
454.536531800907 287.6504927908337
0
454.536531800907 272.02951079241836
0.25 0.25 0.25 0.25
15.620981998415374
45.0
308.0362438678568 164.96582823499975
1
308.0362438678568 209.66666759833552
0.25 0.25 0.25 0.25
44.70083936333577
45.0
16.078589366377813 193.83671811802725
2
9.883880210171839 193.83671811802725
0.25 0.25 0.25 0.25
25.96246957654965
45.0
175.2322578605269 413.2363698729325
2
207.2698110276673 413.2363698729325
0.25 0.25 0.25 0.25
32.037553167140416
45.0
82.00608640508244 401.8035150341523
3
66.20293381689962 401.8035150341523
0.25 0.25 0.25 0.25
15.803152588182833
45.0
196.36750992980075 25.510429635305215
1
196.36750992980075 13.874549929858347
0.25 0.25 0.25 0.25
39.38497956516356
45.0
85.12870051999178 95.14451832504417
3
60.27854376631623 95.14451832504417
0.25 0.25 0.25 0.25
24.850156753675545
45.0
87.5529279896713 304.50155351728546
1
87.5529279896713 333.07111947089055
0.25 0.25 0.25 0.25
28.569565953605107
45.0
74.23921196839396 271.50056355325785
0
74.23921196839396 223.51146006590898
0.25 0.25 0.25 0.25
47.98910348734886
45.0
18.582499211631614 492.03220641869655
0
18.582499211631614 478.7802044276227
0.25 0.25 0.25 0.25
13.252001991073808
45.0
482.5060596888251 77.90061882892053
3
469.4501561672193 77.90061882892053
0.25 0.25 0.25 0.25
13.05590352160577
45.0
442.3777193491056 231.88566177125693
3
428.46837414658165 231.88566177125693
0.25 0.25 0.25 0.25
13.909345202523943
45.0
192.53835960966185 57.35936102634357
3
177.64336309384674 57.35936102634357
0.25 0.25 0.25 0.25
14.894996515815118
45.0
324.3472618254578 360.4146614840654
3
294.0529407378567 360.4146614840654
0.25 0.25 0.25 0.25
30.29432108760109
45.0
245.45636827296255 91.30481115957376
1
245.45636827296255 130.00636791898802
0.25 0.25 0.25 0.25
38.70155675941426
45.0
62.508352538879635 195.25926763735737
3
52.525870750450636 195.25926763735737
0.25 0.25 0.25 0.25
9.982481788428998
45.0
271.1149929504588 29.77833079754575
1
271.1149929504588 40.39595807206824
0.25 0.25 0.25 0.25
10.61762727452249
45.0
200.19211187277563 247.146201494406
0
200.19211187277563 212.2064909407876
0.25 0.25 0.25 0.25
34.93971055361839
45.0
431.17336641424345 483.36769475422074
2
458.2196395796115 483.36769475422074
0.25 0.25 0.25 0.25
27.04627316536805
45.0
53.22887293402772 82.10595140304908
0
53.22887293402772 67.6435358220498
0.25 0.25 0.25 0.25
14.462415580999272
45.0
193.8080562680384 177.96785662312448
3
145.56765121072488 177.96785662312448
0.25 0.25 0.25 0.25
48.240405057313524
45.0
215.46554398233766 33.22949935114984
2
233.20967678361666 33.22949935114984
0.25 0.25 0.25 0.25
17.74413280127899
45.0
84.10840225878408 493.48883720237495
0
84.10840225878408 466.0509392970084
0.25 0.25 0.25 0.25
40.46022350061665
45.0
496.6796954776641 246.6876992008314
3
456.61061076686076 246.6876992008314
0.25 0.25 0.25 0.25
40.06908471080334
45.0
353.03876467130317 45.92188970095546
1
353.03876467130317 73.04113267250138
0.25 0.25 0.25 0.25
27.11924297154592
45.0
259.8448345327582 453.8636651134817
1
259.8448345327582 496.2591158702471
0.25 0.25 0.25 0.25
42.395450756765385
45.0
279.5928421596586 138.73406817658122
2
290.5414527872285 138.73406817658122
0.25 0.25 0.25 0.25
10.948610627569893
45.0
