90324
286.72064350003166 81.6752812051275
1
286.72064350003166 82.79025775859299
0.25 0.25 0.25 0.25
164.4655389637205
45.0
51.640315068057504 397.7719860700338
0
51.640315068057504 456.2929164192601
0.25 0.25 0.25 0.25
145.93509751070607
45.0
279.57405109486035 415.67897195503076
0
279.57405109486035 417.3094758550808
0.25 0.25 0.25 0.25
167.01155218988848
45.0
469.9080464474938 135.5263144862579
3
324.88797884503026 135.5263144862579
0.25 0.25 0.25 0.25
145.02006760246354
45.0
490.68985227500946 356.2092384143044
0
490.68985227500946 237.68187455423413
0.25 0.25 0.25 0.25
118.52736386007031
45.0
468.6170874411662 322.0253491188035
0
468.6170874411662 173.12193457914725
0.25 0.25 0.25 0.25
148.90341453965624
45.0
386.989711253913 226.03610497305394
3
480.9291837936016 226.03610497305394
0.25 0.25 0.25 0.25
132.0811049524854
45.0
410.0538964037188 319.67872052205564
3
241.46072845404046 319.67872052205564
0.25 0.25 0.25 0.25
168.59316794967833
45.0
331.23696613879895 256.5373046804626
2
477.65160673283845 256.5373046804626
0.25 0.25 0.25 0.25
146.4146405940395
45.0
70.61184815460143 379.5413899272495
2
103.83881234375869 379.5413899272495
0.25 0.25 0.25 0.25
174.45066049836012
45.0
443.4729399397013 289.2976651103355
1
443.4729399397013 444.86463989058814
0.25 0.25 0.25 0.25
155.56697478025265
45.0
439.91315920234376 230.01631815784253
0
439.91315920234376 77.11217538115113
0.25 0.25 0.25 0.25
152.9041427766914
45.0
100.15417226468446 224.5402236254476
2
258.53334481502515 224.5402236254476
0.25 0.25 0.25 0.25
158.37917255034068
45.0
112.82915558246975 196.9071562576683
1
112.82915558246975 349.7004281856334
0.25 0.25 0.25 0.25
152.79327192796512
45.0
314.8605839274171 473.3366248135775
0
314.8605839274171 390.43611625521487
0.25 0.25 0.25 0.25
136.22725893120767
45.0
111.70795103654636 382.81752066919586
0
111.70795103654636 285.12855313445436
0.25 0.25 0.25 0.25
97.68896753474151
45.0
131.03407310407178 219.5490968248882
2
297.3932293295286 219.5490968248882
0.25 0.25 0.25 0.25
166.35915622545681
45.0
388.2141573742949 30.51793951094703
1
388.2141573742949 197.7711055118287
0.25 0.25 0.25 0.25
167.25316600088166
45.0
496.90749823162037 247.1419721681875
3
382.76037229631584 247.1419721681875
0.25 0.25 0.25 0.25
114.14712593530456
45.0
320.325674874062 182.24974315136026
3
151.3845193404624 182.24974315136026
0.25 0.25 0.25 0.25
168.94115553359958
45.0
208.70724548731954 35.22395575578638
1
208.70724548731954 48.311717845710035
0.25 0.25 0.25 0.25
13.087762089923654
45.0
429.2825719539344 85.27991055219958
2
444.43623029687274 85.27991055219958
0.25 0.25 0.25 0.25
15.153658342938325
45.0
63.29844789443962 200.7865204010256
0
63.29844789443962 176.81597929745465
0.25 0.25 0.25 0.25
23.97054110357095
45.0
338.1137928662385 421.6735902079454
3
331.4160641035495 421.6735902079454
0.25 0.25 0.25 0.25
6.697728762689015
45.0
320.69197239961267 435.2516204773276
0
320.69197239961267 432.4971638669418
0.25 0.25 0.25 0.25
2.754456610385836
45.0
333.8235956985631 8.456416466898887
2
373.47239612354076 8.456416466898887
0.25 0.25 0.25 0.25
39.64880042497767
45.0
45.1879493924076 192.54473787102592
2
79.88393141274554 192.54473787102592
0.25 0.25 0.25 0.25
34.69598202033794
45.0
87.45224227521598 161.05520747348737
3
73.96072968584127 161.05520747348737
0.25 0.25 0.25 0.25
13.491512589374704
45.0
70.77515049491441 177.40954745553108
2
108.44952629286587 177.40954745553108
0.25 0.25 0.25 0.25
37.674375797951456
45.0
293.99477694572136 137.09768333783495
2
300.6244118522255 137.09768333783495
0.25 0.25 0.25 0.25
6.6296349065041005
45.0
48.91299506934206 318.6520070083471
0
48.91299506934206 300.45407869512906
0.25 0.25 0.25 0.25
18.197928313218053
45.0
339.4793425683661 242.7589344845044
2
345.4182082298793 242.7589344845044
0.25 0.25 0.25 0.25
5.938865661513187
45.0
155.89788441410803 165.63435788482184
0
155.89788441410803 131.4764936275601
0.25 0.25 0.25 0.25
34.157864257261735
45.0
343.0909304657696 57.14005751279072
0
343.0909304657696 25.968329165534
0.25 0.25 0.25 0.25
31.171728347256717
45.0
464.6804205040848 263.98459675081637
0
464.6804205040848 244.50426911576096
0.25 0.25 0.25 0.25
19.480327635055417
45.0
159.31419798143048 383.59039165052246
3
145.85747387697668 383.59039165052246
0.25 0.25 0.25 0.25
13.456724104453793
45.0
117.71305726338653 304.0305916673144
1
117.71305726338653 321.4971986117653
0.25 0.25 0.25 0.25
17.46660694445089
45.0
493.88971650953977 188.51821272488112
3
497.88282361378276 188.51821272488112
0.25 0.25 0.25 0.25
8.227459876677445
45.0
103.28813643190989 299.2901746748743
1
103.28813643190989 319.0887918889026
0.25 0.25 0.25 0.25
19.79861721402832
45.0
266.80559321862995 165.21563504998818
1
266.80559321862995 209.5702826898239
0.25 0.25 0.25 0.25
44.35464763983571
45.0
222.77054631873463 173.23027725223866
3
185.80413682027728 173.23027725223866
0.25 0.25 0.25 0.25
36.96640949845736
45.0
398.31211790356144 209.6192057554825
2
415.8033577448855 209.6192057554825
0.25 0.25 0.25 0.25
17.49123984132407
45.0
480.16313562593155 12.692845664709488
3
498.5067010425285 12.692845664709488
0.25 0.25 0.25 0.25
21.33016333153997
45.0
120.02691499105245 141.5869553286958
3
118.90976874262934 141.5869553286958
0.25 0.25 0.25 0.25
1.117146248423112
45.0
383.5266622046827 498.80923210418825
3
354.1429006504626 498.80923210418825
0.25 0.25 0.25 0.25
29.383761554220094
45.0
228.26083602124808 413.2789323939349
2
272.844083669582 413.2789323939349
0.25 0.25 0.25 0.25
44.58324764833393
45.0
101.64421759950366 10.629565033900306
3
84.85175535686172 10.629565033900306
0.25 0.25 0.25 0.25
16.792462242641946
45.0
200.89326872134487 471.54878172232
2
228.2566563594101 471.54878172232
0.25 0.25 0.25 0.25
27.363387638065234
45.0
