48445
348.86258467476046 98.99701487791174
0.14489577185355398 0.06977768041616551 0.5040964715260765 0.2812300762042039
342.41007891398
45.0
444.8521013811022 349.3215521965715
0.07953926659537852 0.47709156091620997 0.27155435616798224 0.17181481632042925
349.5660894728387
45.0
359.4078490616133 333.9482558755021
0.46056485851408197 0.19819166063928947 0.0034852052591834676 0.33775827558744503
180.98711967852094
45.0
203.69740068021474 342.600402490643
0.23711582783456503 0.2742669658178353 0.18208107688230415 0.3065361294652955
210.21359383421975
45.0
426.5258729590473 225.34294346767547
0.2285829366185052 0.2180610466652902 0.2592928894519829 0.2940631272642218
302.0737227541432
45.0
161.23391779793803 442.92868387041085
0.21303375088258866 0.2910852397407858 0.11365640114152084 0.38222460823510473
273.52495987572075
45.0
145.05109582820887 384.45191752861
0.21793558642137809 0.07504355367405686 0.25167269062585507 0.45534816927871
289.0332734420401
45.0
432.58777195262337 196.144508445837
0.039514516563000965 0.4188565200014478 0.07506691703212337 0.46656204640342797
229.19244634132167
45.0
166.18137813871272 177.56168467029846
0.06688860975824555 0.21515945937280903 0.3986958445048861 0.31925608636405933
347.4339006638235
45.0
341.1853172375217 159.9903613750838
0.03564467311189294 0.12473646373406977 0.38490779285517773 0.45471107029885954
262.6326800639485
45.0
111.5121479696237 78.3363343280248
0.25166832362019775 0.2959032329774254 0.29321235422974545 0.15921608917263153
296.4319391792329
45.0
141.0853982553765 183.12094859662557
0.3039521099719003 0.318025503913842 0.17790605440035426 0.20011633171390342
322.09303493176526
45.0
222.0890001623584 160.3941706595284
0.06490767118423914 0.4602138696820445 0.23920235147524438 0.2356761076584721
298.25569318872806
45.0
22.462876236170985 407.4817168264307
0.1394755532735957 0.47355716950176513 0.13482213772200036 0.2521451395026389
220.64401991181916
45.0
64.76427932077877 130.05437349939882
0.2497050591530492 0.388097966179913 0.18454580018117514 0.1776511744858626
246.39188226349984
45.0
121.34332894867748 213.47578880853754
0.47653546574753985 0.27028079595458965 0.18903335032100776 0.06415038797686269
226.90530038434113
45.0
211.67263243750168 56.851540168455585
0.21583072630807823 0.2714078700603255 0.2423054195530977 0.2704559840784986
226.56171497730716
45.0
295.6137827504848 289.19664329526313
0.06704685062909757 0.32401648741297695 0.06364697255282134 0.5452896894051041
218.34523127008285
45.0
266.33920906677304 436.1795246931175
0.26654214616077865 0.4321657705959068 0.08877403289067338 0.21251805035264132
273.89945407316793
45.0
140.33003414516372 29.2580692949291
0.08209987044566833 0.24235029525335502 0.5283221026171253 0.14722773168385148
241.26530857658133
45.0
357.2682595287782 235.80803608700575
0.23003641566655803 0.2521038999284303 0.47702029885577457 0.040839385549237044
222.72165332952176
45.0
479.12507477891995 470.06294567514544
0.07269681246832198 0.059513405484150655 0.4284994869415207 0.4392902951060067
244.28803534530687
45.0
230.74903524889822 263.094956399999
0.13761068129957435 0.43432477296180155 0.019021072692309553 0.40904347304631455
199.5057184743858
45.0
456.0080954671221 297.91031232424666
0.3889152131376017 0.20716686447287383 0.2012668286223087 0.2026510937672157
308.66040278643743
45.0
181.5859542903057 48.88987497197627
0.2673994711109712 0.39147534305100723 0.3393579260565509 0.0017672597814706982
201.5269801752638
45.0
89.64086050002174 34.67555673889797
0.24389508817034558 0.18524701135618712 0.15739509056307704 0.41346280991039025
315.746999710483
45.0
463.9179296999993 472.79162850838236
0.09471543005904952 0.23798271351516398 0.2456124013353287 0.42168945509045785
261.62519480861255
45.0
135.7957215333936 45.20362693730533
0.35680121117841596 0.4777798842510336 0.029172127181432098 0.1362467773891184
261.6471423324068
45.0
386.2072365315729 370.78066223666895
0.05361113459491366 0.2969201650087781 0.024760748556545028 0.6247079518397632
212.8088846759207
45.0
70.91358001902506 352.25365291059666
0.26330043927004654 0.241935259522502 0.30287966407947314 0.19188463712797826
280.7464201590217
45.0
481.3480622078167 217.48595953245342
0.25066210788997234 0.34490406901012083 0.2567543314877986 0.1476794916121082
297.2402446718744
45.0
426.2342980084989 411.8718428399665
0.2628900548381312 0.1668285958730721 0.1264565760220527 0.4438247732667439
194.40962649167145
45.0
240.6806800400442 318.80785180918724
0.17364199834263402 0.07071882745069986 0.3474396715086897 0.4081995026979764
326.5252925083807
45.0
5.464133406743713 304.1205093023934
0.07585018626773064 0.09793172085604629 0.5160420734382235 0.3101760194379995
219.20246155763624
45.0
53.98725892579864 120.0004454091054
0.2384300570609991 0.41653723434520323 0.3200799592940379 0.024952749299759713
257.77343838190257
45.0
444.7296007039911 269.1602273581756
0.15266415247849918 0.24772498533270654 0.2071490746371808 0.39246178755161354
191.7278127215411
45.0
444.22621333331455 112.5606698448681
0.013923577192306396 0.888369008413536 0.025305390969508956 0.07240202342464859
193.78885155362732
45.0
166.10680774436491 445.88212349216803
0.17719102146744897 0.0997209417093629 0.38094388523689315 0.342144151586295
243.72573030586696
45.0
310.7074364298005 458.0053554641362
0.4988296247954577 0.0004883135038274703 0.32953789914752735 0.1711441625531874
258.9887950760151
45.0
385.87629729142793 406.7779294291505
0.4073515255170014 0.04311573741574572 0.3635001087814137 0.18603262828583922
334.4187679627237
45.0
484.56723994351336 154.28679527679367
0.33042679245938866 0.1725769061487914 0.2747070331452362 0.22228926824658377
232.77024667522787
45.0
480.834894834487 145.39408359196887
0.26435506198017245 0.04115545445535436 0.25224798180550684 0.44224150175896637
257.7681876256108
45.0
382.0611933508153 382.67094192091645
0.5289528190064509 0.05349369945698487 0.3046830251016753 0.11287045643488908
266.0476897405613
45.0
439.69419412920473 193.36708886305087
0.24284822882410106 0.6158245242597417 0.05361761680549974 0.08770963011065752
308.58793429607505
45.0
448.14041772480834 430.55381741422696
0.09043486722602732 0.0626986856818612 0.5991189903293241 0.2477474567627874
342.6565700056502
45.0
108.38742131110189 78.81172004094242
0.22507759733204832 0.5399529558717383 0.03742670467200856 0.1975427421242048
299.08445416521295
45.0
28.488443383080607 362.7416035000558
0.20179502643124042 0.14406041922073612 0.35137202534608897 0.30277252900193447
215.45374001999093
45.0
181.85670212280752 262.06788828499805
0.2926681737439011 0.12237521749386213 0.2909992438855375 0.29395736487669927
195.07442570567218
45.0
