84366
119.1571889608299 21.70185320967039
2
23.083381836098965 21.70185320967039
0.25 0.25 0.25 0.25
142.24057079692886
45.0
341.35204189779495 249.0989871205803
0
341.35204189779495 130.0476575214288
0.25 0.25 0.25 0.25
119.0513295991515
45.0
374.66842734784325 437.28265787665873
3
266.4111022513945 437.28265787665873
0.25 0.25 0.25 0.25
108.25732509644878
45.0
23.205325877333962 376.582369670958
2
102.88244863607059 376.582369670958
0.25 0.25 0.25 0.25
126.08777451340455
45.0
464.8907638025969 214.96211296151023
0
464.8907638025969 58.45568152839314
0.25 0.25 0.25 0.25
156.5064314331171
45.0
121.55158671690799 65.1348539899708
1
121.55158671690799 92.81146468816019
0.25 0.25 0.25 0.25
157.94631867813098
45.0
444.51399234523103 231.982587050864
3
411.05565868223096 231.982587050864
0.25 0.25 0.25 0.25
144.43034897253804
45.0
0.7846671550464066 430.15930139902696
0
0.7846671550464066 274.05329364518786
0.25 0.25 0.25 0.25
156.10600775383907
45.0
441.5265809128474 230.68451655002906
3
431.13790807155397 230.68451655002906
0.25 0.25 0.25 0.25
127.33551101559861
45.0
101.72939149585835 115.96918224986501
2
213.09561798308926 115.96918224986501
0.25 0.25 0.25 0.25
111.3662264872309
45.0
274.60187443056736 225.29512815369708
3
177.86104568410656 225.29512815369708
0.25 0.25 0.25 0.25
96.7408287464608
45.0
2.7873626661161666 114.35139441133782
1
2.7873626661161666 47.80174923979541
0.25 0.25 0.25 0.25
162.15314365113323
45.0
115.26270334601077 7.088418810368012
1
115.26270334601077 117.29986824065907
0.25 0.25 0.25 0.25
124.38828705102708
45.0
493.9288151540529 381.4144258268651
3
351.2002182888431 381.4144258268651
0.25 0.25 0.25 0.25
154.870966557104
45.0
405.88665198852755 119.91450782043682
1
405.88665198852755 42.14190239907566
0.25 0.25 0.25 0.25
162.0564102195125
45.0
484.0762857876215 350.83167072064566
3
353.77322476398297 350.83167072064566
0.25 0.25 0.25 0.25
162.15048944839552
45.0
130.41076461766886 116.75667897855277
2
41.401972277432776 116.75667897855277
0.25 0.25 0.25 0.25
171.81273689510164
45.0
184.77071978913784 266.09140661206925
3
78.73475463529205 266.09140661206925
0.25 0.25 0.25 0.25
106.0359651538458
45.0
193.76574270092817 1.8448115056981464
3
62.26701317414694 1.8448115056981464
0.25 0.25 0.25 0.25
131.49872952678123
45.0
352.85065203947795 7.976237930416431
1
352.85065203947795 111.97481663307506
0.25 0.25 0.25 0.25
103.99857870265863
45.0
490.7783680168053 380.0262169548153
1
490.7783680168053 486.81849369321253
0.25 0.25 0.25 0.25
106.7922767383972
45.0
105.67713119456837 6.833888099661692
1
105.67713119456837 181.7716261866066
0.25 0.25 0.25 0.25
174.9377380869449
45.0
157.48159097155133 248.77627776721533
1
157.48159097155133 386.2245186404125
0.25 0.25 0.25 0.25
137.44824087319716
45.0
12.411454505714744 80.73005529158803
2
144.74826143915524 80.73005529158803
0.25 0.25 0.25 0.25
132.3368069334405
45.0
86.92786917270723 348.32923402322956
2
190.06004581452873 348.32923402322956
0.25 0.25 0.25 0.25
103.1321766418215
45.0
11.978166564078123 217.43244986538
1
11.978166564078123 315.35034197213025
0.25 0.25 0.25 0.25
97.91789210675026
45.0
408.14827860029504 439.7806789741312
2
496.1829991197467 439.7806789741312
0.25 0.25 0.25 0.25
88.03472051945161
45.0
396.9764643415226 198.87581211624098
3
469.3006423726249 198.87581211624098
0.25 0.25 0.25 0.25
133.72289328585254
45.0
269.9537861385902 306.5784549577605
0
269.9537861385902 160.24535550110318
0.25 0.25 0.25 0.25
146.33309945665735
45.0
77.89959894968707 212.69241077714713
3
53.848834418256786 212.69241077714713
0.25 0.25 0.25 0.25
24.050764531430286
45.0
413.28441515716855 77.7580346783315
0
413.28441515716855 73.62914346568601
0.25 0.25 0.25 0.25
4.1288912126454855
45.0
112.82661301081492 302.27524671941984
3
104.2688885810438 302.27524671941984
0.25 0.25 0.25 0.25
8.557724429771135
45.0
290.83411656987397 371.2618626010819
3
269.41822156009664 371.2618626010819
0.25 0.25 0.25 0.25
21.41589500977734
45.0
59.305952832114315 115.22031003369148
2
108.30668565186761 115.22031003369148
0.25 0.25 0.25 0.25
49.000732819753296
45.0
261.11638772432934 117.59995933851022
3
238.58927395899508 117.59995933851022
0.25 0.25 0.25 0.25
22.527113765334267
45.0
182.06057601396657 170.9151114007036
3
166.51930540795996 170.9151114007036
0.25 0.25 0.25 0.25
15.541270606006618
45.0
88.47954366860222 327.24272553485645
1
88.47954366860222 339.4214998969181
0.25 0.25 0.25 0.25
12.178774362061612
45.0
202.45125649867873 433.3577725294107
0
202.45125649867873 407.91204901214354
0.25 0.25 0.25 0.25
25.445723517267147
45.0
471.9479336547196 148.4419646778383
2
496.86291511205144 148.4419646778383
0.25 0.25 0.25 0.25
24.914981457331876
45.0
254.50494924793009 363.9268714867161
3
227.15652421361528 363.9268714867161
0.25 0.25 0.25 0.25
27.348425034314815
45.0
228.52175786818708 217.01907822137707
1
228.52175786818708 234.79735714040805
0.25 0.25 0.25 0.25
17.77827891903097
45.0
469.09880835199033 491.4255009024771
0
469.09880835199033 483.08658624826546
0.25 0.25 0.25 0.25
25.487912849257466
45.0
364.26671174279494 98.29136530522845
2
372.12773968371687 98.29136530522845
0.25 0.25 0.25 0.25
7.861027940921944
45.0
316.95091273724466 302.90686524651693
2
329.84158566721385 302.90686524651693
0.25 0.25 0.25 0.25
12.890672929969178
45.0
302.05416056204 393.8770448174794
1
302.05416056204 431.49682716790124
0.25 0.25 0.25 0.25
37.61978235042186
45.0
3.204889409897447 209.95344360999582
2
16.994699484990193 209.95344360999582
0.25 0.25 0.25 0.25
13.789810075092745
45.0
65.19947856117292 148.01351957669357
1
65.19947856117292 161.32540645691432
0.25 0.25 0.25 0.25
13.311886880220758
45.0
217.13244805292317 270.5370442138776
0
217.13244805292317 248.57133459758575
0.25 0.25 0.25 0.25
21.965709616291868
45.0
