84366
441.17308538388966 396.3878503381203
0
441.17308538388966 461.37157886495083
0.25 0.25 0.25 0.25
142.24057079692886
45.0
150.83874590628 177.63702072821684
0
150.83874590628 58.58569112906534
0.25 0.25 0.25 0.25
119.0513295991515
45.0
209.5219254188678 277.6571845162879
0
209.5219254188678 169.39985941983912
0.25 0.25 0.25 0.25
108.25732509644878
45.0
472.4435760690478 224.38800683584412
3
401.46864941754757 224.38800683584412
0.25 0.25 0.25 0.25
126.08777451340455
45.0
316.59013822922657 275.9235243628077
2
473.09656966234365 275.9235243628077
0.25 0.25 0.25 0.25
156.5064314331171
45.0
298.9852265017822 147.0936623883515
1
298.9852265017822 305.0399810664825
0.25 0.25 0.25 0.25
157.94631867813098
45.0
322.10852898822543 345.73880883928814
0
322.10852898822543 201.3084598667501
0.25 0.25 0.25 0.25
144.43034897253804
45.0
159.9290924759422 443.11279164704194
0
159.9290924759422 287.00678389320285
0.25 0.25 0.25 0.25
156.10600775383907
45.0
285.11830893116644 320.6518513160499
3
157.7827979155678 320.6518513160499
0.25 0.25 0.25 0.25
127.33551101559861
45.0
101.72939149585835 331.7917620841368
0
101.72939149585835 220.4255355969059
0.25 0.25 0.25 0.25
111.3662264872309
45.0
16.654920668530053 323.5924406493908
0
16.654920668530053 226.85161190293002
0.25 0.25 0.25 0.25
96.7408287464608
45.0
3.1210475741867754 60.18911822493635
2
165.27419122532 60.18911822493635
0.25 0.25 0.25 0.25
162.15314365113323
45.0
128.62016716426 97.72505387352555
1
128.62016716426 26.663233177501525
0.25 0.25 0.25 0.25
124.38828705102708
45.0
42.638480725092904 226.54345926976112
0
42.638480725092904 71.67249271265712
0.25 0.25 0.25 0.25
154.870966557104
45.0
187.01591152367223 476.90087756980097
0
187.01591152367223 361.04271221068655
0.25 0.25 0.25 0.25
162.0564102195125
45.0
2.807072966930548 244.0080508630482
0
2.807072966930548 81.85756141465268
0.25 0.25 0.25 0.25
162.15048944839552
45.0
23.97134223538012 385.18351869897936
2
195.78407913048176 385.18351869897936
0.25 0.25 0.25 0.25
171.81273689510164
45.0
139.09440617374997 297.08438230438725
1
139.09440617374997 403.120347458233
0.25 0.25 0.25 0.25
106.0359651538458
45.0
481.233980870459 209.1628113336145
1
481.233980870459 340.66154086039575
0.25 0.25 0.25 0.25
131.49872952678123
45.0
496.83501776872276 111.98112314934257
3
392.83643906606414 111.98112314934257
0.25 0.25 0.25 0.25
103.99857870265863
45.0
305.4533298312784 273.2339402164181
2
412.2456065696756 273.2339402164181
0.25 0.25 0.25 0.25
106.7922767383972
45.0
416.64560654406284 142.04539746534672
3
408.4166553689922 142.04539746534672
0.25 0.25 0.25 0.25
174.9377380869449
45.0
394.5157588303258 400.60261271115064
0
394.5157588303258 263.1543718379535
0.25 0.25 0.25 0.25
137.44824087319716
45.0
144.74826143915527 212.74222204603143
3
12.411454505714772 212.74222204603143
0.25 0.25 0.25 0.25
132.3368069334405
45.0
271.03733342531166 254.3639347685845
2
374.16951006713316 254.3639347685845
0.25 0.25 0.25 0.25
103.1321766418215
45.0
11.978166564078123 273.7081841071355
2
85.93972554267214 273.7081841071355
0.25 0.25 0.25 0.25
97.91789210675026
45.0
496.1829991197467 88.42764414257852
1
496.1829991197467 176.46236466203013
0.25 0.25 0.25 0.25
88.03472051945161
45.0
393.67409679801654 202.29286774131663
0
393.67409679801654 68.56997445546409
0.25 0.25 0.25 0.25
133.72289328585254
45.0
50.28267581507987 184.57705169770463
0
50.28267581507987 38.24395224104728
0.25 0.25 0.25 0.25
146.33309945665735
45.0
318.40724426398987 99.96752813144658
0
318.40724426398987 75.9167636000163
0.25 0.25 0.25 0.25
24.050764531430286
45.0
438.05776243304155 123.17583801743183
3
433.92887122039605 123.17583801743183
0.25 0.25 0.25 0.25
4.1288912126454855
45.0
18.69164428333248 336.50614443850446
3
10.133919853561345 336.50614443850446
0.25 0.25 0.25 0.25
8.557724429771135
45.0
98.09106148187797 71.43933246419921
2
119.50695649165532 71.43933246419921
0.25 0.25 0.25 0.25
21.41589500977734
45.0
136.6969784468988 443.7730945885288
1
136.6969784468988 492.7738274082821
0.25 0.25 0.25 0.25
49.000732819753296
45.0
418.8061840816692 242.83386090683803
3
396.2790703163349 242.83386090683803
0.25 0.25 0.25 0.25
22.527113765334267
45.0
190.9299185301922 274.3453244271728
2
206.4711891361988 274.3453244271728
0.25 0.25 0.25 0.25
15.541270606006618
45.0
400.0119331248096 490.0756590342191
3
387.833158762748 490.0756590342191
0.25 0.25 0.25 0.25
12.178774362061612
45.0
382.8003843984656 312.1849922979179
0
382.8003843984656 286.7392687806508
0.25 0.25 0.25 0.25
25.445723517267147
45.0
403.4771590586211 399.68762738346277
3
378.56217760128925 399.68762738346277
0.25 0.25 0.25 0.25
24.914981457331876
45.0
473.2923495224485 444.6341532730803
1
473.2923495224485 471.9825783073951
0.25 0.25 0.25 0.25
27.348425034314815
45.0
228.52175786818708 120.76822124021136
3
210.7434789491561 120.76822124021136
0.25 0.25 0.25 0.25
17.77827891903097
45.0
469.09880835199033 126.25580635866112
1
469.09880835199033 151.7437192079186
0.25 0.25 0.25 0.25
25.487912849257466
45.0
435.0159632110923 231.87180821349335
3
427.15493527017037 231.87180821349335
0.25 0.25 0.25 0.25
7.861027940921944
45.0
407.18562324702896 199.78148180676345
3
394.2949503170598 199.78148180676345
0.25 0.25 0.25 0.25
12.890672929969178
45.0
339.67394291246194 79.44600227661451
3
302.05416056204007 79.44600227661451
0.25 0.25 0.25 0.25
37.61978235042186
45.0
292.79090098684526 486.67073473796347
0
292.79090098684526 472.8809246628707
0.25 0.25 0.25 0.25
13.789810075092745
45.0
360.78090160589124 108.0778589360313
0
360.78090160589124 94.76597205581055
0.25 0.25 0.25 0.25
13.311886880220758
45.0
382.4354826338324 292.50275383016947
0
382.4354826338324 270.5370442138776
0.25 0.25 0.25 0.25
21.965709616291868
45.0
