84366
265.7137641792567 34.64986647416424
3
123.47319338232785 34.64986647416424
0.25 0.25 0.25 0.25
142.24057079692886
45.0
301.49396930475064 274.6956944828138
0
301.49396930475064 155.6443648836623
0.25 0.25 0.25 0.25
119.0513295991515
45.0
465.7060992917858 181.05619000146856
3
357.448774195337 181.05619000146856
0.25 0.25 0.25 0.25
108.25732509644878
45.0
76.77586031436135 37.38485957178449
2
49.3119141990432 37.38485957178449
0.25 0.25 0.25 0.25
126.08777451340455
45.0
344.0191961337639 440.63576165567156
3
499.474372433119 440.63576165567156
0.25 0.25 0.25 0.25
156.5064314331171
45.0
70.20955367018246 357.3620689976966
0
70.20955367018246 484.6916123241724
0.25 0.25 0.25 0.25
157.94631867813098
45.0
444.51399234523103 421.7312997260442
0
444.51399234523103 433.8383513014178
0.25 0.25 0.25 0.25
144.43034897253804
45.0
379.3990537067468 345.76298549301885
3
464.4949385394141 345.76298549301885
0.25 0.25 0.25 0.25
156.10600775383907
45.0
319.03337932282045 391.93509795728176
3
191.69786830722182 391.93509795728176
0.25 0.25 0.25 0.25
127.33551101559861
45.0
104.02542988093654 6.898994147712301
1
104.02542988093654 104.4672323395186
0.25 0.25 0.25 0.25
111.3662264872309
45.0
210.13657816145167 162.70249569186115
1
210.13657816145167 259.44332443832195
0.25 0.25 0.25 0.25
96.7408287464608
45.0
300.3461967832527 168.51367059773884
3
138.19305313211947 168.51367059773884
0.25 0.25 0.25 0.25
162.15314365113323
45.0
123.72646357247663 346.5016279755797
1
123.72646357247663 470.8899150266068
0.25 0.25 0.25 0.25
124.38828705102708
45.0
209.65181697409105 406.26297220100685
0
209.65181697409105 438.86606124188916
0.25 0.25 0.25 0.25
154.870966557104
45.0
325.32360493829765 329.46835164972345
2
487.38001515781013 329.46835164972345
0.25 0.25 0.25 0.25
162.0564102195125
45.0
272.48203483510247 163.14875134353318
0
272.48203483510247 0.9982618951376594
0.25 0.25 0.25 0.25
162.15048944839552
45.0
226.66050050109146 116.756678978553
1
226.66050050109146 55.05605791654864
0.25 0.25 0.25 0.25
171.81273689510164
45.0
471.8856395583574 461.47701154178117
0
471.8856395583574 355.4410463879354
0.25 0.25 0.25 0.25
106.0359651538458
45.0
362.7965104867916 368.18059795867725
1
362.7965104867916 499.6793274854585
0.25 0.25 0.25 0.25
131.49872952678123
45.0
175.2104637462013 487.98965093339086
0
175.2104637462013 383.99107223073224
0.25 0.25 0.25 0.25
103.99857870265863
45.0
14.12975764563376 496.6347450180906
2
120.92203438403097 496.6347450180906
0.25 0.25 0.25 0.25
106.7922767383972
45.0
309.16379832565326 217.7302785089527
2
484.1015364125982 217.7302785089527
0.25 0.25 0.25 0.25
174.9377380869449
45.0
356.65344494270596 210.91396387959549
0
356.65344494270596 73.46572300639832
0.25 0.25 0.25 0.25
137.44824087319716
45.0
233.33850890346454 110.62584728837348
1
233.33850890346454 21.71095964506702
0.25 0.25 0.25 0.25
132.3368069334405
45.0
235.4566723966194 173.38664715780158
2
338.5888490384409 173.38664715780158
0.25 0.25 0.25 0.25
103.1321766418215
45.0
225.49977551441705 386.2596525906466
0
225.49977551441705 288.34176048389634
0.25 0.25 0.25 0.25
97.91789210675026
45.0
352.5461317887373 0.3929236231268476
3
264.51141126928565 0.3929236231268476
0.25 0.25 0.25 0.25
88.03472051945161
45.0
141.21747634539372 16.31702603200796
1
141.21747634539372 117.40586725384458
0.25 0.25 0.25 0.25
133.72289328585254
45.0
315.7215339650878 306.5784549577605
1
315.7215339650878 452.9115544144179
0.25 0.25 0.25 0.25
146.33309945665735
45.0
430.95300010163567 3.7644700057254212
1
430.95300010163567 20.286294525704864
0.25 0.25 0.25 0.25
24.050764531430286
45.0
396.76885030658656 0.6908983619327227
2
400.89774151923206 0.6908983619327227
0.25 0.25 0.25 0.25
4.1288912126454855
45.0
1.5761954237902387 199.58255356216617
1
1.5761954237902387 208.1402779919373
0.25 0.25 0.25 0.25
8.557724429771135
45.0
94.65199360611811 78.47193260424218
0
94.65199360611811 57.05603759446484
0.25 0.25 0.25 0.25
21.41589500977734
45.0
9.680123592573011 100.7679648502558
1
9.680123592573011 149.7686976700091
0.25 0.25 0.25 0.25
49.000732819753296
45.0
54.26320499035036 284.0967500211425
3
31.736091225016093 284.0967500211425
0.25 0.25 0.25 0.25
22.527113765334267
45.0
113.22356550015915 368.2054516346753
3
97.68229489415253 368.2054516346753
0.25 0.25 0.25 0.25
15.541270606006618
45.0
490.3790976166357 307.3940436032946
3
497.44212802130266 307.3940436032946
0.25 0.25 0.25 0.25
12.178774362061612
45.0
177.0055329814116 145.83803101289072
3
151.55980946414445 145.83803101289072
0.25 0.25 0.25 0.25
25.445723517267147
45.0
247.71310053873282 403.0883690901881
2
272.6280819960647 403.0883690901881
0.25 0.25 0.25 0.25
24.914981457331876
45.0
375.79037565483713 418.6237215553457
3
348.44195062052233 418.6237215553457
0.25 0.25 0.25 0.25
27.348425034314815
45.0
192.96520003012512 405.22068394470705
2
210.7434789491561 405.22068394470705
0.25 0.25 0.25 0.25
17.77827891903097
45.0
372.0023156735058 285.15468233316517
0
372.0023156735058 259.66676948390773
0.25 0.25 0.25 0.25
25.487912849257466
45.0
81.26970586960493 349.7872273273224
3
73.40867792868299 349.7872273273224
0.25 0.25 0.25 0.25
7.861027940921944
45.0
407.18562324702896 199.78148180676345
1
407.18562324702896 212.67215473673264
0.25 0.25 0.25 0.25
12.890672929969178
45.0
286.32003710064964 455.64382578083325
1
286.32003710064964 493.2636081312551
0.25 0.25 0.25 0.25
37.61978235042186
45.0
78.81007526713239 252.24396346138656
2
92.59988534222514 252.24396346138656
0.25 0.25 0.25 0.25
13.789810075092745
45.0
306.4219263885899 319.51100521447626
1
306.4219263885899 332.822892094697
0.25 0.25 0.25 0.25
13.311886880220758
45.0
332.0102923543734 226.6056249812939
3
310.04458273808154 226.6056249812939
0.25 0.25 0.25 0.25
21.965709616291868
45.0
