84366
18.767377414601015 392.07184591662235
0
18.767377414601015 249.8312751196935
0.25 0.25 0.25 0.25
142.24057079692886
45.0
468.29050527505285 344.27771353415636
3
349.2391756759014 344.27771353415636
0.25 0.25 0.25 0.25
119.0513295991515
45.0
6.99272477402954 334.54636134881434
2
101.26460032241924 334.54636134881434
0.25 0.25 0.25 0.25
108.25732509644878
45.0
40.60971809180677 475.6684345890701
0
40.60971809180677 349.58066007566555
0.25 0.25 0.25 0.25
126.08777451340455
45.0
431.35841030583674 246.35137547809427
0
431.35841030583674 89.84494404497718
0.25 0.25 0.25 0.25
156.5064314331171
45.0
404.6094572486991 484.6916123241724
0
404.6094572486991 326.74529364604143
0.25 0.25 0.25 0.25
157.94631867813098
45.0
433.08054429776337 422.8259084936516
0
433.08054429776337 278.39555952111357
0.25 0.25 0.25 0.25
144.43034897253804
45.0
125.94323979888466 316.38488469311085
0
125.94323979888466 160.27887693927178
0.25 0.25 0.25 0.25
156.10600775383907
45.0
210.38195643201078 391.93509795728176
2
337.7174674476094 391.93509795728176
0.25 0.25 0.25 0.25
127.33551101559861
45.0
431.2359941873947 227.33540873709592
0
431.2359941873947 115.96918224986501
0.25 0.25 0.25 0.25
111.3662264872309
45.0
435.1756393300502 256.852531829374
3
468.083531923489 256.852531829374
0.25 0.25 0.25 0.25
96.7408287464608
45.0
186.11323417014677 141.43253250453853
1
186.11323417014677 303.58567615567176
0.25 0.25 0.25 0.25
162.15314365113323
45.0
9.12558370501631 102.61875746530893
1
9.12558370501631 21.769529585718146
0.25 0.25 0.25 0.25
124.38828705102708
45.0
421.9744189462191 56.55334335974294
1
421.9744189462191 211.42430991684694
0.25 0.25 0.25 0.25
154.870966557104
45.0
273.9133494504855 235.77267317955125
2
435.969759669998 235.77267317955125
0.25 0.25 0.25 0.25
162.0564102195125
45.0
295.26062343896456 485.4532064500489
3
133.11013399056904 485.4532064500489
0.25 0.25 0.25 0.25
162.15048944839552
45.0
116.60060634720924 336.87646728631694
0
116.60060634720924 165.0637303912153
0.25 0.25 0.25 0.25
171.81273689510164
45.0
12.617872595483647 326.0743705417954
2
93.41809255836215 326.0743705417954
0.25 0.25 0.25 0.25
106.0359651538458
45.0
469.82446089760447 288.6717046461459
1
469.82446089760447 420.1704341729271
0.25 0.25 0.25 0.25
131.49872952678123
45.0
439.15219055520515 319.97828055466016
1
439.15219055520515 423.9768592573188
0.25 0.25 0.25 0.25
103.99857870265863
45.0
345.11658192398295 389.8424682796937
3
238.32430518558573 389.8424682796937
0.25 0.25 0.25 0.25
106.7922767383972
45.0
460.5335604128652 106.08674514300063
3
285.59582232592027 106.08674514300063
0.25 0.25 0.25 0.25
174.9377380869449
45.0
480.1006711386209 201.430758739996
3
342.65243026542373 201.430758739996
0.25 0.25 0.25 0.25
137.44824087319716
45.0
71.10590997323865 287.8063422169921
0
71.10590997323865 155.4695352835516
0.25 0.25 0.25 0.25
132.3368069334405
45.0
114.42850133423656 342.27423605130593
0
114.42850133423656 239.14205940948443
0.25 0.25 0.25 0.25
103.1321766418215
45.0
382.8286560585818 278.3445132241078
0
382.8286560585818 180.42662111735754
0.25 0.25 0.25 0.25
97.91789210675026
45.0
288.4954837948112 38.04465300155027
2
376.53020431426285 38.04465300155027
0.25 0.25 0.25 0.25
88.03472051945161
45.0
65.59093077078529 481.4254528885979
2
199.31382405663783 481.4254528885979
0.25 0.25 0.25 0.25
133.72289328585254
45.0
242.38352309823483 181.08423580541444
3
96.05042364157748 181.08423580541444
0.25 0.25 0.25 0.25
146.33309945665735
45.0
310.69917744448435 381.04776249715906
0
310.69917744448435 356.9969979657288
0.25 0.25 0.25 0.25
24.050764531430286
45.0
334.8354821169041 132.81541716658825
1
334.8354821169041 136.94430837923375
0.25 0.25 0.25 0.25
4.1288912126454855
45.0
58.3278755846077 233.81345128125068
1
58.3278755846077 242.3711757110218
0.25 0.25 0.25 0.25
8.557724429771135
45.0
419.32948662853795 271.21498769223825
1
419.32948662853795 292.6308827020156
0.25 0.25 0.25 0.25
21.41589500977734
45.0
10.305220012361048 46.23423360900398
1
10.305220012361048 2.7664992107493163
0.25 0.25 0.25 0.25
49.000732819753296
45.0
486.387525377672 8.755728928202949
1
486.387525377672 13.771384837131318
0.25 0.25 0.25 0.25
22.527113765334267
45.0
315.26008337824504 445.29930109324545
0
315.26008337824504 429.75803048723884
0.25 0.25 0.25 0.25
15.541270606006618
45.0
351.2968356765631 331.7515923274179
3
339.11806131450146 331.7515923274179
0.25 0.25 0.25 0.25
12.178774362061612
45.0
362.74238042886304 32.28203360797927
0
362.74238042886304 6.836310090712125
0.25 0.25 0.25 0.25
25.445723517267147
45.0
129.41236302797063 98.61200176317456
1
129.41236302797063 123.52698322050644
0.25 0.25 0.25 0.25
24.914981457331876
45.0
323.37694896770006 471.9825783073951
0
323.37694896770006 444.6341532730803
0.25 0.25 0.25 0.25
27.348425034314815
45.0
162.6003783504943 185.87890091758038
2
180.3786572695253 185.87890091758038
0.25 0.25 0.25 0.25
17.77827891903097
45.0
346.51440282424835 285.1546823331651
2
372.0023156735058 285.1546823331651
0.25 0.25 0.25 0.25
25.487912849257466
45.0
136.29690145605858 318.3431155636347
1
136.29690145605858 326.2041435045566
0.25 0.25 0.25 0.25
7.861027940921944
45.0
432.9669691069673 45.14130386265096
2
445.8576420369365 45.14130386265096
0.25 0.25 0.25 0.25
12.890672929969178
45.0
345.82547834010296 393.87704481747926
3
308.2056959896811 393.87704481747926
0.25 0.25 0.25 0.25
37.61978235042186
45.0
23.650834966761394 458.1700249616655
0
23.650834966761394 444.38021488657273
0.25 0.25 0.25 0.25
13.789810075092745
45.0
306.4219263885899 332.822892094697
1
306.4219263885899 346.13477897491777
0.25 0.25 0.25 0.25
13.311886880220758
45.0
332.01029235437346 146.8114384956678
1
332.01029235437346 168.77714811195966
0.25 0.25 0.25 0.25
21.965709616291868
45.0
