97931
265.3265612778625 194.32327074128978
0
265.3265612778625 80.64201790720148
0.25 0.25 0.25 0.25
113.6812528340883
45.0
471.9734167593225 165.9216509105674
0
471.9734167593225 71.69547904083151
0.25 0.25 0.25 0.25
94.22617186973588
45.0
213.55512193666368 471.8803973974867
2
318.70665577356544 471.8803973974867
0.25 0.25 0.25 0.25
105.15153383690178
45.0
48.2630668707652 211.7537219521178
2
66.16609024266987 211.7537219521178
0.25 0.25 0.25 0.25
17.903023371904663
45.0
409.0304923448054 373.4365721789568
3
382.50737785492174 373.4365721789568
0.25 0.25 0.25 0.25
26.523114489883664
45.0
330.07947502531675 305.4297171782622
3
285.1412254877555 305.4297171782622
0.25 0.25 0.25 0.25
44.93824953756128
45.0
476.14257968095376 289.91917130976594
3
426.8073318058469 289.91917130976594
0.25 0.25 0.25 0.25
49.33524787510684
45.0
163.8224937947467 38.290125716589145
2
169.86305227833944 38.290125716589145
0.25 0.25 0.25 0.25
6.040558483592751
45.0
173.7163646639017 471.31256557770115
2
190.03741289686408 471.31256557770115
0.25 0.25 0.25 0.25
16.321048232962394
45.0
13.093387059730844 93.78559569883639
1
13.093387059730844 132.11086703330704
0.25 0.25 0.25 0.25
38.325271334470656
45.0
161.8689538004966 273.80305880014896
2
173.10520735495223 273.80305880014896
0.25 0.25 0.25 0.25
11.236253554455617
45.0
329.0615784061101 64.40243770348764
3
304.280761650574 64.40243770348764
0.25 0.25 0.25 0.25
24.78081675553608
45.0
15.951611544330788 317.38343109922494
2
33.696446742365566 317.38343109922494
0.25 0.25 0.25 0.25
49.648058286696354
45.0
281.0124279278882 411.4347714697084
3
240.1890214182197 411.4347714697084
0.25 0.25 0.25 0.25
40.82340650966851
45.0
341.2702925942622 123.55506410662548
0
341.2702925942622 106.89523199240179
0.25 0.25 0.25 0.25
16.659832114223683
45.0
449.1766646530588 404.6001402785155
3
430.9024585454369 404.6001402785155
0.25 0.25 0.25 0.25
18.274206107621943
45.0
23.49430162271957 62.51630084864678
0
23.49430162271957 25.701430381564215
0.25 0.25 0.25 0.25
36.814870467082564
45.0
222.29769900960503 425.25736119109274
1
222.29769900960503 447.08260367323027
0.25 0.25 0.25 0.25
21.825242482137526
45.0
39.02573754370489 394.7107419129742
2
82.25737460394058 394.7107419129742
0.25 0.25 0.25 0.25
43.231637060235684
45.0
337.7740190594029 497.94540692322744
3
318.8686582039343 497.94540692322744
0.25 0.25 0.25 0.25
18.905360855468643
45.0
426.16205591362035 447.2395727507597
0
426.16205591362035 442.38864907287467
0.25 0.25 0.25 0.25
4.850923677885016
45.0
139.3459901126596 222.462518957042
3
116.5109759138451 222.462518957042
0.25 0.25 0.25 0.25
22.835014198814484
45.0
259.30172100614396 108.18127558506464
3
254.1020243049509 108.18127558506464
0.25 0.25 0.25 0.25
5.199696701193068
45.0
324.04538694496125 42.561658991323824
0
324.04538694496125 24.46860679060203
0.25 0.25 0.25 0.25
18.093052200721793
45.0
85.25368971306526 135.11100096369498
1
85.25368971306526 162.12226037949313
0.25 0.25 0.25 0.25
27.01125941579815
45.0
24.301757335015395 340.0461212857719
1
24.301757335015395 379.8963681156763
0.25 0.25 0.25 0.25
39.85024682990439
45.0
218.20584080410953 364.00796107469046
3
182.70693736499481 364.00796107469046
0.25 0.25 0.25 0.25
35.498903439114706
45.0
124.91830369632709 416.8821293039044
0
124.91830369632709 390.2187262207712
0.25 0.25 0.25 0.25
26.66340308313317
45.0
262.866083243896 179.63172733551934
0
262.866083243896 152.82550637960722
0.25 0.25 0.25 0.25
26.806220955912114
45.0
301.5645949618188 359.3060710937807
3
288.8398813993474 359.3060710937807
0.25 0.25 0.25 0.25
12.724713562471408
45.0
269.56356735558523 342.1578832817778
1
269.56356735558523 386.66191833281493
0.25 0.25 0.25 0.25
44.50403505103714
45.0
220.78107874636584 412.9382663309812
3
208.48014919291154 412.9382663309812
0.25 0.25 0.25 0.25
12.30092955345431
45.0
321.0114404808102 228.85888478233875
0
321.0114404808102 204.05894376603464
0.25 0.25 0.25 0.25
24.799941016304118
45.0
10.472078611606877 215.00199916279334
0
10.472078611606877 202.4999778454638
0.25 0.25 0.25 0.25
12.502021317329548
45.0
181.11616268530057 385.86251695389524
1
181.11616268530057 414.07034593954586
0.25 0.25 0.25 0.25
28.20782898565065
45.0
374.87284346588825 126.98877210877768
3
337.720506272472 126.98877210877768
0.25 0.25 0.25 0.25
37.15233719341625
45.0
24.31202079252671 343.26342688582906
2
13.74353434473332 343.26342688582906
0.25 0.25 0.25 0.25
38.05555513726003
45.0
210.94738143459645 188.44352724411823
2
259.39592377305564 188.44352724411823
0.25 0.25 0.25 0.25
48.4485423384592
45.0
246.01919942331725 235.5050656009129
2
285.0686047172012 235.5050656009129
0.25 0.25 0.25 0.25
39.04940529388396
45.0
438.16785749618424 354.2676171224875
2
457.9198304788502 354.2676171224875
0.25 0.25 0.25 0.25
19.751972982665972
45.0
67.46108028870927 233.00279600739657
3
36.40420514602049 233.00279600739657
0.25 0.25 0.25 0.25
31.056875142688785
45.0
55.73374040852397 114.75555207461487
1
55.73374040852397 158.78572554030075
0.25 0.25 0.25 0.25
44.03017346568588
45.0
186.99012428319753 475.33135421062786
0
186.99012428319753 427.3470826118317
0.25 0.25 0.25 0.25
47.98427159879616
45.0
401.2013095455478 44.52236006824798
3
378.0266307163613 44.52236006824798
0.25 0.25 0.25 0.25
23.1746788291865
45.0
224.71948819643683 201.8871360802188
1
224.71948819643683 227.3342371212443
0.25 0.25 0.25 0.25
25.447101041025533
45.0
285.1714895864587 378.69183708520086
2
323.4542011363667 378.69183708520086
0.25 0.25 0.25 0.25
38.28271154990803
45.0
99.99258925033831 309.86809382597744
2
122.70014926925748 309.86809382597744
0.25 0.25 0.25 0.25
22.70756001891916
45.0
30.154535870561205 127.27827544445861
2
56.424130142934246 127.27827544445861
0.25 0.25 0.25 0.25
26.26959427237304
45.0
