46277
164.66389222943235 282.34447831206137
3
69.793040874805 282.34447831206137
0.25 0.25 0.25 0.25
94.87085135462735
45.0
338.9178947309175 276.6608913337966
2
451.6959008314366 276.6608913337966
0.25 0.25 0.25 0.25
112.77800610051904
45.0
185.1118598265078 8.124973695915685
3
24.472791311864114 8.124973695915685
0.25 0.25 0.25 0.25
160.6390685146437
45.0
179.35902882027403 489.17793184569643
0
179.35902882027403 327.4939115972575
0.25 0.25 0.25 0.25
161.6840202484389
45.0
446.01997062570763 90.57954467825732
3
453.7332883699655 90.57954467825732
0.25 0.25 0.25 0.25
100.24674100432685
45.0
323.3637809907134 323.9898987388409
3
185.0069538238133 323.9898987388409
0.25 0.25 0.25 0.25
138.3568271669001
45.0
397.2210897008167 275.25048262831575
3
259.16968488839353 275.25048262831575
0.25 0.25 0.25 0.25
138.0514048124232
45.0
96.23432823077184 97.11707678535328
2
209.38296730393483 97.11707678535328
0.25 0.25 0.25 0.25
113.148639073163
45.0
104.5853796114275 206.69586444043307
0
104.5853796114275 55.141997419090245
0.25 0.25 0.25 0.25
151.55386702134282
45.0
403.9501939652647 495.8268066666109
3
462.9786117114277 495.8268066666109
0.25 0.25 0.25 0.25
133.07119432330762
45.0
394.6170245471949 383.6442431240936
0
394.6170245471949 358.42637094506057
0.25 0.25 0.25 0.25
25.21787217903303
45.0
346.3630480881912 218.66034558551866
0
346.3630480881912 194.28157066153324
0.25 0.25 0.25 0.25
24.378774923985414
45.0
39.697476120657356 437.82273730312585
3
28.957506808061414 437.82273730312585
0.25 0.25 0.25 0.25
10.739969312595942
45.0
413.6708104941754 182.57510141931806
2
414.4356939732471 182.57510141931806
0.25 0.25 0.25 0.25
0.7648834790717152
45.0
382.85116082760175 213.70183000191244
0
382.85116082760175 199.61160959049965
0.25 0.25 0.25 0.25
14.090220411412796
45.0
105.04211870225697 12.207429167192856
1
105.04211870225697 26.1082608424681
0.25 0.25 0.25 0.25
38.315690009660955
45.0
251.51504914826015 465.5455016962229
0
251.51504914826015 437.4192042265529
0.25 0.25 0.25 0.25
28.126297469670043
45.0
165.39372727699458 201.6812586838356
2
206.57689187806744 201.6812586838356
0.25 0.25 0.25 0.25
41.18316460107285
45.0
431.9316878120131 394.85738941006326
3
403.1247933247072 394.85738941006326
0.25 0.25 0.25 0.25
28.80689448730589
45.0
42.791350422278924 106.8558518193532
0
42.791350422278924 92.52551213622698
0.25 0.25 0.25 0.25
14.330339683126226
45.0
346.2893586817518 408.0640958227666
3
333.53186734682583 408.0640958227666
0.25 0.25 0.25 0.25
12.757491334925996
45.0
46.66525181028701 468.89242819356224
3
27.05313840235611 468.89242819356224
0.25 0.25 0.25 0.25
19.6121134079309
45.0
263.05157606304465 144.8319742504175
3
233.0238007276677 144.8319742504175
0.25 0.25 0.25 0.25
30.027775335376962
45.0
443.712476297994 341.86128829616484
3
395.8638058781509 341.86128829616484
0.25 0.25 0.25 0.25
47.84867041984309
45.0
370.1013217676118 282.61510402003944
3
325.35661013728463 282.61510402003944
0.25 0.25 0.25 0.25
44.74471163032715
45.0
339.26204404172654 474.1060910382522
0
339.26204404172654 446.492174609802
0.25 0.25 0.25 0.25
27.613916428450192
45.0
437.1972236396361 263.2104264241672
0
437.1972236396361 231.57047036220467
0.25 0.25 0.25 0.25
31.639956061962536
45.0
461.7843229380492 146.10600384371176
0
461.7843229380492 102.5644783409266
0.25 0.25 0.25 0.25
43.541525502785156
45.0
29.3413536960732 190.08892681210716
2
63.07684388670821 190.08892681210716
0.25 0.25 0.25 0.25
33.73549019063501
45.0
383.8157960003391 66.38753406255645
1
383.8157960003391 74.95816351803911
0.25 0.25 0.25 0.25
8.570629455482665
45.0
312.1406222149055 312.17938908562934
0
312.1406222149055 310.93166076270467
0.25 0.25 0.25 0.25
1.2477283229246738
45.0
356.16786318395975 266.455642081032
3
320.98587814918426 266.455642081032
0.25 0.25 0.25 0.25
35.18198503477552
45.0
136.07777664632584 281.6854882287511
0
136.07777664632584 272.3361502646865
0.25 0.25 0.25 0.25
9.349337964064585
45.0
113.19027436915836 44.013567354641694
1
113.19027436915836 82.76134916145301
0.25 0.25 0.25 0.25
38.74778180681132
45.0
454.86608665779363 388.1241377461557
1
454.86608665779363 426.3192753298604
0.25 0.25 0.25 0.25
38.19513758370465
45.0
152.48384893659062 299.73266734186626
3
109.3405710231932 299.73266734186626
0.25 0.25 0.25 0.25
43.143277913397405
45.0
50.98855324551177 345.7360764344172
0
50.98855324551177 333.2984824364633
0.25 0.25 0.25 0.25
12.437593997953917
45.0
406.65401706285365 372.26441598240723
2
413.3261730440511 372.26441598240723
0.25 0.25 0.25 0.25
6.672155981197431
45.0
115.87935739163046 112.56089939863242
1
115.87935739163046 145.06095827760032
0.25 0.25 0.25 0.25
32.50005887896791
45.0
288.11287526773793 130.36370956190922
0
288.11287526773793 92.87367415376971
0.25 0.25 0.25 0.25
37.49003540813949
45.0
464.10698606113897 431.83710841085616
3
416.418142449171 431.83710841085616
0.25 0.25 0.25 0.25
47.68884361196799
45.0
383.36079293374473 386.5060291740426
3
378.2706357280983 386.5060291740426
0.25 0.25 0.25 0.25
5.09015720564644
45.0
187.58546621401604 181.46298055039776
1
187.58546621401604 195.91123486627112
0.25 0.25 0.25 0.25
14.448254315873365
45.0
364.63882539426936 299.2017738686933
0
364.63882539426936 267.572686716671
0.25 0.25 0.25 0.25
31.62908715202227
45.0
227.59566413961892 283.6138737793643
1
227.59566413961892 289.7049825309478
0.25 0.25 0.25 0.25
6.091108751583474
45.0
272.2480848718089 180.56377400580607
3
232.0220629492282 180.56377400580607
0.25 0.25 0.25 0.25
40.2260219225807
45.0
150.76470196821202 132.702992040288
0
150.76470196821202 105.9655248488113
0.25 0.25 0.25 0.25
26.73746719147669
45.0
75.72892544490867 160.4231145912068
3
50.82522119820198 160.4231145912068
0.25 0.25 0.25 0.25
24.90370424670669
45.0
