46277
397.9849598395879 381.75148117033007
1
397.9849598395879 476.6223325249574
0.25 0.25 0.25 0.25
94.87085135462735
45.0
450.5281479727157 487.21484863016326
0
450.5281479727157 400.0071452693177
0.25 0.25 0.25 0.25
112.77800610051904
45.0
389.32539958774476 44.29056260805356
1
389.32539958774476 116.34850590659013
0.25 0.25 0.25 0.25
160.6390685146437
45.0
335.58891043440923 387.28566861599097
0
335.58891043440923 451.0303111355702
0.25 0.25 0.25 0.25
161.6840202484389
45.0
443.5525605824391 296.007846773448
1
443.5525605824391 396.2545877777749
0.25 0.25 0.25 0.25
100.24674100432685
45.0
273.913725348689 15.728175258358021
1
273.913725348689 154.08500242525812
0.25 0.25 0.25 0.25
138.3568271669001
45.0
434.3519955741267 172.54389812199145
3
427.59659961345005 172.54389812199145
0.25 0.25 0.25 0.25
138.0514048124232
45.0
93.38744659862033 133.7925801022871
0
93.38744659862033 20.643941029124107
0.25 0.25 0.25 0.25
113.148639073163
45.0
78.04582783677202 66.61214087970944
2
73.5080391845708 66.61214087970944
0.25 0.25 0.25 0.25
151.55386702134282
45.0
462.9786117114277 169.0469485839203
3
329.90741738812005 169.0469485839203
0.25 0.25 0.25 0.25
133.07119432330762
45.0
84.52254685443259 196.36681699366608
2
109.74041903346563 196.36681699366608
0.25 0.25 0.25 0.25
25.21787217903303
45.0
385.4704277479692 293.29392781817506
2
409.84920267195463 293.29392781817506
0.25 0.25 0.25 0.25
24.378774923985414
45.0
28.9575068080614 250.71815263159252
3
18.217537495465457 250.71815263159252
0.25 0.25 0.25 0.25
10.739969312595942
45.0
406.0219757034581 200.93230491703952
3
405.2570922243864 200.93230491703952
0.25 0.25 0.25 0.25
0.7648834790717152
45.0
448.06619423544447 419.95243930135445
0
448.06619423544447 405.86221888994163
0.25 0.25 0.25 0.25
14.090220411412796
45.0
296.62056875056174 493.48066045602997
0
296.62056875056174 468.2036495343091
0.25 0.25 0.25 0.25
38.315690009660955
45.0
39.051378299020996 128.02993206018252
0
39.051378299020996 99.90363459051247
0.25 0.25 0.25 0.25
28.126297469670043
45.0
422.77462671227687 398.09114487968725
1
422.77462671227687 439.2743094807601
0.25 0.25 0.25 0.25
41.18316460107285
45.0
115.3993074467989 230.65298225496008
1
115.3993074467989 259.459876742266
0.25 0.25 0.25 0.25
28.80689448730589
45.0
429.71052186668703 108.09924342754019
2
444.04086154981326 108.09924342754019
0.25 0.25 0.25 0.25
14.330339683126226
45.0
448.3492893611597 101.88430378454287
3
435.59179802623373 101.88430378454287
0.25 0.25 0.25 0.25
12.757491334925996
45.0
267.1285627166074 413.4348913588523
3
247.5164493086765 413.4348913588523
0.25 0.25 0.25 0.25
19.6121134079309
45.0
256.50401857092356 395.66798178636793
0
256.50401857092356 365.64020645099095
0.25 0.25 0.25 0.25
30.027775335376962
45.0
481.91698908442766 485.40729955569407
0
481.91698908442766 437.558629135851
0.25 0.25 0.25 0.25
47.84867041984309
45.0
495.66454334140667 163.9973132618605
3
450.9198317110795 163.9973132618605
0.25 0.25 0.25 0.25
44.74471163032715
45.0
412.2127081022218 59.897344611499435
3
384.59879167377164 59.897344611499435
0.25 0.25 0.25 0.25
27.613916428450192
45.0
373.917311515711 179.74895844330837
0
373.917311515711 148.10900238134582
0.25 0.25 0.25 0.25
31.639956061962536
45.0
452.587712620439 102.5644783409266
0
452.587712620439 59.02295283814144
0.25 0.25 0.25 0.25
43.541525502785156
45.0
476.6909991634519 223.82441700274217
3
489.5735106459131 223.82441700274217
0.25 0.25 0.25 0.25
33.73549019063501
45.0
426.6689432777525 45.0306488587182
2
435.23957273323515 45.0306488587182
0.25 0.25 0.25 0.25
8.570629455482665
45.0
288.4337840793367 310.93166076270467
0
288.4337840793367 309.68393243978
0.25 0.25 0.25 0.25
1.2477283229246738
45.0
80.9203762596322 155.72817833627425
0
80.9203762596322 120.54619330149873
0.25 0.25 0.25 0.25
35.18198503477552
45.0
61.28307293380914 375.17886786939715
3
51.93373496974455 375.17886786939715
0.25 0.25 0.25 0.25
9.349337964064585
45.0
120.63260134625237 191.56236760479294
2
159.3803831530637 191.56236760479294
0.25 0.25 0.25 0.25
38.74778180681132
45.0
201.37767508886452 120.75817466022318
3
163.18253750515987 120.75817466022318
0.25 0.25 0.25 0.25
38.19513758370465
45.0
416.08337192943526 91.72088576673883
1
416.08337192943526 134.86416368013624
0.25 0.25 0.25 0.25
43.143277913397405
45.0
386.8035911902674 492.57520159218194
0
386.8035911902674 480.13760759422803
0.25 0.25 0.25 0.25
12.437593997953917
45.0
353.2767692132743 278.85423224564335
3
346.6046132320769 278.85423224564335
0.25 0.25 0.25 0.25
6.672155981197431
45.0
111.6210547611449 145.06095827760032
3
79.120995882177 145.06095827760032
0.25 0.25 0.25 0.25
32.50005887896791
45.0
374.4768060590067 357.0067507439041
2
411.9668414671462 357.0067507439041
0.25 0.25 0.25 0.25
37.49003540813949
45.0
36.373109404754736 472.78520436520785
0
36.373109404754736 479.52595202282413
0.25 0.25 0.25 0.25
47.68884361196799
45.0
352.81984969986604 254.16194182723495
1
352.81984969986604 259.2520990328814
0.25 0.25 0.25 0.25
5.09015720564644
45.0
115.82787441932463 224.80774349801786
3
101.37962010345126 224.80774349801786
0.25 0.25 0.25 0.25
14.448254315873365
45.0
129.29578017337408 17.08909765152941
1
129.29578017337408 48.71818480355168
0.25 0.25 0.25 0.25
31.62908715202227
45.0
142.32014161745025 332.34274379203214
3
136.22903286586677 332.34274379203214
0.25 0.25 0.25 0.25
6.091108751583474
45.0
191.79604102664757 221.6964452200009
0
191.79604102664757 181.4704232974202
0.25 0.25 0.25 0.25
40.2260219225807
45.0
97.28976758525857 346.6027295721016
2
124.02723477673527 346.6027295721016
0.25 0.25 0.25 0.25
26.73746719147669
45.0
48.78959578862476 63.71022362915341
3
23.88589154191807 63.71022362915341
0.25 0.25 0.25 0.25
24.90370424670669
45.0
