46011
415.5327382540138 48.16765893916997
3
307.627810073202 48.16765893916997
0.25 0.25 0.25 0.25
107.90492818081182
45.0
275.09300833928705 75.6826076796203
1
275.09300833928705 191.63447188400812
0.25 0.25 0.25 0.25
115.95186420438782
45.0
223.7902297403084 170.6482152926368
2
380.6509263907416 170.6482152926368
0.25 0.25 0.25 0.25
156.86069665043317
45.0
62.87712925023999 161.19364468755276
2
179.3245000797864 161.19364468755276
0.25 0.25 0.25 0.25
116.4473708295464
45.0
457.6253015784222 103.73080237408882
3
339.9933787005816 103.73080237408882
0.25 0.25 0.25 0.25
117.63192287784055
45.0
13.838191497189825 302.0391789224086
2
151.42441140407945 302.0391789224086
0.25 0.25 0.25 0.25
137.58621990688962
45.0
480.4493905647148 28.12530145281238
3
319.91758629049264 28.12530145281238
0.25 0.25 0.25 0.25
160.53180427422214
45.0
9.959980466263403 198.28355003396283
1
9.959980466263403 362.6517243192808
0.25 0.25 0.25 0.25
164.36817428531796
45.0
427.45175134411727 407.73375067217194
3
307.131760784826 407.73375067217194
0.25 0.25 0.25 0.25
120.3199905592913
45.0
421.3594564642076 80.68094002497783
3
474.28361615632025 80.68094002497783
0.25 0.25 0.25 0.25
104.35692737947214
45.0
428.43853011206363 303.14417209008803
1
428.43853011206363 403.6476500062132
0.25 0.25 0.25 0.25
100.50347791612519
45.0
140.49013792673225 436.9997636503449
2
269.61809790598875 436.9997636503449
0.25 0.25 0.25 0.25
129.1279599792565
45.0
46.92965198946962 87.54227896571933
1
46.92965198946962 54.56305534295865
0.25 0.25 0.25 0.25
142.10533430867798
45.0
215.95140333027464 182.36728387962083
3
42.85069115945413 182.36728387962083
0.25 0.25 0.25 0.25
173.10071217082051
45.0
136.601679088345 46.76257833949808
1
136.601679088345 92.66430880118514
0.25 0.25 0.25 0.25
139.42688714068322
45.0
433.034130214147 448.972699915621
0
433.034130214147 440.3946233347374
0.25 0.25 0.25 0.25
110.63267674964163
45.0
221.198368571861 173.45415187937903
1
221.198368571861 265.3904277775006
0.25 0.25 0.25 0.25
91.93627589812154
45.0
429.08178250227945 372.6889449169854
0
429.08178250227945 198.5306802632399
0.25 0.25 0.25 0.25
174.1582646537455
45.0
354.1907605412596 110.37262813255474
3
251.26531742328598 110.37262813255474
0.25 0.25 0.25 0.25
102.92544311797359
45.0
331.1307739183225 279.4615295040284
0
331.1307739183225 135.89280806486306
0.25 0.25 0.25 0.25
143.56872143916536
45.0
342.4279365261837 35.54854843877928
2
476.18525752561663 35.54854843877928
0.25 0.25 0.25 0.25
133.75732099943292
45.0
261.2930534257881 143.97654950246698
0
261.2930534257881 46.15616782039183
0.25 0.25 0.25 0.25
97.82038168207515
45.0
469.07060715585874 482.31278820121804
3
407.63232954302714 482.31278820121804
0.25 0.25 0.25 0.25
123.29706330111414
45.0
441.68625028526594 484.90559400461245
3
289.4962090364844 484.90559400461245
0.25 0.25 0.25 0.25
152.19004124878157
45.0
43.72195324378673 148.01753352593693
2
160.6296969156125 148.01753352593693
0.25 0.25 0.25 0.25
116.90774367182577
45.0
72.60086109124347 389.4838365056646
0
72.60086109124347 223.56406616025845
0.25 0.25 0.25 0.25
165.91977034540616
45.0
243.06593776404893 288.8874571344495
0
243.06593776404893 122.44107800416995
0.25 0.25 0.25 0.25
166.44637913027955
45.0
87.36933843922111 138.97473035862924
1
87.36933843922111 270.3857645576541
0.25 0.25 0.25 0.25
131.41103419902487
45.0
364.04350377505887 464.2165104875313
0
364.04350377505887 427.1933707948598
0.25 0.25 0.25 0.25
108.59011871760886
45.0
98.22399559898062 10.71686358318017
1
98.22399559898062 29.3636970758277
0.25 0.25 0.25 0.25
40.08056065900787
45.0
52.50977000051764 217.90432872778212
2
78.73149864401618 217.90432872778212
0.25 0.25 0.25 0.25
26.221728643498544
45.0
267.1348196133638 171.07948778604248
1
267.1348196133638 187.38686271071015
0.25 0.25 0.25 0.25
16.307374924667684
45.0
344.5452091867192 343.0871364610893
3
340.16748044806667 343.0871364610893
0.25 0.25 0.25 0.25
4.3777287386525146
45.0
5.683217715820582 361.62141961797414
0
5.683217715820582 339.1763963734779
0.25 0.25 0.25 0.25
22.44502324449619
45.0
148.3423736920788 479.7384383702169
2
162.22627550924932 479.7384383702169
0.25 0.25 0.25 0.25
13.883901817170512
45.0
84.2287763617937 8.097613357914234
3
80.83528957286968 8.097613357914234
0.25 0.25 0.25 0.25
3.393486788924016
45.0
99.79008007991031 233.3165352305149
3
81.86769466027509 233.3165352305149
0.25 0.25 0.25 0.25
17.922385419635216
45.0
383.3664097166224 420.74218765395256
1
383.3664097166224 444.7328097875351
0.25 0.25 0.25 0.25
23.990622133582512
45.0
124.01081512348462 441.6998167241362
2
129.3162253190802 441.6998167241362
0.25 0.25 0.25 0.25
5.305410195595567
45.0
495.2756065012251 281.5032528210683
0
495.2756065012251 276.7058826583236
0.25 0.25 0.25 0.25
4.797370162744674
45.0
108.19207353160584 336.9016970554412
1
108.19207353160584 374.41041721783256
0.25 0.25 0.25 0.25
37.50872016239137
45.0
373.65282392780813 337.3322462455196
2
406.1163619920993 337.3322462455196
0.25 0.25 0.25 0.25
32.46353806429121
45.0
374.36904665606 376.57173999323464
3
340.534707960678 376.57173999323464
0.25 0.25 0.25 0.25
33.83433869538195
45.0
247.05702719921834 335.61176228752964
1
247.05702719921834 382.14149362950377
0.25 0.25 0.25 0.25
46.52973134197414
45.0
152.34825181424677 435.74618089249077
3
126.49578475854857 435.74618089249077
0.25 0.25 0.25 0.25
25.852467055698202
45.0
296.553540052152 294.84465898955955
2
332.36243114528054 294.84465898955955
0.25 0.25 0.25 0.25
35.80889109312852
45.0
88.71692705978941 22.52516730779243
1
88.71692705978941 7.070742931090209
0.25 0.25 0.25 0.25
29.595910238882638
45.0
299.86522067319396 429.2115920733688
0
299.86522067319396 424.1929281606125
0.25 0.25 0.25 0.25
5.018663912756311
45.0
