46011
231.89683083085717 109.93090467706634
0
231.89683083085717 2.025976496254515
0.25 0.25 0.25 0.25
107.90492818081182
45.0
377.0513990475496 431.69162697742115
3
261.0995348431618 431.69162697742115
0.25 0.25 0.25 0.25
115.95186420438782
45.0
321.8151062933406 405.88702485433237
3
164.95440964290742 405.88702485433237
0.25 0.25 0.25 0.25
156.86069665043317
45.0
90.50877081844635 366.45674477843926
0
90.50877081844635 250.00937394889286
0.25 0.25 0.25 0.25
116.4473708295464
45.0
222.36145582274105 221.6200363286399
1
222.36145582274105 339.2519592064805
0.25 0.25 0.25 0.25
117.63192287784055
45.0
398.920468223479 137.61631874983172
3
463.4933118696314 137.61631874983172
0.25 0.25 0.25 0.25
137.58621990688962
45.0
233.0041307256047 28.12530145281238
3
72.47232645138257 28.12530145281238
0.25 0.25 0.25 0.25
160.53180427422214
45.0
318.7763681043725 499.43799002841445
3
154.40819381905456 499.43799002841445
0.25 0.25 0.25 0.25
164.36817428531796
45.0
452.2282580965914 343.62650422696305
3
331.9082675373001 343.62650422696305
0.25 0.25 0.25 0.25
120.3199905592913
45.0
438.5778362542369 441.1036968723829
3
334.22090887476475 441.1036968723829
0.25 0.25 0.25 0.25
104.35692737947214
45.0
136.99765468619188 1.633738341712359
1
136.99765468619188 98.86973957441283
0.25 0.25 0.25 0.25
100.50347791612519
45.0
299.6750183830892 370.95240398224087
0
299.6750183830892 241.82444400298436
0.25 0.25 0.25 0.25
129.1279599792565
45.0
331.1403206068256 361.227627904567
3
189.0349862981476 361.227627904567
0.25 0.25 0.25 0.25
142.10533430867798
45.0
399.24289930316115 394.2227457288918
3
427.6563885260183 394.2227457288918
0.25 0.25 0.25 0.25
173.10071217082051
45.0
184.62525911877992 251.4591330064643
1
184.62525911877992 390.8860201471475
0.25 0.25 0.25 0.25
139.42688714068322
45.0
447.72137452976074 117.07466966669608
0
447.72137452976074 6.441992917054449
0.25 0.25 0.25 0.25
110.63267674964163
45.0
84.06595315639153 308.82529736990267
0
84.06595315639153 216.88902147178112
0.25 0.25 0.25 0.25
91.93627589812154
45.0
165.0243420035879 498.1023783517421
2
9.133922650157615 498.1023783517421
0.25 0.25 0.25 0.25
174.1582646537455
45.0
324.9363293615237 257.71465200903003
1
324.9363293615237 360.64009512700363
0.25 0.25 0.25 0.25
102.92544311797359
45.0
238.16306176418146 284.442579578186
1
238.16306176418146 428.01130101735134
0.25 0.25 0.25 0.25
143.56872143916536
45.0
138.61204753128743 168.267340556117
0
138.61204753128743 34.510019556684085
0.25 0.25 0.25 0.25
133.75732099943292
45.0
206.01267180533904 241.7969311845422
3
108.19229012326389 241.7969311845422
0.25 0.25 0.25 0.25
97.82038168207515
45.0
407.63232954302714 112.42159829787566
3
284.335266241913 112.42159829787566
0.25 0.25 0.25 0.25
123.29706330111414
45.0
420.1567865194262 115.19522276557845
3
267.96674527064465 115.19522276557845
0.25 0.25 0.25 0.25
152.19004124878157
45.0
434.0465197267339 98.36631139667642
1
434.0465197267339 18.541432275149347
0.25 0.25 0.25 0.25
116.90774367182577
45.0
413.40315763718183 265.232489020834
1
413.40315763718183 431.1522593662402
0.25 0.25 0.25 0.25
165.91977034540616
45.0
76.61955863376937 456.65556148305177
0
76.61955863376937 290.20918235277225
0.25 0.25 0.25 0.25
166.44637913027955
45.0
44.04169575980376 270.3857645576542
2
175.45272995882863 270.3857645576542
0.25 0.25 0.25 0.25
131.41103419902487
45.0
156.2181582714651 146.80087772507392
2
264.80827698907393 146.80087772507392
0.25 0.25 0.25 0.25
108.59011871760886
45.0
18.062874280964934 128.94452908500728
2
58.143434939972806 128.94452908500728
0.25 0.25 0.25 0.25
40.08056065900787
45.0
131.04233050397218 244.12605737128067
2
157.26405914747073 244.12605737128067
0.25 0.25 0.25 0.25
26.221728643498544
45.0
201.9053199146931 73.23523823803642
2
218.21269483936078 73.23523823803642
0.25 0.25 0.25 0.25
16.307374924667684
45.0
453.9884276530326 312.44303529052155
2
458.36615639168514 312.44303529052155
0.25 0.25 0.25 0.25
4.3777287386525146
45.0
39.20682877317181 451.401512595959
0
39.20682877317181 428.9564893514628
0.25 0.25 0.25 0.25
22.44502324449619
45.0
4.380546296796814 271.47991111265924
2
9.503355520373699 271.47991111265924
0.25 0.25 0.25 0.25
13.883901817170512
45.0
84.2287763617937 109.90221702563478
3
80.83528957286968 109.90221702563478
0.25 0.25 0.25 0.25
3.393486788924016
45.0
186.96808663425315 17.59686064437817
3
169.04570121461794 17.59686064437817
0.25 0.25 0.25 0.25
17.922385419635216
45.0
239.42267691512734 188.44209592859312
0
239.42267691512734 164.4514737950106
0.25 0.25 0.25 0.25
23.990622133582512
45.0
145.23245590586689 250.7050496826952
1
145.23245590586689 256.01045987829076
0.25 0.25 0.25 0.25
5.305410195595567
45.0
437.70716454828874 415.8296173779199
2
442.50453471103344 415.8296173779199
0.25 0.25 0.25 0.25
4.797370162744674
45.0
141.6335232205671 87.07610030326833
0
141.6335232205671 49.56738014087696
0.25 0.25 0.25 0.25
37.50872016239137
45.0
334.1753334935712 435.4229873044421
0
334.1753334935712 402.9594492401509
0.25 0.25 0.25 0.25
32.46353806429121
45.0
471.489420728489 469.28672739131434
3
494.67624057612903 469.28672739131434
0.25 0.25 0.25 0.25
33.83433869538195
45.0
131.12192269672693 362.3342078420824
3
84.59219135475279 362.3342078420824
0.25 0.25 0.25 0.25
46.52973134197414
45.0
390.55355635541537 47.9591750570178
1
390.55355635541537 73.811642112716
0.25 0.25 0.25 0.25
25.852467055698202
45.0
416.9753312028198 418.68421226541227
1
416.9753312028198 454.4931033585408
0.25 0.25 0.25 0.25
35.80889109312852
45.0
266.2923884930853 436.8679106521495
3
236.69647825420265 436.8679106521495
0.25 0.25 0.25 0.25
29.595910238882638
45.0
244.6599176328744 384.0436168585619
1
244.6599176328744 389.0622807713182
0.25 0.25 0.25 0.25
5.018663912756311
45.0
