70608
313.2677622689591 385.827447204485
0
313.2677622689591 361.91287229699157
0.25 0.25 0.25 0.25
23.914574907493446
45.0
140.96163879198772 469.5361168641667
3
107.03670024643489 469.5361168641667
0.25 0.25 0.25 0.25
33.92493854555283
45.0
299.3911278976659 379.36857753962187
2
299.9337723615904 379.36857753962187
0.25 0.25 0.25 0.25
0.5426444639244632
45.0
292.48782666139755 271.03413650304464
1
292.48782666139755 276.5828996934248
0.25 0.25 0.25 0.25
5.548763190380162
45.0
411.08584853055055 320.71356316242486
2
413.3558565661615 320.71356316242486
0.25 0.25 0.25 0.25
2.270008035610921
45.0
453.53603260930765 366.50200854537525
2
488.5585745051598 366.50200854537525
0.25 0.25 0.25 0.25
35.02254189585216
45.0
360.4120603134599 147.52067391224418
1
360.4120603134599 185.13859389504
0.25 0.25 0.25 0.25
37.61791998279583
45.0
201.28251583988154 388.2023664290074
0
201.28251583988154 341.22265105987765
0.25 0.25 0.25 0.25
46.97971536912974
45.0
431.9400756230923 348.82988461811294
2
467.2343970398647 348.82988461811294
0.25 0.25 0.25 0.25
35.29432141677236
45.0
478.9072905195427 498.3677022042852
3
488.0794683670113 498.3677022042852
0.25 0.25 0.25 0.25
33.01324111344599
45.0
292.16316327804475 129.82163094892024
0
292.16316327804475 112.6331729070493
0.25 0.25 0.25 0.25
17.188458041870945
45.0
66.80322034443509 452.34901754077544
0
66.80322034443509 447.0225173863178
0.25 0.25 0.25 0.25
5.326500154457614
45.0
443.6233036125168 90.91224152007813
0
443.6233036125168 46.984416894412135
0.25 0.25 0.25 0.25
43.92782462566599
45.0
90.43173282640403 180.12657613533727
3
87.30224849578508 180.12657613533727
0.25 0.25 0.25 0.25
3.129484330618948
45.0
139.63915055843108 380.6886149585572
1
139.63915055843108 424.65902490422434
0.25 0.25 0.25 0.25
43.97040994566714
45.0
109.87337996411794 289.20278946085585
2
117.77786668348 289.20278946085585
0.25 0.25 0.25 0.25
7.904486719362053
45.0
85.99009269964634 348.7284060800761
2
127.4144761349753 348.7284060800761
0.25 0.25 0.25 0.25
41.424383435328956
45.0
126.66459289913261 344.69798767027214
0
126.66459289913261 314.9539053140769
0.25 0.25 0.25 0.25
29.74408235619525
45.0
146.7878548165854 293.8436927968106
0
146.7878548165854 244.67286733316806
0.25 0.25 0.25 0.25
49.170825463642565
45.0
239.98232378921833 174.95627004906868
3
214.03834143549284 174.95627004906868
0.25 0.25 0.25 0.25
25.9439823537255
45.0
175.05176041227935 117.37338573252595
1
175.05176041227935 142.0014376698646
0.25 0.25 0.25 0.25
24.628051937338647
45.0
377.7402991637433 478.5587732651755
1
377.7402991637433 483.2163490922474
0.25 0.25 0.25 0.25
4.657575827071902
45.0
325.8276306678469 422.47174236739215
3
293.61911038005417 422.47174236739215
0.25 0.25 0.25 0.25
32.208520287792744
45.0
49.32330960239606 146.2715456767656
2
94.65184337837758 146.2715456767656
0.25 0.25 0.25 0.25
45.32853377598152
45.0
279.38764196875667 157.60431373970502
0
279.38764196875667 121.75055971234394
0.25 0.25 0.25 0.25
35.85375402736107
45.0
130.31689672444605 89.29144920469457
3
120.07657118434608 89.29144920469457
0.25 0.25 0.25 0.25
10.240325540099981
45.0
137.30638030176559 265.06836076661693
0
137.30638030176559 226.87720944819208
0.25 0.25 0.25 0.25
38.19115131842486
45.0
187.5571897663803 113.3491551339406
2
207.56482467157167 113.3491551339406
0.25 0.25 0.25 0.25
20.007634905191363
45.0
250.2397557725375 387.14528876491784
1
250.2397557725375 414.95356131666915
0.25 0.25 0.25 0.25
27.808272551751312
45.0
137.62733057339935 103.9896887016836
3
119.94518915267804 103.9896887016836
0.25 0.25 0.25 0.25
17.682141420721308
45.0
38.80458125894245 164.62177087319384
2
4.972078137789083 164.62177087319384
0.25 0.25 0.25 0.25
43.77665939673153
45.0
172.7391180746805 494.25438121416994
3
168.1284960554223 494.25438121416994
0.25 0.25 0.25 0.25
4.610622019258226
45.0
207.85140125109038 248.21596344914562
1
207.85140125109038 258.8646053294048
0.25 0.25 0.25 0.25
10.648641880259197
45.0
38.507175689043414 46.207656367249974
0
38.507175689043414 7.731242932859246
0.25 0.25 0.25 0.25
38.47641343439073
45.0
125.63256679139815 181.24598386768992
3
110.78774507326517 181.24598386768992
0.25 0.25 0.25 0.25
14.844821718132984
45.0
447.77060526092316 396.03459296280107
2
466.75893749682723 396.03459296280107
0.25 0.25 0.25 0.25
18.988332235904075
45.0
47.20687539066458 119.18149776872106
0
47.20687539066458 115.52981967799764
0.25 0.25 0.25 0.25
3.6516780907234203
45.0
109.65943026691218 375.3691323552787
0
109.65943026691218 329.46994479494094
0.25 0.25 0.25 0.25
45.89918756033774
45.0
136.51000647697603 323.8174855564425
2
181.27323872416702 323.8174855564425
0.25 0.25 0.25 0.25
44.76323224719098
45.0
334.73627797333313 221.97701789511098
1
334.73627797333313 240.20297942260112
0.25 0.25 0.25 0.25
18.22596152749015
45.0
346.2402259065347 123.3254941537907
2
372.8068840503473 123.3254941537907
0.25 0.25 0.25 0.25
26.56665814381263
45.0
51.68046962613025 42.94125875322828
1
51.68046962613025 53.80009300229844
0.25 0.25 0.25 0.25
10.858834249070155
45.0
314.9795870510599 89.8222626293412
2
348.3895129052089 89.8222626293412
0.25 0.25 0.25 0.25
33.40992585414899
45.0
180.61611817367591 227.37789481658956
0
180.61611817367591 195.40297216072983
0.25 0.25 0.25 0.25
31.97492265585973
45.0
41.87719236782015 434.0315048498448
2
0.8901402311790463 434.0315048498448
0.25 0.25 0.25 0.25
42.7673325989992
45.0
429.5575047905552 497.43371422556737
3
417.1595220687555 497.43371422556737
0.25 0.25 0.25 0.25
12.397982721799666
45.0
261.93586348766644 168.3187291494242
3
213.35490814497578 168.3187291494242
0.25 0.25 0.25 0.25
48.580955342690665
45.0
379.9110483401695 461.2501620122353
2
417.07747669795555 461.2501620122353
0.25 0.25 0.25 0.25
37.16642835778608
45.0
