62553
211.68223454045625 211.5208858794698
0
211.68223454045625 91.71450922575944
0.25 0.25 0.25 0.25
119.80637665371036
45.0
417.0432523663942 218.18934716594805
3
443.617862463062 218.18934716594805
0.25 0.25 0.25 0.25
139.33888517054385
45.0
272.0697446795874 439.5394478272866
0
272.0697446795874 279.59192836749696
0.25 0.25 0.25 0.25
159.94751945978967
45.0
416.4987690159551 287.2576313994846
0
416.4987690159551 134.0856999390387
0.25 0.25 0.25 0.25
153.17193146044588
45.0
358.0357682065735 273.7686685100182
3
256.72593385647383 273.7686685100182
0.25 0.25 0.25 0.25
101.30983435009968
45.0
348.1787133538144 43.32978812252372
1
348.1787133538144 72.88890964229608
0.25 0.25 0.25 0.25
116.21869776481981
45.0
442.9853310774839 214.72710635864428
0
442.9853310774839 115.8486180808842
0.25 0.25 0.25 0.25
98.87848827776008
45.0
414.529437084973 410.5262066935808
3
465.33037327278817 410.5262066935808
0.25 0.25 0.25 0.25
120.1401896422389
45.0
337.9251982845729 133.56829605404454
0
337.9251982845729 31.783008286483906
0.25 0.25 0.25 0.25
101.78528776756063
45.0
163.33977392970317 126.33626838731988
2
266.8144819230286 126.33626838731988
0.25 0.25 0.25 0.25
103.47470799332544
45.0
203.17100428253238 1.4649975891823601
3
29.179688411647533 1.4649975891823601
0.25 0.25 0.25 0.25
173.99131587088485
45.0
46.853217708275096 77.04494980702235
1
46.853217708275096 198.4663548203663
0.25 0.25 0.25 0.25
121.42140501334394
45.0
34.914432142361235 135.75262227163205
0
34.914432142361235 36.1338097608718
0.25 0.25 0.25 0.25
99.61881251076024
45.0
140.04750911319877 232.81764119904562
2
9.682783601757137 232.81764119904562
0.25 0.25 0.25 0.25
149.7302927149559
45.0
313.0833898648506 475.7175159214795
0
313.0833898648506 322.52319506515755
0.25 0.25 0.25 0.25
153.19432085632192
45.0
143.86789937861565 258.2866505630427
3
4.028780988280175 258.2866505630427
0.25 0.25 0.25 0.25
139.83911839033547
45.0
45.2618354344506 243.19321045158605
1
45.2618354344506 377.3926774967382
0.25 0.25 0.25 0.25
134.19946704515215
45.0
453.942217592979 29.480237465825383
3
378.79586043651796 29.480237465825383
0.25 0.25 0.25 0.25
167.26192197050304
45.0
359.9950079729309 463.44277077955394
0
359.9950079729309 392.4489541295501
0.25 0.25 0.25 0.25
144.10827509089597
45.0
236.38616606979758 4.7775872886189745
2
393.87852403571765 4.7775872886189745
0.25 0.25 0.25 0.25
157.49235796592006
45.0
471.5029730254879 106.77402784310817
3
354.70133359635645 106.77402784310817
0.25 0.25 0.25 0.25
116.80163942913148
45.0
427.8352536704426 409.12012658280764
0
427.8352536704426 424.83488380927145
0.25 0.25 0.25 0.25
166.04498960792094
45.0
219.18749632211902 400.7692507429092
2
308.0800743863688 400.7692507429092
0.25 0.25 0.25 0.25
88.89257806424976
45.0
137.2415207872857 225.3786695335873
2
270.0879975139694 225.3786695335873
0.25 0.25 0.25 0.25
132.8464767266837
45.0
292.3421096006765 5.420503420022442
1
292.3421096006765 134.56470674603054
0.25 0.25 0.25 0.25
139.98521016605298
45.0
334.96942170063767 338.40847031382145
0
334.96942170063767 488.0161857314834
0.25 0.25 0.25 0.25
173.57534395469514
45.0
337.70297898053184 242.88618703857904
3
233.4190568763918 242.88618703857904
0.25 0.25 0.25 0.25
104.28392210414003
45.0
370.36570412346305 376.9380304279266
2
499.6077639253534 376.9380304279266
0.25 0.25 0.25 0.25
129.24205980189035
45.0
199.353118734086 36.0803454253323
2
332.5229092075549 36.0803454253323
0.25 0.25 0.25 0.25
133.1697904734689
45.0
269.84303730497777 324.3675413180154
3
176.05142865571725 324.3675413180154
0.25 0.25 0.25 0.25
93.79160864926054
45.0
319.57147923939107 431.1510517749856
2
472.3009875347875 431.1510517749856
0.25 0.25 0.25 0.25
152.72950829539644
45.0
489.3397283852412 353.4384025742115
0
489.3397283852412 490.4172417237753
0.25 0.25 0.25 0.25
156.14435570201317
45.0
378.50124792130646 146.1680312258921
1
378.50124792130646 258.3034961980067
0.25 0.25 0.25 0.25
112.1354649721146
45.0
247.2334625960807 281.3353958402171
0
247.2334625960807 182.65658281681596
0.25 0.25 0.25 0.25
98.67881302340113
45.0
49.16694027384051 498.1401157538736
2
49.65324437844595 498.1401157538736
0.25 0.25 0.25 0.25
98.82018465228646
45.0
398.44762628962985 379.9316118206
3
456.0234640307825 379.9316118206
0.25 0.25 0.25 0.25
145.52890967958768
45.0
78.07825007257304 291.6126095707264
2
68.01530301387544 291.6126095707264
0.25 0.25 0.25 0.25
146.09355308644848
45.0
92.3038964253397 43.47481451281715
1
92.3038964253397 141.07050052285598
0.25 0.25 0.25 0.25
97.59568601003883
45.0
20.80399218214947 423.68701231068485
0
20.80399218214947 306.01065595023897
0.25 0.25 0.25 0.25
117.67635636044591
45.0
348.418845901979 426.99541086227055
2
437.11364328800823 426.99541086227055
0.25 0.25 0.25 0.25
88.69479738602924
45.0
182.19384786931903 304.2826537339761
3
11.486060247201976 304.2826537339761
0.25 0.25 0.25 0.25
170.70778762211705
45.0
178.21762839284418 371.55724271605936
3
48.6843027261981 371.55724271605936
0.25 0.25 0.25 0.25
129.53332566664608
45.0
393.4690272481985 263.380861731004
3
443.78121323476284 263.380861731004
0.25 0.25 0.25 0.25
162.74975951703863
45.0
201.29407351804798 134.90290769717205
1
201.29407351804798 271.8184786502244
0.25 0.25 0.25 0.25
136.91557095305234
45.0
125.8220399390689 332.11631155718567
3
37.75130244856507 332.11631155718567
0.25 0.25 0.25 0.25
88.07073749050383
45.0
31.058423856767632 466.68411475920914
0
31.058423856767632 368.34394651484956
0.25 0.25 0.25 0.25
98.34016824435955
45.0
133.79951910628375 173.79184216699124
0
133.79951910628375 79.22806085913288
0.25 0.25 0.25 0.25
94.56378130785836
45.0
346.55615265331323 316.7234728965134
1
346.55615265331323 426.10124522537603
0.25 0.25 0.25 0.25
109.37777232886266
45.0
