18986
402.392414875054 137.55056318376108
3
294.7299667141498 137.55056318376108
0.25 0.25 0.25 0.25
107.66244816090419
45.0
77.26943949093646 243.71340293766775
0
77.26943949093646 110.49133655035482
0.25 0.25 0.25 0.25
133.22206638731294
45.0
52.1367102572832 191.02326451334852
2
105.74645385776603 191.02326451334852
0.25 0.25 0.25 0.25
157.88316411504923
45.0
128.75243181862913 203.4880894852427
1
128.75243181862913 370.0240377022026
0.25 0.25 0.25 0.25
166.53594821695987
45.0
227.59375203691434 397.1483099359783
3
102.23646276114869 397.1483099359783
0.25 0.25 0.25 0.25
125.35728927576565
45.0
426.86966327226753 361.37539120878387
3
438.0297897189571 361.37539120878387
0.25 0.25 0.25 0.25
135.10054700877535
45.0
145.6209818894298 170.8049693762033
2
292.98869633510293 170.8049693762033
0.25 0.25 0.25 0.25
147.36771444567313
45.0
336.5093212615359 200.70101442100417
0
336.5093212615359 100.49712861150545
0.25 0.25 0.25 0.25
100.20388580949873
45.0
57.902274088277636 410.5759129685041
0
57.902274088277636 457.32068984495095
0.25 0.25 0.25 0.25
132.10339718654495
45.0
166.81363298023973 117.90971463386688
2
307.6388757498341 117.90971463386688
0.25 0.25 0.25 0.25
140.82524276959435
45.0
221.6993784503314 375.7239405452225
0
221.6993784503314 483.1772333262703
0.25 0.25 0.25 0.25
141.09882612850723
45.0
25.876579472255344 176.86375206067487
2
126.08347714198385 176.86375206067487
0.25 0.25 0.25 0.25
100.2068976697285
45.0
245.89000522909652 382.76628727485786
0
245.89000522909652 459.1357735594813
0.25 0.25 0.25 0.25
158.09793916566076
45.0
489.4382356922649 26.877389493129897
1
489.4382356922649 197.9201697866342
0.25 0.25 0.25 0.25
171.0427802935043
45.0
47.08410920574852 119.19792245735789
2
96.02708450074101 119.19792245735789
0.25 0.25 0.25 0.25
143.11119370648953
45.0
113.99631031988469 132.78761743353482
0
113.99631031988469 32.516720482167955
0.25 0.25 0.25 0.25
100.27089695136686
45.0
274.24146671021157 53.368688573544745
3
176.1301108485845 53.368688573544745
0.25 0.25 0.25 0.25
98.11135586162706
45.0
102.41528405639804 3.196471798235507
2
71.9560365359091 3.196471798235507
0.25 0.25 0.25 0.25
174.37132059230714
45.0
22.778443526691262 253.67934091209844
1
22.778443526691262 426.6289867931523
0.25 0.25 0.25 0.25
172.94964588105387
45.0
365.8236597692508 404.55726046061454
0
365.8236597692508 476.36658524112386
0.25 0.25 0.25 0.25
119.07615429826154
45.0
154.11878752849725 290.7824795979549
1
154.11878752849725 385.667491651688
0.25 0.25 0.25 0.25
94.88501205373312
45.0
282.60831863410306 341.4152984775259
2
412.4955440024314 341.4152984775259
0.25 0.25 0.25 0.25
129.88722536832836
45.0
123.4652924743264 9.843250667880369
1
123.4652924743264 105.6250347550786
0.25 0.25 0.25 0.25
115.46828542295897
45.0
461.2132967084194 62.04287499352995
3
290.0281374169889 62.04287499352995
0.25 0.25 0.25 0.25
171.18515929143052
45.0
444.84438323443726 393.78074354176033
0
444.84438323443726 244.03154588940376
0.25 0.25 0.25 0.25
149.74919765235657
45.0
190.3972625675217 420.2977058739659
3
33.418270692479155 420.2977058739659
0.25 0.25 0.25 0.25
156.97899187504254
45.0
99.6527790938643 160.3792156137323
2
55.937446563921355 160.3792156137323
0.25 0.25 0.25 0.25
155.59022565778565
45.0
262.73656460502156 472.15932321901255
2
392.6940512303447 472.15932321901255
0.25 0.25 0.25 0.25
129.95748662532316
45.0
56.43124980752877 422.9659314745577
0
56.43124980752877 464.18464923951353
0.25 0.25 0.25 0.25
112.84941928592873
45.0
224.67229635953265 387.89153091716474
1
224.67229635953265 478.35603886998695
0.25 0.25 0.25 0.25
90.46450795282219
45.0
180.24536161678725 68.27403896907344
3
50.39615109854344 68.27403896907344
0.25 0.25 0.25 0.25
129.8492105182438
45.0
305.3675153836586 452.39801161827677
0
305.3675153836586 313.4362131693767
0.25 0.25 0.25 0.25
138.96179844890008
45.0
308.33495069855564 213.79112635957026
1
308.33495069855564 346.5920296370102
0.25 0.25 0.25 0.25
132.80090327743997
45.0
69.42404548152939 247.1050412674476
2
95.34746752569455 247.1050412674476
0.25 0.25 0.25 0.25
164.77151300722394
45.0
487.2702457754675 414.4272842064735
0
487.2702457754675 320.31528999167676
0.25 0.25 0.25 0.25
94.11199421479674
45.0
82.27235081065794 6.0219880346605805
2
44.00884264455567 6.0219880346605805
0.25 0.25 0.25 0.25
126.28119345521361
45.0
123.47016573817811 21.644640020705708
1
123.47016573817811 136.23541662670092
0.25 0.25 0.25 0.25
157.88005664740663
45.0
54.596705090863836 72.95045892346046
1
54.596705090863836 16.110799493748942
0.25 0.25 0.25 0.25
89.0612584172094
45.0
386.7083032478455 146.27974654270037
3
280.8148625282686 146.27974654270037
0.25 0.25 0.25 0.25
105.89344071957694
45.0
463.6230823593172 117.89015659235677
3
499.43334388708786 117.89015659235677
0.25 0.25 0.25 0.25
36.94357375359495
45.0
296.5725983307161 335.39067114947113
0
296.5725983307161 320.7120861629387
0.25 0.25 0.25 0.25
14.67858498653245
45.0
442.26261123765784 200.16280414795585
3
436.41684413771367 200.16280414795585
0.25 0.25 0.25 0.25
5.845767099944188
45.0
431.91435626436174 350.43357086859777
1
431.91435626436174 367.70946074963274
0.25 0.25 0.25 0.25
17.275889881034985
45.0
168.15882860508052 418.52855782255716
1
168.15882860508052 420.8182163762537
0.25 0.25 0.25 0.25
2.2896585536965555
45.0
429.0829479434276 237.85052616748945
1
429.0829479434276 263.1553951808495
0.25 0.25 0.25 0.25
25.304869013360044
45.0
225.86362681587866 331.20173415766146
0
225.86362681587866 285.0823717231398
0.25 0.25 0.25 0.25
46.11936243452169
45.0
182.3925466767297 136.13032953735762
1
182.3925466767297 182.1248239549759
0.25 0.25 0.25 0.25
45.99449441761827
45.0
129.78098335253424 15.408154887096458
1
129.78098335253424 18.256413202606495
0.25 0.25 0.25 0.25
33.664568089702954
45.0
