18986
28.257377768562847 77.77433313804724
1
28.257377768562847 29.88811502285695
0.25 0.25 0.25 0.25
107.66244816090419
45.0
388.1732907695057 376.93546932498066
0
388.1732907695057 489.84246428770643
0.25 0.25 0.25 0.25
133.22206638731294
45.0
473.9939155835044 124.74306371674993
1
473.9939155835044 282.62622783179916
0.25 0.25 0.25 0.25
157.88316411504923
45.0
205.88808601177203 462.65570338259676
3
39.352137794812165 462.65570338259676
0.25 0.25 0.25 0.25
166.53594821695987
45.0
102.23646276114869 21.076442108681363
1
102.23646276114869 104.28084716708429
0.25 0.25 0.25 0.25
125.35728927576565
45.0
492.32596065752955 98.22242075611467
3
357.22541364875417 98.22242075611467
0.25 0.25 0.25 0.25
135.10054700877535
45.0
292.9886963351028 381.3206860613002
3
145.6209818894297 381.3206860613002
0.25 0.25 0.25 0.25
147.36771444567313
45.0
334.4704631665486 202.15338691197803
2
434.6743489760473 202.15338691197803
0.25 0.25 0.25 0.25
100.20388580949873
45.0
206.30452028481227 203.19629608777382
2
338.4079174713572 203.19629608777382
0.25 0.25 0.25 0.25
132.10339718654495
45.0
25.988390210645264 333.0126149005952
0
25.988390210645264 192.18737213100087
0.25 0.25 0.25 0.25
140.82524276959435
45.0
92.90876942227368 366.6948413986621
0
92.90876942227368 225.59601527015488
0.25 0.25 0.25 0.25
141.09882612850723
45.0
428.7731468484544 377.2775474001319
1
428.7731468484544 477.4844450698604
0.25 0.25 0.25 0.25
100.2068976697285
45.0
386.5017514335466 352.45019939985605
0
386.5017514335466 194.35226023419528
0.25 0.25 0.25 0.25
158.09793916566076
45.0
318.39545539876065 407.48090610430563
3
147.35267510525634 407.48090610430563
0.25 0.25 0.25 0.25
171.0427802935043
45.0
240.91663415265725 117.41956651193118
1
240.91663415265725 260.5307602184207
0.25 0.25 0.25 0.25
143.11119370648953
45.0
116.70527983355345 70.46314598286762
3
16.434382882186583 70.46314598286762
0.25 0.25 0.25 0.25
100.27089695136686
45.0
118.20395673629667 230.70495891306953
0
118.20395673629667 132.59360305144247
0.25 0.25 0.25 0.25
98.11135586162706
45.0
9.959436948712323 345.5461693863788
0
9.959436948712323 171.17484879407164
0.25 0.25 0.25 0.25
174.37132059230714
45.0
323.12084823541636 92.21995085000924
2
496.07049411647023 92.21995085000924
0.25 0.25 0.25 0.25
172.94964588105387
45.0
413.2144253831584 404.6811965567699
0
413.2144253831584 476.2426491449685
0.25 0.25 0.25 0.25
119.07615429826154
45.0
343.8888116359635 88.75756861697762
2
438.77382368969666 88.75756861697762
0.25 0.25 0.25 0.25
94.88501205373312
45.0
16.26393504918053 359.71244783919053
2
113.62329031914783 359.71244783919053
0.25 0.25 0.25 0.25
129.88722536832836
45.0
354.40186332024433 142.66418256477618
1
354.40186332024433 258.13246798773514
0.25 0.25 0.25 0.25
115.46828542295897
45.0
371.3610046627383 163.36419579506685
3
457.45383604583117 163.36419579506685
0.25 0.25 0.25 0.25
171.18515929143052
45.0
202.3967909414849 55.466849415309355
3
52.64759328912834 55.466849415309355
0.25 0.25 0.25 0.25
149.74919765235657
45.0
132.27121381777692 106.33972212388085
1
132.27121381777692 263.3187139989234
0.25 0.25 0.25 0.25
156.97899187504254
45.0
367.11789787949266 4.788989955946533
3
211.527672221707 4.788989955946533
0.25 0.25 0.25 0.25
155.59022565778565
45.0
257.09338189627107 353.17964421125674
3
127.13589527094791 353.17964421125674
0.25 0.25 0.25 0.25
129.95748662532316
45.0
282.1170080502574 84.41767361677158
1
282.1170080502574 197.2670929027003
0.25 0.25 0.25 0.25
112.84941928592873
45.0
134.20778840671045 478.35603886998695
0
134.20778840671045 431.1794531771909
0.25 0.25 0.25 0.25
90.46450795282219
45.0
469.0006909744318 282.4799084397075
3
401.1500985073244 282.4799084397075
0.25 0.25 0.25 0.25
129.8492105182438
45.0
166.05270167844049 313.4362131693766
0
166.05270167844049 174.4744147204765
0.25 0.25 0.25 0.25
138.96179844890008
45.0
496.45691980448476 284.18480341749057
3
370.7421769180753 284.18480341749057
0.25 0.25 0.25 0.25
132.80090327743997
45.0
95.34746752569455 70.96260630356727
2
69.42404548152939 70.96260630356727
0.25 0.25 0.25 0.25
164.77151300722394
45.0
240.16619949384136 414.4272842064735
3
146.05420527904462 414.4272842064735
0.25 0.25 0.25 0.25
94.11199421479674
45.0
33.759295002846784 383.07113997268914
2
92.52189845236683 383.07113997268914
0.25 0.25 0.25 0.25
126.28119345521361
45.0
34.40989090922852 179.52469666811234
2
192.28994755663516 179.52469666811234
0.25 0.25 0.25 0.25
157.88005664740663
45.0
253.04537933597925 372.3558331625866
2
342.10663775318864 372.3558331625866
0.25 0.25 0.25 0.25
89.0612584172094
45.0
492.6017439674224 477.10552410279945
3
386.7083032478455 477.10552410279945
0.25 0.25 0.25 0.25
105.89344071957694
45.0
202.49455743121598 265.6644516067365
0
202.49455743121598 228.7208778531416
0.25 0.25 0.25 0.25
36.94357375359495
45.0
149.78674846539164 364.747841122536
3
135.10816347885918 364.747841122536
0.25 0.25 0.25 0.25
14.67858498653245
45.0
436.41684413771367 252.77470804745363
0
436.41684413771367 246.92894094750943
0.25 0.25 0.25 0.25
5.845767099944188
45.0
172.77600804883718 424.9798606779476
3
155.5001181678022 424.9798606779476
0.25 0.25 0.25 0.25
17.275889881034985
45.0
172.73814571247365 409.369923607771
1
172.73814571247365 411.65958216146754
0.25 0.25 0.25 0.25
2.2896585536965555
45.0
393.78296896305227 433.1861766588303
0
393.78296896305227 407.88130764547026
0.25 0.25 0.25 0.25
25.304869013360044
45.0
364.22171411944373 176.11125262207713
2
410.3410765539654 176.11125262207713
0.25 0.25 0.25 0.25
46.11936243452169
45.0
461.5303751699262 311.93573745122296
1
461.5303751699262 357.93023186884125
0.25 0.25 0.25 0.25
45.99449441761827
45.0
38.54185709598053 183.73099533561123
3
4.877289006277579 183.73099533561123
0.25 0.25 0.25 0.25
33.664568089702954
45.0
