59041
480.5442477922836 98.56459793040159
3
392.01496590473994 98.56459793040159
0.25 0.25 0.25 0.25
127.4407863029765
45.0
221.43912317276616 425.07565380537085
0
221.43912317276616 292.678624175334
0.25 0.25 0.25 0.25
132.39702963003683
45.0
407.20584122165826 318.1249909638317
0
407.20584122165826 222.39145914328583
0.25 0.25 0.25 0.25
95.73353182054585
45.0
255.54903739687788 148.89533457803904
3
85.10946918979465 148.89533457803904
0.25 0.25 0.25 0.25
170.43956820708323
45.0
461.4254495629614 321.9702172914744
1
461.4254495629614 456.0882927902337
0.25 0.25 0.25 0.25
134.1180754987593
45.0
368.2687171623158 132.27751567718758
2
458.0652018441692 132.27751567718758
0.25 0.25 0.25 0.25
89.79648468185343
45.0
350.6147091108989 162.92782962896166
0
350.6147091108989 62.04655882363768
0.25 0.25 0.25 0.25
100.88127080532398
45.0
397.3946128247969 345.34939333245774
3
468.1142405288183 345.34939333245774
0.25 0.25 0.25 0.25
134.49114664638483
45.0
77.802136372929 342.57566520547294
1
77.802136372929 432.6601977821467
0.25 0.25 0.25 0.25
90.08453257667378
45.0
424.735088798437 270.143218238981
1
424.735088798437 395.873964102286
0.25 0.25 0.25 0.25
125.73074586330499
45.0
427.2903312052989 49.22592432811467
3
407.60308330995963 49.22592432811467
0.25 0.25 0.25 0.25
165.1065854847415
45.0
141.5649901025627 289.53303324516594
1
141.5649901025627 426.15636889818086
0.25 0.25 0.25 0.25
136.6233356530149
45.0
52.64203680596492 203.36729901359237
2
55.10230681890795 203.36729901359237
0.25 0.25 0.25 0.25
107.74434362487287
45.0
89.47510317418147 202.3309436072063
2
229.70040610492944 202.3309436072063
0.25 0.25 0.25 0.25
140.22530293074797
45.0
125.82323387789165 348.9501344013079
2
246.26760967602047 348.9501344013079
0.25 0.25 0.25 0.25
120.44437579812882
45.0
257.82034088709247 257.32404792798536
2
345.84818858223525 257.32404792798536
0.25 0.25 0.25 0.25
88.02784769514275
45.0
375.56241735678975 479.77287254806015
0
375.56241735678975 353.2195833722465
0.25 0.25 0.25 0.25
126.55328917581363
45.0
364.9973329842703 173.7393026126338
1
364.9973329842703 295.16214012117996
0.25 0.25 0.25 0.25
121.42283750854617
45.0
371.32259648007766 75.66692606728594
2
467.9348678709732 75.66692606728594
0.25 0.25 0.25 0.25
96.61227139089553
45.0
333.6974766148577 465.9009806479561
3
224.6671436984167 465.9009806479561
0.25 0.25 0.25 0.25
109.03033291644098
45.0
136.94485968384146 381.85191323234847
1
136.94485968384146 488.6308326145746
0.25 0.25 0.25 0.25
106.77891938222616
45.0
15.21366163175847 42.61205401444097
2
80.12401571197809 42.61205401444097
0.25 0.25 0.25 0.25
95.33767734373656
45.0
483.3819644653961 337.88288156836467
1
483.3819644653961 441.56809617092625
0.25 0.25 0.25 0.25
103.6852146025616
45.0
479.34889296427207 96.09566164840197
3
386.7203097943584 96.09566164840197
0.25 0.25 0.25 0.25
92.6285831699137
45.0
89.1157110272967 78.5123531749224
1
89.1157110272967 47.94336402308102
0.25 0.25 0.25 0.25
126.45571719800341
45.0
426.95960859713375 237.12977142045963
1
426.95960859713375 388.9199981628615
0.25 0.25 0.25 0.25
151.79022674240184
45.0
244.25130530410866 375.66771916231653
0
244.25130530410866 236.85948023842025
0.25 0.25 0.25 0.25
138.8082389238963
45.0
456.3500954211978 204.4793846242315
3
442.69686784870896 204.4793846242315
0.25 0.25 0.25 0.25
100.95303673009325
45.0
144.71095779930047 477.6287870602488
2
303.03841903713715 477.6287870602488
0.25 0.25 0.25 0.25
158.32746123783667
45.0
449.30202985043286 450.15869139161555
3
310.74904688546764 450.15869139161555
0.25 0.25 0.25 0.25
138.55298296496522
45.0
301.73813066095136 156.66150769537924
1
301.73813066095136 311.9750597877737
0.25 0.25 0.25 0.25
155.31355209239447
45.0
152.06280219281405 491.449610475448
2
4.537166153260955 491.449610475448
0.25 0.25 0.25 0.25
156.599968346075
45.0
82.7540775001149 94.20634252257112
1
82.7540775001149 203.62698514856686
0.25 0.25 0.25 0.25
109.42064262599574
45.0
234.5722239469792 314.3271798432135
0
234.5722239469792 154.1648133761512
0.25 0.25 0.25 0.25
160.16236646706233
45.0
332.55560396516904 353.45798425770903
2
458.33432483381284 353.45798425770903
0.25 0.25 0.25 0.25
125.77872086864382
45.0
404.4739447199404 329.22850173323184
3
290.0882351864701 329.22850173323184
0.25 0.25 0.25 0.25
114.38570953347028
45.0
197.27677468896098 407.0882769301335
0
197.27677468896098 318.9002968564395
0.25 0.25 0.25 0.25
88.18798007369395
45.0
147.19684304625724 244.96160437968422
3
31.48163827919234 244.96160437968422
0.25 0.25 0.25 0.25
115.7152047670649
45.0
31.255793671004028 431.69619225722636
2
113.58805517201645 431.69619225722636
0.25 0.25 0.25 0.25
144.84384884302048
45.0
237.44324604162415 249.47235327776554
2
272.34590291361087 249.47235327776554
0.25 0.25 0.25 0.25
34.90265687198671
45.0
331.556832202261 367.99490940660803
0
331.556832202261 325.07362976182543
0.25 0.25 0.25 0.25
42.92127964478259
45.0
445.6425648575867 36.02631631766041
1
445.6425648575867 0.1624442796633474
0.25 0.25 0.25 0.25
36.18876059732376
45.0
397.5872181542716 4.193354555731054
0
397.5872181542716 2.3244500607245193
0.25 0.25 0.25 0.25
1.8689044950065348
45.0
462.7734007155707 197.46610235103867
1
462.7734007155707 205.27342667239503
0.25 0.25 0.25 0.25
7.807324321356369
45.0
456.80764509305607 365.0677226889039
1
456.80764509305607 413.29088625503357
0.25 0.25 0.25 0.25
48.22316356612963
45.0
319.76936985733465 286.4185492259599
2
351.371490689682 286.4185492259599
0.25 0.25 0.25 0.25
31.602120832347346
45.0
318.55472147613654 164.23556054290316
1
318.55472147613654 190.7743174012609
0.25 0.25 0.25 0.25
26.538756858357736
45.0
454.4497636624156 314.97808871553
0
454.4497636624156 291.16442675820673
0.25 0.25 0.25 0.25
23.81366195732329
45.0
