59041
254.29113584165913 10.176392475049113
2
381.73192214463563 10.176392475049113
0.25 0.25 0.25 0.25
127.4407863029765
45.0
120.12921948412921 383.3510795242976
2
252.52624911416603 383.3510795242976
0.25 0.25 0.25 0.25
132.39702963003683
45.0
24.271713939474722 381.5980092212992
1
24.271713939474722 477.33154104184507
0.25 0.25 0.25 0.25
95.73353182054585
45.0
356.97900992728023 307.3571992755342
3
186.539441720197 307.3571992755342
0.25 0.25 0.25 0.25
170.43956820708323
45.0
169.64703360266333 19.210537696118706
3
35.52895810390402 19.210537696118706
0.25 0.25 0.25 0.25
134.1180754987593
45.0
74.40192611753105 450.62164372119696
2
15.39455856432238 450.62164372119696
0.25 0.25 0.25 0.25
89.79648468185343
45.0
359.42741716413866 267.0353777520537
2
460.30868796946265 267.0353777520537
0.25 0.25 0.25 0.25
100.88127080532398
45.0
444.28666644505734 456.0129658950816
3
309.7955197986725 456.0129658950816
0.25 0.25 0.25 0.25
134.49114664638483
45.0
246.2554273074121 144.26631673894855
0
246.2554273074121 54.18178416227477
0.25 0.25 0.25 0.25
90.08453257667378
45.0
453.96492333063657 24.527693418810898
1
453.96492333063657 150.2584392821159
0.25 0.25 0.25 0.25
125.73074586330499
45.0
96.11088652357896 167.53007435510048
2
68.99569896116253 167.53007435510048
0.25 0.25 0.25 0.25
165.1065854847415
45.0
316.11159181814537 376.8063341029573
0
316.11159181814537 486.5703302440278
0.25 0.25 0.25 0.25
136.6233356530149
45.0
115.70412157119648 257.9109828620434
2
223.44846519606935 257.9109828620434
0.25 0.25 0.25 0.25
107.74434362487287
45.0
154.12974371778589 409.0900315296451
2
294.35504664853386 409.0900315296451
0.25 0.25 0.25 0.25
140.22530293074797
45.0
210.17429485474577 191.49115231261771
2
330.6186706528746 191.49115231261771
0.25 0.25 0.25 0.25
120.44437579812882
45.0
358.3745929789068 422.25823664487314
0
358.3745929789068 489.7139156599841
0.25 0.25 0.25 0.25
88.02784769514275
45.0
249.009128180976 440.20377721780983
0
249.009128180976 313.6504880419962
0.25 0.25 0.25 0.25
126.55328917581363
45.0
36.29975817228629 359.350377766465
2
85.12307933625988 359.350377766465
0.25 0.25 0.25 0.25
121.42283750854617
45.0
462.9152809887348 470.1294161870426
3
440.4724476203696 470.1294161870426
0.25 0.25 0.25 0.25
96.61227139089553
45.0
466.9688613042914 394.3246552355772
0
466.9688613042914 496.6450118479818
0.25 0.25 0.25 0.25
109.03033291644098
45.0
58.96540856391253 346.99131147860487
1
58.96540856391253 453.770230860831
0.25 0.25 0.25 0.25
106.77891938222616
45.0
210.07146475616725 428.1452118263228
0
210.07146475616725 476.51711082994063
0.25 0.25 0.25 0.25
95.33767734373656
45.0
376.08067490642634 160.49337491457118
3
272.39546030386475 160.49337491457118
0.25 0.25 0.25 0.25
103.6852146025616
45.0
426.07903269047506 34.36175125961293
1
426.07903269047506 126.99033442952663
0.25 0.25 0.25 0.25
92.6285831699137
45.0
480.12860020533424 347.43774875519705
1
480.12860020533424 473.89346595320046
0.25 0.25 0.25 0.25
126.45571719800341
45.0
185.91074230914296 93.1777344131201
2
337.7009690515448 93.1777344131201
0.25 0.25 0.25 0.25
151.79022674240184
45.0
490.6220568794421 485.5240419137872
3
351.8138179555458 485.5240419137872
0.25 0.25 0.25 0.25
138.8082389238963
45.0
52.53794850082487 208.8631295970738
2
153.4909852309181 208.8631295970738
0.25 0.25 0.25 0.25
100.95303673009325
45.0
272.01442982233266 227.45262419534927
0
272.01442982233266 69.1251629575126
0.25 0.25 0.25 0.25
158.32746123783667
45.0
262.5834216562327 359.7713336558853
0
262.5834216562327 221.2183506909201
0.25 0.25 0.25 0.25
138.55298296496522
45.0
320.81430786207966 347.4315029840608
0
320.81430786207966 192.1179508916663
0.25 0.25 0.25 0.25
155.31355209239447
45.0
308.66277053888905 363.14940825287704
0
308.66277053888905 480.25062340104796
0.25 0.25 0.25 0.25
156.599968346075
45.0
21.897212035961815 440.60361483032466
2
87.52343059003393 440.60361483032466
0.25 0.25 0.25 0.25
109.42064262599574
45.0
367.05144072364465 431.4045834360911
0
367.05144072364465 271.2422169690288
0.25 0.25 0.25 0.25
160.16236646706233
45.0
422.1167212466937 99.81876362366238
3
296.3380003780499 99.81876362366238
0.25 0.25 0.25 0.25
125.77872086864382
45.0
123.7594213934542 331.114203337817
1
123.7594213934542 445.4999128712873
0.25 0.25 0.25 0.25
114.38570953347028
45.0
361.7833249425692 208.61890609131837
1
361.7833249425692 296.8068861650123
0.25 0.25 0.25 0.25
88.18798007369395
45.0
481.4113476363391 152.2161767687823
3
402.87344759659595 152.2161767687823
0.25 0.25 0.25 0.25
115.7152047670649
45.0
245.63435201974178 8.609784103421077
3
100.7905031767213 8.609784103421077
0.25 0.25 0.25 0.25
144.84384884302048
45.0
122.13188097500019 122.03877507743341
0
122.13188097500019 87.1361182054467
0.25 0.25 0.25 0.25
34.90265687198671
45.0
496.7580492186086 490.4306834890438
0
496.7580492186086 466.6480368661736
0.25 0.25 0.25 0.25
42.92127964478259
45.0
432.5058566253767 72.21507691498425
0
432.5058566253767 36.026316317660495
0.25 0.25 0.25 0.25
36.18876059732376
45.0
462.99887547949976 68.69392074952377
2
464.8677799745063 68.69392074952377
0.25 0.25 0.25 0.25
1.8689044950065348
45.0
482.5753290349348 392.6492103849477
0
482.5753290349348 384.84188606359135
0.25 0.25 0.25 0.25
7.807324321356369
45.0
45.64946678657424 146.8021986469406
1
45.64946678657424 195.02536221307025
0.25 0.25 0.25 0.25
48.22316356612963
45.0
78.22026983367084 397.5602424505667
2
109.82239066601818 397.5602424505667
0.25 0.25 0.25 0.25
31.602120832347346
45.0
292.01596461777876 296.92934483469185
3
265.47720775942105 296.92934483469185
0.25 0.25 0.25 0.25
26.538756858357736
45.0
1.8163842656948646 42.05303843674119
1
1.8163842656948646 65.86670039406448
0.25 0.25 0.25 0.25
23.81366195732329
45.0
