59041
107.32405911487058 430.72483770531653
2
234.76484541784708 430.72483770531653
0.25 0.25 0.25 0.25
127.4407863029765
45.0
130.62028422649703 45.33622767448176
1
130.62028422649703 177.7332573045186
0.25 0.25 0.25 0.25
132.39702963003683
45.0
443.9917769317916 424.2626910158407
3
460.27469124766253 424.2626910158407
0.25 0.25 0.25 0.25
95.73353182054585
45.0
51.81235421438413 239.44497154803625
2
118.6272139926991 239.44497154803625
0.25 0.25 0.25 0.25
170.43956820708323
45.0
181.41816608405304 383.1436888001592
0
181.41816608405304 482.7382357010815
0.25 0.25 0.25 0.25
134.1180754987593
45.0
445.826533344557 279.9889022332428
1
445.826533344557 369.78538691509624
0.25 0.25 0.25 0.25
89.79648468185343
45.0
359.42741716413866 329.4395390266503
2
460.30868796946265 329.4395390266503
0.25 0.25 0.25 0.25
100.88127080532398
45.0
350.99029357820604 99.3188203862303
1
350.99029357820604 233.80996703261513
0.25 0.25 0.25 0.25
134.49114664638483
45.0
204.16723557595668 44.97289007098743
2
294.25176815263046 44.97289007098743
0.25 0.25 0.25 0.25
90.08453257667378
45.0
300.4195518491934 287.6811189583007
0
300.4195518491934 161.9503730949957
0.25 0.25 0.25 0.25
125.73074586330499
45.0
78.35618605271367 11.78397596191013
2
243.46277153745515 11.78397596191013
0.25 0.25 0.25 0.25
165.1065854847415
45.0
365.46162661336894 33.06367285608738
3
228.83829096035404 33.06367285608738
0.25 0.25 0.25 0.25
136.6233356530149
45.0
423.0175965531679 72.72320298844198
1
423.0175965531679 180.46754661331485
0.25 0.25 0.25 0.25
107.74434362487287
45.0
331.2008056180624 255.19072415456614
1
331.2008056180624 395.4160270853141
0.25 0.25 0.25 0.25
140.22530293074797
45.0
42.17553048842706 253.8413572649281
2
78.26884530970176 253.8413572649281
0.25 0.25 0.25 0.25
120.44437579812882
45.0
37.95687755176536 74.21517417255382
2
125.98472524690811 74.21517417255382
0.25 0.25 0.25 0.25
88.02784769514275
45.0
400.4150441698078 338.5031148550143
3
273.86175499399417 338.5031148550143
0.25 0.25 0.25 0.25
126.55328917581363
45.0
235.1632167764366 387.9676776980956
0
235.1632167764366 490.6094847933582
0.25 0.25 0.25 0.25
121.42283750854617
45.0
462.9152809887348 83.68033062346046
1
462.9152809887348 12.931940767435066
0.25 0.25 0.25 0.25
96.61227139089553
45.0
177.33187005903054 150.82700934662776
1
177.33187005903054 259.85734226306874
0.25 0.25 0.25 0.25
109.03033291644098
45.0
446.12972008492125 201.22266653641418
1
446.12972008492125 308.00158591864033
0.25 0.25 0.25 0.25
106.77891938222616
45.0
173.3704688372468 188.75540635774752
1
173.3704688372468 284.0930837014841
0.25 0.25 0.25 0.25
95.33767734373656
45.0
416.5488958884505 271.0498129914191
1
416.5488958884505 374.7350275939807
0.25 0.25 0.25 0.25
103.6852146025616
45.0
222.32104949892081 348.13283933211596
1
222.32104949892081 440.76142250202963
0.25 0.25 0.25 0.25
92.6285831699137
45.0
140.50424820065552 55.22087800686779
2
266.95996539865894 55.22087800686779
0.25 0.25 0.25 0.25
126.45571719800341
45.0
483.7817518572773 119.90478676189616
3
331.99152511487546 119.90478676189616
0.25 0.25 0.25 0.25
151.79022674240184
45.0
490.6220568794421 180.1748251729684
0
490.6220568794421 41.3665862490721
0.25 0.25 0.25 0.25
138.8082389238963
45.0
332.2134638176833 194.9490173232992
3
231.26042708759007 194.9490173232992
0.25 0.25 0.25 0.25
100.95303673009325
45.0
55.42997249261913 239.30799599926377
0
55.42997249261913 80.9805347614271
0.25 0.25 0.25 0.25
158.32746123783667
45.0
292.71254090147596 55.88761523901036
1
292.71254090147596 194.44059820397558
0.25 0.25 0.25 0.25
138.55298296496522
45.0
476.12785995447416 292.8988825866454
3
320.81430786207966 292.8988825866454
0.25 0.25 0.25 0.25
155.31355209239447
45.0
221.53732442288594 327.349819753902
2
378.13729276896095 327.349819753902
0.25 0.25 0.25 0.25
156.599968346075
45.0
161.74628739403408 325.3408835516456
3
52.32564476803836 325.3408835516456
0.25 0.25 0.25 0.25
109.42064262599574
45.0
206.88907425658215 408.4330500968465
0
206.88907425658215 248.27068362978417
0.25 0.25 0.25 0.25
160.16236646706233
45.0
38.550791691611764 252.59833118566718
0
38.550791691611764 126.81961031702336
0.25 0.25 0.25 0.25
125.77872086864382
45.0
38.845097661216414 270.28573013076686
2
153.2308071946867 270.28573013076686
0.25 0.25 0.25 0.25
114.38570953347028
45.0
22.509492035978894 356.67132454374547
2
110.69747210967284 356.67132454374547
0.25 0.25 0.25 0.25
88.18798007369395
45.0
97.16467619898543 120.6510756689317
2
18.55052856807947 120.6510756689317
0.25 0.25 0.25 0.25
115.7152047670649
45.0
44.05334566629918 36.42366790570799
1
44.05334566629918 181.26751674872847
0.25 0.25 0.25 0.25
144.84384884302048
45.0
459.03623656115917 436.40373487435403
3
424.13357968917245 436.40373487435403
0.25 0.25 0.25 0.25
34.90265687198671
45.0
116.95043397834799 496.75874834095583
2
159.87171362313057 496.75874834095583
0.25 0.25 0.25 0.25
42.92127964478259
45.0
37.94803113983229 253.158879901603
2
74.13679173715605 253.158879901603
0.25 0.25 0.25 0.25
36.18876059732376
45.0
429.35859456938243 50.004875799458446
1
429.35859456938243 51.87378029446498
0.25 0.25 0.25 0.25
1.8689044950065348
45.0
236.3609953962362 423.87850767037315
0
236.3609953962362 416.0711833490168
0.25 0.25 0.25 0.25
7.807324321356369
45.0
243.68951461020356 238.98310988209641
3
195.46635104407392 238.98310988209641
0.25 0.25 0.25 0.25
48.22316356612963
45.0
109.82239066601818 1.9994617348338224
1
109.82239066601818 29.602659097513524
0.25 0.25 0.25 0.25
31.602120832347346
45.0
0.08963917584363656 198.83427485651148
0
0.08963917584363656 172.29551799815374
0.25 0.25 0.25 0.25
26.538756858357736
45.0
426.65572875854616 5.574285477905391
2
450.46939071586945 5.574285477905391
0.25 0.25 0.25 0.25
23.81366195732329
45.0
