95140
239.38807163266085 189.53181706369008
3
237.880896407218 189.53181706369008
0.25 0.25 0.25 0.25
1.5071752254428583
45.0
245.68119099204318 333.2422745781657
2
273.84883914176777 333.2422745781657
0.25 0.25 0.25 0.25
28.167648149724574
45.0
142.32263584991563 184.21492364681518
0
142.32263584991563 147.78296390875315
0.25 0.25 0.25 0.25
36.431959738062034
45.0
289.1486836985955 103.37976382556585
0
289.1486836985955 62.067937538159754
0.25 0.25 0.25 0.25
41.31182628740609
45.0
79.30301849341097 122.51155947807003
2
127.09513296781189 122.51155947807003
0.25 0.25 0.25 0.25
47.79211447440092
45.0
145.72792440831353 482.7907371026023
3
115.80535343570482 482.7907371026023
0.25 0.25 0.25 0.25
29.922570972608714
45.0
448.2150274120469 237.15085227061638
1
448.2150274120469 285.91730636232177
0.25 0.25 0.25 0.25
48.76645409170537
45.0
338.9034109869455 465.62909380283617
0
338.9034109869455 463.1408025114377
0.25 0.25 0.25 0.25
2.48829129139847
45.0
305.55023281202546 239.69560844764726
1
305.55023281202546 274.02631657900497
0.25 0.25 0.25 0.25
34.33070813135771
45.0
8.988961382439186 222.22226537656252
0
8.988961382439186 175.65008345119747
0.25 0.25 0.25 0.25
46.572181925365044
45.0
376.0302056985133 25.142505571468014
2
425.384612179228 25.142505571468014
0.25 0.25 0.25 0.25
49.35440648071465
45.0
123.48014453044945 389.9223533216616
3
81.31119997618657 389.9223533216616
0.25 0.25 0.25 0.25
42.16894455426288
45.0
273.5484572316867 480.0822754940135
3
238.99900223479386 480.0822754940135
0.25 0.25 0.25 0.25
34.549454996892855
45.0
157.30724080359147 41.711409119268296
1
157.30724080359147 63.59184922962996
0.25 0.25 0.25 0.25
21.880440110361665
45.0
313.66499667748144 217.07934418566958
3
306.153571628798 217.07934418566958
0.25 0.25 0.25 0.25
7.511425048683451
45.0
138.38938412766203 69.38909624887592
1
138.38938412766203 115.36119556918324
0.25 0.25 0.25 0.25
45.97209932030732
45.0
491.81735332115727 286.59375966358965
3
481.0921052763563 286.59375966358965
0.25 0.25 0.25 0.25
27.09054140248643
45.0
400.96024593483617 258.0988688500883
3
367.08977864956205 258.0988688500883
0.25 0.25 0.25 0.25
33.87046728527411
45.0
25.619212529464424 133.86850401658793
2
51.10338587589594 133.86850401658793
0.25 0.25 0.25 0.25
25.484173346431515
45.0
152.19003007392996 121.63193153013381
1
152.19003007392996 134.766748318201
0.25 0.25 0.25 0.25
13.134816788067184
45.0
450.3515765060396 124.97496874714382
0
450.3515765060396 111.17876276105264
0.25 0.25 0.25 0.25
13.796205986091186
45.0
383.60685383796107 186.9273265905543
1
383.60685383796107 190.95439801811247
0.25 0.25 0.25 0.25
4.027071427558171
45.0
298.65364007042956 144.42043552689745
2
326.78570937393073 144.42043552689745
0.25 0.25 0.25 0.25
28.13206930350116
45.0
307.505593984539 127.933143950572
3
270.422487428209 127.933143950572
0.25 0.25 0.25 0.25
37.083106556329966
45.0
184.6882758244017 17.556290586722227
3
156.39811784859012 17.556290586722227
0.25 0.25 0.25 0.25
28.290157975811574
45.0
188.47193828222782 355.0368767099512
0
188.47193828222782 319.12172153709764
0.25 0.25 0.25 0.25
35.91515517285354
45.0
239.8597712863006 325.83562385403513
1
239.8597712863006 366.2496898338639
0.25 0.25 0.25 0.25
40.414065979828756
45.0
450.0673119352727 351.14093206915743
2
483.297528447372 351.14093206915743
0.25 0.25 0.25 0.25
33.23021651209927
45.0
458.83540624950933 32.43239755372042
3
493.0184662056489 32.43239755372042
0.25 0.25 0.25 0.25
48.14612754484176
45.0
356.7370938140394 370.8547414499423
3
320.88478334433364 370.8547414499423
0.25 0.25 0.25 0.25
35.85231046970576
45.0
82.31722843342908 368.94731802944773
3
32.40861573044815 368.94731802944773
0.25 0.25 0.25 0.25
49.90861270298094
45.0
53.82756035333718 225.31950157930396
2
94.91680569388686 225.31950157930396
0.25 0.25 0.25 0.25
41.08924534054968
45.0
376.60073781584356 347.5533087087217
3
339.4602351663133 347.5533087087217
0.25 0.25 0.25 0.25
37.140502649530255
45.0
354.75167356030715 284.9913572085344
1
354.75167356030715 318.03869099322134
0.25 0.25 0.25 0.25
33.04733378468694
45.0
413.12546471523655 180.44083731302408
2
437.765648746212 180.44083731302408
0.25 0.25 0.25 0.25
24.640184030975448
45.0
264.19519544101877 305.10903433185604
1
264.19519544101877 337.72452295647713
0.25 0.25 0.25 0.25
32.61548862462107
45.0
76.43409033768961 189.36405667692043
3
65.23675058973555 189.36405667692043
0.25 0.25 0.25 0.25
11.19733974795406
45.0
305.91878007776927 459.60710544975973
0
305.91878007776927 419.5101329742325
0.25 0.25 0.25 0.25
40.09697247552726
45.0
368.10088898026913 375.3822354918704
0
368.10088898026913 354.9332311000196
0.25 0.25 0.25 0.25
20.44900439185081
45.0
243.77120100274493 385.556137883983
2
275.73892912739143 385.556137883983
0.25 0.25 0.25 0.25
31.967728124646495
45.0
94.29628043345579 287.74812227988184
3
82.31048092555972 287.74812227988184
0.25 0.25 0.25 0.25
11.985799507896072
45.0
400.3325386362034 354.05949671537076
0
400.3325386362034 349.78726578763127
0.25 0.25 0.25 0.25
4.272230927739495
45.0
55.600641917326975 76.69343194674832
1
55.600641917326975 123.03560243762348
0.25 0.25 0.25 0.25
46.34217049087517
45.0
222.40984966023032 416.04644338394286
0
222.40984966023032 403.1996402716373
0.25 0.25 0.25 0.25
12.846803112305583
45.0
262.65497762152154 62.34179392303885
1
262.65497762152154 90.29089480530152
0.25 0.25 0.25 0.25
27.949100882262673
45.0
59.4475053946452 352.6193012227085
3
23.163139053511244 352.6193012227085
0.25 0.25 0.25 0.25
36.28436634113395
45.0
237.00248829620264 455.30634007212825
2
261.7394860077786 455.30634007212825
0.25 0.25 0.25 0.25
24.73699771157599
45.0
152.08946984769273 134.6438745077348
0
152.08946984769273 123.48961457342419
0.25 0.25 0.25 0.25
11.154259934310613
45.0
