51898
65.65161546115337 299.2108198738744
0
65.65161546115337 192.8657816947052
0.25 0.25 0.25 0.25
106.34503817916922
45.0
143.56691685481007 350.8889055233517
0
143.56691685481007 213.05984756772364
0.25 0.25 0.25 0.25
137.82905795562806
45.0
461.0039833126449 66.74270663609946
1
461.0039833126449 217.51905595327514
0.25 0.25 0.25 0.25
150.7763493171757
45.0
383.1045916121851 273.56336383985837
2
422.85891849814664 273.56336383985837
0.25 0.25 0.25 0.25
39.754326885961504
45.0
390.21068974599973 166.82629757320632
0
390.21068974599973 163.34825471673952
0.25 0.25 0.25 0.25
3.478042856466812
45.0
365.95514062384945 351.93560296535605
3
362.83886886579654 351.93560296535605
0.25 0.25 0.25 0.25
3.1162717580528962
45.0
210.61401736028233 327.06462537402905
1
210.61401736028233 371.5968844766505
0.25 0.25 0.25 0.25
44.53225910262143
45.0
195.55326394529698 490.1842400222872
0
195.55326394529698 479.26051286983954
0.25 0.25 0.25 0.25
10.923727152447688
45.0
238.50804010330165 76.52518432658056
1
238.50804010330165 115.47568306364248
0.25 0.25 0.25 0.25
38.95049873706192
45.0
314.12395946270493 168.13477988446914
2
348.74802789059777 168.13477988446914
0.25 0.25 0.25 0.25
34.62406842789284
45.0
270.55215065212064 406.56828822501313
3
226.088458593728 406.56828822501313
0.25 0.25 0.25 0.25
44.46369205839262
45.0
285.82353038957825 353.0808619895562
1
285.82353038957825 386.70082551407233
0.25 0.25 0.25 0.25
33.61996352451616
45.0
27.832261753713873 389.765757996674
0
27.832261753713873 359.06789606899264
0.25 0.25 0.25 0.25
30.697861927681352
45.0
144.16919860388887 479.76909648249637
0
144.16919860388887 495.6763864498606
0.25 0.25 0.25 0.25
24.554517067642994
45.0
89.53656364269298 220.61697991775014
3
78.75752804828376 220.61697991775014
0.25 0.25 0.25 0.25
10.779035594409226
45.0
203.24460196073431 499.6925447589982
0
203.24460196073431 468.70872024078267
0.25 0.25 0.25 0.25
30.98382451821557
45.0
35.940009111633714 27.87169244301927
1
35.940009111633714 6.588710824200234
0.25 0.25 0.25 0.25
34.460403267219505
45.0
57.83308758275783 358.20087569957013
0
57.83308758275783 322.507471656129
0.25 0.25 0.25 0.25
35.69340404344116
45.0
310.36868458839393 384.66148973413607
2
357.27995571992574 384.66148973413607
0.25 0.25 0.25 0.25
46.911271131531784
45.0
151.57095312564786 405.93766364684336
0
151.57095312564786 390.8139508891457
0.25 0.25 0.25 0.25
15.123712757697666
45.0
499.70723677918727 131.86963108976633
3
496.91452753408157 131.86963108976633
0.25 0.25 0.25 0.25
2.7927092451056734
45.0
309.4383197318115 30.19572988678277
1
309.4383197318115 60.90714436956499
0.25 0.25 0.25 0.25
30.711414482782217
45.0
383.7995383263773 387.8210342992577
0
383.7995383263773 362.10291631325896
0.25 0.25 0.25 0.25
25.718117985998745
45.0
485.29162621339094 78.05127681902727
1
485.29162621339094 113.05272563129606
0.25 0.25 0.25 0.25
35.001448812268784
45.0
49.870130116740484 368.7569082545846
1
49.870130116740484 406.3622707016855
0.25 0.25 0.25 0.25
37.6053624471009
45.0
209.24878285202823 62.6781981353961
2
233.18667119145232 62.6781981353961
0.25 0.25 0.25 0.25
23.937888339424106
45.0
483.4400673025043 390.24507635986015
3
437.8183365389543 390.24507635986015
0.25 0.25 0.25 0.25
45.62173076354996
45.0
334.5727482235816 173.95732424111304
0
334.5727482235816 165.75784496829357
0.25 0.25 0.25 0.25
8.19947927281946
45.0
271.4548821712732 73.09093287364178
1
271.4548821712732 102.95657543746317
0.25 0.25 0.25 0.25
29.865642563821392
45.0
189.67431480551977 498.6281046020389
2
234.57793245162327 498.6281046020389
0.25 0.25 0.25 0.25
44.9036176461035
45.0
124.2227347743443 43.82753618115611
1
124.2227347743443 73.8820025661702
0.25 0.25 0.25 0.25
30.054466385014088
45.0
445.6321881775863 34.07696105658681
1
445.6321881775863 62.313873629154415
0.25 0.25 0.25 0.25
28.2369125725676
45.0
471.58892760205856 172.40863285567974
3
492.03694677938785 172.40863285567974
0.25 0.25 0.25 0.25
36.374125618553585
45.0
249.3715465672724 458.709556660642
1
249.3715465672724 464.1434957690137
0.25 0.25 0.25 0.25
5.43393910837171
45.0
191.60924037320538 112.74533960083276
1
191.60924037320538 127.15039997355036
0.25 0.25 0.25 0.25
14.405060372717598
45.0
198.4067439024418 181.5709337736444
1
198.4067439024418 211.29744468814022
0.25 0.25 0.25 0.25
29.72651091449579
45.0
486.2111801923013 209.2940100860504
3
472.27280065891125 209.2940100860504
0.25 0.25 0.25 0.25
41.5160191487875
45.0
192.34821984470244 324.45684733205826
0
192.34821984470244 295.47849809519835
0.25 0.25 0.25 0.25
28.978349236859902
45.0
394.4623711283394 178.89899098550893
1
394.4623711283394 193.4772606088087
0.25 0.25 0.25 0.25
14.57826962329976
45.0
390.4263302806784 268.40004581071236
0
390.4263302806784 239.51513628889288
0.25 0.25 0.25 0.25
28.88490952181947
45.0
276.11244675798446 364.6198552540543
3
243.50675521103267 364.6198552540543
0.25 0.25 0.25 0.25
32.6056915469518
45.0
167.85011308831054 53.61393106350505
3
148.06360902947807 53.61393106350505
0.25 0.25 0.25 0.25
19.786504058832467
45.0
105.55306505427743 112.91416260545788
3
73.28648455153811 112.91416260545788
0.25 0.25 0.25 0.25
32.26658050273932
45.0
198.23159748763058 483.8844558370042
3
172.8598176288386 483.8844558370042
0.25 0.25 0.25 0.25
25.37177985879196
45.0
382.0060587635729 469.7463302801125
0
382.0060587635729 482.9873027730453
0.25 0.25 0.25 0.25
47.266366946842155
45.0
195.23211357318266 203.8248272197555
2
211.76352540497808 203.8248272197555
0.25 0.25 0.25 0.25
16.531411831795428
45.0
423.69417276856257 83.75047703372931
3
394.9473975215192 83.75047703372931
0.25 0.25 0.25 0.25
28.746775247043377
45.0
287.11821944749795 180.5078245761333
0
287.11821944749795 149.4823454971373
0.25 0.25 0.25 0.25
31.025479078996
45.0
