51898
427.581386386138 83.2746764553255
1
427.581386386138 189.61971463449473
0.25 0.25 0.25 0.25
106.34503817916922
45.0
281.39597481043813 476.08544221041666
0
281.39597481043813 338.2563842547886
0.25 0.25 0.25 0.25
137.82905795562806
45.0
292.8777632732335 66.74270663609948
2
443.65411259040917 66.74270663609948
0.25 0.25 0.25 0.25
150.7763493171757
45.0
338.6151201860843 114.54605629601231
1
338.6151201860843 154.3003831819738
0.25 0.25 0.25 0.25
39.754326885961504
45.0
414.55698974126733 173.78238328613992
1
414.55698974126733 177.26042614260672
0.25 0.25 0.25 0.25
3.478042856466812
45.0
356.60632534969074 345.70305944925025
1
356.60632534969074 348.81933120730315
0.25 0.25 0.25 0.25
3.1162717580528962
45.0
32.48498094979663 371.5968844766505
2
77.01724005241806 371.5968844766505
0.25 0.25 0.25 0.25
44.53225910262143
45.0
293.86680831732616 468.3367857173919
1
293.86680831732616 479.26051286983954
0.25 0.25 0.25 0.25
10.923727152447688
45.0
160.6070426291778 115.47568306364248
0
160.6070426291778 76.52518432658056
0.25 0.25 0.25 0.25
38.95049873706192
45.0
175.62768575113364 341.2551220239333
2
210.25175417902648 341.2551220239333
0.25 0.25 0.25 0.25
34.62406842789284
45.0
40.693693756627674 406.56828822501313
2
3.769998301764943 406.56828822501313
0.25 0.25 0.25 0.25
44.46369205839262
45.0
353.06345743861056 453.94075256310464
3
319.4434939140944 453.94075256310464
0.25 0.25 0.25 0.25
33.61996352451616
45.0
33.563462101648824 236.27644835826726
3
2.865600173967472 236.27644835826726
0.25 0.25 0.25 0.25
30.697861927681352
45.0
95.06016446860288 406.10554527956725
0
95.06016446860288 381.55102821192423
0.25 0.25 0.25 0.25
24.554517067642994
45.0
78.75752804828376 199.05890872893167
0
78.75752804828376 188.27987313452243
0.25 0.25 0.25 0.25
10.779035594409226
45.0
327.17990003359654 469.3236307227863
3
296.196075515381 469.3236307227863
0.25 0.25 0.25 0.25
30.98382451821557
45.0
274.2036202933418 109.96992062585875
1
274.2036202933418 144.43032389307825
0.25 0.25 0.25 0.25
34.460403267219505
45.0
120.63393263444797 72.65364335204089
1
120.63393263444797 108.34704739548205
0.25 0.25 0.25 0.25
35.69340404344116
45.0
75.81232893073502 9.371320681881791
2
122.7236000622668 9.371320681881791
0.25 0.25 0.25 0.25
46.911271131531784
45.0
60.82867657946189 360.5665253737504
2
75.95238933715956 360.5665253737504
0.25 0.25 0.25 0.25
15.123712757697666
45.0
496.91452753408157 131.86963108976633
3
494.1218182889759 131.86963108976633
0.25 0.25 0.25 0.25
2.7927092451056734
45.0
28.387239578792958 153.04138781791164
0
28.387239578792958 122.32997333512942
0.25 0.25 0.25 0.25
30.711414482782217
45.0
332.3633023543798 156.3579724252691
0
332.3633023543798 130.63985443927038
0.25 0.25 0.25 0.25
25.718117985998745
45.0
339.70112972526516 148.05417444356485
1
339.70112972526516 183.05562325583364
0.25 0.25 0.25 0.25
35.001448812268784
45.0
12.26476766963961 179.97874238020466
1
12.26476766963961 217.58410482730557
0.25 0.25 0.25 0.25
37.6053624471009
45.0
352.8761128885728 230.24341651136479
0
352.8761128885728 206.3055281719407
0.25 0.25 0.25 0.25
23.937888339424106
45.0
392.1966057754044 290.4028082952901
2
437.8183365389544 290.4028082952901
0.25 0.25 0.25 0.25
45.62173076354996
45.0
350.97170676922053 165.75784496829357
1
350.97170676922053 173.95732424111304
0.25 0.25 0.25 0.25
8.19947927281946
45.0
2.6640990968806832 46.371637381643794
0
2.6640990968806832 16.505994817822405
0.25 0.25 0.25 0.25
29.865642563821392
45.0
369.28878538993376 97.23933658302968
2
414.19240303603726 97.23933658302968
0.25 0.25 0.25 0.25
44.9036176461035
45.0
4.004869234287966 133.99093533619836
1
4.004869234287966 164.04540172121244
0.25 0.25 0.25 0.25
30.054466385014088
45.0
384.9463363870082 175.26152391942483
1
384.9463363870082 203.49843649199244
0.25 0.25 0.25 0.25
28.2369125725676
45.0
492.03694677938785 172.40863285567974
1
492.03694677938785 208.78275847423333
0.25 0.25 0.25 0.25
36.374125618553585
45.0
265.6733638923875 486.95105225564095
1
265.6733638923875 492.38499136401265
0.25 0.25 0.25 0.25
5.43393910837171
45.0
76.3687573914646 69.53015848267997
3
61.963697018747 69.53015848267997
0.25 0.25 0.25 0.25
14.405060372717598
45.0
287.5862766459292 3.2118682866696844
2
317.312787560425 3.2118682866696844
0.25 0.25 0.25 0.25
29.72651091449579
45.0
347.72474321254873 164.35016225303713
3
306.2087240637612 164.35016225303713
0.25 0.25 0.25 0.25
41.5160191487875
45.0
47.45647366040291 208.5434503846186
2
76.4348228972628 208.5434503846186
0.25 0.25 0.25 0.25
28.978349236859902
45.0
350.72756225844006 149.74245173890938
2
365.30583188173983 149.74245173890938
0.25 0.25 0.25 0.25
14.57826962329976
45.0
477.0810588461368 152.86040772343446
3
448.19614932431733 152.86040772343446
0.25 0.25 0.25 0.25
28.88490952181947
45.0
210.90106366408088 332.0141637071025
2
243.50675521103267 332.0141637071025
0.25 0.25 0.25 0.25
32.6056915469518
45.0
246.9961293236404 192.1194594753323
1
246.9961293236404 211.90596353416475
0.25 0.25 0.25 0.25
19.786504058832467
45.0
73.28648455153811 112.91416260545788
3
41.019904048798786 112.91416260545788
0.25 0.25 0.25 0.25
32.26658050273932
45.0
20.629138476086823 382.3973364018363
0
20.629138476086823 357.02555654304433
0.25 0.25 0.25 0.25
25.37177985879196
45.0
98.40785708252005 199.38910109199247
3
51.141490135677905 199.38910109199247
0.25 0.25 0.25 0.25
47.266366946842155
45.0
79.51223075061468 236.88765088334634
0
79.51223075061468 220.35623905155092
0.25 0.25 0.25 0.25
16.531411831795428
45.0
279.96029653334557 83.75047703372931
2
308.70707178038896 83.75047703372931
0.25 0.25 0.25 0.25
28.746775247043377
45.0
349.16917760548995 149.4823454971373
1
349.16917760548995 180.5078245761333
0.25 0.25 0.25 0.25
31.025479078996
45.0
