51898
359.7285372555236 105.61360743858705
1
359.7285372555236 0.7314307405821694
0.25 0.25 0.25 0.25
106.34503817916922
45.0
281.39597481043813 177.86325325712005
0
281.39597481043813 40.03419530149199
0.25 0.25 0.25 0.25
137.82905795562806
45.0
443.6541125904092 385.5863413154276
0
443.6541125904092 463.6373093673967
0.25 0.25 0.25 0.25
150.7763493171757
45.0
173.45598479127602 472.3349982696659
0
173.45598479127602 487.9106748443726
0.25 0.25 0.25 0.25
39.754326885961504
45.0
358.90830403779853 208.56281185080792
2
362.38634689426533 208.56281185080792
0.25 0.25 0.25 0.25
3.478042856466812
45.0
384.65277117216687 355.05187472340896
0
384.65277117216687 351.93560296535605
0.25 0.25 0.25 0.25
3.1162717580528962
45.0
388.74305377076803 104.40332986092193
0
388.74305377076803 59.8710707583005
0.25 0.25 0.25 0.25
44.53225910262143
45.0
195.55326394529698 455.19712421547445
3
184.62953679284928 455.19712421547445
0.25 0.25 0.25 0.25
10.923727152447688
45.0
160.60704262917778 193.37668053776633
1
160.60704262917778 232.32717927482827
0.25 0.25 0.25 0.25
38.95049873706192
45.0
71.75548046745507 39.60963068288788
3
37.131412039562235 39.60963068288788
0.25 0.25 0.25 0.25
34.62406842789284
45.0
418.2020049391311 393.7781688260539
0
418.2020049391311 349.3144767676613
0.25 0.25 0.25 0.25
44.46369205839262
45.0
50.48378571796518 285.8409349405239
0
50.48378571796518 252.22097141600773
0.25 0.25 0.25 0.25
33.61996352451616
45.0
365.5087429582087 205.57858643058591
0
365.5087429582087 174.88072450290457
0.25 0.25 0.25 0.25
30.697861927681352
45.0
266.9417839421038 381.5510282119243
0
266.9417839421038 356.99651114428127
0.25 0.25 0.25 0.25
24.554517067642994
45.0
111.09463483151143 166.72180194570396
3
100.3155992371022 166.72180194570396
0.25 0.25 0.25 0.25
10.779035594409226
45.0
75.60981870320578 189.85429957684266
3
44.625994184990205 189.85429957684266
0.25 0.25 0.25 0.25
30.98382451821557
45.0
450.11315356890236 165.7133055118973
3
415.6527503016829 165.7133055118973
0.25 0.25 0.25 0.25
34.460403267219505
45.0
22.139683539316664 286.81406761268784
1
22.139683539316664 322.507471656129
0.25 0.25 0.25 0.25
35.69340404344116
45.0
451.10249798298935 384.66148973413607
3
404.19122685145754 384.66148973413607
0.25 0.25 0.25 0.25
46.911271131531784
45.0
196.94209139874084 194.20568503907612
1
196.94209139874084 209.32939779677378
0.25 0.25 0.25 0.25
15.123712757697666
45.0
489.12192624038994 173.76026976635137
0
489.12192624038994 170.9675605212457
0.25 0.25 0.25 0.25
2.7927092451056734
45.0
15.800852835802672 215.49558597547497
2
14.910561646979545 215.49558597547497
0.25 0.25 0.25 0.25
30.711414482782217
45.0
229.4908304103849 259.23044436926403
0
229.4908304103849 233.5123263832653
0.25 0.25 0.25 0.25
25.718117985998745
45.0
339.7011297252651 288.05996969264
1
339.7011297252651 323.0614185049088
0.25 0.25 0.25 0.25
35.001448812268784
45.0
138.15668211876402 368.7569082545846
1
138.15668211876402 406.3622707016855
0.25 0.25 0.25 0.25
37.6053624471009
45.0
137.43511783375595 206.3055281719407
0
137.43511783375595 182.3676398325166
0.25 0.25 0.25 0.25
23.937888339424106
45.0
213.3877595193038 20.35050051208958
1
213.3877595193038 65.97223127563954
0.25 0.25 0.25 0.25
45.62173076354996
45.0
350.97170676922053 132.95992787701567
1
350.97170676922053 141.15940714983515
0.25 0.25 0.25 0.25
8.19947927281946
45.0
280.56047937140613 165.83420763692936
0
280.56047937140613 135.96856507310798
0.25 0.25 0.25 0.25
29.865642563821392
45.0
144.77069715941627 139.3991634332109
3
99.86707951331277 139.3991634332109
0.25 0.25 0.25 0.25
44.9036176461035
45.0
463.02447430403424 46.33586297388615
3
432.97000791902013 46.33586297388615
0.25 0.25 0.25 0.25
30.054466385014088
45.0
413.18324895957585 22.396864088548387
2
441.4201615321434 22.396864088548387
0.25 0.25 0.25 0.25
28.2369125725676
45.0
110.39708229479888 300.4550001855169
2
146.77120791335247 300.4550001855169
0.25 0.25 0.25 0.25
36.374125618553585
45.0
243.9376074589007 426.1059220104118
3
238.50366835052898 426.1059220104118
0.25 0.25 0.25 0.25
5.43393910837171
45.0
220.41936111864058 69.53015848267995
1
220.41936111864058 83.93521885539755
0.25 0.25 0.25 0.25
14.405060372717598
45.0
257.8597657314334 330.20348834612344
3
228.1332548169376 330.20348834612344
0.25 0.25 0.25 0.25
29.72651091449579
45.0
98.62862831982369 333.8420675324129
0
98.62862831982369 292.3260483836254
0.25 0.25 0.25 0.25
41.5160191487875
45.0
453.15336297644166 92.63005343717899
3
424.17501373958174 92.63005343717899
0.25 0.25 0.25 0.25
28.978349236859902
45.0
445.1766630153631 33.11629475251128
3
430.5983933920633 33.11629475251128
0.25 0.25 0.25 0.25
14.57826962329976
45.0
158.38695063389144 441.70950294162907
0
158.38695063389144 412.8245934198096
0.25 0.25 0.25 0.25
28.88490952181947
45.0
15.26691438237009 407.1403039172832
2
47.87260592932189 407.1403039172832
0.25 0.25 0.25 0.25
32.6056915469518
45.0
416.63330167620774 172.33295541649983
2
436.4198057350402 172.33295541649983
0.25 0.25 0.25 0.25
19.786504058832467
45.0
378.1816469018935 80.64758210271856
1
378.1816469018935 112.91416260545788
0.25 0.25 0.25 0.25
32.26658050273932
45.0
299.7187169227984 357.0255565430444
0
299.7187169227984 331.6537766842524
0.25 0.25 0.25 0.25
25.37177985879196
45.0
279.72307849221716 422.47996333327035
1
279.72307849221716 469.7463302801125
0.25 0.25 0.25 0.25
47.266366946842155
45.0
244.82634906856896 498.6097598079269
0
244.82634906856896 482.07834797613145
0.25 0.25 0.25 0.25
16.531411831795428
45.0
366.2006222744758 174.9705001896611
2
394.9473975215192 174.9705001896611
0.25 0.25 0.25 0.25
28.746775247043377
45.0
131.99082405251795 366.6606990501093
3
100.96534497352195 366.6606990501093
0.25 0.25 0.25 0.25
31.025479078996
45.0
