51452
107.65908186843595 61.46418025904085
2
156.32931008161674 61.46418025904085
0.25 0.25 0.25 0.25
48.6702282131808
45.0
184.05432414318864 457.39065514473685
1
184.05432414318864 485.891739720691
0.25 0.25 0.25 0.25
28.50108457595416
45.0
105.3392727033805 366.39377651037756
3
97.3680994810415 366.39377651037756
0.25 0.25 0.25 0.25
7.971173222339006
45.0
483.87736710854256 399.86383009881496
3
472.5050217108666 399.86383009881496
0.25 0.25 0.25 0.25
11.37234539767597
45.0
293.55411996932514 301.0036196657973
3
251.23083665569357 301.0036196657973
0.25 0.25 0.25 0.25
42.32328331363159
45.0
101.93561652179307 313.51270925439945
0
101.93561652179307 272.428338483811
0.25 0.25 0.25 0.25
41.084370770588485
45.0
469.39436749620006 487.5791935373703
0
469.39436749620006 484.9142515146524
0.25 0.25 0.25 0.25
27.506554947977293
45.0
414.09224253252154 381.4369106647663
1
414.09224253252154 388.3391131101232
0.25 0.25 0.25 0.25
6.902202445356897
45.0
2.546319502229677 402.04253376324186
2
1.370994132063763 402.04253376324186
0.25 0.25 0.25 0.25
3.91731363429344
45.0
473.51430083304194 148.66662787633067
3
435.4777473749885 148.66662787633067
0.25 0.25 0.25 0.25
38.03655345805344
45.0
423.8856067508559 379.6903703745909
0
423.8856067508559 378.6719161342385
0.25 0.25 0.25 0.25
1.0184542403524233
45.0
33.101290269810505 261.194889630361
2
74.47342438739997 261.194889630361
0.25 0.25 0.25 0.25
41.37213411758947
45.0
257.03500851259236 26.52758413786627
3
209.81681956654376 26.52758413786627
0.25 0.25 0.25 0.25
47.21818894604859
45.0
52.88799791194003 196.00787784635435
1
52.88799791194003 239.28046469363304
0.25 0.25 0.25 0.25
43.27258684727869
45.0
227.68406174856912 375.36984402199073
1
227.68406174856912 424.8463901254597
0.25 0.25 0.25 0.25
49.47654610346896
45.0
158.37487435146133 15.789415545968126
1
158.37487435146133 22.607910133371888
0.25 0.25 0.25 0.25
38.397325679340014
45.0
4.50805124733164 116.40407353213038
2
17.27149559529081 116.40407353213038
0.25 0.25 0.25 0.25
12.763444347959169
45.0
194.01188273270935 287.6116744886051
3
148.59011244728208 287.6116744886051
0.25 0.25 0.25 0.25
45.421770285427286
45.0
283.89412095946864 56.4402170009622
1
283.89412095946864 105.81949269222548
0.25 0.25 0.25 0.25
49.37927569126328
45.0
191.64304368130746 419.57768689102653
1
191.64304368130746 459.52764996033
0.25 0.25 0.25 0.25
39.949963069303465
45.0
93.49410878786558 156.8921456915242
0
93.49410878786558 126.92999326353006
0.25 0.25 0.25 0.25
29.962152427994145
45.0
428.38125843950667 378.84809371094485
2
439.0068488102441 378.84809371094485
0.25 0.25 0.25 0.25
10.625590370737436
45.0
94.38506777283413 189.59147306700123
2
109.09144668330015 189.59147306700123
0.25 0.25 0.25 0.25
14.706378910466016
45.0
282.3958124004164 37.08632353259435
1
282.3958124004164 62.25434595406102
0.25 0.25 0.25 0.25
25.168022421466674
45.0
110.34821407569996 341.9674417052279
0
110.34821407569996 296.4516413196151
0.25 0.25 0.25 0.25
45.515800385612785
45.0
158.5536213481604 18.274745197560108
3
115.84996105490983 18.274745197560108
0.25 0.25 0.25 0.25
42.703660293250564
45.0
214.2306104759757 264.5936042441652
2
220.05412810499914 264.5936042441652
0.25 0.25 0.25 0.25
5.823517629023439
45.0
54.096157746626204 8.134324900307888
3
34.4553852158964 8.134324900307888
0.25 0.25 0.25 0.25
19.640772530729805
45.0
323.05544621253 171.53765873790547
2
327.78968109253793 171.53765873790547
0.25 0.25 0.25 0.25
4.734234880007921
45.0
333.95328295725045 157.5104754560113
1
333.95328295725045 171.7825023120157
0.25 0.25 0.25 0.25
14.27202685600441
45.0
263.49070154385663 477.91884558751576
0
263.49070154385663 433.65727768843044
0.25 0.25 0.25 0.25
44.26156789908532
45.0
480.97324794603105 334.795412353624
3
448.8717524097428 334.795412353624
0.25 0.25 0.25 0.25
32.10149553628829
45.0
380.43246087286855 224.8747764588469
2
405.29806231040067 224.8747764588469
0.25 0.25 0.25 0.25
24.86560143753213
45.0
314.60884686248914 15.837743641448126
3
303.2300136425375 15.837743641448126
0.25 0.25 0.25 0.25
11.378833219951689
45.0
362.05646882333525 283.50962731586
0
362.05646882333525 271.71657462745617
0.25 0.25 0.25 0.25
11.7930526884038
45.0
161.06625033177437 440.9102215007257
3
112.31310468462003 440.9102215007257
0.25 0.25 0.25 0.25
48.75314564715434
45.0
389.5241005388835 17.94595994551254
1
389.5241005388835 44.467257506594414
0.25 0.25 0.25 0.25
26.521297561081873
45.0
297.5499116018102 11.96741075539541
2
328.8426872249039 11.96741075539541
0.25 0.25 0.25 0.25
31.29277562309367
45.0
441.754360856165 354.8605791649926
2
466.3513724691993 354.8605791649926
0.25 0.25 0.25 0.25
24.597011613034297
45.0
395.57327918849705 350.7790628886679
0
395.57327918849705 325.46337620463817
0.25 0.25 0.25 0.25
25.315686684029753
45.0
65.50549376103069 114.91522746049017
0
65.50549376103069 110.14785399005572
0.25 0.25 0.25 0.25
4.767373470434444
45.0
354.6901143339761 368.56762782412613
0
354.6901143339761 335.09196388801354
0.25 0.25 0.25 0.25
33.47566393611258
45.0
344.4153280917303 202.9756464841255
1
344.4153280917303 216.37743575241797
0.25 0.25 0.25 0.25
13.401789268292475
45.0
145.79660807572165 380.55969290775056
0
145.79660807572165 373.4700669105307
0.25 0.25 0.25 0.25
7.089625997219867
45.0
414.0462503977043 390.7034840134231
1
414.0462503977043 412.44757731248933
0.25 0.25 0.25 0.25
21.744093299066208
45.0
165.95751060726263 338.36774531838887
1
165.95751060726263 366.42519291987696
0.25 0.25 0.25 0.25
28.057447601488093
45.0
214.2797040199983 284.05294986899526
0
214.2797040199983 244.84117837207916
0.25 0.25 0.25 0.25
39.2117714969161
45.0
310.32184921454495 123.13238962442314
0
310.32184921454495 77.35879956110185
0.25 0.25 0.25 0.25
45.77359006332129
45.0
