36553
323.23459458813596 423.4123884729913
0
323.23459458813596 436.2461725901085
0.25 0.25 0.25 0.25
140.34143893690015
45.0
347.4289453155113 168.95782347892225
3
188.7844930459861 168.95782347892225
0.25 0.25 0.25 0.25
158.64445226952523
45.0
474.1367877553166 399.3014897463248
0
474.1367877553166 447.076658308172
0.25 0.25 0.25 0.25
153.6218519455032
45.0
2.4647672783801227 408.4724077732627
0
2.4647672783801227 495.8514054843423
0.25 0.25 0.25 0.25
95.67618674239498
45.0
13.896356067471402 158.16820802516173
2
156.17745818489794 158.16820802516173
0.25 0.25 0.25 0.25
170.07381425236935
45.0
347.2769588613689 279.6100242359227
3
220.0318589149091 279.6100242359227
0.25 0.25 0.25 0.25
127.24509994645979
45.0
83.77653179199646 201.0489632344489
0
83.77653179199646 43.03930287007819
0.25 0.25 0.25 0.25
158.00966036437072
45.0
398.23879516273587 350.31401027838194
1
398.23879516273587 494.32085438654696
0.25 0.25 0.25 0.25
144.006844108165
45.0
168.52898807275687 233.2086468827573
2
272.475166416703 233.2086468827573
0.25 0.25 0.25 0.25
103.94617834394613
45.0
205.88692032268943 211.25578295328478
0
205.88692032268943 107.05396364602178
0.25 0.25 0.25 0.25
104.201819307263
45.0
279.9524469146905 6.301417556959043
0
279.9524469146905 5.547477121467114
0.25 0.25 0.25 0.25
0.7539404354919288
45.0
190.98470602283783 109.58701515207756
2
239.6298265822389 109.58701515207756
0.25 0.25 0.25 0.25
48.645120559401086
45.0
416.2460695853407 139.00984844970094
1
416.2460695853407 172.31123662785106
0.25 0.25 0.25 0.25
33.30138817815011
45.0
128.613136508561 58.55715190739206
1
128.613136508561 99.90897315818145
0.25 0.25 0.25 0.25
41.35182125078939
45.0
429.88063165582327 373.80042633232034
1
429.88063165582327 404.0579788318687
0.25 0.25 0.25 0.25
30.257552499548378
45.0
6.9803625920079355 252.35544250828113
2
10.81149570788267 252.35544250828113
0.25 0.25 0.25 0.25
17.791858299890606
45.0
458.5783171486597 99.49259425293104
0
458.5783171486597 69.4189004329879
0.25 0.25 0.25 0.25
30.073693819943138
45.0
291.2268919168479 103.32676708333815
0
291.2268919168479 75.37839069474069
0.25 0.25 0.25 0.25
27.948376388597467
45.0
241.821150912562 317.4692700611596
1
241.821150912562 331.987909764785
0.25 0.25 0.25 0.25
14.518639703625436
45.0
8.06049186923676 63.647481609608306
2
17.373505273769858 63.647481609608306
0.25 0.25 0.25 0.25
9.313013404533098
45.0
293.5251241047079 221.86229672473502
1
293.5251241047079 232.8454555826933
0.25 0.25 0.25 0.25
10.983158857958275
45.0
33.18853921327551 111.71093582890876
3
9.79902475524554 111.71093582890876
0.25 0.25 0.25 0.25
23.38951445802997
45.0
126.0407282762793 384.73148632639675
2
174.65078088815517 384.73148632639675
0.25 0.25 0.25 0.25
48.61005261187587
45.0
344.7466949370112 217.09994542850407
0
344.7466949370112 174.07262891511166
0.25 0.25 0.25 0.25
43.027316513392414
45.0
216.43458082691643 214.40096300118415
1
216.43458082691643 255.4810313612079
0.25 0.25 0.25 0.25
41.08006836002373
45.0
169.55355230035522 337.1286055743591
0
169.55355230035522 335.91680968113144
0.25 0.25 0.25 0.25
1.211795893227663
45.0
291.97667224769134 135.46854370881508
2
338.72209937270696 135.46854370881508
0.25 0.25 0.25 0.25
46.745427125015645
45.0
62.522541895192816 301.5226725268605
1
62.522541895192816 317.6378695530202
0.25 0.25 0.25 0.25
16.115197026159723
45.0
138.10002080936124 306.68027525002634
1
138.10002080936124 355.70444645833015
0.25 0.25 0.25 0.25
49.024171208303834
45.0
208.5152751234379 445.389795553401
2
208.87705841339982 445.389795553401
0.25 0.25 0.25 0.25
0.36178328996192555
45.0
377.3111650138737 333.7880882052405
2
378.5702989353072 333.7880882052405
0.25 0.25 0.25 0.25
1.2591339214335473
45.0
471.9646249685991 156.75531282308208
1
471.9646249685991 177.252674254238
0.25 0.25 0.25 0.25
20.49736143115591
45.0
103.6873890929375 15.139420757121375
1
103.6873890929375 4.178658413406062
0.25 0.25 0.25 0.25
19.318079170527437
45.0
58.82228053647992 311.1885797107076
2
91.89364693247691 311.1885797107076
0.25 0.25 0.25 0.25
33.07136639599699
45.0
486.6925815887621 281.98470028342035
0
486.6925815887621 277.1677970258509
0.25 0.25 0.25 0.25
4.816903257569416
45.0
162.28088556163965 183.0194620104735
0
162.28088556163965 164.0870731085078
0.25 0.25 0.25 0.25
18.932388901965684
45.0
250.2320392839942 309.78126758962344
0
250.2320392839942 285.87622118671607
0.25 0.25 0.25 0.25
23.905046402907367
45.0
241.66408539117938 300.431357389749
3
234.51913850336956 300.431357389749
0.25 0.25 0.25 0.25
7.144946887809822
45.0
489.8229417642891 390.8800087388381
1
489.8229417642891 394.70141705564896
0.25 0.25 0.25 0.25
3.821408316810854
45.0
321.27737299469436 324.8702579660877
3
319.52649202987675 324.8702579660877
0.25 0.25 0.25 0.25
1.7508809648175916
45.0
4.647279121091586 435.2049725999854
2
33.98554977968052 435.2049725999854
0.25 0.25 0.25 0.25
38.632828900772104
45.0
112.23647553161744 162.51729943478512
2
139.99873743843744 162.51729943478512
0.25 0.25 0.25 0.25
27.76226190682
45.0
245.76292083157412 157.823249482112
3
215.41366517076818 157.823249482112
0.25 0.25 0.25 0.25
30.349255660805934
45.0
431.799985787304 91.64303208805592
0
431.799985787304 48.64178805637152
0.25 0.25 0.25 0.25
43.0012440316844
45.0
247.25006396937957 177.7157655362512
0
247.25006396937957 171.41970017056974
0.25 0.25 0.25 0.25
6.296065365681458
45.0
478.393309599849 360.5689075373936
2
490.6616461141263 360.5689075373936
0.25 0.25 0.25 0.25
12.268336514277323
45.0
197.44401717962546 119.74988915046539
3
176.09271021066783 119.74988915046539
0.25 0.25 0.25 0.25
21.35130696895764
45.0
314.70234675733445 142.10623950620993
1
314.70234675733445 177.35181273845043
0.25 0.25 0.25 0.25
35.2455732322405
45.0
