36553
80.17979478086545 423.4123884729913
2
60.1616441560347 423.4123884729913
0.25 0.25 0.25 0.25
140.34143893690015
45.0
347.4289453155113 417.48669921633007
0
347.4289453155113 258.84224694680483
0.25 0.25 0.25 0.25
158.64445226952523
45.0
230.28320718751067 170.32667418229923
0
230.28320718751067 16.70482223679602
0.25 0.25 0.25 0.25
153.6218519455032
45.0
150.57900818711983 365.23427519721247
3
54.90282144472485 365.23427519721247
0.25 0.25 0.25 0.25
95.67618674239498
45.0
143.08439929140866 328.2420222775311
2
313.158213543778 328.2420222775311
0.25 0.25 0.25 0.25
170.07381425236935
45.0
220.0318589149091 266.81147763798475
3
92.7867589684493 266.81147763798475
0.25 0.25 0.25 0.25
127.24509994645979
45.0
20.107543835555077 218.85443312184404
0
20.107543835555077 60.84477275747332
0.25 0.25 0.25 0.25
158.00966036437072
45.0
142.41674197502596 497.6312368562979
0
142.41674197502596 353.6243927481329
0.25 0.25 0.25 0.25
144.006844108165
45.0
311.7401202075124 286.5222448369732
3
207.79394186356626 286.5222448369732
0.25 0.25 0.25 0.25
103.94617834394613
45.0
204.1995935740655 461.6776146404408
0
204.1995935740655 357.4757953331778
0.25 0.25 0.25 0.25
104.201819307263
45.0
283.7221490921501 2.531715379499399
0
283.7221490921501 1.7777749440074704
0.25 0.25 0.25 0.25
0.7539404354919288
45.0
245.17988364679402 306.67153813510924
0
245.17988364679402 258.02641757570814
0.25 0.25 0.25 0.25
48.645120559401086
45.0
381.9863267516938 172.31123662785103
0
381.9863267516938 139.0098484497009
0.25 0.25 0.25 0.25
33.30138817815011
45.0
4.557672756192787 355.5761906439725
1
4.557672756192787 396.9280118947619
0.25 0.25 0.25 0.25
41.35182125078939
45.0
157.56265915988797 404.0579788318687
1
157.56265915988797 434.31553133141705
0.25 0.25 0.25 0.25
30.257552499548378
45.0
46.39521230766388 198.9798676086093
1
46.39521230766388 216.77172590849992
0.25 0.25 0.25 0.25
17.791858299890606
45.0
300.64174410706744 460.3769200922486
3
270.5680502871243 460.3769200922486
0.25 0.25 0.25 0.25
30.073693819943138
45.0
347.1236446940428 455.6407606886112
1
347.1236446940428 483.58913707720865
0.25 0.25 0.25 0.25
27.948376388597467
45.0
453.28741531130436 493.78841379171007
2
467.80605501492977 493.78841379171007
0.25 0.25 0.25 0.25
14.518639703625436
45.0
66.44361536702802 212.65569608213795
3
57.13060196249492 212.65569608213795
0.25 0.25 0.25 0.25
9.313013404533098
45.0
117.79458237737546 309.7275675884013
3
106.81142351941719 309.7275675884013
0.25 0.25 0.25 0.25
10.983158857958275
45.0
200.70660536702417 18.152877996788874
1
200.70660536702417 5.236636461241098
0.25 0.25 0.25 0.25
23.38951445802997
45.0
311.4497452306035 336.1214337145209
2
360.0597978424794 336.1214337145209
0.25 0.25 0.25 0.25
48.61005261187587
45.0
85.52647019691287 385.28248575898965
2
128.55378671030527 385.28248575898965
0.25 0.25 0.25 0.25
43.027316513392414
45.0
271.5930085463704 319.6399256791244
3
230.51294018634667 319.6399256791244
0.25 0.25 0.25 0.25
41.08006836002373
45.0
180.45971533940428 326.2224425353103
0
180.45971533940428 325.01064664208263
0.25 0.25 0.25 0.25
1.211795893227663
45.0
432.2129536227382 69.85919516591912
2
478.95838074775384 69.85919516591912
0.25 0.25 0.25 0.25
46.745427125015645
45.0
417.05687647070664 311.71259884530656
1
417.05687647070664 327.82779587146626
0.25 0.25 0.25 0.25
16.115197026159723
45.0
353.7132814765 399.1746975001508
1
353.7132814765 448.1988687084546
0.25 0.25 0.25 0.25
49.024171208303834
45.0
196.57642655469454 448.64584516305825
1
196.57642655469454 449.0076284530202
0.25 0.25 0.25 0.25
0.36178328996192555
45.0
363.4606918781047 322.4558829123386
3
362.20155795667114 322.4558829123386
0.25 0.25 0.25 0.25
1.2591339214335473
45.0
302.56439928868576 289.81592853570794
0
302.56439928868576 269.318567104552
0.25 0.25 0.25 0.25
20.49736143115591
45.0
89.4934026123369 15.139420757121375
1
89.4934026123369 4.178658413406062
0.25 0.25 0.25 0.25
19.318079170527437
45.0
198.9667542405586 178.90311412671966
2
232.0381206365556 178.90311412671966
0.25 0.25 0.25 0.25
33.07136639599699
45.0
477.0587750736232 436.1256045256423
0
477.0587750736232 431.30870126807287
0.25 0.25 0.25 0.25
4.816903257569416
45.0
499.6472739928408 78.61737081286498
1
499.6472739928408 97.54975971483066
0.25 0.25 0.25 0.25
18.932388901965684
45.0
466.91935280322696 261.9711747838087
2
490.82439920613433 261.9711747838087
0.25 0.25 0.25 0.25
23.905046402907367
45.0
234.51913850336956 221.8369416238411
2
241.66408539117938 221.8369416238411
0.25 0.25 0.25 0.25
7.144946887809822
45.0
380.2491754641421 471.54929185597143
3
376.4277671473313 471.54929185597143
0.25 0.25 0.25 0.25
3.821408316810854
45.0
272.25270597980125 352.8843534031695
3
270.50182501498364 352.8843534031695
0.25 0.25 0.25 0.25
1.7508809648175916
45.0
72.61837868045262 353.48576337836664
2
111.25120758122472 353.48576337836664
0.25 0.25 0.25 0.25
38.632828900772104
45.0
223.2855231588975 329.6494422301848
1
223.2855231588975 357.4117041370048
0.25 0.25 0.25 0.25
27.76226190682
45.0
306.46143215318597 388.46335241239467
0
306.46143215318597 358.11409675158876
0.25 0.25 0.25 0.25
30.349255660805934
45.0
205.82237835762322 220.33706340499373
2
248.82362238930762 220.33706340499373
0.25 0.25 0.25 0.25
43.0012440316844
45.0
83.5523644616614 366.59772650669487
0
83.5523644616614 360.3016611410134
0.25 0.25 0.25 0.25
6.296065365681458
45.0
478.393309599849 139.73885028040155
0
478.393309599849 127.47051376612423
0.25 0.25 0.25 0.25
12.268336514277323
45.0
154.74140324171023 436.50806614382066
2
176.09271021066786 436.50806614382066
0.25 0.25 0.25 0.25
21.35130696895764
45.0
121.36848152681716 12.000002920017636
3
86.12290829457666 12.000002920017636
0.25 0.25 0.25 0.25
35.2455732322405
45.0
