36553
340.844522029835 137.95336727460926
2
481.18596096673514 137.95336727460926
0.25 0.25 0.25 0.25
140.34143893690015
45.0
203.0290861669655 375.7355621312961
2
361.67353843649073 375.7355621312961
0.25 0.25 0.25 0.25
158.64445226952523
45.0
163.9771591558518 293.4548063626688
1
163.9771591558518 447.076658308172
0.25 0.25 0.25 0.25
153.6218519455032
45.0
385.16951424796 460.91046193960744
0
385.16951424796 365.23427519721247
0.25 0.25 0.25 0.25
95.67618674239498
45.0
204.41305583405693 137.7253225109456
1
204.41305583405693 32.34849174142374
0.25 0.25 0.25 0.25
170.07381425236935
45.0
362.311242102355 66.20367646010004
2
489.55634204881477 66.20367646010004
0.25 0.25 0.25 0.25
127.24509994645979
45.0
137.90211652881564 361.24217052186304
0
137.90211652881564 203.23251015749233
0.25 0.25 0.25 0.25
158.00966036437072
45.0
321.7954253780892 209.61754863996788
3
177.78858126992418 209.61754863996788
0.25 0.25 0.25 0.25
144.006844108165
45.0
272.27833676805113 14.145493244596281
3
168.332158424105 14.145493244596281
0.25 0.25 0.25 0.25
103.94617834394613
45.0
101.68510101542644 377.6412284951808
1
101.68510101542644 481.84304780244383
0.25 0.25 0.25 0.25
104.201819307263
45.0
288.9997321405936 1.9919272334521736
1
288.9997321405936 2.7458676689441024
0.25 0.25 0.25 0.25
0.7539404354919288
45.0
100.8860173335687 63.445935338103816
1
100.8860173335687 112.0910558975049
0.25 0.25 0.25 0.25
48.645120559401086
45.0
150.835884098708 393.8123624007008
3
117.53449592055787 393.8123624007008
0.25 0.25 0.25 0.25
33.30138817815011
45.0
2.9986172248619454 24.146490594186723
2
44.35043847565134 24.146490594186723
0.25 0.25 0.25 0.25
41.35182125078939
45.0
157.56265915988797 384.13915367129283
1
157.56265915988797 414.3967061708412
0.25 0.25 0.25 0.25
30.257552499548378
45.0
135.3545038071169 56.64500120948446
0
135.3545038071169 38.853142909593856
0.25 0.25 0.25 0.25
17.791858299890606
45.0
278.136154229001 50.87587484678466
2
308.20984804894414 50.87587484678466
0.25 0.25 0.25 0.25
30.073693819943138
45.0
319.17526830544534 64.36349124824665
1
319.17526830544534 92.31186763684411
0.25 0.25 0.25 0.25
27.948376388597467
45.0
372.4889082451907 433.6183876901629
1
372.4889082451907 448.1370273937883
0.25 0.25 0.25 0.25
14.518639703625436
45.0
75.75662877156111 305.7858301274689
0
75.75662877156111 296.4728167229358
0.25 0.25 0.25 0.25
9.313013404533098
45.0
282.5419652467496 133.99702586106883
3
271.5588063887913 133.99702586106883
0.25 0.25 0.25 0.25
10.983158857958275
45.0
224.09611982505413 18.152877996788888
3
200.70660536702417 18.152877996788888
0.25 0.25 0.25 0.25
23.38951445802997
45.0
19.78942955934832 101.36903979236193
2
28.82062305252755 101.36903979236193
0.25 0.25 0.25 0.25
48.61005261187587
45.0
85.5264701969129 256.20053621881243
0
85.5264701969129 213.17321970542002
0.25 0.25 0.25 0.25
43.027316513392414
45.0
476.99335034648914 237.47978895907693
3
481.9265812934872 237.47978895907693
0.25 0.25 0.25 0.25
41.08006836002373
45.0
162.28277694098918 335.91680968113144
3
161.0709810477615 335.91680968113144
0.25 0.25 0.25 0.25
1.211795893227663
45.0
198.4858179976601 462.68653358392453
0
198.4858179976601 415.9411064589089
0.25 0.25 0.25 0.25
46.745427125015645
45.0
94.75293594751226 478.78983981461727
3
78.63773892135254 478.78983981461727
0.25 0.25 0.25 0.25
16.115197026159723
45.0
303.1175200653733 497.2230399167584
0
303.1175200653733 448.1988687084546
0.25 0.25 0.25 0.25
49.024171208303834
45.0
200.19425945431374 449.0076284530202
0
200.19425945431374 448.64584516305825
0.25 0.25 0.25 0.25
0.36178328996192555
45.0
377.3111650138737 337.56548996954115
0
377.3111650138737 336.3063560481076
0.25 0.25 0.25 0.25
1.2591339214335473
45.0
384.55384501330946 269.318567104552
1
384.55384501330946 289.81592853570794
0.25 0.25 0.25 0.25
20.49736143115591
45.0
180.9597057750472 158.72329177762555
2
200.27778494557464 158.72329177762555
0.25 0.25 0.25 0.25
19.318079170527437
45.0
58.82228053647992 391.16912272531977
0
58.82228053647992 358.0977563293228
0.25 0.25 0.25 0.25
33.07136639599699
45.0
481.87567833119266 349.42134588939246
0
481.87567833119266 344.604442631823
0.25 0.25 0.25 0.25
4.816903257569416
45.0
178.50211467374262 495.12992665610994
0
178.50211467374262 485.9376844419244
0.25 0.25 0.25 0.25
18.932388901965684
45.0
132.24870316252373 333.6863139925308
3
108.34365675961635 333.6863139925308
0.25 0.25 0.25 0.25
23.905046402907367
45.0
277.38881983022844 157.5324196335527
2
284.53376671803824 157.5324196335527
0.25 0.25 0.25 0.25
7.144946887809822
45.0
498.71283328527835 494.4777417568365
3
497.4657583979108 494.4777417568365
0.25 0.25 0.25 0.25
3.821408316810854
45.0
324.7791349243296 361.63875822725754
2
326.5300158891472 361.63875822725754
0.25 0.25 0.25 0.25
1.7508809648175916
45.0
197.8114236249521 48.87668359226449
2
236.4442525257242 48.87668359226449
0.25 0.25 0.25 0.25
38.632828900772104
45.0
54.33709590930256 301.3286089688852
0
54.33709590930256 273.5663470620652
0.25 0.25 0.25 0.25
27.76226190682
45.0
458.2077104572155 206.3678184475592
3
427.8584547964096 206.3678184475592
0.25 0.25 0.25 0.25
30.349255660805934
45.0
173.79252159719766 435.3432835634157
2
216.79376562888206 435.3432835634157
0.25 0.25 0.25 0.25
43.0012440316844
45.0
322.8028483575569 171.41970017056974
2
329.09891372323835 171.41970017056974
0.25 0.25 0.25 0.25
6.296065365681458
45.0
417.0516270284623 237.88554239462024
0
417.0516270284623 225.6172058803429
0.25 0.25 0.25 0.25
12.268336514277323
45.0
90.68748233483731 221.87102235285684
0
90.68748233483731 200.5197153838992
0.25 0.25 0.25 0.25
21.35130696895764
45.0
473.82421384922236 117.73672261673914
3
490.9302129185371 117.73672261673914
0.25 0.25 0.25 0.25
35.2455732322405
45.0
