36553
323.2345945881361 405.8024610312923
0
323.2345945881361 453.8561000318075
0.25 0.25 0.25 0.25
140.34143893690015
45.0
203.0290861669655 431.73129233730947
0
203.0290861669655 409.6242553931653
0.25 0.25 0.25 0.25
158.64445226952523
45.0
152.31346032201813 242.7637130923632
1
152.31346032201813 396.3855650378664
0.25 0.25 0.25 0.25
153.6218519455032
45.0
188.88760620640983 207.9201126981783
1
188.88760620640983 303.59629944057326
0.25 0.25 0.25 0.25
95.67618674239498
45.0
88.31807150360908 73.23426276985595
1
88.31807150360908 96.8395514825134
0.25 0.25 0.25 0.25
170.07381425236935
45.0
255.95345805826565 114.92382220139461
1
255.95345805826565 12.321277745065174
0.25 0.25 0.25 0.25
127.24509994645979
45.0
404.1629463668247 60.84477275747335
3
246.153286002454 60.84477275747335
0.25 0.25 0.25 0.25
158.00966036437072
45.0
137.54903748414893 313.3848489623577
2
281.55588159231394 313.3848489623577
0.25 0.25 0.25 0.25
144.006844108165
45.0
311.93694985616435 272.67043032221875
1
311.93694985616435 376.6166086661649
0.25 0.25 0.25 0.25
103.94617834394613
45.0
254.6258767276164 315.4576022605478
1
254.6258767276164 419.6594215678108
0.25 0.25 0.25 0.25
104.201819307263
45.0
297.2930769310048 12.332941040894474
2
298.04701736649673 12.332941040894474
0.25 0.25 0.25 0.25
0.7539404354919288
45.0
295.466499571173 158.23213571147866
1
295.466499571173 206.87725627087974
0.25 0.25 0.25 0.25
48.645120559401086
45.0
481.8904912861441 238.91401298415119
0
481.8904912861441 205.61262480600107
0.25 0.25 0.25 0.25
33.30138817815011
45.0
284.90507599933295 438.27983314555127
1
284.90507599933295 479.63165439634065
0.25 0.25 0.25 0.25
41.35182125078939
45.0
388.5740533468866 474.9118111699379
0
388.5740533468866 444.65425867038954
0.25 0.25 0.25 0.25
30.257552499548378
45.0
220.48266219069518 127.81243440904689
1
220.48266219069518 145.6042927089375
0.25 0.25 0.25 0.25
17.791858299890606
45.0
368.5476238735583 99.49259425293104
3
338.47393005361516 99.49259425293104
0.25 0.25 0.25 0.25
30.073693819943138
45.0
347.1236446940428 236.92709903681668
2
375.0720210826403 236.92709903681668
0.25 0.25 0.25 0.25
27.948376388597467
45.0
198.26523180168567 462.6556670974137
1
198.26523180168567 477.1743068010391
0.25 0.25 0.25 0.25
14.518639703625436
45.0
45.31254548736915 17.082414586942825
0
45.31254548736915 7.769401182409727
0.25 0.25 0.25 0.25
9.313013404533098
45.0
24.98648277608209 404.71030210468285
1
24.98648277608209 415.69346096264115
0.25 0.25 0.25 0.25
10.983158857958275
45.0
56.57805367130549 485.9431671573882
0
56.57805367130549 490.66731838458185
0.25 0.25 0.25 0.25
23.38951445802997
45.0
396.8899390981413 156.9669353173274
1
396.8899390981413 205.57698792920326
0.25 0.25 0.25 0.25
48.61005261187587
45.0
258.69206191022647 395.6542059509642
2
301.7193784236189 395.6542059509642
0.25 0.25 0.25 0.25
43.027316513392414
45.0
107.27273510627545 64.1590489205195
2
148.35280346629918 64.1590489205195
0.25 0.25 0.25 0.25
41.08006836002373
45.0
179.2479194461766 323.798850748855
2
180.45971533940428 323.798850748855
0.25 0.25 0.25 0.25
1.211795893227663
45.0
380.80533787719924 331.9857275413413
3
334.0599107521836 331.9857275413413
0.25 0.25 0.25 0.25
46.745427125015645
45.0
405.67595624153654 472.8645691069036
1
405.67595624153654 488.9797661330633
0.25 0.25 0.25 0.25
16.115197026159723
45.0
334.19670564257655 257.65610404172253
1
334.19670564257655 306.68027525002634
0.25 0.25 0.25 0.25
49.024171208303834
45.0
199.10890958442798 454.434377802449
3
198.74712629446606 454.434377802449
0.25 0.25 0.25 0.25
0.36178328996192555
45.0
354.64675442806987 314.90107938373734
1
354.64675442806987 316.1602133051709
0.25 0.25 0.25 0.25
1.2591339214335473
45.0
471.9646249685991 371.80537426033163
0
471.9646249685991 351.3080128291757
0.25 0.25 0.25 0.25
20.49736143115591
45.0
466.1907764655323 216.67752928920783
0
466.1907764655323 197.3594501186804
0.25 0.25 0.25 0.25
19.318079170527437
45.0
164.81827611540828 311.1885797107076
3
131.7469097194113 311.1885797107076
0.25 0.25 0.25 0.25
33.07136639599699
45.0
428.88974249792886 431.30870126807287
0
428.88974249792886 426.49179801050343
0.25 0.25 0.25 0.25
4.816903257569416
45.0
499.6472739928408 129.63890710875754
0
499.6472739928408 110.70651820679186
0.25 0.25 0.25 0.25
18.932388901965684
45.0
437.46046158514355 238.06612838090132
3
413.5554151822362 238.06612838090132
0.25 0.25 0.25 0.25
23.905046402907367
45.0
220.22924472774992 114.66273830669377
0
220.22924472774992 107.51779141888395
0.25 0.25 0.25 0.25
7.144946887809822
45.0
414.64185031543974 474.9509917086767
2
418.4632586322506 474.9509917086767
0.25 0.25 0.25 0.25
3.821408316810854
45.0
240.7368486130845 316.11585314199965
3
238.98596764826692 316.11585314199965
0.25 0.25 0.25 0.25
1.7508809648175916
45.0
120.54576582340789 121.68878997373406
0
120.54576582340789 83.05596107296196
0.25 0.25 0.25 0.25
38.632828900772104
45.0
56.71195171797744 197.83353399939534
2
84.47421362479744 197.83353399939534
0.25 0.25 0.25 0.25
27.76226190682
45.0
88.07889143729116 449.1618637340065
3
57.729635776485225 449.1618637340065
0.25 0.25 0.25 0.25
30.349255660805934
45.0
235.16144923047972 16.302230517830694
1
235.16144923047972 59.303474549515094
0.25 0.25 0.25 0.25
43.0012440316844
45.0
203.17760640960924 469.7045739855876
1
203.17760640960924 476.00063935126906
0.25 0.25 0.25 0.25
6.296065365681458
45.0
478.393309599849 68.82287046231293
0
478.393309599849 56.55453394803561
0.25 0.25 0.25 0.25
12.268336514277323
45.0
410.957086869202 30.833233733625395
1
410.957086869202 52.184540702583035
0.25 0.25 0.25 0.25
21.35130696895764
45.0
50.877335062336186 106.86066627396943
3
15.631761830095684 106.86066627396943
0.25 0.25 0.25 0.25
35.2455732322405
45.0
