36553
428.35617864163805 300.1428963810982
0
428.35617864163805 159.80145744419804
0.25 0.25 0.25 0.25
140.34143893690015
45.0
477.58421134307775 374.75291985339186
0
477.58421134307775 466.6026278770829
0.25 0.25 0.25 0.25
158.64445226952523
45.0
158.14530973893497 318.1166767108856
1
158.14530973893497 471.7385286563888
0.25 0.25 0.25 0.25
153.6218519455032
45.0
494.3160096141837 269.5580884548175
3
410.0078036434213 269.5580884548175
0.25 0.25 0.25 0.25
95.67618674239498
45.0
33.5201450996006 352.0532347319463
2
203.59395935196994 352.0532347319463
0.25 0.25 0.25 0.25
170.07381425236935
45.0
489.55634204881466 44.60012685939296
1
489.55634204881466 171.84522680585275
0.25 0.25 0.25 0.25
127.24509994645979
45.0
345.6702677839187 250.80745412518124
0
345.6702677839187 92.79779376081052
0.25 0.25 0.25 0.25
158.00966036437072
45.0
29.746019374855507 382.50564530700217
2
173.75286348302052 382.50564530700217
0.25 0.25 0.25 0.25
144.006844108165
45.0
89.40859154518229 233.2086468827573
0
89.40859154518229 129.26246853881116
0.25 0.25 0.25 0.25
103.94617834394613
45.0
126.88397076110256 413.95513289029316
3
22.682151453839566 413.95513289029316
0.25 0.25 0.25 0.25
104.201819307263
45.0
215.11356946238476 26.8719616046858
2
215.8675098978767 26.8719616046858
0.25 0.25 0.25 0.25
0.7539404354919288
45.0
288.2749471416399 447.0568427487573
2
336.92006770104103 447.0568427487573
0.25 0.25 0.25 0.25
48.645120559401086
45.0
147.96082013221758 361.4693288780476
3
114.65943195406746 361.4693288780476
0.25 0.25 0.25 0.25
33.30138817815011
45.0
367.60871850091166 156.37337437108013
1
367.60871850091166 197.72519562186952
0.25 0.25 0.25 0.25
41.35182125078939
45.0
148.01440086540362 232.8513911735511
0
148.01440086540362 202.5938386740027
0.25 0.25 0.25 0.25
30.257552499548378
45.0
6.98036259200785 252.35544250828113
0
6.98036259200785 234.56358420839052
0.25 0.25 0.25 0.25
17.791858299890606
45.0
360.7891317469537 400.2295324523624
3
330.71543792701056 400.2295324523624
0.25 0.25 0.25 0.25
30.073693819943138
45.0
385.67569139900013 232.05374957983145
1
385.67569139900013 260.0021259684289
0.25 0.25 0.25 0.25
27.948376388597467
45.0
486.8518863240397 304.7367699076885
0
486.8518863240397 290.2181302040631
0.25 0.25 0.25 0.25
14.518639703625436
45.0
361.9550012414944 156.7776156549393
1
361.9550012414944 166.0906290594724
0.25 0.25 0.25 0.25
9.313013404533098
45.0
29.92931151370925 448.64293753651606
1
29.92931151370925 459.62609639447436
0.25 0.25 0.25 0.25
10.983158857958275
45.0
261.33456209828665 5.236636461241098
3
237.9450476402567 5.236636461241098
0.25 0.25 0.25 0.25
23.38951445802997
45.0
311.4497452306035 219.4002498655068
3
262.83969261872767 219.4002498655068
0.25 0.25 0.25 0.25
48.61005261187587
45.0
0.5281628298719028 110.30187201777025
2
43.55547934326432 110.30187201777025
0.25 0.25 0.25 0.25
43.027316513392414
45.0
304.6829582122288 474.9597325207569
3
263.60288985220507 474.9597325207569
0.25 0.25 0.25 0.25
41.08006836002373
45.0
140.47045086289106 378.329665944099
2
141.68224675611873 378.329665944099
0.25 0.25 0.25 0.25
1.211795893227663
45.0
450.55898399740977 311.8789947899966
0
450.55898399740977 265.133567664981
0.25 0.25 0.25 0.25
46.745427125015645
45.0
223.6745121567901 214.16363231025068
1
223.6745121567901 230.2788293364104
0.25 0.25 0.25 0.25
16.115197026159723
45.0
166.03602598091874 492.78594054278466
2
215.06019718922258 492.78594054278466
0.25 0.25 0.25 0.25
49.024171208303834
45.0
213.9420244728667 445.7515788433629
3
213.58024118290479 445.7515788433629
0.25 0.25 0.25 0.25
0.36178328996192555
45.0
389.9025042282091 333.7880882052405
2
391.16163814964267 333.7880882052405
0.25 0.25 0.25 0.25
1.2591339214335473
45.0
270.31109667965393 355.67872295581583
2
290.80845811080985 355.67872295581583
0.25 0.25 0.25 0.25
20.49736143115591
45.0
50.85724427128201 15.139420757121417
3
31.539165100754577 15.139420757121417
0.25 0.25 0.25 0.25
19.318079170527437
45.0
106.53455144350502 200.59993246942867
2
139.605917839502 200.59993246942867
0.25 0.25 0.25 0.25
33.07136639599699
45.0
221.76290242244332 412.0410882377951
3
216.9459991648739 412.0410882377951
0.25 0.25 0.25 0.25
4.816903257569416
45.0
446.26671909112486 25.236815911148994
0
446.26671909112486 6.304427009183311
0.25 0.25 0.25 0.25
18.932388901965684
45.0
78.88476554153293 140.40266514350702
3
54.97971913862556 140.40266514350702
0.25 0.25 0.25 0.25
23.905046402907367
45.0
277.38881983022844 193.25715407260182
2
284.53376671803824 193.25715407260182
0.25 0.25 0.25 0.25
7.144946887809822
45.0
375.18069225996373 482.5938083422984
1
375.18069225996373 486.41521665910926
0.25 0.25 0.25 0.25
3.821408316810854
45.0
209.22099124636802 226.82092393630194
1
209.22099124636802 228.57180490111952
0.25 0.25 0.25 0.25
1.7508809648175916
45.0
309.2563589071939 353.48576337836664
2
347.889187807966 353.48576337836664
0.25 0.25 0.25 0.25
38.632828900772104
45.0
359.72197688432266 31.259962558475166
0
359.72197688432266 3.4977006516551654
0.25 0.25 0.25 0.25
27.76226190682
45.0
241.35060654791633 488.61418813778613
3
211.0013508871104 488.61418813778613
0.25 0.25 0.25 0.25
30.349255660805934
45.0
66.73156404466232 59.30347454951504
3
23.73032001297792 59.30347454951504
0.25 0.25 0.25 0.25
43.0012440316844
45.0
39.479906901891226 184.01183090193268
2
45.77597226757268 184.01183090193268
0.25 0.25 0.25 0.25
6.296065365681458
45.0
441.58830005701697 387.7996198335236
1
441.58830005701697 400.06795634780093
0.25 0.25 0.25 0.25
12.268336514277323
45.0
432.30839383815965 243.22232932181456
0
432.30839383815965 221.87102235285693
0.25 0.25 0.25 0.25
21.35130696895764
45.0
204.98357748856375 238.84528496522208
0
204.98357748856375 203.59971173298158
0.25 0.25 0.25 0.25
35.2455732322405
45.0
