36553
24.941789272636754 405.8024610312924
2
115.39964966426339 405.8024610312924
0.25 0.25 0.25 0.25
140.34143893690015
45.0
140.6512066631375 162.57567418110762
0
140.6512066631375 3.9312219115823837
0.25 0.25 0.25 0.25
158.64445226952523
45.0
308.85123697597976 67.39591550710165
1
308.85123697597976 86.22593643840156
0.25 0.25 0.25 0.25
153.6218519455032
45.0
423.47811226725 112.24392595578331
3
480.845700990355 112.24392595578331
0.25 0.25 0.25 0.25
95.67618674239498
45.0
217.50611472754605 246.4704802206668
2
387.5799289799154 246.4704802206668
0.25 0.25 0.25 0.25
170.07381425236935
45.0
19.424057737024498 12.321277745065174
2
107.82104220943529 12.321277745065174
0.25 0.25 0.25 0.25
127.24509994645979
45.0
88.14362563808328 58.6612258344299
2
246.153286002454 58.6612258344299
0.25 0.25 0.25 0.25
158.00966036437072
45.0
265.460064078004 382.50564530700217
3
121.45321996983898 382.50564530700217
0.25 0.25 0.25 0.25
144.006844108165
45.0
24.924196640697474 376.6166086661649
2
128.8703749846436 376.6166086661649
0.25 0.25 0.25 0.25
103.94617834394613
45.0
400.8458891075095 143.36786804113416
1
400.8458891075095 247.56968734839717
0.25 0.25 0.25 0.25
104.201819307263
45.0
295.78519606002095 14.59476234737026
3
295.031255624529 14.59476234737026
0.25 0.25 0.25 0.25
0.7539404354919288
45.0
100.8860173335687 279.5739493231311
1
100.8860173335687 328.2190698825322
0.25 0.25 0.25 0.25
48.645120559401086
45.0
82.27383314834282 5.804295737100361
1
82.27383314834282 27.49709244104975
0.25 0.25 0.25 0.25
33.30138817815011
45.0
408.96053975170116 486.5728143339246
0
408.96053975170116 445.2209930831352
0.25 0.25 0.25 0.25
41.35182125078939
45.0
367.8647591418227 474.9118111699379
3
337.6072066422743 474.9118111699379
0.25 0.25 0.25 0.25
30.257552499548378
45.0
78.14779579157033 3.269426309812644
1
78.14779579157033 14.522431990077962
0.25 0.25 0.25 0.25
17.791858299890606
45.0
368.5476238735583 231.3180377664435
3
338.47393005361516 231.3180377664435
0.25 0.25 0.25 0.25
30.073693819943138
45.0
16.20524835772426 354.86215458071536
2
11.743128030873208 354.86215458071536
0.25 0.25 0.25 0.25
27.948376388597467
45.0
183.74659209806023 346.5065494684104
2
198.26523180168567 346.5065494684104
0.25 0.25 0.25 0.25
14.518639703625436
45.0
10.565534939829437 305.7858301274689
3
1.2525215352963386 305.7858301274689
0.25 0.25 0.25 0.25
9.313013404533098
45.0
238.60932981491646 481.59241411039096
2
249.59248867287474 481.59241411039096
0.25 0.25 0.25 0.25
10.983158857958275
45.0
313.8627127096351 28.626150919271055
2
337.25222716766507 28.626150919271055
0.25 0.25 0.25 0.25
23.38951445802997
45.0
380.8709026918725 113.88227550453469
1
380.8709026918725 162.49232811641056
0.25 0.25 0.25 0.25
48.61005261187587
45.0
258.69206191022647 385.28248575898965
0
258.69206191022647 342.25516924559724
0.25 0.25 0.25 0.25
43.027316513392414
45.0
426.7681535740332 264.4814979596704
3
385.68808521400945 264.4814979596704
0.25 0.25 0.25 0.25
41.08006836002373
45.0
145.31763443580175 278.9624026994321
2
146.52943032902942 278.9624026994321
0.25 0.25 0.25 0.25
1.211795893227663
45.0
133.39436049797285 145.00401904127872
0
133.39436049797285 98.25859191626307
0.25 0.25 0.25 0.25
46.745427125015645
45.0
180.06319787530052 295.59740181914685
2
196.17839490146025 295.59740181914685
0.25 0.25 0.25 0.25
16.115197026159723
45.0
420.68243831590434 271.61875970916276
2
469.70660952420815 271.61875970916276
0.25 0.25 0.25 0.25
49.024171208303834
45.0
196.93820984465646 452.6254613526394
3
196.57642655469454 452.6254613526394
0.25 0.25 0.25 0.25
0.36178328996192555
45.0
357.16502227093696 318.678481148038
3
355.9058883495034 318.678481148038
0.25 0.25 0.25 0.25
1.2591339214335473
45.0
225.996287794728 474.29218141611125
2
246.49364922588393 474.29218141611125
0.25 0.25 0.25 0.25
20.49736143115591
45.0
437.2188276818306 62.13289592498836
1
437.2188276818306 81.4509750955158
0.25 0.25 0.25 0.25
19.318079170527437
45.0
396.3178408873871 350.2387482092321
1
396.3178408873871 383.31011460522905
0.25 0.25 0.25 0.25
33.07136639599699
45.0
433.7066457554983 489.1115403589061
3
428.88974249792886 489.1115403589061
0.25 0.25 0.25 0.25
4.816903257569416
45.0
480.7148850908751 91.77412930482618
3
461.7824961889094 91.77412930482618
0.25 0.25 0.25 0.25
18.932388901965684
45.0
64.54551287591124 190.25603557508657
3
40.640466473003876 190.25603557508657
0.25 0.25 0.25 0.25
23.905046402907367
45.0
191.64945717651062 250.4167291750804
1
191.64945717651062 257.56167606289023
0.25 0.25 0.25 0.25
7.144946887809822
45.0
380.2491754641421 452.02254180781165
2
384.070583780953 452.02254180781165
0.25 0.25 0.25 0.25
3.821408316810854
45.0
237.23508668344934 310.8632102475468
1
237.23508668344934 312.61409121236443
0.25 0.25 0.25 0.25
1.7508809648175916
45.0
275.0770814264963 5.790303271417727
3
236.4442525257242 5.790303271417727
0.25 0.25 0.25 0.25
38.632828900772104
45.0
473.70445167475725 24.264561255164693
3
498.53328641842273 24.264561255164693
0.25 0.25 0.25 0.25
27.76226190682
45.0
452.26995936696215 459.79036928357584
3
421.92070370615625 459.79036928357584
0.25 0.25 0.25 0.25
30.349255660805934
45.0
181.18881792753643 338.6791090069034
1
181.18881792753643 381.6803530385878
0.25 0.25 0.25 0.25
43.0012440316844
45.0
285.02645616346825 318.599005209233
3
278.7303907977868 318.599005209233
0.25 0.25 0.25 0.25
6.296065365681458
45.0
497.07001737159635 41.592158166183
0
497.07001737159635 29.323821651905675
0.25 0.25 0.25 0.25
12.268336514277323
45.0
332.8272295033061 222.99499645424413
0
332.8272295033061 201.6436894852865
0.25 0.25 0.25 0.25
21.35130696895764
45.0
28.75571132736124 175.1039195839546
2
64.00128455960174 175.1039195839546
0.25 0.25 0.25 0.25
35.2455732322405
45.0
