36553
80.17979478086545 283.0709495360912
2
220.5212337177656 283.0709495360912
0.25 0.25 0.25 0.25
140.34143893690015
45.0
383.4154365282868 210.70896056395623
3
457.94011120218795 210.70896056395623
0.25 0.25 0.25 0.25
158.64445226952523
45.0
308.85123697597976 136.9170297087072
3
155.22938503047655 136.9170297087072
0.25 0.25 0.25 0.25
153.6218519455032
45.0
54.90282144472485 400.17521874194733
2
150.57900818711983 400.17521874194733
0.25 0.25 0.25 0.25
95.67618674239498
45.0
143.08439929140866 158.16820802516173
1
143.08439929140866 11.905606227207613
0.25 0.25 0.25 0.25
170.07381425236935
45.0
288.94854087093006 139.56637769152496
2
416.19364081738985 139.56637769152496
0.25 0.25 0.25 0.25
127.24509994645979
45.0
295.91177689318636 60.84477275747332
1
295.91177689318636 218.85443312184404
0.25 0.25 0.25 0.25
158.00966036437072
45.0
289.6037903494691 345.5764839909778
3
145.59694624130407 345.5764839909778
0.25 0.25 0.25 0.25
144.006844108165
45.0
480.3675231045953 182.57606649302704
3
376.42134476064916 182.57606649302704
0.25 0.25 0.25 0.25
103.94617834394613
45.0
308.4014128813285 329.9187467450332
0
308.4014128813285 225.7169274377702
0.25 0.25 0.25 0.25
104.201819307263
45.0
283.7221490921501 4.793536685975186
0
283.7221490921501 4.039596250483257
0.25 0.25 0.25 0.25
0.7539404354919288
45.0
439.7603658843984 160.73617645690598
3
391.1152453249973 160.73617645690598
0.25 0.25 0.25 0.25
48.645120559401086
45.0
448.589103107994 139.0098484497009
3
415.2877149298439 139.0098484497009
0.25 0.25 0.25 0.25
33.30138817815011
45.0
4.557672756192787 148.81708439002557
1
4.557672756192787 190.16890564081496
0.25 0.25 0.25 0.25
41.35182125078939
45.0
339.1079741571782 434.31553133141705
2
369.36552665672656 434.31553133141705
0.25 0.25 0.25 0.25
30.257552499548378
45.0
64.18707060755449 305.7310174079529
2
81.9789289074451 305.7310174079529
0.25 0.25 0.25 0.25
17.791858299890606
45.0
330.71543792701056 279.9347571725899
2
360.7891317469537 279.9347571725899
0.25 0.25 0.25 0.25
30.073693819943138
45.0
458.9171502484327 483.58913707720865
0
458.9171502484327 455.6407606886112
0.25 0.25 0.25 0.25
27.948376388597467
45.0
488.638025874194 450.23249468083384
3
474.1193861705686 450.23249468083384
0.25 0.25 0.25 0.25
14.518639703625436
45.0
38.50457515342873 212.65569608213795
2
47.81758855796183 212.65569608213795
0.25 0.25 0.25 0.25
9.313013404533098
45.0
29.92931151370928 342.6770441622762
1
29.92931151370928 353.6602030202345
0.25 0.25 0.25 0.25
10.983158857958275
45.0
341.04369211520395 135.10045028693872
0
341.04369211520395 111.71093582890876
0.25 0.25 0.25 0.25
23.38951445802997
45.0
165.61958739497595 372.21825061422396
1
165.61958739497595 420.8283032260998
0.25 0.25 0.25 0.25
48.61005261187587
45.0
214.6084197370901 127.11858667863521
3
171.58110322369768 127.11858667863521
0.25 0.25 0.25 0.25
43.027316513392414
45.0
189.43287182632292 196.39972059905318
0
189.43287182632292 155.31965223902944
0.25 0.25 0.25 0.25
41.08006836002373
45.0
176.82432765972126 326.2224425353103
2
178.03612355294894 326.2224425353103
0.25 0.25 0.25 0.25
1.211795893227663
45.0
474.2961921272305 116.60462229093477
0
474.2961921272305 69.85919516591912
0.25 0.25 0.25 0.25
46.745427125015645
45.0
470.13674434617536 343.94299289762597
0
470.13674434617536 327.82779587146626
0.25 0.25 0.25 0.25
16.115197026159723
45.0
255.66493905989236 350.150526291847
3
206.64076785158852 350.150526291847
0.25 0.25 0.25 0.25
49.024171208303834
45.0
198.38534300450414 446.47514542328673
1
198.38534300450414 446.83692871324865
0.25 0.25 0.25 0.25
0.36178328996192555
45.0
359.68329011380405 327.4924185980728
2
360.9424240352376 327.4924185980728
0.25 0.25 0.25 0.25
1.2591339214335473
45.0
200.07759213290615 330.8106513980198
1
200.07759213290615 351.3080128291757
0.25 0.25 0.25 0.25
20.49736143115591
45.0
50.85724427128201 42.814816754460935
0
50.85724427128201 23.4967375839335
0.25 0.25 0.25 0.25
19.318079170527437
45.0
165.8953878445616 311.1885797107076
0
165.8953878445616 278.1172133147106
0.25 0.25 0.25 0.25
33.07136639599699
45.0
452.97425878577604 387.95657194994794
1
452.97425878577604 392.7734752075174
0.25 0.25 0.25 0.25
4.816903257569416
45.0
272.4586071692526 21.820204106967932
3
253.52621826728694 21.820204106967932
0.25 0.25 0.25 0.25
18.932388901965684
45.0
413.5554151822362 118.54089636636445
1
413.5554151822362 142.44594276927182
0.25 0.25 0.25 0.25
23.905046402907367
45.0
263.09892605460885 214.6919947360313
1
263.09892605460885 221.8369416238411
0.25 0.25 0.25 0.25
7.144946887809822
45.0
391.71340041457466 479.1921084895931
3
387.8919920977638 479.1921084895931
0.25 0.25 0.25 0.25
3.821408316810854
45.0
263.4983011557132 363.38963919207515
2
265.2491821205308 363.38963919207515
0.25 0.25 0.25 0.25
1.7508809648175916
45.0
159.17859472418002 469.38425008068293
2
197.8114236249521 469.38425008068293
0.25 0.25 0.25 0.25
38.632828900772104
45.0
167.76099934525746 357.4117041370048
0
167.76099934525746 329.6494422301848
0.25 0.25 0.25 0.25
27.76226190682
45.0
306.46143215318597 358.11409675158876
2
336.8106878139919 358.11409675158876
0.25 0.25 0.25 0.25
30.349255660805934
45.0
162.82113432593883 48.33208727825615
1
162.82113432593883 91.33333130994055
0.25 0.25 0.25 0.25
43.0012440316844
45.0
96.14449519302431 410.67018406646497
2
102.44056055870577 410.67018406646497
0.25 0.25 0.25 0.25
6.296065365681458
45.0
367.97828097135294 237.88554239462024
3
355.7099444570756 237.88554239462024
0.25 0.25 0.25 0.25
12.268336514277323
45.0
133.3900962727526 478.0867059803487
1
133.3900962727526 499.43801294930637
0.25 0.25 0.25 0.25
21.35130696895764
45.0
90.10495786662585 23.245570312222867
1
90.10495786662585 12.000002920017636
0.25 0.25 0.25 0.25
35.2455732322405
45.0
