46011
260.7524772035508 48.16765893916997
1
260.7524772035508 156.0725871199818
0.25 0.25 0.25 0.25
107.90492818081182
45.0
493.00326325193737 40.26925652476751
3
391.04487254367484 40.26925652476751
0.25 0.25 0.25 0.25
115.95186420438782
45.0
89.93116356055793 72.6233387396046
1
89.93116356055793 229.48403539003777
0.25 0.25 0.25 0.25
156.86069665043317
45.0
238.43864577248166 421.04320946017924
3
121.99127494293526 421.04320946017924
0.25 0.25 0.25 0.25
116.4473708295464
45.0
307.1108526658967 484.428812015114
2
424.74277554373725 484.428812015114
0.25 0.25 0.25 0.25
117.63192287784055
45.0
398.920468223479 422.7883812638122
3
463.4933118696314 422.7883812638122
0.25 0.25 0.25 0.25
137.58621990688962
45.0
359.018805161063 292.9383070956319
1
359.018805161063 453.47011136985407
0.25 0.25 0.25 0.25
160.53180427422214
45.0
168.19914810714673 198.28355003396283
2
332.5673223924647 198.28355003396283
0.25 0.25 0.25 0.25
164.36817428531796
45.0
186.8117702255347 9.333703468628457
1
186.8117702255347 129.65369402791976
0.25 0.25 0.25 0.25
120.3199905592913
45.0
212.6456017052633 441.1036968723829
0
212.6456017052633 336.74676949291074
0.25 0.25 0.25 0.25
104.35692737947214
45.0
270.0510361395608 495.84887207766155
0
270.0510361395608 395.3453941615364
0.25 0.25 0.25 0.25
100.50347791612519
45.0
472.12598213549825 304.7443163911421
0
472.12598213549825 175.6163564118856
0.25 0.25 0.25 0.25
129.1279599792565
45.0
473.24565491550356 87.54227896571933
3
331.1403206068256 87.54227896571933
0.25 0.25 0.25 0.25
142.10533430867798
45.0
177.3471303053515 336.9348526328407
0
177.3471303053515 163.8341404620202
0.25 0.25 0.25 0.25
173.10071217082051
45.0
421.1058694743879 465.04323976154774
3
281.67898233370465 465.04323976154774
0.25 0.25 0.25 0.25
139.42688714068322
45.0
456.33319303621136 112.76876041347077
0
456.33319303621136 2.1360836638291403
0.25 0.25 0.25 0.25
110.63267674964163
45.0
313.13464446998256 357.3267036756221
3
221.198368571861 357.3267036756221
0.25 0.25 0.25 0.25
91.93627589812154
45.0
396.75995284397504 24.372415609494396
3
222.60168819022954 24.372415609494396
0.25 0.25 0.25 0.25
174.1582646537455
45.0
45.41443118733879 316.2235143685019
1
45.41443118733879 419.1489574864755
0.25 0.25 0.25 0.25
102.92544311797359
45.0
238.16306176418135 279.4615295040284
0
238.16306176418135 135.89280806486306
0.25 0.25 0.25 0.25
143.56872143916536
45.0
192.60134747154797 169.3058694382122
1
192.60134747154797 303.0631904376451
0.25 0.25 0.25 0.25
133.75732099943292
45.0
456.9338167899384 241.79693118454213
1
456.9338167899384 339.6173128666173
0.25 0.25 0.25 0.25
97.82038168207515
45.0
345.7735438547446 24.4989585943254
1
345.7735438547446 147.79602189543954
0.25 0.25 0.25 0.25
123.29706330111414
45.0
289.4962090364844 180.52551150704934
2
441.68625028526594 180.52551150704934
0.25 0.25 0.25 0.25
152.19004124878157
45.0
277.5374405874383 264.9252771977627
1
277.5374405874383 381.83302086958844
0.25 0.25 0.25 0.25
116.90774367182577
45.0
404.4404017820558 112.7568524581169
3
429.63982787253804 112.7568524581169
0.25 0.25 0.25 0.25
165.91977034540616
45.0
91.14854571483292 210.45168025638915
1
91.14854571483292 376.8980593866687
0.25 0.25 0.25 0.25
166.44637913027955
45.0
430.3141674440967 72.55906444722154
3
438.27479835687836 72.55906444722154
0.25 0.25 0.25 0.25
131.41103419902487
45.0
70.31697109537656 210.0131333596421
1
70.31697109537656 318.60325207725094
0.25 0.25 0.25 0.25
108.59011871760886
45.0
142.2593683550666 211.1196668782195
2
182.33992901407447 211.1196668782195
0.25 0.25 0.25 0.25
40.08056065900787
45.0
104.82060186047363 244.12605737128067
1
104.82060186047363 270.3477860147792
0.25 0.25 0.25 0.25
26.221728643498544
45.0
283.44219453803146 105.84998808737177
3
267.1348196133638 105.84998808737177
0.25 0.25 0.25 0.25
16.307374924667684
45.0
335.78975170941413 338.70940772243677
3
331.4120229707616 338.70940772243677
0.25 0.25 0.25 0.25
4.3777287386525146
45.0
50.573264204812965 428.9564893514628
1
50.573264204812965 451.401512595959
0.25 0.25 0.25 0.25
22.44502324449619
45.0
106.69066824056728 451.9706347358759
1
106.69066824056728 465.8545365530464
0.25 0.25 0.25 0.25
13.883901817170512
45.0
60.474368839325564 21.671560513610295
0
60.474368839325564 18.27807372468628
0.25 0.25 0.25 0.25
3.393486788924016
45.0
25.666617857536213 269.1613060697853
0
25.666617857536213 251.2389206501501
0.25 0.25 0.25 0.25
17.922385419635216
45.0
335.38516544945736 396.75156552037004
3
311.39454331587484 396.75156552037004
0.25 0.25 0.25 0.25
23.990622133582512
45.0
134.62163551467575 447.0052269197318
0
134.62163551467575 441.6998167241362
0.25 0.25 0.25 0.25
5.305410195595567
45.0
499.9270233360302 281.5032528210683
0
499.9270233360302 276.7058826583236
0.25 0.25 0.25 0.25
4.797370162744674
45.0
145.7007936939972 411.9191373802239
3
108.19207353160584 411.9191373802239
0.25 0.25 0.25 0.25
37.50872016239137
45.0
308.72574779922576 369.7957843098108
0
308.72574779922576 337.3322462455196
0.25 0.25 0.25 0.25
32.46353806429121
45.0
306.70036926529605 342.73740129785267
1
306.70036926529605 376.57173999323464
0.25 0.25 0.25 0.25
33.83433869538195
45.0
479.705683909089 149.49283691963313
0
479.705683909089 102.963105577659
0.25 0.25 0.25 0.25
46.52973134197414
45.0
152.34825181424677 409.8937138367926
2
178.20071886994498 409.8937138367926
0.25 0.25 0.25 0.25
25.852467055698202
45.0
332.36243114528054 366.4624411758166
1
332.36243114528054 402.2713322689451
0.25 0.25 0.25 0.25
35.80889109312852
45.0
207.10056801532 66.26256340885548
3
177.50465777643734 66.26256340885548
0.25 0.25 0.25 0.25
29.595910238882638
45.0
294.84655676043764 449.2862477243941
1
294.84655676043764 454.30491163715044
0.25 0.25 0.25 0.25
5.018663912756311
45.0
