78679
39.73837787142375 17.225929680649045
2
51.242306730539 17.225929680649045
0.25 0.25 0.25 0.25
90.98068460196275
45.0
242.4690694552408 433.66029010781676
0
242.4690694552408 424.59337402443134
0.25 0.25 0.25 0.25
141.74633586775184
45.0
107.86403430311702 130.7945728780162
2
19.346945772078698 130.7945728780162
0.25 0.25 0.25 0.25
127.21098007519572
45.0
489.85841959796306 228.1957004764201
3
382.9965945004493 228.1957004764201
0.25 0.25 0.25 0.25
127.14498590158763
45.0
451.9829381823579 382.9137984177812
0
451.9829381823579 451.7557237242477
0.25 0.25 0.25 0.25
165.33047785797112
45.0
309.9643727549118 195.41045150924165
1
309.9643727549118 369.71544321541023
0.25 0.25 0.25 0.25
174.30499170616858
45.0
125.26167137457554 280.8308514472218
0
125.26167137457554 162.50608754477534
0.25 0.25 0.25 0.25
118.32476390244645
45.0
121.05363793564737 231.9402483653806
2
222.3144734007512 231.9402483653806
0.25 0.25 0.25 0.25
101.26083546510384
45.0
436.2943889467582 497.79621015596194
3
284.5067119750702 497.79621015596194
0.25 0.25 0.25 0.25
151.78767697168803
45.0
39.089541789579755 446.136506090437
2
121.35546200456929 446.136506090437
0.25 0.25 0.25 0.25
160.44500379414905
45.0
90.06213732450176 420.8339065761843
2
14.890844577112176 420.8339065761843
0.25 0.25 0.25 0.25
104.95298190161394
45.0
351.89731519687916 331.50621958890224
1
351.89731519687916 497.6689676267906
0.25 0.25 0.25 0.25
166.16274803788838
45.0
406.70378361426424 300.039211022196
3
314.26178907401754 300.039211022196
0.25 0.25 0.25 0.25
92.44199454024667
45.0
310.6250896838574 369.39808111683993
3
212.57904990980023 369.39808111683993
0.25 0.25 0.25 0.25
98.04603977405718
45.0
371.21562082748096 40.57277063640723
1
371.21562082748096 141.56772338058147
0.25 0.25 0.25 0.25
100.99495274417424
45.0
233.18799709864382 132.36774146047355
1
233.18799709864382 233.07816976317523
0.25 0.25 0.25 0.25
100.71042830270167
45.0
395.94496302314064 160.99141697010813
1
395.94496302314064 314.50782695629346
0.25 0.25 0.25 0.25
153.51640998618532
45.0
376.16526905979805 262.71639490052246
1
376.16526905979805 356.0307100648593
0.25 0.25 0.25 0.25
93.31431516433683
45.0
231.97165962503496 475.4037437172203
2
395.92976566786785 475.4037437172203
0.25 0.25 0.25 0.25
163.9581060428329
45.0
195.6746326330415 231.85666627716708
1
195.6746326330415 401.2755388957678
0.25 0.25 0.25 0.25
169.41887261860072
45.0
142.68775236052892 230.0336518629324
0
142.68775236052892 56.41149993838934
0.25 0.25 0.25 0.25
173.62215192454306
45.0
162.99243409833718 241.7733934343603
2
7.569259555295275 241.7733934343603
0.25 0.25 0.25 0.25
170.56169365363246
45.0
381.4599944166741 379.57348766926253
2
470.43912325442807 379.57348766926253
0.25 0.25 0.25 0.25
88.979128837754
45.0
117.78276636997629 468.9038545275009
2
249.95581277596304 468.9038545275009
0.25 0.25 0.25 0.25
132.17304640598675
45.0
258.4405588036766 233.38185993160585
0
258.4405588036766 100.62201472868097
0.25 0.25 0.25 0.25
132.75984520292488
45.0
361.64843962453995 329.8467145632685
1
361.64843962453995 489.92027186020755
0.25 0.25 0.25 0.25
160.07355729693904
45.0
370.35394108019966 220.76074964904177
3
230.96165988597028 220.76074964904177
0.25 0.25 0.25 0.25
139.39228119422938
45.0
54.902329303201896 281.7877522391246
2
89.50134342426412 281.7877522391246
0.25 0.25 0.25 0.25
144.40367272746602
45.0
421.7332137259807 477.560208165532
3
472.83812151157895 477.560208165532
0.25 0.25 0.25 0.25
105.4286647624403
45.0
218.0088890179787 230.41348343839886
2
342.3614181585601 230.41348343839886
0.25 0.25 0.25 0.25
124.35252914058142
45.0
114.54714839279006 302.86398291953174
2
58.21471813494088 302.86398291953174
0.25 0.25 0.25 0.25
172.76186652773094
45.0
121.03075046566727 34.53425789989515
2
219.75638438386753 34.53425789989515
0.25 0.25 0.25 0.25
98.72563391820026
45.0
225.55699514771106 218.98652730178515
2
386.2837318512776 218.98652730178515
0.25 0.25 0.25 0.25
160.72673670356653
45.0
115.63473937312845 426.1887011166024
0
115.63473937312845 455.3014705177567
0.25 0.25 0.25 0.25
118.50982836564096
45.0
96.81686203705658 148.05438492545704
1
96.81686203705658 6.791089758819112
0.25 0.25 0.25 0.25
154.84547468427616
45.0
19.29234113240409 119.20528487044936
2
99.04131002302876 119.20528487044936
0.25 0.25 0.25 0.25
118.33365115543285
45.0
293.590190514263 1.9483411519657352
3
139.92392192777388 1.9483411519657352
0.25 0.25 0.25 0.25
153.6662685864891
45.0
435.5750927088742 76.53536925075069
1
435.5750927088742 181.18074535525062
0.25 0.25 0.25 0.25
104.64537610449993
45.0
297.83930215561827 61.088772910878674
3
136.90069007498238 61.088772910878674
0.25 0.25 0.25 0.25
160.9386120806359
45.0
483.17627568046333 29.474133302241793
0
483.17627568046333 20.029067456284686
0.25 0.25 0.25 0.25
9.445065845957107
45.0
175.77956593658988 211.9190023204897
2
210.7140561892803 211.9190023204897
0.25 0.25 0.25 0.25
34.93449025269043
45.0
292.96617029055545 166.70273302569703
1
292.96617029055545 193.32461478233145
0.25 0.25 0.25 0.25
26.62188175663442
45.0
435.45415356141575 90.92469857891274
0
435.45415356141575 66.81072406135189
0.25 0.25 0.25 0.25
24.113974517560855
45.0
172.05596374800092 41.03151005239306
0
172.05596374800092 6.189473699024241
0.25 0.25 0.25 0.25
34.84203635336882
45.0
390.0625253860379 328.27542437924774
3
365.0895738789967 328.27542437924774
0.25 0.25 0.25 0.25
24.97295150704122
45.0
193.81559059336564 177.0683189205928
3
148.5891620910312 177.0683189205928
0.25 0.25 0.25 0.25
45.22642850233445
45.0
428.7373816017549 250.00825437860556
0
428.7373816017549 243.81896808910625
0.25 0.25 0.25 0.25
6.189286289499318
45.0
101.53261273817947 298.9841657338017
0
101.53261273817947 290.85955590908594
0.25 0.25 0.25 0.25
8.124609824715757
45.0
