78679
312.680431677312 16.438399059058696
3
221.69974707534925 16.438399059058696
0.25 0.25 0.25 0.25
90.98068460196275
45.0
265.79601623245236 243.96879352799368
0
265.79601623245236 102.22245766024184
0.25 0.25 0.25 0.25
141.74633586775184
45.0
489.4969745287042 38.95927400595201
1
489.4969745287042 88.25170606924371
0.25 0.25 0.25 0.25
127.21098007519572
45.0
177.06301074400443 118.21060178753339
1
177.06301074400443 8.93438411405424
0.25 0.25 0.25 0.25
127.14498590158763
45.0
310.70385888090664 225.60045341198338
1
310.70385888090664 390.9309312699545
0.25 0.25 0.25 0.25
165.33047785797112
45.0
135.6593810487432 419.16442408328714
0
135.6593810487432 406.53058421054425
0.25 0.25 0.25 0.25
174.30499170616858
45.0
401.4392730156387 139.06631538213546
0
401.4392730156387 20.741551479689008
0.25 0.25 0.25 0.25
118.32476390244645
45.0
170.12051380862587 59.23390337889265
1
170.12051380862587 160.4947388439965
0.25 0.25 0.25 0.25
101.26083546510384
45.0
322.64399591168194 439.69005104222185
0
322.64399591168194 287.9023740705338
0.25 0.25 0.25 0.25
151.78767697168803
45.0
102.62440140606543 285.691502296288
0
102.62440140606543 125.24649850213893
0.25 0.25 0.25 0.25
160.44500379414905
45.0
484.23259119970726 474.21311152220176
3
379.2796092980933 474.21311152220176
0.25 0.25 0.25 0.25
104.95298190161394
45.0
10.501283803093202 340.57675490691145
0
10.501283803093202 493.2604970552002
0.25 0.25 0.25 0.25
166.16274803788838
45.0
315.97023276499567 350.6250308503363
1
315.97023276499567 443.067025390583
0.25 0.25 0.25 0.25
92.44199454024667
45.0
389.1315271984865 336.46379956098855
1
389.1315271984865 434.50983933504574
0.25 0.25 0.25 0.25
98.04603977405718
45.0
123.80961545164774 151.5172508223239
1
123.80961545164774 252.51220356649813
0.25 0.25 0.25 0.25
100.99495274417424
45.0
183.86228216619614 76.1573981719464
1
183.86228216619614 176.86782647464807
0.25 0.25 0.25 0.25
100.71042830270167
45.0
233.85521267777347 378.45935307133595
3
80.33880269158814 378.45935307133595
0.25 0.25 0.25 0.25
153.51640998618532
45.0
11.033906338770493 57.62593214141444
2
82.28040882556634 57.62593214141444
0.25 0.25 0.25 0.25
93.31431516433683
45.0
84.2649173252046 328.1354227539416
0
84.2649173252046 164.17731671110872
0.25 0.25 0.25 0.25
163.9581060428329
45.0
162.6481612098328 429.30558848563146
2
332.0670338284335 429.30558848563146
0.25 0.25 0.25 0.25
169.41887261860072
45.0
114.40022265853071 290.8328039106966
2
59.22192926601235 290.8328039106966
0.25 0.25 0.25 0.25
173.62215192454306
45.0
209.7327579419267 75.97983195110987
3
39.17106428829425 75.97983195110987
0.25 0.25 0.25 0.25
170.56169365363246
45.0
491.6687060391342 133.86568394070667
3
402.6895772013802 133.86568394070667
0.25 0.25 0.25 0.25
88.979128837754
45.0
468.2937905018646 204.55776171552745
1
468.2937905018646 336.7308081215142
0.25 0.25 0.25 0.25
132.17304640598675
45.0
249.83823684754998 286.8582995988784
0
249.83823684754998 154.0984543959535
0.25 0.25 0.25 0.25
132.75984520292488
45.0
239.08713334485049 429.1234832795849
2
399.16069064178953 429.1234832795849
0.25 0.25 0.25 0.25
160.07355729693904
45.0
327.97778644754743 409.5704700490587
0
327.97778644754743 451.03724875671196
0.25 0.25 0.25 0.25
139.39228119422938
45.0
335.0058525101478 47.10895224550285
2
479.4095252376138 47.10895224550285
0.25 0.25 0.25 0.25
144.40367272746602
45.0
51.160571814256826 317.8448957786887
1
51.160571814256826 423.273560541129
0.25 0.25 0.25 0.25
105.4286647624403
45.0
165.408232154463 116.4204880485149
1
165.408232154463 7.932041092066527
0.25 0.25 0.25 0.25
124.35252914058142
45.0
330.59605285763143 398.27761249558944
3
157.8341863299005 398.27761249558944
0.25 0.25 0.25 0.25
172.76186652773094
45.0
207.01272356587017 446.35025087310885
0
207.01272356587017 454.92411520869086
0.25 0.25 0.25 0.25
98.72563391820026
45.0
475.7313089976425 209.38568544115037
3
315.00457229407596 209.38568544115037
0.25 0.25 0.25 0.25
160.72673670356653
45.0
173.30629043302588 426.1887011166024
2
291.8161187986668 426.1887011166024
0.25 0.25 0.25 0.25
118.50982836564096
45.0
12.898539247123495 32.773431549999145
1
12.898539247123495 122.07204313427701
0.25 0.25 0.25 0.25
154.84547468427616
45.0
480.95487611177714 420.8754475802107
0
480.95487611177714 460.79090126435653
0.25 0.25 0.25 0.25
118.33365115543285
45.0
243.07249535062806 235.95550659516195
1
243.07249535062806 389.62177518165106
0.25 0.25 0.25 0.25
153.6662685864891
45.0
121.63896439537443 227.63450640024985
2
226.28434049987436 227.63450640024985
0.25 0.25 0.25 0.25
104.64537610449993
45.0
113.43538805908503 88.94681366947003
2
47.503224021550864 88.94681366947003
0.25 0.25 0.25 0.25
160.9386120806359
45.0
284.82989291536387 114.47972591585572
1
284.82989291536387 123.92479176181283
0.25 0.25 0.25 0.25
9.445065845957107
45.0
245.64854644197075 72.18104130972799
1
245.64854644197075 107.11553156241843
0.25 0.25 0.25 0.25
34.93449025269043
45.0
319.5880520471899 246.56837829560027
3
292.96617029055545 246.56837829560027
0.25 0.25 0.25 0.25
26.62188175663442
45.0
495.0091473765426 126.10107207913495
0
495.0091473765426 101.9870975615741
0.25 0.25 0.25 0.25
24.113974517560855
45.0
315.7325451991626 28.65256265434455
1
315.7325451991626 6.189473699024269
0.25 0.25 0.25 0.25
34.84203635336882
45.0
34.477650233662786 147.29259397288672
3
9.504698726621566 147.29259397288672
0.25 0.25 0.25 0.25
24.97295150704122
45.0
218.2408388762866 131.84189041825834
1
218.2408388762866 177.0683189205928
0.25 0.25 0.25 0.25
45.22642850233445
45.0
397.7909501542584 459.095290014927
3
391.6016638647591 459.095290014927
0.25 0.25 0.25 0.25
6.189286289499318
45.0
117.78183238761099 201.4888478372126
3
109.65722256289523 201.4888478372126
0.25 0.25 0.25 0.25
8.124609824715757
45.0
