15798
117.76460932953336 448.80130093057505
0
117.76460932953336 414.1719419880004
0.25 0.25 0.25 0.25
137.0267570814245
45.0
288.47297857941885 351.58949124378864
0
288.47297857941885 486.7566140145236
0.25 0.25 0.25 0.25
161.65389474168774
45.0
102.00024666885167 161.7491609522932
2
227.36285135375266 161.7491609522932
0.25 0.25 0.25 0.25
125.36260468490099
45.0
434.35739220479695 112.04108839956234
3
397.4818568426849 112.04108839956234
0.25 0.25 0.25 0.25
168.16075095251813
45.0
244.9951135294197 396.6686971846133
2
362.99627333073295 396.6686971846133
0.25 0.25 0.25 0.25
118.00115980131324
45.0
66.70408885829846 232.03358564246625
2
106.17022263488829 232.03358564246625
0.25 0.25 0.25 0.25
172.87431149318675
45.0
86.67510794859861 208.84861092427315
1
86.67510794859861 307.7780824401436
0.25 0.25 0.25 0.25
98.92947151587045
45.0
155.67640210706236 466.64231083198433
3
10.25665972887549 466.64231083198433
0.25 0.25 0.25 0.25
145.41974237818687
45.0
196.36913802110507 390.05301755315463
2
338.8841492006106 390.05301755315463
0.25 0.25 0.25 0.25
142.5150111795055
45.0
341.4087487570645 339.58417648851537
2
445.8622443045591 339.58417648851537
0.25 0.25 0.25 0.25
104.45349554749463
45.0
440.25290617755456 353.31736770299193
0
440.25290617755456 208.61311168011275
0.25 0.25 0.25 0.25
144.70425602287918
45.0
383.90904674598187 395.0809779237345
0
383.90904674598187 290.10000225659803
0.25 0.25 0.25 0.25
104.98097566713648
45.0
42.6489364416297 418.6373792120662
0
42.6489364416297 305.4119536035322
0.25 0.25 0.25 0.25
113.22542560853398
45.0
94.75397228063801 59.74422764189434
1
94.75397228063801 172.24685697806706
0.25 0.25 0.25 0.25
112.50262933617272
45.0
315.0531014986867 309.9823939205555
0
315.0531014986867 221.44468416634342
0.25 0.25 0.25 0.25
88.5377097542121
45.0
243.12424511446196 437.3169924892702
2
395.949592562549 437.3169924892702
0.25 0.25 0.25 0.25
152.82534744808706
45.0
230.71562441831566 138.73820083247614
3
140.9536007400231 138.73820083247614
0.25 0.25 0.25 0.25
89.76202367829256
45.0
249.53842655584762 87.2874538004192
3
83.2904987884238 87.2874538004192
0.25 0.25 0.25 0.25
166.24792776742382
45.0
348.8992968730888 226.98222845301257
0
348.8992968730888 74.50163137625859
0.25 0.25 0.25 0.25
152.48059707675398
45.0
386.59115211869596 247.13550071272888
1
386.59115211869596 415.56268003247123
0.25 0.25 0.25 0.25
168.42717931974235
45.0
205.46938924654893 308.0556426360819
3
176.6431949256135 308.0556426360819
0.25 0.25 0.25 0.25
28.82619432093543
45.0
340.6226388497395 159.40032520406996
0
340.6226388497395 146.77259033017725
0.25 0.25 0.25 0.25
12.627734873892694
45.0
23.584991528121506 336.7405742971832
2
63.553227108713536 336.7405742971832
0.25 0.25 0.25 0.25
39.96823558059203
45.0
82.0361972888044 222.27379601509114
0
82.0361972888044 203.57618935529996
0.25 0.25 0.25 0.25
18.697606659791173
45.0
335.14978053356236 125.75833660821245
0
335.14978053356236 104.36485603847267
0.25 0.25 0.25 0.25
21.393480569739783
45.0
154.0354668868812 210.84940568434882
3
148.8222807865106 210.84940568434882
0.25 0.25 0.25 0.25
5.213186100370609
45.0
228.2293151145626 373.02301569023507
2
276.2713986929134 373.02301569023507
0.25 0.25 0.25 0.25
48.0420835783508
45.0
254.91661672566812 199.11150474242055
0
254.91661672566812 159.23089758031125
0.25 0.25 0.25 0.25
39.880607162109314
45.0
63.85289726390863 171.94085098002242
3
44.529937898402736 171.94085098002242
0.25 0.25 0.25 0.25
19.3229593655059
45.0
3.3984048056048124 77.744272761243
0
3.3984048056048124 29.532777369090645
0.25 0.25 0.25 0.25
48.21149539215235
45.0
329.97434365319657 101.80381862379437
3
298.9408688412333 101.80381862379437
0.25 0.25 0.25 0.25
31.033474811963313
45.0
331.9338094060355 157.72150876783945
2
348.9910491839188 157.72150876783945
0.25 0.25 0.25 0.25
17.057239777883304
45.0
124.73950203419149 92.03900628577068
1
124.73950203419149 126.73211135512268
0.25 0.25 0.25 0.25
34.693105069352
45.0
173.1139456589535 488.69266561464235
2
176.5064032350224 488.69266561464235
0.25 0.25 0.25 0.25
3.392457576068902
45.0
214.83931005880967 252.9128770161802
2
229.03264048215675 252.9128770161802
0.25 0.25 0.25 0.25
14.193330423347078
45.0
241.25439250581468 160.12191879494006
2
280.42232823200897 160.12191879494006
0.25 0.25 0.25 0.25
39.167935726194294
45.0
1.2249629004047655 127.96261100345198
2
9.758076260503048 127.96261100345198
0.25 0.25 0.25 0.25
8.533113360098282
45.0
495.5756265625156 470.78133176820904
3
474.4396256471216 470.78133176820904
0.25 0.25 0.25 0.25
21.13600091539401
45.0
212.56150854202565 70.14613756015703
3
170.4637863218047 70.14613756015703
0.25 0.25 0.25 0.25
42.09772222022096
45.0
268.78612088483516 229.38099619483987
3
239.35766683770427 229.38099619483987
0.25 0.25 0.25 0.25
29.42845404713089
45.0
46.11332584745066 63.79431013827256
1
46.11332584745066 110.77817239665862
0.25 0.25 0.25 0.25
46.98386225838606
45.0
134.99198166427425 321.4724771794849
1
134.99198166427425 368.3502805241034
0.25 0.25 0.25 0.25
46.87780334461855
45.0
191.42160301103684 142.77228831549206
0
191.42160301103684 106.024107494337
0.25 0.25 0.25 0.25
36.74818082115506
45.0
385.0662642857776 1.9047290314961884
2
426.74916174482973 1.9047290314961884
0.25 0.25 0.25 0.25
41.682897459052136
45.0
388.5508345956949 451.4139662561358
0
388.5508345956949 424.34235090518337
0.25 0.25 0.25 0.25
27.07161535095241
45.0
72.5001368124201 282.31990482572377
0
72.5001368124201 253.04176725760175
0.25 0.25 0.25 0.25
29.278137568122027
45.0
119.19851571650801 214.40854288797522
1
119.19851571650801 224.9400562305634
0.25 0.25 0.25 0.25
10.5315133425882
45.0
313.9498931428454 105.84254729221982
0
313.9498931428454 82.72853980634468
0.25 0.25 0.25 0.25
23.11400748587513
45.0
