15798
418.0421681310713 11.496985047612554
3
444.93107478750414 11.496985047612554
0.25 0.25 0.25 0.25
137.0267570814245
45.0
6.512557638236785 381.6661227936622
2
155.14133710345095 381.6661227936622
0.25 0.25 0.25 0.25
161.65389474168774
45.0
402.35100954996005 281.31009067877847
0
402.35100954996005 155.94748599387748
0.25 0.25 0.25 0.25
125.36260468490099
45.0
220.35660017505802 74.04867398317333
3
52.19584922253989 74.04867398317333
0.25 0.25 0.25 0.25
168.16075095251813
45.0
64.98351551628735 81.35565864296456
1
64.98351551628735 36.64550115834868
0.25 0.25 0.25 0.25
118.00115980131324
45.0
263.46923600819014 442.15376609477346
0
263.46923600819014 384.9719224120398
0.25 0.25 0.25 0.25
172.87431149318675
45.0
22.959648408567404 0.284383051236631
2
75.96982310730304 0.284383051236631
0.25 0.25 0.25 0.25
98.92947151587045
45.0
245.36738534360296 175.8028260756106
0
245.36738534360296 30.38308369742373
0.25 0.25 0.25 0.25
145.41974237818687
45.0
395.24520238807054 460.2472060369553
0
395.24520238807054 397.23778278353916
0.25 0.25 0.25 0.25
142.5150111795055
45.0
449.68426014794625 235.13068094102073
3
345.2307646004516 235.13068094102073
0.25 0.25 0.25 0.25
104.45349554749463
45.0
70.789098909688 260.3322803207297
2
215.49335493256717 260.3322803207297
0.25 0.25 0.25 0.25
144.70425602287918
45.0
416.85192656855907 140.54682506076176
1
416.85192656855907 245.52780072789824
0.25 0.25 0.25 0.25
104.98097566713648
45.0
240.88840620585594 474.7763133901823
0
240.88840620585594 411.9982610012837
0.25 0.25 0.25 0.25
113.22542560853398
45.0
194.7329375912563 202.83202310711454
0
194.7329375912563 90.32939377094182
0.25 0.25 0.25 0.25
112.50262933617272
45.0
278.62567407713107 18.083252392625923
1
278.62567407713107 70.45445736158618
0.25 0.25 0.25 0.25
88.5377097542121
45.0
7.250982354897303 214.71421290457366
1
7.250982354897303 367.5395603526607
0.25 0.25 0.25 0.25
152.82534744808706
45.0
397.621932236119 245.54537295825764
1
397.621932236119 335.3073966365502
0.25 0.25 0.25 0.25
89.76202367829256
45.0
80.44499558354286 426.53092987459513
0
80.44499558354286 407.2211423579811
0.25 0.25 0.25 0.25
166.24792776742382
45.0
111.30228225685866 361.7105875275681
0
111.30228225685866 209.22999045081414
0.25 0.25 0.25 0.25
152.48059707675398
45.0
318.8067929156356 383.8734522771091
0
318.8067929156356 447.6993684031486
0.25 0.25 0.25 0.25
168.42717931974235
45.0
448.616278902226 221.5770596732757
3
419.79008458129056 221.5770596732757
0.25 0.25 0.25 0.25
28.82619432093543
45.0
479.5277224625589 260.4222041952116
2
492.1554573364516 260.4222041952116
0.25 0.25 0.25 0.25
12.627734873892694
45.0
416.0655998583908 297.56644920179053
1
416.0655998583908 337.53468478238256
0.25 0.25 0.25 0.25
39.96823558059203
45.0
104.93986930910734 353.15704263362943
3
86.24226264931616 353.15704263362943
0.25 0.25 0.25 0.25
18.697606659791173
45.0
301.1610497808614 141.65823040018256
0
301.1610497808614 120.26474983044278
0.25 0.25 0.25 0.25
21.393480569739783
45.0
70.62448928095145 153.504358580272
3
65.41130318058084 153.504358580272
0.25 0.25 0.25 0.25
5.213186100370609
45.0
339.3919326802802 11.313652936571316
1
339.3919326802802 36.72843064177948
0.25 0.25 0.25 0.25
48.0420835783508
45.0
349.2621326005062 242.5599949880492
3
309.3815254383969 242.5599949880492
0.25 0.25 0.25 0.25
39.880607162109314
45.0
71.40781829463266 210.58676971103424
3
52.08485892912677 210.58676971103424
0.25 0.25 0.25 0.25
19.3229593655059
45.0
105.46598921389929 272.1775982190229
1
105.46598921389929 320.38909361117527
0.25 0.25 0.25 0.25
48.21149539215235
45.0
423.07476808908643 401.66058438479297
1
423.07476808908643 432.69405919675626
0.25 0.25 0.25 0.25
31.033474811963313
45.0
41.96073318201944 328.2939065466725
1
41.96073318201944 345.35114632455577
0.25 0.25 0.25 0.25
17.057239777883304
45.0
250.7846067174728 220.19893933839728
1
250.7846067174728 254.89204440774927
0.25 0.25 0.25 0.25
34.693105069352
45.0
115.44216686578227 477.38275862466844
2
118.83462444185118 477.38275862466844
0.25 0.25 0.25 0.25
3.392457576068902
45.0
87.09933624868597 167.75289447609768
0
87.09933624868597 153.5595640527506
0.25 0.25 0.25 0.25
14.193330423347078
45.0
484.57005741082526 351.49652360967684
3
445.40212168463097 351.49652360967684
0.25 0.25 0.25 0.25
39.167935726194294
45.0
340.0995715035265 290.1599436413638
2
348.6326848636248 290.1599436413638
0.25 0.25 0.25 0.25
8.533113360098282
45.0
389.89562198554563 20.317355568453163
3
368.75962107015164 20.317355568453163
0.25 0.25 0.25 0.25
21.13600091539401
45.0
86.26834188136283 435.02652908249433
3
44.17061966114187 435.02652908249433
0.25 0.25 0.25 0.25
42.09772222022096
45.0
173.2081274245787 300.3311766535162
3
143.7796733774478 300.3311766535162
0.25 0.25 0.25 0.25
29.42845404713089
45.0
356.4353573674231 77.15727663688557
0
356.4353573674231 30.17341437849951
0.25 0.25 0.25 0.25
46.98386225838606
45.0
103.68030808266622 287.9389663005563
0
103.68030808266622 241.06116295593773
0.25 0.25 0.25 0.25
46.87780334461855
45.0
29.067481915893538 400.00955406357764
2
65.8156627370486 400.00955406357764
0.25 0.25 0.25 0.25
36.74818082115506
45.0
426.7491617448296 414.9242455590251
2
468.43205920388175 414.9242455590251
0.25 0.25 0.25 0.25
41.682897459052136
45.0
363.1289872299817 62.94672541196006
3
336.0573718790293 62.94672541196006
0.25 0.25 0.25 0.25
27.07161535095241
45.0
132.44682616443407 424.898719493056
3
103.16868859631205 424.898719493056
0.25 0.25 0.25 0.25
29.278137568122027
45.0
196.74688456113796 140.68794948985783
3
186.21537121854976 140.68794948985783
0.25 0.25 0.25 0.25
10.5315133425882
45.0
339.339994569028 356.43760242528276
1
339.339994569028 379.55160991115787
0.25 0.25 0.25 0.25
23.11400748587513
45.0
