95452
3.0098405344651553 387.08484687735927
0
3.0098405344651553 283.6571870331438
0.25 0.25 0.25 0.25
103.42765984421546
45.0
479.87299047786854 333.18474136892917
3
372.2098492824302 333.18474136892917
0.25 0.25 0.25 0.25
107.66314119543837
45.0
110.31926197040295 65.74611584212695
1
110.31926197040295 220.9030705184639
0.25 0.25 0.25 0.25
155.15695467633694
45.0
360.02683675297783 30.47313798844492
1
360.02683675297783 140.68838644918708
0.25 0.25 0.25 0.25
110.21524846074216
45.0
203.25083186229142 213.16685784655022
3
102.5222002507814 213.16685784655022
0.25 0.25 0.25 0.25
100.72863161151002
45.0
181.69467320360397 212.75687202301262
1
181.69467320360397 348.38195350018304
0.25 0.25 0.25 0.25
135.62508147717043
45.0
102.86725921082063 87.02265789902856
2
249.27756046305626 87.02265789902856
0.25 0.25 0.25 0.25
146.41030125223563
45.0
355.3053179821538 70.30503285602305
1
355.3053179821538 60.43966502355943
0.25 0.25 0.25 0.25
130.74469787958247
45.0
434.91395711034977 72.26970162169386
3
263.36036959265346 72.26970162169386
0.25 0.25 0.25 0.25
171.5535875176963
45.0
385.9881272060919 333.27358787600525
0
385.9881272060919 219.1993789142805
0.25 0.25 0.25 0.25
114.07420896172475
45.0
496.0945943306716 25.678803081421115
3
454.6443742855372 25.678803081421115
0.25 0.25 0.25 0.25
41.45022004513444
45.0
351.5957783777607 386.43128265906586
2
358.6464048757617 386.43128265906586
0.25 0.25 0.25 0.25
7.050626498000955
45.0
292.32416170334204 164.99497001795342
3
248.34661594391852 164.99497001795342
0.25 0.25 0.25 0.25
43.97754575942351
45.0
334.01536941098817 207.32222659707878
2
343.19140835022216 207.32222659707878
0.25 0.25 0.25 0.25
9.176038939233965
45.0
248.16743129440056 418.57367587566176
3
233.1613863907363 418.57367587566176
0.25 0.25 0.25 0.25
15.006044903664256
45.0
302.63916174772913 256.6144260574263
1
302.63916174772913 301.9340590043055
0.25 0.25 0.25 0.25
45.31963294687923
45.0
447.8096977373889 499.4096241325824
2
467.453896976745 499.4096241325824
0.25 0.25 0.25 0.25
19.64419923935612
45.0
438.44452682859696 132.91568579557654
0
438.44452682859696 102.58737708800237
0.25 0.25 0.25 0.25
30.328308707574163
45.0
273.15446239497385 440.2063845799006
1
273.15446239497385 462.65393123662545
0.25 0.25 0.25 0.25
22.44754665672488
45.0
199.58709255945956 424.3492083728245
3
190.4040049524561 424.3492083728245
0.25 0.25 0.25 0.25
9.183087607003475
45.0
212.49032718741455 450.6458426887457
3
164.02743450309765 450.6458426887457
0.25 0.25 0.25 0.25
48.46289268431691
45.0
30.929821424722004 453.07585584612735
3
6.772390099048643 453.07585584612735
0.25 0.25 0.25 0.25
24.15743132567336
45.0
478.72101639574225 344.17477307344666
1
478.72101639574225 372.46481798104696
0.25 0.25 0.25 0.25
28.290044907600333
45.0
123.62317570975969 306.25338988913387
0
123.62317570975969 298.7565192985525
0.25 0.25 0.25 0.25
7.496870590581328
45.0
383.5115801857061 15.479885330177606
2
407.49251794781645 15.479885330177606
0.25 0.25 0.25 0.25
23.980937762110333
45.0
125.25260883118364 58.654052602754284
1
125.25260883118364 77.2678189166682
0.25 0.25 0.25 0.25
18.61376631391392
45.0
498.76476351656555 2.106597416439527
1
498.76476351656555 45.055881034465365
0.25 0.25 0.25 0.25
42.94928361802584
45.0
465.4266135630138 305.87040298958357
0
465.4266135630138 276.52914580963267
0.25 0.25 0.25 0.25
29.34125717995092
45.0
152.24554259598608 352.94291954121843
1
152.24554259598608 373.0385025250789
0.25 0.25 0.25 0.25
20.095582983860506
45.0
68.67561292165848 261.3066435589301
0
68.67561292165848 239.24341901989223
0.25 0.25 0.25 0.25
22.06322453903786
45.0
134.75711200609058 89.05669599092462
1
134.75711200609058 93.54025008831329
0.25 0.25 0.25 0.25
4.483554097388659
45.0
189.0522178672869 142.30976932843043
3
175.68112963467541 142.30976932843043
0.25 0.25 0.25 0.25
13.3710882326115
45.0
286.8531572027617 355.3383668377339
2
302.30874520463124 355.3383668377339
0.25 0.25 0.25 0.25
15.45558800186958
45.0
168.1175674569803 459.25299576674456
2
202.8787135541716 459.25299576674456
0.25 0.25 0.25 0.25
34.7611460971913
45.0
487.39401661271063 166.82318907185902
1
487.39401661271063 192.88921388195308
0.25 0.25 0.25 0.25
26.066024810094074
45.0
11.201760115299635 70.40672906715577
1
11.201760115299635 87.34387940162168
0.25 0.25 0.25 0.25
16.937150334465912
45.0
392.03027593453936 318.9494521912319
2
411.9095214802822 318.9494521912319
0.25 0.25 0.25 0.25
19.87924554574283
45.0
98.97293964559714 355.4783658341149
0
98.97293964559714 326.72777071701506
0.25 0.25 0.25 0.25
28.75059511709987
45.0
337.3147688163932 421.04853051061633
3
325.0675857245494 421.04853051061633
0.25 0.25 0.25 0.25
12.247183091843784
45.0
233.83431270133002 272.47651407348695
1
233.83431270133002 308.6161799053376
0.25 0.25 0.25 0.25
36.139665831850664
45.0
190.06460992435427 340.38589111687907
0
190.06460992435427 323.1771876698876
0.25 0.25 0.25 0.25
17.208703446991503
45.0
181.19034597991126 46.8522132754545
0
181.19034597991126 17.89597060540587
0.25 0.25 0.25 0.25
28.956242670048628
45.0
336.74849375995154 272.49069463812435
2
370.2461498461949 272.49069463812435
0.25 0.25 0.25 0.25
33.497656086243374
45.0
268.08961799055555 96.05531718584112
1
268.08961799055555 131.3430304143689
0.25 0.25 0.25 0.25
35.287713228527785
45.0
33.384432129183764 287.0555232693419
0
33.384432129183764 266.0769468463774
0.25 0.25 0.25 0.25
20.97857642296453
45.0
463.7941467871766 110.79089741878704
0
463.7941467871766 68.55998947995562
0.25 0.25 0.25 0.25
42.23090793883142
45.0
32.78290332839789 321.87193028301755
3
24.6607452228991 321.87193028301755
0.25 0.25 0.25 0.25
8.122158105498794
45.0
316.87601256873586 193.5143719590106
1
316.87601256873586 207.65108513664734
0.25 0.25 0.25 0.25
14.136713177636755
45.0
