95452
204.44334367171768 60.902390941657046
1
204.44334367171768 42.52526890255841
0.25 0.25 0.25 0.25
103.42765984421546
45.0
490.9911025775827 440.8478825643675
0
490.9911025775827 451.48897624019406
0.25 0.25 0.25 0.25
107.66314119543837
45.0
44.83769270593399 133.90775901164713
2
199.99464738227093 133.90775901164713
0.25 0.25 0.25 0.25
155.15695467633694
45.0
301.26465401147516 70.78695725504791
2
411.4799024722173 70.78695725504791
0.25 0.25 0.25 0.25
110.21524846074216
45.0
303.97946347380133 211.60661694479052
1
303.97946347380133 312.33524855630054
0.25 0.25 0.25 0.25
100.72863161151002
45.0
4.5548379333735625 214.63667917606696
1
4.5548379333735625 350.2617606532374
0.25 0.25 0.25 0.25
135.62508147717043
45.0
162.25888318634054 161.63898419597672
2
308.66918443857617 161.63898419597672
0.25 0.25 0.25 0.25
146.41030125223563
45.0
408.3909522492106 176.928260442348
3
460.86434987120697 176.928260442348
0.25 0.25 0.25 0.25
130.74469787958247
45.0
104.69276742954654 128.6054110021802
2
276.2463549472428 128.6054110021802
0.25 0.25 0.25 0.25
171.5535875176963
45.0
157.8397092826424 466.6129911536193
0
157.8397092826424 352.53878219189454
0.25 0.25 0.25 0.25
114.07420896172475
45.0
213.75386535338743 57.22163700884776
0
213.75386535338743 15.771416963713321
0.25 0.25 0.25 0.25
41.45022004513444
45.0
443.2539228517731 430.2524283929094
2
450.30454934977405 430.2524283929094
0.25 0.25 0.25 0.25
7.050626498000955
45.0
347.78525992950614 406.71312485455223
2
391.76280568892963 406.71312485455223
0.25 0.25 0.25 0.25
43.97754575942351
45.0
418.2315792296941 207.32222659707878
3
409.0555402904601 207.32222659707878
0.25 0.25 0.25 0.25
9.176038939233965
45.0
202.01391581552707 463.5918105866545
1
202.01391581552707 478.59785549031875
0.25 0.25 0.25 0.25
15.006044903664256
45.0
244.16450878347868 63.59107973938544
3
198.84487583659944 63.59107973938544
0.25 0.25 0.25 0.25
45.31963294687923
45.0
54.925712950266636 227.42574772359382
0
54.925712950266636 207.7815484842377
0.25 0.25 0.25 0.25
19.64419923935612
45.0
44.17651363013297 109.71078386501674
3
13.84820492255881 109.71078386501674
0.25 0.25 0.25 0.25
30.328308707574163
45.0
71.12654248444991 412.8003883756445
0
71.12654248444991 390.35284171891965
0.25 0.25 0.25 0.25
22.44754665672488
45.0
245.50253059447692 332.51833230278976
2
254.6856182014804 332.51833230278976
0.25 0.25 0.25 0.25
9.183087607003475
45.0
417.52727770870524 415.20434994743573
1
417.52727770870524 463.66724263175263
0.25 0.25 0.25 0.25
48.46289268431691
45.0
426.9940382828878 114.87181728670016
1
426.9940382828878 139.02924861237352
0.25 0.25 0.25 0.25
24.15743132567336
45.0
468.87258816175347 221.6261250785599
3
440.58254325415317 221.6261250785599
0.25 0.25 0.25 0.25
28.290044907600333
45.0
348.67967149686416 456.1908017007609
2
356.1765420874455 456.1908017007609
0.25 0.25 0.25 0.25
7.496870590581328
45.0
174.88252633534697 406.37427553257686
2
198.8634640974573 406.37427553257686
0.25 0.25 0.25 0.25
23.980937762110333
45.0
362.0881899607131 170.33665048623777
1
362.0881899607131 188.9504168001517
0.25 0.25 0.25 0.25
18.61376631391392
45.0
415.33666924738276 45.05588103446542
0
415.33666924738276 2.106597416439584
0.25 0.25 0.25 0.25
42.94928361802584
45.0
155.5342989792933 280.95474060943485
3
126.1930417993424 280.95474060943485
0.25 0.25 0.25 0.25
29.34125717995092
45.0
112.05437662826506 385.8145016685953
2
132.14995961212557 385.8145016685953
0.25 0.25 0.25 0.25
20.095582983860506
45.0
156.92851107780993 246.14752083894072
0
156.92851107780993 224.08429629990286
0.25 0.25 0.25 0.25
22.06322453903786
45.0
170.62554478519988 12.836276335317383
2
175.10909888258854 12.836276335317383
0.25 0.25 0.25 0.25
4.483554097388659
45.0
436.55731161959113 209.1652104914879
3
423.18622338697963 209.1652104914879
0.25 0.25 0.25 0.25
13.3710882326115
45.0
223.18124685893454 397.3722251323532
0
223.18124685893454 381.91663713048365
0.25 0.25 0.25 0.25
15.45558800186958
45.0
98.59527526259771 201.20878007989
3
63.83412916540641 201.20878007989
0.25 0.25 0.25 0.25
34.7611460971913
45.0
477.04890136076983 228.44629590847262
0
477.04890136076983 202.38027109837856
0.25 0.25 0.25 0.25
26.066024810094074
45.0
299.13331580122014 184.35865621634412
3
282.1961654667542 184.35865621634412
0.25 0.25 0.25 0.25
16.937150334465912
45.0
448.935759699518 299.07020664548907
3
429.05651415377514 299.07020664548907
0.25 0.25 0.25 0.25
19.87924554574283
45.0
447.2883675793003 127.01092205808754
0
447.2883675793003 98.26032694098768
0.25 0.25 0.25 0.25
28.75059511709987
45.0
263.83167026533044 395.24372311172675
1
263.83167026533044 407.49090620357055
0.25 0.25 0.25 0.25
12.247183091843784
45.0
390.71135527694616 16.640812581318357
2
426.85102110879683 16.640812581318357
0.25 0.25 0.25 0.25
36.139665831850664
45.0
413.77775473524366 65.04663596501507
2
430.98645818223514 65.04663596501507
0.25 0.25 0.25 0.25
17.208703446991503
45.0
80.85312451806314 387.491426775275
3
51.896881848014516 387.491426775275
0.25 0.25 0.25 0.25
28.956242670048628
45.0
428.767913636345 71.50475812066404
2
462.26556972258834 71.50475812066404
0.25 0.25 0.25 0.25
33.497656086243374
45.0
244.74593436325003 390.3010526152856
3
209.45822113472224 390.3010526152856
0.25 0.25 0.25 0.25
35.287713228527785
45.0
201.21304351290001 69.58027592105503
1
201.21304351290001 90.55885234401956
0.25 0.25 0.25 0.25
20.97857642296453
45.0
210.40869915418807 198.3672486849871
1
210.40869915418807 240.5981566238185
0.25 0.25 0.25 0.25
42.23090793883142
45.0
122.12664248888466 273.13898165002485
2
130.24880059438345 273.13898165002485
0.25 0.25 0.25 0.25
8.122158105498794
45.0
316.87601256873586 207.65108513664734
0
316.87601256873586 193.5143719590106
0.25 0.25 0.25 0.25
14.136713177636755
45.0
