95452
209.86516022289607 130.05345234371805
0
209.86516022289607 26.625792499502595
0.25 0.25 0.25 0.25
103.42765984421546
45.0
479.8729904778686 420.45724699913944
3
372.20984928243024 420.45724699913944
0.25 0.25 0.25 0.25
107.66314119543837
45.0
7.1801684436643995 428.0778863443992
0
7.1801684436643995 416.7651589792639
0.25 0.25 0.25 0.25
155.15695467633694
45.0
427.60543017885846 206.08288663968062
3
317.3901817181163 206.08288663968062
0.25 0.25 0.25 0.25
110.21524846074216
45.0
300.3923261952587 383.91861570740963
1
300.3923261952587 484.64724731891965
0.25 0.25 0.25 0.25
100.72863161151002
45.0
55.1792675931807 314.00573134262686
2
80.44581388398973 314.00573134262686
0.25 0.25 0.25 0.25
135.62508147717043
45.0
299.02177799435503 258.3050679169136
0
299.02177799435503 111.89476666467795
0.25 0.25 0.25 0.25
146.41030125223563
45.0
270.51820313923116 237.14194593980181
3
139.7735052596487 237.14194593980181
0.25 0.25 0.25 0.25
130.74469787958247
45.0
422.8539804781317 386.05535155090865
0
422.8539804781317 214.50176403321237
0.25 0.25 0.25 0.25
171.5535875176963
45.0
70.3087086408071 8.949039009169013
2
43.76550032091765 8.949039009169013
0.25 0.25 0.25 0.25
114.07420896172475
45.0
125.65870634634493 25.678803081421115
1
125.65870634634493 15.771416963713321
0.25 0.25 0.25 0.25
41.45022004513444
45.0
281.0895133977512 337.0768971730592
2
288.14013989575216 337.0768971730592
0.25 0.25 0.25 0.25
7.050626498000955
45.0
279.3839331691637 131.36429783127053
3
235.40638740974018 131.36429783127053
0.25 0.25 0.25 0.25
43.97754575942351
45.0
278.95913577558423 216.49826553631274
1
278.95913577558423 225.6743044755467
0.25 0.25 0.25 0.25
9.176038939233965
45.0
496.72980534330725 478.59785549031875
3
481.723760439643 478.59785549031875
0.25 0.25 0.25 0.25
15.006044903664256
45.0
169.64833807574854 253.6463508887692
0
169.64833807574854 208.32671794188997
0.25 0.25 0.25 0.25
45.31963294687923
45.0
355.74830986905 204.7466355422407
1
355.74830986905 224.39083478159682
0.25 0.25 0.25 0.25
19.64419923935612
45.0
348.29378805582155 18.725857742294288
2
378.6220967633957 18.725857742294288
0.25 0.25 0.25 0.25
30.328308707574163
45.0
153.3489240827989 335.31814885285087
0
153.3489240827989 312.870602196126
0.25 0.25 0.25 0.25
22.44754665672488
45.0
80.20695366841443 332.51833230278976
0
80.20695366841443 323.3352446957863
0.25 0.25 0.25 0.25
9.183087607003475
45.0
496.73231670668406 403.9654792583036
0
496.73231670668406 355.5025865739867
0.25 0.25 0.25 0.25
48.46289268431691
45.0
403.9039424373986 477.2332871718007
2
428.06137376307197 477.2332871718007
0.25 0.25 0.25 0.25
24.15743132567336
45.0
26.08029787413713 363.0763496165615
2
54.37034278173746 363.0763496165615
0.25 0.25 0.25 0.25
28.290044907600333
45.0
71.14508157569043 366.2283546137847
2
78.64195216627175 366.2283546137847
0.25 0.25 0.25 0.25
7.496870590581328
45.0
359.5306424235958 15.479885330177606
2
383.5115801857061 15.479885330177606
0.25 0.25 0.25 0.25
23.980937762110333
45.0
460.3004024816341 183.32490947812664
1
460.3004024816341 201.93867579204056
0.25 0.25 0.25 0.25
18.61376631391392
45.0
200.59025115725348 341.4876715277672
2
243.53953477527932 341.4876715277672
0.25 0.25 0.25 0.25
42.94928361802584
45.0
329.1845861773299 247.18788862968174
0
329.1845861773299 217.8466314497308
0.25 0.25 0.25 0.25
29.34125717995092
45.0
172.3411255798466 325.52775271701387
2
192.4367085637071 325.52775271701387
0.25 0.25 0.25 0.25
20.095582983860506
45.0
151.95663246872013 62.73762270758934
3
129.89340792968227 62.73762270758934
0.25 0.25 0.25 0.25
22.06322453903786
45.0
157.1748824930339 106.99091238047927
0
157.1748824930339 102.50735828309061
0.25 0.25 0.25 0.25
4.483554097388659
45.0
255.9076590303444 436.4737104458834
2
269.2787472629559 436.4737104458834
0.25 0.25 0.25 0.25
13.3710882326115
45.0
373.12390675610806 154.41572281342945
0
373.12390675610806 138.96013481155987
0.25 0.25 0.25 0.25
15.45558800186958
45.0
29.07298306821511 366.9412737472991
1
29.07298306821511 401.70241984449035
0.25 0.25 0.25 0.25
34.7611460971913
45.0
357.06389256224026 10.427040211294575
1
357.06389256224026 15.6389845987995
0.25 0.25 0.25 0.25
26.066024810094074
45.0
129.76181245656102 70.40672906715577
2
146.69896279102693 70.40672906715577
0.25 0.25 0.25 0.25
16.937150334465912
45.0
113.7208382941397 497.8626621029174
0
113.7208382941397 477.98341655717456
0.25 0.25 0.25 0.25
19.87924554574283
45.0
357.7282956994959 472.0180634632859
3
328.97770058239604 472.0180634632859
0.25 0.25 0.25 0.25
28.75059511709987
45.0
141.35983934689253 286.3295165003346
2
153.60702243873632 286.3295165003346
0.25 0.25 0.25 0.25
12.247183091843784
45.0
224.07069982091002 88.92014424501969
0
224.07069982091002 52.78047841316902
0.25 0.25 0.25 0.25
36.139665831850664
45.0
0.7688720074477047 487.52707441320615
2
17.977575454439208 487.52707441320615
0.25 0.25 0.25 0.25
17.208703446991503
45.0
166.28456606067226 438.7711172044331
2
195.2408087307209 438.7711172044331
0.25 0.25 0.25 0.25
28.956242670048628
45.0
1.7719328975178286 363.96477100049975
1
1.7719328975178286 397.4624270867431
0.25 0.25 0.25 0.25
33.497656086243374
45.0
379.0332497241668 425.58876584381335
2
414.3209629526946 425.58876584381335
0.25 0.25 0.25 0.25
35.287713228527785
45.0
96.32016139807735 245.09837042341286
2
117.29873782104187 245.09837042341286
0.25 0.25 0.25 0.25
20.97857642296453
45.0
211.90038023412615 153.02180535761846
3
169.66947229529472 153.02180535761846
0.25 0.25 0.25 0.25
42.23090793883142
45.0
24.6607452228991 240.65034922802968
0
24.6607452228991 232.5281911225309
0.25 0.25 0.25 0.25
8.122158105498794
45.0
343.84287116798214 264.19793784719434
1
343.84287116798214 278.3346510248311
0.25 0.25 0.25 0.25
14.136713177636755
45.0
