95452
416.1226153935751 440.3364318763644
3
312.69495554935963 440.3364318763644
0.25 0.25 0.25 0.25
103.42765984421546
45.0
432.37748546803357 378.78442408225817
3
459.9593733365281 378.78442408225817
0.25 0.25 0.25 0.25
107.66314119543837
45.0
269.0529193242494 228.42401149062516
3
113.89596464791245 228.42401149062516
0.25 0.25 0.25 0.25
155.15695467633694
45.0
403.4171386188967 393.36993878395367
3
293.2018901581545 393.36993878395367
0.25 0.25 0.25 0.25
110.21524846074216
45.0
397.4217789702111 284.75022499765925
2
498.15041058172113 284.75022499765925
0.25 0.25 0.25 0.25
100.72863161151002
45.0
326.4294305475215 378.4880763924218
0
326.4294305475215 485.8868421304078
0.25 0.25 0.25 0.25
135.62508147717043
45.0
252.09991180471695 109.13186088450584
1
252.09991180471695 37.278440367729786
0.25 0.25 0.25 0.25
146.41030125223563
45.0
199.37495411204202 339.3744388977963
2
330.1196519916245 339.3744388977963
0.25 0.25 0.25 0.25
130.74469787958247
45.0
477.1214675711169 273.1448142455679
1
477.1214675711169 444.6984017632642
0.25 0.25 0.25 0.25
171.5535875176963
45.0
131.04715629148626 244.5001432722521
2
245.12136525321102 244.5001432722521
0.25 0.25 0.25 0.25
114.07420896172475
45.0
34.947454917419215 57.22163700884776
1
34.947454917419215 98.6718570539822
0.25 0.25 0.25 0.25
41.45022004513444
45.0
450.30454934977405 449.8869211410744
0
450.30454934977405 442.8362946430735
0.25 0.25 0.25 0.25
7.050626498000955
45.0
256.4168282356824 186.82539605743472
0
256.4168282356824 142.8478502980112
0.25 0.25 0.25 0.25
43.97754575942351
45.0
427.4076181689281 326.6107328071205
3
418.2315792296941 326.6107328071205
0.25 0.25 0.25 0.25
9.176038939233965
45.0
81.96555658621304 373.555541164669
2
96.9716014898773 373.555541164669
0.25 0.25 0.25 0.25
15.006044903664256
45.0
438.5980605883668 462.5635507553271
2
483.91769353524603 462.5635507553271
0.25 0.25 0.25 0.25
45.31963294687923
45.0
357.60247107621177 129.2047515268132
0
357.60247107621177 109.56055228745709
0.25 0.25 0.25 0.25
19.64419923935612
45.0
498.26695689379824 223.06642456835203
3
471.4047343986276 223.06642456835203
0.25 0.25 0.25 0.25
30.328308707574163
45.0
198.24401739624867 188.32492180839586
2
220.69156405297355 188.32492180839586
0.25 0.25 0.25 0.25
22.44754665672488
45.0
39.173185222630735 213.13819341174462
0
39.173185222630735 203.95510580474115
0.25 0.25 0.25 0.25
9.183087607003475
45.0
18.638756450146914 45.221954843555494
2
67.10164913446383 45.221954843555494
0.25 0.25 0.25 0.25
48.46289268431691
45.0
200.03184070443555 404.7609931947806
3
175.87440937876218 404.7609931947806
0.25 0.25 0.25 0.25
24.15743132567336
45.0
157.68209417815 363.0763496165615
2
185.97213908575034 363.0763496165615
0.25 0.25 0.25 0.25
28.290044907600333
45.0
378.66715385918957 486.1782840630863
0
378.66715385918957 478.68141347250497
0.25 0.25 0.25 0.25
7.496870590581328
45.0
64.92685128575631 257.8925957978785
0
64.92685128575631 233.9116580357682
0.25 0.25 0.25 0.25
23.980937762110333
45.0
231.79182576331573 108.86984422247099
2
250.40559207722964 108.86984422247099
0.25 0.25 0.25 0.25
18.61376631391392
45.0
486.59828673116 486.7151940001295
0
486.59828673116 443.76591038210364
0.25 0.25 0.25 0.25
42.94928361802584
45.0
69.90778332110943 393.89417452943627
3
40.56652614115852 393.89417452943627
0.25 0.25 0.25 0.25
29.34125717995092
45.0
68.8058702264795 245.14542078157191
2
88.90145321034001 245.14542078157191
0.25 0.25 0.25 0.25
20.095582983860506
45.0
156.92851107780993 312.5879883803026
3
134.86528653877207 312.5879883803026
0.25 0.25 0.25 0.25
22.06322453903786
45.0
98.88867922698128 58.900589222901175
1
98.88867922698128 63.38414332028984
0.25 0.25 0.25 0.25
4.483554097388659
45.0
409.81513515436814 342.8760928176029
1
409.81513515436814 356.2471810502144
0.25 0.25 0.25 0.25
13.3710882326115
45.0
300.4591868682824 227.36075711178802
1
300.4591868682824 242.8163451136576
0.25 0.25 0.25 0.25
15.45558800186958
45.0
379.98753327953307 166.4476339826987
0
379.98753327953307 131.6864878855074
0.25 0.25 0.25 0.25
34.7611460971913
45.0
424.9168517405817 406.6293567502105
3
398.85082693048764 406.6293567502105
0.25 0.25 0.25 0.25
26.066024810094074
45.0
28.138910449765547 439.124041499844
2
45.07606078423146 439.124041499844
0.25 0.25 0.25 0.25
16.937150334465912
45.0
113.7208382941397 20.760769005089404
3
93.84159274839686 20.760769005089404
0.25 0.25 0.25 0.25
19.87924554574283
45.0
131.03182129120182 270.76389764358686
3
102.28122617410196 270.76389764358686
0.25 0.25 0.25 0.25
28.75059511709987
45.0
429.9887524385747 236.03034291775742
0
429.9887524385747 223.78315982591363
0.25 0.25 0.25 0.25
12.247183091843784
45.0
139.4729889089952 52.78047841316902
0
139.4729889089952 16.640812581318357
0.25 0.25 0.25 0.25
36.139665831850664
45.0
482.6125685232096 347.9622467627809
3
465.4038650762181 347.9622467627809
0.25 0.25 0.25 0.25
17.208703446991503
45.0
121.84057417227724 474.36015478542095
0
121.84057417227724 496.6836025445304
0.25 0.25 0.25 0.25
28.956242670048628
45.0
35.269588983761174 406.4813189830977
0
35.269588983761174 372.98366289685436
0.25 0.25 0.25 0.25
33.497656086243374
45.0
174.17050790619444 249.1501997011745
2
209.45822113472224 249.1501997011745
0.25 0.25 0.25 0.25
35.287713228527785
45.0
379.21542802780954 69.58027592105503
3
358.236851604845 69.58027592105503
0.25 0.25 0.25 0.25
20.97857642296453
45.0
83.7159753376938 156.13634074615567
2
125.94688327652523 156.13634074615567
0.25 0.25 0.25 0.25
42.23090793883142
45.0
89.63801006688946 386.8491951270078
2
97.76016817238826 386.8491951270078
0.25 0.25 0.25 0.25
8.122158105498794
45.0
259.02259210216164 9.737100649732813
3
244.8858789245249 9.737100649732813
0.25 0.25 0.25 0.25
14.136713177636755
45.0
