82740
261.36709566921024 178.43703356468583
2
426.7751276404915 178.43703356468583
0.25 0.25 0.25 0.25
165.4080319712813
45.0
166.480156184943 172.0033285283288
1
166.480156184943 330.1874410706531
0.25 0.25 0.25 0.25
158.1841125423243
45.0
146.24691861669646 419.630571389421
0
146.24691861669646 444.2256537386984
0.25 0.25 0.25 0.25
136.14377487188057
45.0
178.0164868663129 117.28435767318753
2
304.5623334313579 117.28435767318753
0.25 0.25 0.25 0.25
126.54584656504498
45.0
387.9096431701064 366.43276260206267
0
387.9096431701064 492.37014723582115
0.25 0.25 0.25 0.25
141.19709016211618
45.0
369.02038508472447 224.93418398366822
2
495.8475717364511 224.93418398366822
0.25 0.25 0.25 0.25
126.82718665172662
45.0
209.33321631965154 1.1395954211655521
3
54.48260878861919 1.1395954211655521
0.25 0.25 0.25 0.25
154.85060753103235
45.0
229.55981838561252 393.6942713727915
0
229.55981838561252 221.6960946583136
0.25 0.25 0.25 0.25
171.9981767144779
45.0
133.1685654295236 299.40113029462105
0
133.1685654295236 179.0460144449679
0.25 0.25 0.25 0.25
120.35511584965313
45.0
104.90082660639689 24.2541377404454
2
57.20405372136105 24.2541377404454
0.25 0.25 0.25 0.25
162.10488032775794
45.0
250.67605881662735 449.04966791571894
0
250.67605881662735 312.6148952198439
0.25 0.25 0.25 0.25
136.43477269587504
45.0
260.904118293888 466.3446397940353
0
260.904118293888 436.720514292654
0.25 0.25 0.25 0.25
96.93484591331074
45.0
376.30000966962507 161.65592243495942
0
376.30000966962507 8.845529180183746
0.25 0.25 0.25 0.25
152.81039325477568
45.0
290.48735771039344 187.59326525188166
3
161.1559946989089 187.59326525188166
0.25 0.25 0.25 0.25
129.33136301148457
45.0
139.69962365495073 185.14957113470106
2
288.3914020628639 185.14957113470106
0.25 0.25 0.25 0.25
148.69177840791318
45.0
157.372000329225 302.5883254982435
2
305.7571734208055 302.5883254982435
0.25 0.25 0.25 0.25
148.3851730915805
45.0
142.0001187044549 5.943475775983558
1
142.0001187044549 97.11700696699012
0.25 0.25 0.25 0.25
91.17353119100656
45.0
437.43667964608017 457.67982107189937
3
290.51724104611174 457.67982107189937
0.25 0.25 0.25 0.25
146.9194385999684
45.0
241.6716161133687 162.8152587721242
0
241.6716161133687 59.035179209876105
0.25 0.25 0.25 0.25
103.78007956224809
45.0
304.55525320930406 281.5961543015238
3
152.549427990854 281.5961543015238
0.25 0.25 0.25 0.25
152.00582521845004
45.0
165.4576289708436 94.76924612094564
2
337.01922866083976 94.76924612094564
0.25 0.25 0.25 0.25
171.56159968999617
45.0
270.0777739452585 367.3592975431742
3
100.49333287844254 367.3592975431742
0.25 0.25 0.25 0.25
169.58444106681597
45.0
450.02543823637143 430.3132817084878
3
296.04823617557844 430.3132817084878
0.25 0.25 0.25 0.25
153.977202060793
45.0
332.0423994377462 430.9626853004138
2
443.4620081050707 430.9626853004138
0.25 0.25 0.25 0.25
111.41960866732447
45.0
344.502359244623 167.9046797373585
3
184.79471719808862 167.9046797373585
0.25 0.25 0.25 0.25
159.70764204653437
45.0
419.83949256065705 101.51040845534915
3
481.55926487820466 101.51040845534915
0.25 0.25 0.25 0.25
98.60124256113828
45.0
46.433206092481896 253.50054549968047
0
46.433206092481896 88.66926663526942
0.25 0.25 0.25 0.25
164.83127886441105
45.0
103.09797062595607 383.9953739067839
2
46.531413428200494 383.9953739067839
0.25 0.25 0.25 0.25
149.62938405415656
45.0
67.2833099297124 351.0718850603663
1
67.2833099297124 446.68539759380315
0.25 0.25 0.25 0.25
95.61351253343682
45.0
207.4223786044911 140.94236409768735
3
65.22785753549078 140.94236409768735
0.25 0.25 0.25 0.25
142.1945210690003
45.0
272.29190552057287 40.02670641101014
1
272.29190552057287 124.65070886543444
0.25 0.25 0.25 0.25
164.67741527644458
45.0
178.32208288506308 260.636792603391
2
324.3275520587707 260.636792603391
0.25 0.25 0.25 0.25
146.00546917370764
45.0
93.75376032091268 199.44264243586497
2
51.11352431740744 199.44264243586497
0.25 0.25 0.25 0.25
144.86728463832011
45.0
427.99369910033533 37.16776952012475
3
456.4053215484032 37.16776952012475
0.25 0.25 0.25 0.25
115.60097935126149
45.0
304.8453883162447 413.968702641733
0
304.8453883162447 297.7815723393617
0.25 0.25 0.25 0.25
116.18713030237132
45.0
468.6194208167035 345.0416414127758
1
468.6194208167035 463.78596610891407
0.25 0.25 0.25 0.25
118.74432469613825
45.0
32.79234306417288 330.9595590022391
2
64.211845914082 330.9595590022391
0.25 0.25 0.25 0.25
97.00418897825489
45.0
309.8105649853946 194.3714008191434
2
479.80971760531816 194.3714008191434
0.25 0.25 0.25 0.25
169.99915261992356
45.0
1.8113630988784735 401.1643795673974
2
119.5572290260045 401.1643795673974
0.25 0.25 0.25 0.25
121.36859212488298
45.0
330.77093762825945 249.5670054034385
0
330.77093762825945 219.11945483022942
0.25 0.25 0.25 0.25
30.447550573209075
45.0
11.424949256925963 479.1636248405582
2
13.522407960623756 479.1636248405582
0.25 0.25 0.25 0.25
24.94735721754972
45.0
305.96757979966355 228.883444614081
0
305.96757979966355 219.27074800359804
0.25 0.25 0.25 0.25
9.612696610482946
45.0
42.53487321646419 361.64007727040797
1
42.53487321646419 372.4121394399921
0.25 0.25 0.25 0.25
10.772062169584112
45.0
120.4537438994289 312.704790245846
3
119.2096100610247 312.704790245846
0.25 0.25 0.25 0.25
1.2441338384041933
45.0
104.22132721622432 71.30947679314424
3
84.32977633351733 71.30947679314424
0.25 0.25 0.25 0.25
19.891550882706994
45.0
136.67264421549902 496.3620666392906
0
136.67264421549902 447.4565127273587
0.25 0.25 0.25 0.25
48.90555391193192
45.0
157.9183416398348 461.84357164529115
0
157.9183416398348 444.0878622717354
0.25 0.25 0.25 0.25
17.755709373555774
45.0
324.42886552924864 85.41792565353622
2
338.64972899151593 85.41792565353622
0.25 0.25 0.25 0.25
14.220863462267303
45.0
