46994
37.943991901716686 183.8330804373727
1
37.943991901716686 334.80051582005694
0.25 0.25 0.25 0.25
150.96743538268424
45.0
140.57029610702915 341.24875731114815
3
39.43901589283931 341.24875731114815
0.25 0.25 0.25 0.25
101.13128021418986
45.0
394.4516796111826 142.1304661182584
3
228.50684897877548 142.1304661182584
0.25 0.25 0.25 0.25
165.94483063240713
45.0
404.5448679036699 27.26157614375876
1
404.5448679036699 175.8378292323422
0.25 0.25 0.25 0.25
148.57625308858343
45.0
54.26447636014872 242.20652205503382
1
54.26447636014872 354.06626866437693
0.25 0.25 0.25 0.25
111.8597466093431
45.0
426.5982696739504 148.92287607518813
3
338.74525789444226 148.92287607518813
0.25 0.25 0.25 0.25
87.85301177950815
45.0
476.9122326361904 131.27015245579446
3
370.2778070429355 131.27015245579446
0.25 0.25 0.25 0.25
106.63442559325492
45.0
391.6411774119274 298.4467110786461
0
391.6411774119274 184.17949507093454
0.25 0.25 0.25 0.25
114.2672160077116
45.0
34.99910619161963 9.712358259201267
1
34.99910619161963 129.6390005344156
0.25 0.25 0.25 0.25
139.35135879361687
45.0
371.8522730619346 209.19908134878926
2
492.20209050389116 209.19908134878926
0.25 0.25 0.25 0.25
120.34981744195653
45.0
286.4462410789562 447.9465566002683
3
267.59863312854975 447.9465566002683
0.25 0.25 0.25 0.25
18.847607950406402
45.0
432.0960775252409 146.9144686782227
1
432.0960775252409 158.44477011954655
0.25 0.25 0.25 0.25
11.530301441323838
45.0
337.58407820354586 475.90564599657785
1
337.58407820354586 486.4375802651922
0.25 0.25 0.25 0.25
10.531934268614329
45.0
153.17131948571028 228.01872071413
0
153.17131948571028 185.18940600259094
0.25 0.25 0.25 0.25
42.82931471153907
45.0
337.26886084113494 295.7202224341394
1
337.26886084113494 307.2648190707977
0.25 0.25 0.25 0.25
11.544596636658328
45.0
462.6097452601672 372.12932033344185
2
467.9352761584078 372.12932033344185
0.25 0.25 0.25 0.25
5.325530898240638
45.0
203.62412597801392 85.07549245630855
1
203.62412597801392 88.49453259186356
0.25 0.25 0.25 0.25
3.4190401355550017
45.0
68.0116662438358 184.2932811939207
2
100.16424820198975 184.2932811939207
0.25 0.25 0.25 0.25
32.152581958153945
45.0
200.7617835176003 280.70634023769594
3
187.3619506435245 280.70634023769594
0.25 0.25 0.25 0.25
13.399832874075813
45.0
480.2110660335362 223.27888632497925
3
433.94018901531615 223.27888632497925
0.25 0.25 0.25 0.25
46.270877018220034
45.0
120.32600236271207 101.4053803242557
0
120.32600236271207 61.201735158039355
0.25 0.25 0.25 0.25
40.20364516621635
45.0
49.30207213463896 54.77357039439638
1
49.30207213463896 67.11105259904964
0.25 0.25 0.25 0.25
12.337482204653261
45.0
498.09013479714264 10.31705426170338
3
490.84432875339695 10.31705426170338
0.25 0.25 0.25 0.25
7.245806043745712
45.0
473.48491079476287 18.934706142871434
3
425.85947701668306 18.934706142871434
0.25 0.25 0.25 0.25
47.625433778079795
45.0
384.63049433456536 49.55643747407481
0
384.63049433456536 11.07912710468679
0.25 0.25 0.25 0.25
38.47731036938802
45.0
124.2196835537342 301.0526868817414
1
124.2196835537342 318.42053956403464
0.25 0.25 0.25 0.25
17.367852682293243
45.0
256.2702897029271 487.691528165479
3
253.21309896007278 487.691528165479
0.25 0.25 0.25 0.25
3.057190742854299
45.0
281.972111415146 108.44542447542734
2
288.8111471057187 108.44542447542734
0.25 0.25 0.25 0.25
6.8390356905727145
45.0
223.33126445734217 344.45347021548275
0
223.33126445734217 316.9599548588419
0.25 0.25 0.25 0.25
27.493515356640845
45.0
362.7492277521794 347.16859289628803
2
400.9231584399298 347.16859289628803
0.25 0.25 0.25 0.25
38.17393068775037
45.0
410.0465152640271 67.94923716165565
2
446.0255607986153 67.94923716165565
0.25 0.25 0.25 0.25
35.979045534588174
45.0
92.93765396029826 147.45231703102172
2
99.62823055715984 147.45231703102172
0.25 0.25 0.25 0.25
6.690576596861569
45.0
304.868594576704 81.79791457332306
3
259.5657744546158 81.79791457332306
0.25 0.25 0.25 0.25
45.302820122088235
45.0
25.34972203837921 380.12209342362286
2
45.506923211623004 380.12209342362286
0.25 0.25 0.25 0.25
20.157201173243795
45.0
221.8668771795472 65.24045667367662
2
231.9819727227868 65.24045667367662
0.25 0.25 0.25 0.25
10.115095543239589
45.0
477.8659384626478 483.18808363936404
0
477.8659384626478 462.34291293182724
0.25 0.25 0.25 0.25
20.84517070753682
45.0
53.60044966654647 156.78071583147187
1
53.60044966654647 160.71238266114926
0.25 0.25 0.25 0.25
3.9316668296773996
45.0
7.243625968100275 125.4105591335601
2
37.093965166787854 125.4105591335601
0.25 0.25 0.25 0.25
44.33759113488813
45.0
450.3431232533164 102.32932905719437
1
450.3431232533164 122.76432930368289
0.25 0.25 0.25 0.25
20.43500024648851
45.0
31.027229843400804 117.74957532860259
3
21.92668913118321 117.74957532860259
0.25 0.25 0.25 0.25
9.100540712217592
45.0
53.13139578306931 102.21579221937465
1
53.13139578306931 108.2283687458453
0.25 0.25 0.25 0.25
6.012576526470648
45.0
158.31325932136627 10.987283487376553
1
158.31325932136627 25.92380651563515
0.25 0.25 0.25 0.25
14.936523028258597
45.0
358.6496225607689 273.6897644999676
0
358.6496225607689 263.6597345877402
0.25 0.25 0.25 0.25
10.03002991222739
45.0
415.75477845164795 244.2514171091707
3
379.4522848447277 244.2514171091707
0.25 0.25 0.25 0.25
36.30249360692022
45.0
123.84408259820032 234.31350524392695
2
128.3660767972508 234.31350524392695
0.25 0.25 0.25 0.25
4.521994199050488
45.0
453.7710059299368 374.2490329077433
3
412.65968862849377 374.2490329077433
0.25 0.25 0.25 0.25
41.111317301442995
45.0
338.37717897372227 165.5035229038043
1
338.37717897372227 193.87328565073588
0.25 0.25 0.25 0.25
28.369762746931563
45.0
357.48054785235354 108.7987033149536
3
327.76913645208765 108.7987033149536
0.25 0.25 0.25 0.25
29.71141140026586
45.0
