96266
346.4557377298048 330.0611180038731
0
346.4557377298048 204.10554830979294
0.25 0.25 0.25 0.25
125.95556969408015
45.0
240.43568985122178 185.1580291828661
0
240.43568985122178 29.64373415516974
0.25 0.25 0.25 0.25
155.51429502769636
45.0
469.6459629147329 7.238846054020456
1
469.6459629147329 100.36251287686042
0.25 0.25 0.25 0.25
93.12366682283997
45.0
386.5682455688818 434.6028430000307
0
386.5682455688818 395.31504093308797
0.25 0.25 0.25 0.25
170.08211606688133
45.0
74.35083788935366 28.26273937613942
2
17.568224442666377 28.26273937613942
0.25 0.25 0.25 0.25
91.91906233202003
45.0
302.3444449389555 233.49300344061976
3
204.35195070358168 233.49300344061976
0.25 0.25 0.25 0.25
97.99249423537385
45.0
273.7737696908455 328.45717685038346
2
370.1781633360889 328.45717685038346
0.25 0.25 0.25 0.25
96.40439364524345
45.0
133.6101788558696 67.10137454010308
2
243.53411939468165 67.10137454010308
0.25 0.25 0.25 0.25
109.92394053881205
45.0
61.06075874388287 166.25832760779875
0
61.06075874388287 11.771119058403372
0.25 0.25 0.25 0.25
154.48720854939538
45.0
80.50345364232783 86.71471946909196
2
237.48999376575546 86.71471946909196
0.25 0.25 0.25 0.25
156.98654012342763
45.0
196.77071936386784 406.9500754571758
2
290.46325564796473 406.9500754571758
0.25 0.25 0.25 0.25
93.6925362840969
45.0
237.5757390789986 289.1942916399476
2
356.9914808265596 289.1942916399476
0.25 0.25 0.25 0.25
119.41574174756103
45.0
354.2746843435258 169.01843472394683
2
461.1959497303949 169.01843472394683
0.25 0.25 0.25 0.25
106.92126538686912
45.0
83.61384279182823 348.05817256627074
2
85.9278999171596 348.05817256627074
0.25 0.25 0.25 0.25
169.54174270898784
45.0
70.52488490611586 475.21767297654173
2
75.93862004832772 475.21767297654173
0.25 0.25 0.25 0.25
146.46350495444358
45.0
486.92455304857765 30.210628565744344
3
335.14297070880485 30.210628565744344
0.25 0.25 0.25 0.25
151.7815823397728
45.0
460.46932956125556 180.8289776270417
1
460.46932956125556 282.0225145941762
0.25 0.25 0.25 0.25
101.19353696713449
45.0
227.9854241875113 490.2428847835786
2
397.17901899805736 490.2428847835786
0.25 0.25 0.25 0.25
169.19359481054605
45.0
474.1014552252593 202.23714207702653
1
474.1014552252593 308.93971344742926
0.25 0.25 0.25 0.25
106.70257137040272
45.0
9.329343648391557 138.34060766453226
2
124.28917399541794 138.34060766453226
0.25 0.25 0.25 0.25
133.6185176438095
45.0
36.07933811608479 56.32091015194053
2
5.3651013196644755 56.32091015194053
0.25 0.25 0.25 0.25
41.44443943574927
45.0
394.023781543009 154.06290185615583
0
394.023781543009 111.0105278524261
0.25 0.25 0.25 0.25
43.052374003729746
45.0
158.98342036082403 432.1164412436237
1
158.98342036082403 463.542468654123
0.25 0.25 0.25 0.25
31.426027410499348
45.0
95.41004669850184 497.39311315628277
2
104.70754894545793 497.39311315628277
0.25 0.25 0.25 0.25
9.29750224695609
45.0
249.04807854082406 165.70306629194647
3
228.68209890711097 165.70306629194647
0.25 0.25 0.25 0.25
20.36597963371309
45.0
285.80827719872303 394.80424756912225
1
285.80827719872303 438.6763870479038
0.25 0.25 0.25 0.25
43.87213947878153
45.0
399.1273250726498 439.01667472142236
2
401.1392375770946 439.01667472142236
0.25 0.25 0.25 0.25
2.0119125044448296
45.0
380.49959038212273 108.45861909006692
1
380.49959038212273 145.6990052605974
0.25 0.25 0.25 0.25
37.240386170530485
45.0
61.389352323835254 140.81415149399996
0
61.389352323835254 101.2842966576087
0.25 0.25 0.25 0.25
39.52985483639125
45.0
16.45139064795475 394.0505016423909
0
16.45139064795475 377.1533923964687
0.25 0.25 0.25 0.25
16.8971092459222
45.0
99.17603541647543 103.87755534608254
1
99.17603541647543 134.4601636439072
0.25 0.25 0.25 0.25
30.582608297824663
45.0
327.74492871481726 346.1135357415649
0
327.74492871481726 346.0171419902189
0.25 0.25 0.25 0.25
0.0963937513459745
45.0
4.167822461081943 197.49288083542453
1
4.167822461081943 208.73045354638728
0.25 0.25 0.25 0.25
11.237572710962757
45.0
56.56892844145224 447.31811231547476
0
56.56892844145224 399.4451789526217
0.25 0.25 0.25 0.25
47.87293336285306
45.0
272.74196517499615 234.17584168466033
0
272.74196517499615 208.2712531389351
0.25 0.25 0.25 0.25
25.904588545725243
45.0
126.91753984672383 314.3144429404933
1
126.91753984672383 363.0765607885886
0.25 0.25 0.25 0.25
48.762117848095315
45.0
1.4070264232976797 228.20486768319142
1
1.4070264232976797 263.6792715540731
0.25 0.25 0.25 0.25
35.4744038708817
45.0
400.16590224306344 37.33431904037554
1
400.16590224306344 48.12155771068714
0.25 0.25 0.25 0.25
10.7872386703116
45.0
476.0867242589268 291.14452571371135
3
476.78900989404974 291.14452571371135
0.25 0.25 0.25 0.25
47.12426584702351
45.0
145.0827319777341 88.78234570123968
2
170.86232984967262 88.78234570123968
0.25 0.25 0.25 0.25
25.779597871938492
45.0
447.95127731131987 480.2822678170516
3
438.19627841887177 480.2822678170516
0.25 0.25 0.25 0.25
9.754998892448091
45.0
422.4587797835313 7.120396065721252
2
460.5869830548495 7.120396065721252
0.25 0.25 0.25 0.25
38.12820327131817
45.0
430.35210382643214 98.8091370502678
1
430.35210382643214 108.06011853645067
0.25 0.25 0.25 0.25
9.25098148618288
45.0
134.5225617519612 53.47436341968337
3
108.62298026831233 53.47436341968337
0.25 0.25 0.25 0.25
25.89958148364887
45.0
402.23338550618524 71.38123234207535
0
402.23338550618524 54.225550657321534
0.25 0.25 0.25 0.25
17.155681684753816
45.0
157.36479889235204 337.7299269121138
2
198.53489247622474 337.7299269121138
0.25 0.25 0.25 0.25
41.17009358387271
45.0
291.5474930187607 360.241598319835
3
288.89365867208386 360.241598319835
0.25 0.25 0.25 0.25
2.653834346676809
45.0
392.5199883754955 65.02133845885223
2
410.0181200507318 65.02133845885223
0.25 0.25 0.25 0.25
17.498131675236333
45.0
