34325
421.9032996649387 498.1017555186449
3
451.7036509079296 498.1017555186449
0.25 0.25 0.25 0.25
126.39304942713166
45.0
255.47461749994403 387.12626762716945
0
255.47461749994403 240.3397126307073
0.25 0.25 0.25 0.25
146.78655499646214
45.0
248.57117780514886 422.2960244685635
3
85.00692777855329 422.2960244685635
0.25 0.25 0.25 0.25
163.56425002659557
45.0
38.812272297976676 456.88798805266265
0
38.812272297976676 402.87974505598436
0.25 0.25 0.25 0.25
140.23226689135305
45.0
200.46264719634857 76.54337625482466
2
337.8010630566922 76.54337625482466
0.25 0.25 0.25 0.25
137.33841586034364
45.0
206.64632467312833 221.73835594691354
1
206.64632467312833 315.8442930530674
0.25 0.25 0.25 0.25
94.10593710615387
45.0
0.0403629526983309 138.2153175745482
1
0.0403629526983309 278.3893163046788
0.25 0.25 0.25 0.25
140.1739987301306
45.0
64.20814815182916 377.9790354167011
0
64.20814815182916 453.4772783358495
0.25 0.25 0.25 0.25
168.5436862474494
45.0
149.18506998571007 84.76477497144361
2
259.82039956037045 84.76477497144361
0.25 0.25 0.25 0.25
110.63532957466037
45.0
414.5615342844403 438.97559737330243
0
414.5615342844403 264.9265496391133
0.25 0.25 0.25 0.25
174.0490477341891
45.0
288.02414405760624 194.78071794444725
0
288.02414405760624 24.635066567778722
0.25 0.25 0.25 0.25
170.14565137666852
45.0
175.6662663831669 15.876652101322918
3
19.7218348699418 15.876652101322918
0.25 0.25 0.25 0.25
155.9444315132251
45.0
463.9080438530556 449.56526582997196
3
308.4430943345533 449.56526582997196
0.25 0.25 0.25 0.25
155.4649495185023
45.0
94.92902281268397 379.3196143978205
2
229.4974625479105 379.3196143978205
0.25 0.25 0.25 0.25
134.56843973522652
45.0
329.08372263862293 300.5148730875077
2
477.3162048517489 300.5148730875077
0.25 0.25 0.25 0.25
148.232482213126
45.0
280.85020472986116 474.0313217952664
0
280.85020472986116 324.83399306689796
0.25 0.25 0.25 0.25
149.19732872836843
45.0
445.92564381612476 389.40486381578546
0
445.92564381612476 281.09866628780077
0.25 0.25 0.25 0.25
108.30619752798468
45.0
107.14659044447143 489.6782385106952
3
12.629990595614942 489.6782385106952
0.25 0.25 0.25 0.25
94.51659984885649
45.0
124.4621068272267 62.09983516903529
1
124.4621068272267 174.07976069688448
0.25 0.25 0.25 0.25
111.97992552784919
45.0
436.0309852627788 163.2124598726133
1
436.0309852627788 319.98717180769427
0.25 0.25 0.25 0.25
156.77471193508097
45.0
356.1149746390146 363.14774716401416
1
356.1149746390146 458.6679636120248
0.25 0.25 0.25 0.25
95.52021644801059
45.0
385.3574036223913 390.8708784242507
3
277.8481663980506 390.8708784242507
0.25 0.25 0.25 0.25
107.5092372243407
45.0
291.7215161267717 488.26942435756314
3
154.98391630225657 488.26942435756314
0.25 0.25 0.25 0.25
136.73759982451512
45.0
364.8994993979183 167.17790224524816
1
364.8994993979183 266.5532113298366
0.25 0.25 0.25 0.25
99.37530908458841
45.0
61.45009075621854 36.7301147728365
1
61.45009075621854 67.29149109716187
0.25 0.25 0.25 0.25
104.02160586999837
45.0
411.1427518119524 367.22530981806
3
294.71935454110536 367.22530981806
0.25 0.25 0.25 0.25
116.42339727084703
45.0
385.02298990272186 128.75064029099602
3
480.4100142359034 128.75064029099602
0.25 0.25 0.25 0.25
134.5669958613747
45.0
311.8238517137314 479.46285715973966
0
311.8238517137314 325.8598979387517
0.25 0.25 0.25 0.25
153.6029592209879
45.0
150.30542661216126 375.4536520733393
0
150.30542661216126 205.7398470463584
0.25 0.25 0.25 0.25
169.7138050269809
45.0
174.46395288898816 83.99168611972954
1
174.46395288898816 235.31836411377935
0.25 0.25 0.25 0.25
151.32667799404982
45.0
187.61960822303865 359.09756020024474
1
187.61960822303865 492.01465755400557
0.25 0.25 0.25 0.25
132.91709735376082
45.0
439.4941151508566 435.2178259416212
3
420.35130496192426 435.2178259416212
0.25 0.25 0.25 0.25
140.1545798872191
45.0
224.95292613879997 400.03440049535607
0
224.95292613879997 446.4733796544044
0.25 0.25 0.25 0.25
153.49221985023956
45.0
79.12128812847374 169.00860146938567
2
47.45364651845799 169.00860146938567
0.25 0.25 0.25 0.25
126.57493464693172
45.0
231.36498069525783 127.74427857319586
2
332.17326097636567 127.74427857319586
0.25 0.25 0.25 0.25
100.80828028110784
45.0
268.7053072739759 323.14279265868646
1
268.7053072739759 423.70312751563597
0.25 0.25 0.25 0.25
100.56033485694951
45.0
439.23425006073376 225.2168560903491
3
340.7626185655338 225.2168560903491
0.25 0.25 0.25 0.25
98.47163149519997
45.0
78.99498333190542 32.0502708061768
2
47.929613311192185 32.0502708061768
0.25 0.25 0.25 0.25
126.9245966430976
45.0
86.80643292192967 56.98895326660475
2
8.399782831676958 56.98895326660475
0.25 0.25 0.25 0.25
95.20621575360663
45.0
50.33943561515292 219.23588943999556
0
50.33943561515292 80.28377975485228
0.25 0.25 0.25 0.25
138.95210968514328
45.0
316.8173166821206 300.39973669463393
3
191.1127214295782 300.39973669463393
0.25 0.25 0.25 0.25
125.70459525254238
45.0
429.47088482851757 376.41925475493156
3
317.0257852564949 376.41925475493156
0.25 0.25 0.25 0.25
112.44509957202267
45.0
321.54027497365087 334.78316425020967
3
189.62729876913218 334.78316425020967
0.25 0.25 0.25 0.25
131.91297620451869
45.0
202.50202455003486 165.05730547295067
1
202.50202455003486 312.69978552657517
0.25 0.25 0.25 0.25
147.6424800536245
45.0
170.18367972696512 320.00782693755076
2
287.57008203565255 320.00782693755076
0.25 0.25 0.25 0.25
117.38640230868741
45.0
306.4885944412802 484.5720974986059
2
407.59768224701367 484.5720974986059
0.25 0.25 0.25 0.25
101.10908780573347
45.0
171.06378662910308 494.430773245477
2
303.828519600399 494.430773245477
0.25 0.25 0.25 0.25
132.7647329712959
45.0
74.44760768425729 305.21565905331715
2
163.2174571103066 305.21565905331715
0.25 0.25 0.25 0.25
88.76984942604932
45.0
