34325
187.77315663661307 282.5453318782515
3
61.38010720948141 282.5453318782515
0.25 0.25 0.25 0.25
126.39304942713166
45.0
16.91327745748964 359.6203826519345
2
129.8732775389725 359.6203826519345
0.25 0.25 0.25 0.25
146.78655499646214
45.0
449.36442751259756 213.34647579739226
1
449.36442751259756 376.91072582398783
0.25 0.25 0.25 0.25
163.56425002659557
45.0
215.7928027103871 104.04107951274966
1
215.7928027103871 244.2733464041027
0.25 0.25 0.25 0.25
140.23226689135305
45.0
496.58462784459573 335.47187132620627
3
359.2462119842521 335.47187132620627
0.25 0.25 0.25 0.25
137.33841586034364
45.0
334.21397719302627 472.1685119638562
0
334.21397719302627 378.0625748577023
0.25 0.25 0.25 0.25
94.10593710615387
45.0
420.4816332376935 138.2153175745482
1
420.4816332376935 278.3893163046788
0.25 0.25 0.25 0.25
140.1739987301306
45.0
435.0818731008169 498.5257482746348
3
266.5381868533675 498.5257482746348
0.25 0.25 0.25 0.25
168.5436862474494
45.0
34.267706582993014 362.05857715525457
2
76.36762299166736 362.05857715525457
0.25 0.25 0.25 0.25
110.63532957466037
45.0
66.41942039934162 309.2208360442479
0
66.41942039934162 135.17178831005882
0.25 0.25 0.25 0.25
174.0490477341891
45.0
138.75240094094886 194.78071794444725
2
31.393250435719665 194.78071794444725
0.25 0.25 0.25 0.25
170.14565137666852
45.0
44.61157605070747 360.3456218457766
0
44.61157605070747 483.7099466409983
0.25 0.25 0.25 0.25
155.9444315132251
45.0
447.83730951742837 340.2662754599261
1
447.83730951742837 495.7312249784284
0.25 0.25 0.25 0.25
155.4649495185023
45.0
364.065902283137 370.0701021601244
0
364.065902283137 235.5016624248979
0.25 0.25 0.25 0.25
134.56843973522652
45.0
115.61372400075504 411.11997980875174
2
32.61875821237095 411.11997980875174
0.25 0.25 0.25 0.25
148.232482213126
45.0
122.36048035666502 62.323266586997136
2
271.55780908503345 62.323266586997136
0.25 0.25 0.25 0.25
149.19732872836843
45.0
70.51860673589502 477.0447164080921
0
70.51860673589502 368.7385188801074
0.25 0.25 0.25 0.25
108.30619752798468
45.0
97.03801242725552 455.4877599778696
3
2.521412578399037 455.4877599778696
0.25 0.25 0.25 0.25
94.51659984885649
45.0
91.67841447782888 374.58162250065436
2
20.30151105002031 374.58162250065436
0.25 0.25 0.25 0.25
111.97992552784919
45.0
181.83328978213103 82.58025824963761
3
25.05857784705006 82.58025824963761
0.25 0.25 0.25 0.25
156.77471193508097
45.0
261.80415956894296 159.25117059593282
0
261.80415956894296 63.73095414792223
0.25 0.25 0.25 0.25
95.52021644801059
45.0
277.8481663980506 100.7600317321623
1
277.8481663980506 6.74920549217839
0.25 0.25 0.25 0.25
107.5092372243407
45.0
340.90248562807733 289.3193733611332
3
204.1648858035622 289.3193733611332
0.25 0.25 0.25 0.25
136.73759982451512
45.0
159.90197207462558 254.05939302160482
3
60.52666299003717 254.05939302160482
0.25 0.25 0.25 0.25
99.37530908458841
45.0
250.61472685377657 452.81653825283
0
250.61472685377657 348.79493238283163
0.25 0.25 0.25 0.25
104.02160586999837
45.0
308.1998782087301 399.9278956402459
2
424.62327547957716 399.9278956402459
0.25 0.25 0.25 0.25
116.42339727084703
45.0
229.78096043377457 70.71961132061895
3
95.21396457239987 70.71961132061895
0.25 0.25 0.25 0.25
134.5669958613747
45.0
465.42681093471936 479.46285715973966
3
311.8238517137314 479.46285715973966
0.25 0.25 0.25 0.25
153.6029592209879
45.0
340.55315830689597 393.7364822352248
0
340.55315830689597 436.54971273779427
0.25 0.25 0.25 0.25
169.7138050269809
45.0
55.890460972290725 327.3582961494805
2
207.21713896634054 327.3582961494805
0.25 0.25 0.25 0.25
151.32667799404982
45.0
48.45897117569018 178.8143689083862
2
84.45812617807064 178.8143689083862
0.25 0.25 0.25 0.25
132.91709735376082
45.0
420.5761743613905 284.47301428394053
3
280.42159447417134 284.47301428394053
0.25 0.25 0.25 0.25
140.1545798872191
45.0
91.2337974554506 218.53562085248785
2
244.72601730569016 218.53562085248785
0.25 0.25 0.25 0.25
153.49221985023956
45.0
66.52181095301984 451.2665945898191
2
193.09674559995156 451.2665945898191
0.25 0.25 0.25 0.25
126.57493464693172
45.0
79.1426629591441 127.74427857319586
2
21.665617321963737 127.74427857319586
0.25 0.25 0.25 0.25
100.80828028110784
45.0
61.98128899058156 380.77955133996016
2
162.54162384753107 380.77955133996016
0.25 0.25 0.25 0.25
100.56033485694951
45.0
83.69127751126666 225.2168560903491
0
83.69127751126666 126.74522459514912
0.25 0.25 0.25 0.25
98.47163149519997
45.0
444.3720001164173 316.69301038193385
3
317.4474034733197 316.69301038193385
0.25 0.25 0.25 0.25
126.9245966430976
45.0
229.95049113947005 9.05111080267099
1
229.95049113947005 104.25732655627762
0.25 0.25 0.25 0.25
95.20621575360663
45.0
59.00149320083523 246.5711216439925
0
59.00149320083523 107.61901195884923
0.25 0.25 0.25 0.25
138.95210968514328
45.0
180.36430230770986 328.1232395680779
1
180.36430230770986 453.8278348206203
0.25 0.25 0.25 0.25
125.70459525254238
45.0
216.5865818326763 275.980051331113
2
329.031681404699 275.980051331113
0.25 0.25 0.25 0.25
112.44509957202267
45.0
321.54027497365087 104.95566454510234
1
321.54027497365087 26.957311659416348
0.25 0.25 0.25 0.25
131.91297620451869
45.0
25.78821480647133 426.84490520482825
0
25.78821480647133 279.2024251512038
0.25 0.25 0.25 0.25
147.6424800536245
45.0
57.2284381705917 84.19784001438424
2
174.6148404792791 84.19784001438424
0.25 0.25 0.25 0.25
117.38640230868741
45.0
104.27041882981324 361.2812535782032
1
104.27041882981324 462.39034138393663
0.25 0.25 0.25 0.25
101.10908780573347
45.0
15.289804681998191 141.196427240833
0
15.289804681998191 8.431694269537104
0.25 0.25 0.25 0.25
132.7647329712959
45.0
387.8204685893204 115.10193176347187
2
476.5903180153697 115.10193176347187
0.25 0.25 0.25 0.25
88.76984942604932
45.0
