34645
174.1094411614179 488.7734595202297
2
205.9299680814194 488.7734595202297
0.25 0.25 0.25 0.25
31.820526920001495
45.0
79.47005994520521 195.9554198472278
1
79.47005994520521 243.4201512888579
0.25 0.25 0.25 0.25
47.46473144163011
45.0
499.8312210375436 265.7170273462646
3
478.6826775126607 265.7170273462646
0.25 0.25 0.25 0.25
21.148543524882964
45.0
8.451045138198513 300.81262179025305
3
1.230106216632164 300.81262179025305
0.25 0.25 0.25 0.25
7.22093892156635
45.0
239.65953506892606 66.19757889640155
0
239.65953506892606 55.63930921177603
0.25 0.25 0.25 0.25
10.558269684625522
45.0
95.02646736119266 194.63919727729746
0
95.02646736119266 183.8544886891823
0.25 0.25 0.25 0.25
10.784708588115171
45.0
128.00240705917815 14.811844085447973
1
128.00240705917815 9.15728876237538
0.25 0.25 0.25 0.25
23.969132847823353
45.0
128.09970601886414 213.3828301302878
3
103.74664431328328 213.3828301302878
0.25 0.25 0.25 0.25
24.35306170558086
45.0
135.94972261178532 413.6973427284406
1
135.94972261178532 415.08499774491526
0.25 0.25 0.25 0.25
1.3876550164746482
45.0
33.89095385687346 245.7275120341585
1
33.89095385687346 245.75413508572845
0.25 0.25 0.25 0.25
0.026623051569935052
45.0
209.9691986332561 286.2056098018884
1
209.9691986332561 332.0526529271375
0.25 0.25 0.25 0.25
45.8470431252491
45.0
295.38280999176806 441.29269934695253
0
295.38280999176806 409.02027345904105
0.25 0.25 0.25 0.25
32.272425887911496
45.0
397.99112819948067 462.7604716589941
0
397.99112819948067 434.89473610790895
0.25 0.25 0.25 0.25
27.865735551085162
45.0
106.6497982874833 412.2432542237922
2
114.50746407007952 412.2432542237922
0.25 0.25 0.25 0.25
7.857665782596213
45.0
270.8220504773186 425.6696880396429
1
270.8220504773186 451.20323803042896
0.25 0.25 0.25 0.25
25.53354999078608
45.0
37.826135732999646 288.20303243230387
1
37.826135732999646 319.0476655869717
0.25 0.25 0.25 0.25
30.84463315466782
45.0
146.98431770020926 359.86952561338086
2
160.24086687312865 359.86952561338086
0.25 0.25 0.25 0.25
13.256549172919401
45.0
145.97449251563762 409.7231386399387
2
172.88459964189747 409.7231386399387
0.25 0.25 0.25 0.25
26.91010712625984
45.0
351.5736804435139 243.8519529798035
1
351.5736804435139 290.5407353559099
0.25 0.25 0.25 0.25
46.68878237610637
45.0
59.004403602862084 83.0409162249718
2
66.26376646275746 83.0409162249718
0.25 0.25 0.25 0.25
7.259362859895374
45.0
300.88307418293584 483.91067422084893
3
259.49904443034677 483.91067422084893
0.25 0.25 0.25 0.25
41.38402975258909
45.0
195.5233445724196 277.3519788431966
2
239.8422771067684 277.3519788431966
0.25 0.25 0.25 0.25
44.31893253434879
45.0
283.0904434567932 37.859511276129126
1
283.0904434567932 5.399347835622365
0.25 0.25 0.25 0.25
43.25885911175149
45.0
69.30606531353254 94.38351280790638
3
33.78408811071211 94.38351280790638
0.25 0.25 0.25 0.25
35.52197720282043
45.0
97.79735447427507 339.06790842127714
1
97.79735447427507 385.01888715186374
0.25 0.25 0.25 0.25
45.950978730586606
45.0
387.8786909201826 142.9246018787011
0
387.8786909201826 129.83909393835458
0.25 0.25 0.25 0.25
13.085507940346524
45.0
52.567624462072644 145.55038181524733
2
101.80793334918621 145.55038181524733
0.25 0.25 0.25 0.25
49.24030888711357
45.0
350.56861651454227 358.16236448784855
0
350.56861651454227 349.4936216645789
0.25 0.25 0.25 0.25
8.668742823269682
45.0
355.3396552738181 403.03601108896703
3
338.3960155599628 403.03601108896703
0.25 0.25 0.25 0.25
16.94363971385528
45.0
13.155544400529052 18.305788189182714
1
13.155544400529052 16.335822604803056
0.25 0.25 0.25 0.25
34.64161079398577
45.0
320.5156082876493 447.03073829966957
0
320.5156082876493 429.0125218177284
0.25 0.25 0.25 0.25
18.018216481941185
45.0
356.84760615376683 15.32971753266429
3
347.0878453781095 15.32971753266429
0.25 0.25 0.25 0.25
9.759760775657355
45.0
381.22407621220435 295.46199601402833
0
381.22407621220435 275.48010840813185
0.25 0.25 0.25 0.25
19.981887605896475
45.0
331.19823287927414 63.61109781156853
0
331.19823287927414 47.9954898942695
0.25 0.25 0.25 0.25
15.615607917299029
45.0
263.3908136287206 472.3982383050833
0
263.3908136287206 480.83662292512076
0.25 0.25 0.25 0.25
46.76513876979596
45.0
65.89366852499298 221.03948805229845
0
65.89366852499298 198.85624691817955
0.25 0.25 0.25 0.25
22.18324113411889
45.0
395.72632573928774 297.9099841522929
2
432.41758200479006 297.9099841522929
0.25 0.25 0.25 0.25
36.69125626550232
45.0
2.819246289417663 219.0341330536662
2
37.33170023973817 219.0341330536662
0.25 0.25 0.25 0.25
40.15094652915583
45.0
255.13307132818719 239.57124943704807
3
232.35755119417342 239.57124943704807
0.25 0.25 0.25 0.25
22.77552013401377
45.0
345.63644773476307 68.80545151468556
1
345.63644773476307 89.03708739233758
0.25 0.25 0.25 0.25
20.23163587765202
45.0
414.5376484038485 493.8537529469466
0
414.5376484038485 453.86213733593775
0.25 0.25 0.25 0.25
39.99161561100887
45.0
230.71974246352755 188.62904840992448
1
230.71974246352755 212.70106662427838
0.25 0.25 0.25 0.25
24.072018214353914
45.0
425.70105125115435 153.62205229047953
3
411.57084818816236 153.62205229047953
0.25 0.25 0.25 0.25
14.130203062991969
45.0
248.5314827983253 370.0928602929738
0
248.5314827983253 352.7321967159322
0.25 0.25 0.25 0.25
17.360663577041606
45.0
50.76214584288794 174.95828861636625
3
26.65814999438706 174.95828861636625
0.25 0.25 0.25 0.25
24.10399584850088
45.0
390.5729801272803 226.87080487114724
0
390.5729801272803 203.62330735801982
0.25 0.25 0.25 0.25
23.247497513127435
45.0
209.66501378863978 305.86230065809514
0
209.66501378863978 275.7305007584016
0.25 0.25 0.25 0.25
30.131799899693508
45.0
143.81622159988663 267.3703713249266
0
143.81622159988663 217.76869949390002
0.25 0.25 0.25 0.25
49.60167183102661
45.0
