34645
96.90472184146125 52.17549811979573
1
96.90472184146125 83.99602503979723
0.25 0.25 0.25 0.25
31.820526920001495
45.0
347.71252302946573 148.4906884055977
2
395.1772544710958 148.4906884055977
0.25 0.25 0.25 0.25
47.46473144163011
45.0
119.15743758965053 96.52867914720093
3
98.00889406476756 96.52867914720093
0.25 0.25 0.25 0.25
21.148543524882964
45.0
27.653649469633237 446.45451595492443
2
34.87458839119959 446.45451595492443
0.25 0.25 0.25 0.25
7.22093892156635
45.0
345.24223191518143 150.6637363734057
2
355.800501599807 150.6637363734057
0.25 0.25 0.25 0.25
10.558269684625522
45.0
138.16530171365332 86.7921113961458
1
138.16530171365332 97.57681998426096
0.25 0.25 0.25 0.25
10.784708588115171
45.0
231.5345856581721 319.70699149857086
1
231.5345856581721 343.6761243463942
0.25 0.25 0.25 0.25
23.969132847823353
45.0
371.63032307467273 176.26615715900596
0
371.63032307467273 151.9130954534251
0.25 0.25 0.25 0.25
24.35306170558086
45.0
134.56206759531068 401.20844758016887
2
135.94972261178532 401.20844758016887
0.25 0.25 0.25 0.25
1.3876550164746482
45.0
33.83770775373359 245.03531269334002
1
33.83770775373359 245.06193574490996
0.25 0.25 0.25 0.25
0.026623051569935052
45.0
148.17219761325634 303.47550731284923
2
194.01924073850546 303.47550731284923
0.25 0.25 0.25 0.25
45.8470431252491
45.0
101.74825466429921 344.9206242084741
3
69.47582877638771 344.9206242084741
0.25 0.25 0.25 0.25
32.272425887911496
45.0
215.05505392439278 462.7604716589941
2
242.92078947547793 462.7604716589941
0.25 0.25 0.25 0.25
27.865735551085162
45.0
66.2188489296334 477.749424819861
3
58.36118314703718 477.749424819861
0.25 0.25 0.25 0.25
7.857665782596213
45.0
245.28850048653254 64.00843780929479
1
245.28850048653254 89.54198780008088
0.25 0.25 0.25 0.25
25.53354999078608
45.0
406.97046748297976 390.37889697038815
0
406.97046748297976 359.53426381572035
0.25 0.25 0.25 0.25
30.84463315466782
45.0
372.34565363983893 107.99509132791238
3
359.08910446691954 107.99509132791238
0.25 0.25 0.25 0.25
13.256549172919401
45.0
65.24417113685817 101.56889675899828
1
65.24417113685817 128.47900388525812
0.25 0.25 0.25 0.25
26.91010712625984
45.0
164.81855093908848 337.2295177320163
3
118.12976856298212 337.2295177320163
0.25 0.25 0.25 0.25
46.68878237610637
45.0
0.9295007236990873 242.74689914266983
2
8.188863583594461 242.74689914266983
0.25 0.25 0.25 0.25
7.259362859895374
45.0
188.94199691027137 274.56843320147857
0
188.94199691027137 233.18440344888947
0.25 0.25 0.25 0.25
41.38402975258909
45.0
469.26064344281224 346.6543956218721
3
424.94171090846345 346.6543956218721
0.25 0.25 0.25 0.25
44.31893253434879
45.0
153.31386612153872 226.7398838240958
1
153.31386612153872 269.9987429358473
0.25 0.25 0.25 0.25
43.25885911175149
45.0
33.78408811071211 195.5648060953398
2
69.30606531353254 195.5648060953398
0.25 0.25 0.25 0.25
35.52197720282043
45.0
316.63071605430287 476.92084461303693
0
316.63071605430287 430.96986588245034
0.25 0.25 0.25 0.25
45.950978730586606
45.0
337.32564233254027 103.66807805766152
0
337.32564233254027 90.58257011731499
0.25 0.25 0.25 0.25
13.085507940346524
45.0
405.78897777967825 396.0930159430019
1
405.78897777967825 445.33332483011543
0.25 0.25 0.25 0.25
49.24030888711357
45.0
411.24981627742994 141.44379390610686
1
411.24981627742994 150.11253672937653
0.25 0.25 0.25 0.25
8.668742823269682
45.0
119.08225671412981 403.03601108896703
2
136.0258964279851 403.03601108896703
0.25 0.25 0.25 0.25
16.94363971385528
45.0
229.3357311573713 46.37072037320171
0
229.3357311573713 11.729109579215944
0.25 0.25 0.25 0.25
34.64161079398577
45.0
174.9743302179977 21.44289023080115
1
174.9743302179977 39.461106712742335
0.25 0.25 0.25 0.25
18.018216481941185
45.0
356.84760615376683 151.96636839186726
0
356.84760615376683 142.2066076162099
0.25 0.25 0.25 0.25
9.759760775657355
45.0
398.06954041775816 194.6469382793697
3
378.0876528118617 194.6469382793697
0.25 0.25 0.25 0.25
19.981887605896475
45.0
372.1052166920442 45.698157609524664
3
356.4896087747452 45.698157609524664
0.25 0.25 0.25 0.25
15.615607917299029
45.0
310.15595239851655 171.41273737083407
3
263.3908136287206 171.41273737083407
0.25 0.25 0.25 0.25
46.76513876979596
45.0
333.40467188914704 265.4059703205362
1
333.40467188914704 287.58921145465507
0.25 0.25 0.25 0.25
22.18324113411889
45.0
246.69719243712655 472.60639742325577
2
283.38844870262886 472.60639742325577
0.25 0.25 0.25 0.25
36.69125626550232
45.0
478.9921120604522 138.73223999535458
0
478.9921120604522 98.58129346619874
0.25 0.25 0.25 0.25
40.15094652915583
45.0
186.8065109261459 147.61259284118603
3
164.03099079213214 147.61259284118603
0.25 0.25 0.25 0.25
22.77552013401377
45.0
27.182840058024116 89.03708739233758
3
6.951204180372095 89.03708739233758
0.25 0.25 0.25 0.25
20.23163587765202
45.0
265.5294267080806 413.8705217249289
2
305.5210423190895 413.8705217249289
0.25 0.25 0.25 0.25
39.99161561100887
45.0
58.14447610871939 196.52324301973815
0
58.14447610871939 172.45122480538424
0.25 0.25 0.25 0.25
24.072018214353914
45.0
468.09166044013034 280.79387985740726
2
482.22186350312234 280.79387985740726
0.25 0.25 0.25 0.25
14.130203062991969
45.0
133.40311589659004 64.51940337463745
1
133.40311589659004 81.88006695167905
0.25 0.25 0.25 0.25
17.360663577041606
45.0
262.5898001876235 138.39365741414522
1
262.5898001876235 162.4976532626461
0.25 0.25 0.25 0.25
24.10399584850088
45.0
493.1895323070826 168.33665285201909
1
493.1895323070826 191.5841503651465
0.25 0.25 0.25 0.25
23.247497513127435
45.0
149.40141398925277 272.2925007461954
0
149.40141398925277 242.1607008465019
0.25 0.25 0.25 0.25
30.131799899693508
45.0
12.955357272661303 309.0054797764851
1
12.955357272661303 358.6071516075117
0.25 0.25 0.25 0.25
49.60167183102661
45.0
