66929
445.40227812608146 214.07463870001249
0
445.40227812608146 72.61993088265115
0.25 0.25 0.25 0.25
141.45470781736134
45.0
102.02005170653409 41.799185415552
1
102.02005170653409 152.7970943548217
0.25 0.25 0.25 0.25
110.99790893926969
45.0
195.00101413821872 183.5559156709684
2
303.27085534242474 183.5559156709684
0.25 0.25 0.25 0.25
108.26984120420602
45.0
225.77345202132705 124.23158626652473
0
225.77345202132705 27.249574276563095
0.25 0.25 0.25 0.25
96.98201198996163
45.0
72.6024239759696 450.6286900046605
0
72.6024239759696 278.4955284111967
0.25 0.25 0.25 0.25
172.1331615934638
45.0
334.8903566989804 72.89068681916602
1
334.8903566989804 171.19208039364992
0.25 0.25 0.25 0.25
98.3013935744839
45.0
472.9296083769119 59.440088168909654
1
472.9296083769119 189.26468994699874
0.25 0.25 0.25 0.25
129.8246017780891
45.0
413.4841464254321 117.41029590116023
1
413.4841464254321 288.1522817007638
0.25 0.25 0.25 0.25
170.74198579960358
45.0
25.675386701905467 437.44454338235096
2
82.37310837684366 437.44454338235096
0.25 0.25 0.25 0.25
108.04849507874913
45.0
376.5937311129617 317.8142989400439
3
224.69550108803156 317.8142989400439
0.25 0.25 0.25 0.25
151.89823002493011
45.0
457.15216945541783 55.94678860922417
3
318.8438179220117 55.94678860922417
0.25 0.25 0.25 0.25
138.30835153340618
45.0
208.53435100301044 443.44686996315977
3
74.10705200646498 443.44686996315977
0.25 0.25 0.25 0.25
134.42729899654546
45.0
114.3890548364061 34.73774913428679
2
59.819069684392616 34.73774913428679
0.25 0.25 0.25 0.25
174.20812452079872
45.0
393.08769088880535 236.37347007917595
1
393.08769088880535 356.6975724853699
0.25 0.25 0.25 0.25
120.32410240619396
45.0
408.7918687381755 211.8013629098623
3
314.4832549642706 211.8013629098623
0.25 0.25 0.25 0.25
94.30861377390488
45.0
281.2590817051263 469.1780717741764
2
369.25733518849245 469.1780717741764
0.25 0.25 0.25 0.25
87.9982534833662
45.0
81.75933031070309 397.07384317356446
0
81.75933031070309 267.17983769002024
0.25 0.25 0.25 0.25
129.89400548354425
45.0
467.0297412387612 367.90292569680116
0
467.0297412387612 499.8639929597722
0.25 0.25 0.25 0.25
132.23308134342665
45.0
43.27200423127863 138.71024786408782
2
109.27312822647917 138.71024786408782
0.25 0.25 0.25 0.25
152.5451324577578
45.0
451.6568421934013 250.75963860593984
3
443.05320085160304 250.75963860593984
0.25 0.25 0.25 0.25
105.28995695499563
45.0
334.943134582021 434.1997050807299
3
494.3791631684103 434.1997050807299
0.25 0.25 0.25 0.25
170.6777022495687
45.0
37.26095448019392 259.64922292704466
2
160.8659348757837 259.64922292704466
0.25 0.25 0.25 0.25
123.60498039558978
45.0
239.86650653971827 484.56069139115925
2
404.0807070199519 484.56069139115925
0.25 0.25 0.25 0.25
164.21420048023361
45.0
457.92363429783785 486.2813351335574
0
457.92363429783785 314.490327479334
0.25 0.25 0.25 0.25
171.7910076542234
45.0
163.27084090414152 40.088262335938
2
252.63739886707657 40.088262335938
0.25 0.25 0.25 0.25
89.36655796293505
45.0
170.5357309577277 455.4139950748013
0
170.5357309577277 446.1369474457201
0.25 0.25 0.25 0.25
98.44905747947855
45.0
68.00497564742672 279.34543911724467
2
25.934187005027894 279.34543911724467
0.25 0.25 0.25 0.25
93.93916265245461
45.0
381.45134630479356 80.68435252933142
3
449.84761937864357 80.68435252933142
0.25 0.25 0.25 0.25
168.70103431656293
45.0
461.6687722793539 14.718599610333229
1
461.6687722793539 148.30100517390645
0.25 0.25 0.25 0.25
163.01960478423968
45.0
425.61880510299534 40.272165309894234
3
427.25421067143816 40.272165309894234
0.25 0.25 0.25 0.25
147.12698422556653
45.0
310.5651477244316 73.56081144099358
1
310.5651477244316 163.78599858545323
0.25 0.25 0.25 0.25
90.22518714445965
45.0
156.23067377735197 99.9050600868685
3
51.915029199440966 99.9050600868685
0.25 0.25 0.25 0.25
104.315644577911
45.0
88.0721045772143 62.30011739266911
1
88.0721045772143 99.11675220913787
0.25 0.25 0.25 0.25
161.41686960180698
45.0
409.87462580736724 201.30573761810433
3
251.3754908647561 201.30573761810433
0.25 0.25 0.25 0.25
158.49913494261114
45.0
409.7926007668776 22.01493628744052
3
495.7856783374018 22.01493628744052
0.25 0.25 0.25 0.25
94.4217208957206
45.0
387.4737686680737 452.15842837797845
3
486.01945168188877 452.15842837797845
0.25 0.25 0.25 0.25
126.50677965003749
45.0
182.37786059935013 484.90424709056316
2
317.13031800749155 484.90424709056316
0.25 0.25 0.25 0.25
134.75245740814142
45.0
303.1683561415865 414.58896269275215
0
303.1683561415865 471.4780112624461
0.25 0.25 0.25 0.25
113.93302604480175
45.0
195.48033594750734 104.45652179014542
2
363.1171832050063 104.45652179014542
0.25 0.25 0.25 0.25
167.63684725749897
45.0
443.764006320691 45.17362178742218
3
414.5088267835888 45.17362178742218
0.25 0.25 0.25 0.25
141.72716689572022
45.0
113.19095341776847 189.98071236213468
1
113.19095341776847 360.7395803227748
0.25 0.25 0.25 0.25
170.75886796064015
45.0
315.0325906673817 246.8811781198271
2
460.46012422525723 246.8811781198271
0.25 0.25 0.25 0.25
145.4275335578755
45.0
104.02069986398351 254.95994553700893
1
104.02069986398351 419.38521994047335
0.25 0.25 0.25 0.25
164.4252744034644
45.0
124.30925607221036 268.00263068243123
2
10.262388005597813 268.00263068243123
0.25 0.25 0.25 0.25
134.57164407780817
45.0
208.66948835739137 316.15640715185407
1
208.66948835739137 465.4553248634518
0.25 0.25 0.25 0.25
149.29891771159774
45.0
487.7277887804879 188.2251123832492
3
404.87638259175674 188.2251123832492
0.25 0.25 0.25 0.25
107.39582862775535
45.0
299.84658343881995 169.90933457443202
1
299.84658343881995 318.1814730177115
0.25 0.25 0.25 0.25
148.27213844327946
45.0
293.75639755770794 164.7207177448303
1
293.75639755770794 307.95572720956113
0.25 0.25 0.25 0.25
143.23500946473084
45.0
