66929
100.78246258642253 487.16700905626453
2
40.67224523093881 487.16700905626453
0.25 0.25 0.25 0.25
141.45470781736134
45.0
233.01131420442061 294.25100004197543
0
233.01131420442061 183.25309110270575
0.25 0.25 0.25 0.25
110.99790893926969
45.0
212.50692151645947 183.5559156709684
2
320.7767627206655 183.5559156709684
0.25 0.25 0.25 0.25
108.26984120420602
45.0
483.28051200878804 288.01573014606436
3
386.2985000188264 288.01573014606436
0.25 0.25 0.25 0.25
96.98201198996163
45.0
271.663899210958 0.1728556541653461
1
271.663899210958 172.30601724762914
0.25 0.25 0.25 0.25
172.1331615934638
45.0
173.60267542860015 337.3009517339307
2
271.90406900308403 337.3009517339307
0.25 0.25 0.25 0.25
98.3013935744839
45.0
214.79021473824642 59.440088168909654
1
214.79021473824642 189.26468994699874
0.25 0.25 0.25 0.25
129.8246017780891
45.0
172.09755536624317 248.52559049566815
0
172.09755536624317 77.78360469606457
0.25 0.25 0.25 0.25
170.74198579960358
45.0
270.906554243084 113.2990581461036
2
378.9550493218331 113.2990581461036
0.25 0.25 0.25 0.25
108.04849507874913
45.0
15.81334878731792 469.712528964974
0
15.81334878731792 317.8142989400439
0.25 0.25 0.25 0.25
151.89823002493011
45.0
436.3810182773328 87.78832787538096
3
298.0726667439267 87.78832787538096
0.25 0.25 0.25 0.25
138.30835153340618
45.0
133.11595903064676 309.0195709666143
1
133.11595903064676 443.44686996315977
0.25 0.25 0.25 0.25
134.42729899654546
45.0
453.4840658507824 383.1539981758842
3
372.3078096284189 383.1539981758842
0.25 0.25 0.25 0.25
174.20812452079872
45.0
393.08769088880535 402.6542227022421
0
393.08769088880535 282.33012029604816
0.25 0.25 0.25 0.25
120.32410240619396
45.0
119.66506239230011 211.8013629098623
2
213.973676166205 211.8013629098623
0.25 0.25 0.25 0.25
94.30861377390488
45.0
310.76886256101477 386.8446329420632
1
310.76886256101477 474.84288642542936
0.25 0.25 0.25 0.25
87.9982534833662
45.0
178.02868065638538 306.3318815583741
3
48.13467517284113 306.3318815583741
0.25 0.25 0.25 0.25
129.89400548354425
45.0
342.872526670399 425.76757644421434
0
342.872526670399 441.999342212359
0.25 0.25 0.25 0.25
132.23308134342665
45.0
314.53571304849714 426.8872347304548
0
314.53571304849714 274.342102272697
0.25 0.25 0.25 0.25
152.5451324577578
45.0
30.497014373418807 222.79057661908192
1
30.497014373418807 328.08053357407755
0.25 0.25 0.25 0.25
105.28995695499563
45.0
494.3791631684103 116.91051407900477
1
494.3791631684103 53.76718817056394
0.25 0.25 0.25 0.25
170.6777022495687
45.0
430.3962093375268 234.7706986553144
3
445.9988102668834 234.7706986553144
0.25 0.25 0.25 0.25
123.60498039558978
45.0
311.635283375376 440.4163000353642
0
311.635283375376 395.36949948440224
0.25 0.25 0.25 0.25
164.21420048023361
45.0
175.83371084007177 59.837733754453154
1
175.83371084007177 111.95327389977024
0.25 0.25 0.25 0.25
171.7910076542234
45.0
104.82883298466362 423.71238988645166
2
194.19539094759867 423.71238988645166
0.25 0.25 0.25 0.25
89.36655796293505
45.0
367.4338459166848 160.06682263636566
1
367.4338459166848 258.5158801158442
0.25 0.25 0.25 0.25
98.44905747947855
45.0
86.54256048048173 411.55948862693845
0
86.54256048048173 317.6203259744838
0.25 0.25 0.25 0.25
93.93916265245461
45.0
44.04927767166765 273.79779864464973
1
44.04927767166765 442.49883296121266
0.25 0.25 0.25 0.25
168.70103431656293
45.0
375.31162293640654 14.718599610333172
1
375.31162293640654 177.73820439457285
0.25 0.25 0.25 0.25
163.01960478423968
45.0
308.38071045639447 187.39914953546074
2
455.50769468196097 187.39914953546074
0.25 0.25 0.25 0.25
147.12698422556653
45.0
140.5607879978666 385.08806569224856
0
140.5607879978666 294.8628785477889
0.25 0.25 0.25 0.25
90.22518714445965
45.0
9.244169599359878 335.3602712444664
1
9.244169599359878 439.6759158223774
0.25 0.25 0.25 0.25
104.315644577911
45.0
136.34232980290892 416.6326389854412
2
297.7591994047159 416.6326389854412
0.25 0.25 0.25 0.25
161.41686960180698
45.0
480.6314295943548 432.6908021523402
0
480.6314295943548 408.81006290504865
0.25 0.25 0.25 0.25
158.49913494261114
45.0
118.09879475451947 77.79772733023464
1
118.09879475451947 172.21944822595523
0.25 0.25 0.25 0.25
94.4217208957206
45.0
220.95165518151376 318.93648672254653
2
347.45843483155124 318.93648672254653
0.25 0.25 0.25 0.25
126.50677965003749
45.0
161.09099947722882 401.6301566234167
0
161.09099947722882 463.6173859684418
0.25 0.25 0.25 0.25
134.75245740814142
45.0
49.90506964876727 98.18711896156265
1
49.90506964876727 212.1201450063644
0.25 0.25 0.25 0.25
113.93302604480175
45.0
345.65393257002484 92.81435470015776
1
345.65393257002484 74.8224925573412
0.25 0.25 0.25 0.25
167.63684725749897
45.0
427.9443428607739 336.5377873088212
3
286.2171759650537 336.5377873088212
0.25 0.25 0.25 0.25
141.72716689572022
45.0
57.56791454287168 493.0547594804259
2
228.32678250351182 493.0547594804259
0.25 0.25 0.25 0.25
170.75886796064015
45.0
297.0398557622531 11.489970036308762
3
151.61232220437762 11.489970036308762
0.25 0.25 0.25 0.25
145.4275335578755
45.0
90.57234628476999 419.38521994047335
0
90.57234628476999 416.18950565606224
0.25 0.25 0.25 0.25
164.4252744034644
45.0
413.97732023902233 288.85860679592406
0
413.97732023902233 154.2869627181159
0.25 0.25 0.25 0.25
134.57164407780817
45.0
135.0207710469882 176.83276996412323
0
135.0207710469882 27.53385225252549
0.25 0.25 0.25 0.25
149.29891771159774
45.0
364.3556386644051 362.49602571140827
2
471.75146729216044 362.49602571140827
0.25 0.25 0.25 0.25
107.39582862775535
45.0
41.207275655217245 466.45361146099094
2
189.4794140984967 466.45361146099094
0.25 0.25 0.25 0.25
148.27213844327946
45.0
147.87632183986116 313.245859715793
0
147.87632183986116 170.01085025106218
0.25 0.25 0.25 0.25
143.23500946473084
45.0
