37102
93.55325308067387 22.835300902662027
1
93.55325308067387 179.46696222384722
0.25 0.25 0.25 0.25
156.6316613211852
45.0
460.7379956875817 55.11712460306535
1
460.7379956875817 101.89094680782296
0.25 0.25 0.25 0.25
157.0080714108883
45.0
196.49349961651427 335.2404804000952
0
196.49349961651427 170.57018870814642
0.25 0.25 0.25 0.25
164.67029169194876
45.0
117.0668170098536 170.75358187818802
2
28.219021365384265 170.75358187818802
0.25 0.25 0.25 0.25
145.28583837523786
45.0
487.8396014570028 370.25042118716283
3
316.45302181272933 370.25042118716283
0.25 0.25 0.25 0.25
171.38657964427347
45.0
438.6326314653792 279.66316931509675
0
438.6326314653792 119.89310628977137
0.25 0.25 0.25 0.25
159.77006302532538
45.0
203.2883697899965 242.4128998115086
0
203.2883697899965 72.48509258051496
0.25 0.25 0.25 0.25
169.92780723099364
45.0
111.1150317859241 260.427904089729
2
202.54715910323176 260.427904089729
0.25 0.25 0.25 0.25
91.43212731730766
45.0
128.53514138312545 25.591410411171495
3
39.521367025061934 25.591410411171495
0.25 0.25 0.25 0.25
89.01377435806351
45.0
363.4742742910231 312.92872156155875
0
363.4742742910231 163.32697181850077
0.25 0.25 0.25 0.25
149.60174974305798
45.0
453.4173146179336 279.2868763846352
1
453.4173146179336 417.4930830962893
0.25 0.25 0.25 0.25
138.20620671165412
45.0
94.01227481188215 29.528937838005447
2
252.59101973541416 29.528937838005447
0.25 0.25 0.25 0.25
158.578744923532
45.0
291.71627780357926 179.20348878487357
2
463.2963053749902 179.20348878487357
0.25 0.25 0.25 0.25
171.58002757141094
45.0
342.57237754906186 374.67173116226667
0
342.57237754906186 224.3144097147176
0.25 0.25 0.25 0.25
150.35732144754905
45.0
105.84942129232897 335.1125829131828
1
105.84942129232897 494.79826610021826
0.25 0.25 0.25 0.25
159.6856831870355
45.0
184.02051968882802 369.5866053575828
0
184.02051968882802 202.24265669362427
0.25 0.25 0.25 0.25
167.34394866395854
45.0
443.3027074453478 251.27647512296255
3
421.8908647900612 251.27647512296255
0.25 0.25 0.25 0.25
134.80642776459104
45.0
438.29848737003874 8.972422419053629
3
473.05459680840295 8.972422419053629
0.25 0.25 0.25 0.25
88.64691582155828
45.0
77.42746361436292 12.493289961597327
2
21.688597411258115 12.493289961597327
0.25 0.25 0.25 0.25
99.11606102562104
45.0
482.5679868664124 452.80746396848576
0
482.5679868664124 352.1674192363025
0.25 0.25 0.25 0.25
100.64004473218321
45.0
297.5163689154028 422.6861848669828
0
297.5163689154028 263.54349369458504
0.25 0.25 0.25 0.25
159.14269117239775
45.0
375.1018110458725 15.515609207360626
3
472.7601897827701 15.515609207360626
0.25 0.25 0.25 0.25
152.13799917135736
45.0
185.2559066321752 477.0680547478471
2
296.10319201697115 477.0680547478471
0.25 0.25 0.25 0.25
110.84728538479595
45.0
19.8752142145309 143.29349685083227
1
19.8752142145309 16.014783843582734
0.25 0.25 0.25 0.25
159.308280694415
45.0
223.6282246200809 113.35005711589804
1
223.6282246200809 48.591779743424695
0.25 0.25 0.25 0.25
161.94183685932273
45.0
432.5075329154581 380.18186327880784
0
432.5075329154581 282.90134275365403
0.25 0.25 0.25 0.25
97.28052052515382
45.0
45.03422316694804 412.5339258083585
0
45.03422316694804 472.2800605158353
0.25 0.25 0.25 0.25
115.18601367580621
45.0
319.39459339475195 102.4971518910829
2
462.58246999006485 102.4971518910829
0.25 0.25 0.25 0.25
143.18787659531293
45.0
31.37103034044212 22.87480117520775
1
31.37103034044212 96.9845791148661
0.25 0.25 0.25 0.25
119.85938029007384
45.0
330.65316299781085 435.79655914620434
0
330.65316299781085 447.20390924597814
0.25 0.25 0.25 0.25
116.99953160781754
45.0
435.6917569740633 283.93086166348473
0
435.6917569740633 170.9864117453754
0.25 0.25 0.25 0.25
112.94444991810934
45.0
305.27580240350295 318.3015120558635
2
471.11131776369007 318.3015120558635
0.25 0.25 0.25 0.25
165.83551536018712
45.0
314.9371681628161 16.315482764912588
2
486.2818058012316 16.315482764912588
0.25 0.25 0.25 0.25
171.34463763841555
45.0
23.554146291967697 11.725931171234663
2
184.8009318450784 11.725931171234663
0.25 0.25 0.25 0.25
161.2467855531107
45.0
291.1228292196555 351.1377206392568
1
291.1228292196555 463.1551378146594
0.25 0.25 0.25 0.25
112.01741717540254
45.0
151.28087503061684 4.595647401099029
1
151.28087503061684 157.09075287624776
0.25 0.25 0.25 0.25
152.49510547514873
45.0
441.94177379251664 481.553882419847
0
441.94177379251664 360.81886453281004
0.25 0.25 0.25 0.25
157.62725304734295
45.0
419.23435778215435 160.79280857350068
3
456.3584152086612 160.79280857350068
0.25 0.25 0.25 0.25
124.4072270091845
45.0
439.28016836949473 133.2063011033768
1
439.28016836949473 240.65035072053126
0.25 0.25 0.25 0.25
107.44404961715446
45.0
168.02919790149997 377.8525050212476
1
168.02919790149997 387.69536221005455
0.25 0.25 0.25 0.25
9.842857188806924
45.0
71.32820698657034 152.68992211884037
0
71.32820698657034 114.13682199853832
0.25 0.25 0.25 0.25
38.55310012030205
45.0
306.62583747496313 95.0931692798528
3
293.9378924230227 95.0931692798528
0.25 0.25 0.25 0.25
12.687945051940442
45.0
403.69647491042934 57.710948617519605
2
419.61066143897733 57.710948617519605
0.25 0.25 0.25 0.25
15.914186528547974
45.0
120.8388697817602 397.72097574122813
1
120.8388697817602 442.9804161014995
0.25 0.25 0.25 0.25
45.259440360271356
45.0
400.83381792368436 382.2267071404709
2
431.6520088364748 382.2267071404709
0.25 0.25 0.25 0.25
30.81819091279045
45.0
318.68776062815675 327.0254813951056
0
318.68776062815675 321.56619594633395
0.25 0.25 0.25 0.25
5.459285448771678
45.0
227.2677843297493 281.87364828702977
0
227.2677843297493 276.9315054666475
0.25 0.25 0.25 0.25
4.942142820382289
45.0
94.97174174591143 77.6810801077568
0
94.97174174591143 41.39335868112065
0.25 0.25 0.25 0.25
36.287721426636146
45.0
