37102
316.13169880999294 492.73028486621763
0
316.13169880999294 350.63805381259715
0.25 0.25 0.25 0.25
156.6316613211852
45.0
146.7218528658051 171.02026767240568
1
146.7218528658051 328.028339083294
0.25 0.25 0.25 0.25
157.0080714108883
45.0
337.2072916118482 158.7703946757511
1
337.2072916118482 5.899897016197656
0.25 0.25 0.25 0.25
164.67029169194876
45.0
28.219021365384265 187.75445050485303
2
117.0668170098536 187.75445050485303
0.25 0.25 0.25 0.25
145.28583837523786
45.0
344.7724996783702 115.58983988001665
1
344.7724996783702 55.79673976425681
0.25 0.25 0.25 0.25
171.38657964427347
45.0
397.2530096173315 442.17632648230017
3
237.4829465920061 442.17632648230017
0.25 0.25 0.25 0.25
159.77006302532538
45.0
52.92740594496462 247.80367849551052
2
222.85521317595826 247.80367849551052
0.25 0.25 0.25 0.25
169.92780723099364
45.0
105.36163129553974 196.73273249680926
2
196.7937586128474 196.73273249680926
0.25 0.25 0.25 0.25
91.43212731730766
45.0
405.54750476525567 423.3434719660281
0
405.54750476525567 334.3296976079646
0.25 0.25 0.25 0.25
89.01377435806351
45.0
384.5344744242668 135.8765276676152
1
384.5344744242668 13.725222075442787
0.25 0.25 0.25 0.25
149.60174974305798
45.0
237.61371894033698 306.0945034804025
1
237.61371894033698 444.3007101920566
0.25 0.25 0.25 0.25
138.20620671165412
45.0
94.01227481188218 78.05646829681342
2
252.5910197354142 78.05646829681342
0.25 0.25 0.25 0.25
158.578744923532
45.0
492.7764708034558 380.26368178475013
0
492.7764708034558 448.15629064383893
0.25 0.25 0.25 0.25
171.58002757141094
45.0
206.35565810829104 76.40023318038044
2
356.7129795558401 76.40023318038044
0.25 0.25 0.25 0.25
150.35732144754905
45.0
95.72216277249362 421.42993214420756
0
95.72216277249362 418.884384668757
0.25 0.25 0.25 0.25
159.6856831870355
45.0
28.867646976123353 132.44524063429282
2
196.2115956400819 132.44524063429282
0.25 0.25 0.25 0.25
167.34394866395854
45.0
308.49627968075674 194.9214694750998
0
308.49627968075674 60.11504171050876
0.25 0.25 0.25 0.25
134.80642776459104
45.0
197.24166586822267 413.3279376310044
0
197.24166586822267 498.0251465474373
0.25 0.25 0.25 0.25
88.64691582155828
45.0
77.42746361436292 392.8103438846764
1
77.42746361436292 491.92640491029744
0.25 0.25 0.25 0.25
99.11606102562104
45.0
416.79196840140435 157.28777709376826
3
316.1519236692211 157.28777709376826
0.25 0.25 0.25 0.25
100.64004473218321
45.0
134.767851636177 418.1711239606196
0
134.767851636177 259.02843278822183
0.25 0.25 0.25 0.25
159.14269117239775
45.0
5.859818503656243 49.450384992140926
1
5.859818503656243 201.5883841634983
0.25 0.25 0.25 0.25
152.13799917135736
45.0
409.3249089386036 81.91723524980563
1
409.3249089386036 192.76452063460158
0.25 0.25 0.25 0.25
110.84728538479595
45.0
68.42541745248917 493.9396259268277
2
227.73369814690417 493.9396259268277
0.25 0.25 0.25 0.25
159.308280694415
45.0
71.90647025450096 408.8847519904799
0
71.90647025450096 429.17341115019735
0.25 0.25 0.25 0.25
161.94183685932273
45.0
81.0898644587728 477.46238380396164
0
81.0898644587728 380.18186327880784
0.25 0.25 0.25 0.25
97.28052052515382
45.0
106.82591359111393 48.21012889486627
1
106.82591359111393 163.39614257067248
0.25 0.25 0.25 0.25
115.18601367580621
45.0
176.20671679943902 36.06045236984923
2
319.39459339475195 36.06045236984923
0.25 0.25 0.25 0.25
143.18787659531293
45.0
432.07412889007287 138.1095367942754
1
432.07412889007287 257.96891708434924
0.25 0.25 0.25 0.25
119.85938029007384
45.0
447.6526946056284 254.7932804009271
1
447.6526946056284 371.79281200874465
0.25 0.25 0.25 0.25
116.99953160781754
45.0
354.9193924527021 396.87531158159413
2
467.8638423708114 396.87531158159413
0.25 0.25 0.25 0.25
112.94444991810934
45.0
373.02698255387713 308.32769637810907
3
461.1375020859357 308.32769637810907
0.25 0.25 0.25 0.25
165.83551536018712
45.0
255.23239641341704 98.89350321251649
1
255.23239641341704 72.45113442589906
0.25 0.25 0.25 0.25
171.34463763841555
45.0
492.7054970487002 214.55942774454755
1
492.7054970487002 375.80621329765825
0.25 0.25 0.25 0.25
161.2467855531107
45.0
299.2795837982784 88.7751934837304
3
187.26216662287584 88.7751934837304
0.25 0.25 0.25 0.25
112.01741717540254
45.0
151.28087503061684 224.55649120228898
2
1.2142304445318928 224.55649120228898
0.25 0.25 0.25 0.25
152.49510547514873
45.0
242.80372011279746 112.0628946092188
2
400.4309731601404 112.0628946092188
0.25 0.25 0.25 0.25
157.62725304734295
45.0
160.93553591073726 409.6072625918697
0
160.93553591073726 285.2000355826852
0.25 0.25 0.25 0.25
124.4072270091845
45.0
439.28016836949473 296.56989736524105
0
439.28016836949473 189.12584774808658
0.25 0.25 0.25 0.25
107.44404961715446
45.0
79.44348320223759 427.0667909652823
0
79.44348320223759 417.22393377647535
0.25 0.25 0.25 0.25
9.842857188806924
45.0
264.09370758808063 40.07557848266987
2
302.64680770838265 40.07557848266987
0.25 0.25 0.25 0.25
38.55310012030205
45.0
230.49816716332046 18.965498968210134
1
230.49816716332046 31.653444020150577
0.25 0.25 0.25 0.25
12.687945051940442
45.0
451.4390344960733 41.79676208897163
2
467.3532210246213 41.79676208897163
0.25 0.25 0.25 0.25
15.914186528547974
45.0
347.136071583117 281.1706296628422
0
347.136071583117 235.91118930257085
0.25 0.25 0.25 0.25
45.259440360271356
45.0
215.9246724469417 258.95394348930915
2
246.74286335973216 258.95394348930915
0.25 0.25 0.25 0.25
30.81819091279045
45.0
318.68776062815675 392.5369067803654
1
318.68776062815675 397.9961922291371
0.25 0.25 0.25 0.25
5.459285448771678
45.0
207.49921304822016 262.1050770055006
0
207.49921304822016 257.16293418511833
0.25 0.25 0.25 0.25
4.942142820382289
45.0
348.9857917323645 103.75752702542394
3
312.6980703057283 103.75752702542394
0.25 0.25 0.25 0.25
36.287721426636146
45.0
