79528
218.85196920711755 158.54793398768908
3
129.3691711299154 158.54793398768908
0.25 0.25 0.25 0.25
89.48279807720215
45.0
471.9276558183441 10.821530423894984
1
471.9276558183441 117.49027685886796
0.25 0.25 0.25 0.25
128.31180728276294
45.0
86.59478877030642 471.29762810500733
2
13.495321490141578 471.29762810500733
0.25 0.25 0.25 0.25
100.090110260448
45.0
146.09015635889722 106.00074193894747
3
57.95385173177257 106.00074193894747
0.25 0.25 0.25 0.25
88.13630462712464
45.0
436.50507590032043 90.84702296086414
1
436.50507590032043 224.358270108844
0.25 0.25 0.25 0.25
133.51124714797987
45.0
11.991224501546554 244.63769815988792
2
77.92731900577802 244.63769815988792
0.25 0.25 0.25 0.25
89.91854350732457
45.0
363.1982864345411 242.29828573185944
1
363.1982864345411 341.3208123796918
0.25 0.25 0.25 0.25
99.02252664783238
45.0
51.762558635903474 437.85652873398715
0
51.762558635903474 285.6251331107095
0.25 0.25 0.25 0.25
152.23139562327765
45.0
7.322211442922708 264.6756551624244
2
119.69895087620864 264.6756551624244
0.25 0.25 0.25 0.25
112.37673943328593
45.0
343.86623817863045 304.731175866584
3
253.21628217841732 304.731175866584
0.25 0.25 0.25 0.25
90.64995600021315
45.0
5.645013164811715 190.9231948543196
2
50.893744929900976 190.9231948543196
0.25 0.25 0.25 0.25
45.24873176508926
45.0
91.73953759231748 71.45964755781083
1
91.73953759231748 105.48451816676793
0.25 0.25 0.25 0.25
34.0248706089571
45.0
288.2031863759374 90.30228555707899
0
288.2031863759374 70.23866695697866
0.25 0.25 0.25 0.25
20.063618600100323
45.0
209.41325880453022 177.5082724692679
2
229.0041739457469 177.5082724692679
0.25 0.25 0.25 0.25
19.59091514121669
45.0
332.940966416719 467.5785972722392
0
332.940966416719 482.4424250368902
0.25 0.25 0.25 0.25
49.97897769087061
45.0
186.83898741082749 373.0930812588104
0
186.83898741082749 349.6171539007564
0.25 0.25 0.25 0.25
23.475927358053987
45.0
67.04554101498127 120.25036852877943
0
67.04554101498127 70.338101909735
0.25 0.25 0.25 0.25
49.91226661904444
45.0
214.40744799956187 361.56554930052505
1
214.40744799956187 408.25038934494756
0.25 0.25 0.25 0.25
46.684840044422494
45.0
34.82923099018049 257.9189317069581
3
1.8584072031783307 257.9189317069581
0.25 0.25 0.25 0.25
32.97082378700216
45.0
3.6076406539258734 428.0082532644756
1
3.6076406539258734 443.3522687364547
0.25 0.25 0.25 0.25
15.344015471979045
45.0
398.6012587593215 126.3273614813004
1
398.6012587593215 139.4034188702501
0.25 0.25 0.25 0.25
13.076057388949708
45.0
410.5067304045646 5.478804510604277
2
454.50742198991304 5.478804510604277
0.25 0.25 0.25 0.25
44.00069158534842
45.0
445.8472371689864 202.85010963979633
3
443.2291147224924 202.85010963979633
0.25 0.25 0.25 0.25
2.618122446493981
45.0
39.878907040647874 281.7783457626122
1
39.878907040647874 307.88795754653813
0.25 0.25 0.25 0.25
26.109611783925896
45.0
129.80236583349458 281.2555298730639
1
129.80236583349458 314.2650734762829
0.25 0.25 0.25 0.25
33.00954360321901
45.0
337.87987439416884 386.7621195439524
0
337.87987439416884 337.7940161293898
0.25 0.25 0.25 0.25
48.96810341456263
45.0
364.0014176785771 372.35851587196635
2
412.04421777986687 372.35851587196635
0.25 0.25 0.25 0.25
48.04280010128976
45.0
492.78189524707716 184.53841664693198
1
492.78189524707716 195.81828810468028
0.25 0.25 0.25 0.25
11.279871457748298
45.0
198.67723437246138 148.47098051615586
1
198.67723437246138 190.2276770873192
0.25 0.25 0.25 0.25
41.75669657116332
45.0
463.9235437647897 318.27468607339216
2
498.59546868190546 318.27468607339216
0.25 0.25 0.25 0.25
34.671924917115746
45.0
429.63575496039783 356.58895189156726
0
429.63575496039783 330.05105971860803
0.25 0.25 0.25 0.25
26.537892172959253
45.0
217.04352698660466 136.0841573369138
3
173.18344994348047 136.0841573369138
0.25 0.25 0.25 0.25
43.8600770431242
45.0
467.21521137607374 151.8338978328319
3
456.5558914314953 151.8338978328319
0.25 0.25 0.25 0.25
10.659319944578415
45.0
434.9403927244531 351.47604249254414
0
434.9403927244531 326.570674635895
0.25 0.25 0.25 0.25
24.905367856649146
45.0
415.4082321806537 317.81533897235823
1
415.4082321806537 349.9026443892312
0.25 0.25 0.25 0.25
32.087305416873015
45.0
365.7450512681854 85.99103575360834
3
346.87041194919397 85.99103575360834
0.25 0.25 0.25 0.25
18.87463931899143
45.0
305.57205601802883 361.33769808486863
1
305.57205601802883 377.09049929197505
0.25 0.25 0.25 0.25
15.752801207106392
45.0
398.6133028872903 31.15758134407998
1
398.6133028872903 15.581624953168827
0.25 0.25 0.25 0.25
46.739206297248806
45.0
147.77582623699948 15.341147582755298
1
147.77582623699948 19.04676990597295
0.25 0.25 0.25 0.25
34.38791748872825
45.0
276.03765858341916 438.8126435849738
2
298.14183213624676 438.8126435849738
0.25 0.25 0.25 0.25
22.104173552827593
45.0
341.9946721125163 248.15022786642504
2
349.5297208234064 248.15022786642504
0.25 0.25 0.25 0.25
7.53504871089013
45.0
323.78336399685224 352.62440242638314
1
323.78336399685224 387.69843298136766
0.25 0.25 0.25 0.25
35.07403055498453
45.0
175.68192162487173 37.63982666252864
3
162.4912906284522 37.63982666252864
0.25 0.25 0.25 0.25
13.190630996419534
45.0
209.66855224703068 489.01481389211074
0
209.66855224703068 493.46807844405146
0.25 0.25 0.25 0.25
17.517107663837816
45.0
350.70986595345175 92.85239642568348
1
350.70986595345175 126.77888583414062
0.25 0.25 0.25 0.25
33.92648940845714
45.0
74.23132463045255 74.71956033099822
0
74.23132463045255 66.8484860753221
0.25 0.25 0.25 0.25
7.8710742556761195
45.0
336.7124232576815 416.4352557961572
2
372.7605749452249 416.4352557961572
0.25 0.25 0.25 0.25
36.04815168754338
45.0
18.32118911626874 39.450422772819394
2
27.63572555253404 39.450422772819394
0.25 0.25 0.25 0.25
45.95691466880278
45.0
