38683
495.505482019584 185.30828365136318
3
484.9995994525949 185.30828365136318
0.25 0.25 0.25 0.25
19.4949185278211
45.0
179.99780492633337 279.7900134788483
1
179.99780492633337 309.00279247143135
0.25 0.25 0.25 0.25
29.212778992583004
45.0
321.0306396896457 376.5855191673616
2
333.04206036915735 376.5855191673616
0.25 0.25 0.25 0.25
12.011420679511648
45.0
484.42525290663787 383.54198576878684
3
459.9545153951901 383.54198576878684
0.25 0.25 0.25 0.25
24.47073751144772
45.0
194.18737600067786 467.21321462571063
1
194.18737600067786 469.5239274300314
0.25 0.25 0.25 0.25
2.310712804320758
45.0
430.7845174471744 310.20920822554774
2
455.84605659102397 310.20920822554774
0.25 0.25 0.25 0.25
25.061539143849593
45.0
225.7802114165915 327.7751787498266
0
225.7802114165915 310.01400684896487
0.25 0.25 0.25 0.25
17.761171900861733
45.0
266.24125912812997 88.90695156406292
2
270.3691505283497 88.90695156406292
0.25 0.25 0.25 0.25
4.127891400219724
45.0
385.44304707420247 0.07230206506674364
3
368.1196078972765 0.07230206506674364
0.25 0.25 0.25 0.25
17.32343917692592
45.0
394.36746516957186 97.86668598251248
0
394.36746516957186 55.0897250133056
0.25 0.25 0.25 0.25
42.776960969206876
45.0
281.52467007374463 36.65435306063716
0
281.52467007374463 7.517401160983056
0.25 0.25 0.25 0.25
29.136951899654107
45.0
100.76641683527531 28.40722302432738
3
90.60527323930677 28.40722302432738
0.25 0.25 0.25 0.25
10.161143595968541
45.0
175.35365822729034 388.7993292768758
0
175.35365822729034 348.3851014580299
0.25 0.25 0.25 0.25
40.4142278188459
45.0
319.47071425599313 341.65939197442253
0
319.47071425599313 300.55012488769273
0.25 0.25 0.25 0.25
41.1092670867298
45.0
494.00529886827735 77.3418305083144
3
495.7062615558999 77.3418305083144
0.25 0.25 0.25 0.25
10.288439575822716
45.0
296.20736988096974 278.3789795836517
0
296.20736988096974 248.2901492232058
0.25 0.25 0.25 0.25
30.088830360445918
45.0
60.67967261368727 176.91776553018795
3
23.76353293953438 176.91776553018795
0.25 0.25 0.25 0.25
36.916139674152895
45.0
291.11503076345014 56.91012667073216
0
291.11503076345014 11.381480432897106
0.25 0.25 0.25 0.25
45.528646237835055
45.0
50.67059225073997 15.023452758086364
2
86.85631032629911 15.023452758086364
0.25 0.25 0.25 0.25
36.18571807555914
45.0
443.4582510664304 228.64110559978917
3
398.9396870177651 228.64110559978917
0.25 0.25 0.25 0.25
44.51856404866531
45.0
47.611634249441316 269.1849076906238
2
79.60890911682174 269.1849076906238
0.25 0.25 0.25 0.25
31.99727486738042
45.0
321.0616994377767 352.24340605214337
0
321.0616994377767 311.95193125816354
0.25 0.25 0.25 0.25
40.29147479397982
45.0
458.12326927184415 212.5903990548891
0
458.12326927184415 168.29694416158236
0.25 0.25 0.25 0.25
44.29345489330675
45.0
442.45537468149394 94.48918613595657
0
442.45537468149394 89.10176598442737
0.25 0.25 0.25 0.25
5.387420151529204
45.0
97.20128933127629 214.12465274755112
2
125.82684478935083 214.12465274755112
0.25 0.25 0.25 0.25
28.62555545807454
45.0
28.92963245687634 211.43681401460776
2
73.76498882766026 211.43681401460776
0.25 0.25 0.25 0.25
44.83535637078392
45.0
259.24928206460123 457.13131300420764
3
251.820516248508 457.13131300420764
0.25 0.25 0.25 0.25
7.428765816093231
45.0
494.9216935604883 395.7024551086049
0
494.9216935604883 365.2864975501001
0.25 0.25 0.25 0.25
30.41595755850483
45.0
433.4100742737269 448.10994091451926
1
433.4100742737269 484.7659057983327
0.25 0.25 0.25 0.25
36.655964883813425
45.0
441.3167262754524 210.35152943405498
0
441.3167262754524 173.15076582416725
0.25 0.25 0.25 0.25
37.20076360988773
45.0
122.11492905528272 352.9700229667645
2
124.448694045673 352.9700229667645
0.25 0.25 0.25 0.25
2.3337649903902746
45.0
60.419587970718226 85.0154901104197
3
21.64606451565769 85.0154901104197
0.25 0.25 0.25 0.25
38.773523455060534
45.0
332.9658867851748 264.33548354700326
0
332.9658867851748 218.88000205056642
0.25 0.25 0.25 0.25
45.455481496436846
45.0
64.13460149182744 117.19454535637429
0
64.13460149182744 94.87996652808616
0.25 0.25 0.25 0.25
22.314578828288134
45.0
335.7134734788531 55.458692298371005
1
335.7134734788531 103.22676039746146
0.25 0.25 0.25 0.25
47.768068099090456
45.0
167.0023153442639 260.087610198264
2
176.96715938070685 260.087610198264
0.25 0.25 0.25 0.25
9.96484403644295
45.0
33.54742077597453 85.40878079299972
3
24.31420310491427 85.40878079299972
0.25 0.25 0.25 0.25
9.233217671060261
45.0
488.7524133424657 261.220158788331
3
452.5043614515074 261.220158788331
0.25 0.25 0.25 0.25
36.24805189095826
45.0
393.4531390521313 462.49294007297124
0
393.4531390521313 430.2010877060873
0.25 0.25 0.25 0.25
32.291852366883916
45.0
462.3136672868659 154.71818712802502
3
424.8077195493365 154.71818712802502
0.25 0.25 0.25 0.25
37.50594773752936
45.0
248.94417355829216 96.00726383881937
1
248.94417355829216 100.86602459385267
0.25 0.25 0.25 0.25
4.858760755033298
45.0
413.5818009879799 285.5630359357899
3
406.1159088361006 285.5630359357899
0.25 0.25 0.25 0.25
7.465892151879277
45.0
13.539841871581672 248.26709050129378
1
13.539841871581672 263.07959911026296
0.25 0.25 0.25 0.25
14.812508608969182
45.0
62.390232881151185 369.20921818797484
2
97.94885306699538 369.20921818797484
0.25 0.25 0.25 0.25
35.5586201858442
45.0
406.1966958166543 109.2705043206723
2
438.36027502873935 109.2705043206723
0.25 0.25 0.25 0.25
32.16357921208506
45.0
196.88012163580393 343.96928285282604
1
196.88012163580393 352.63034310684924
0.25 0.25 0.25 0.25
8.661060254023178
45.0
327.55275091369685 31.810507221200798
3
300.0763612283656 31.810507221200798
0.25 0.25 0.25 0.25
27.476389685331238
45.0
90.5321453108766 481.8771446775928
0
90.5321453108766 476.2197018151545
0.25 0.25 0.25 0.25
41.90315350725264
45.0
