91238
94.55580970077847 387.7206229575819
0
94.55580970077847 246.37080749840817
0.25 0.25 0.25 0.25
141.34981545917373
45.0
466.5459195790786 356.40243985201727
3
337.28647215371024 356.40243985201727
0.25 0.25 0.25 0.25
129.25944742536836
45.0
493.7336534216746 300.68127917324705
3
377.1188352823459 300.68127917324705
0.25 0.25 0.25 0.25
129.14751129597948
45.0
286.1696421634565 162.47527649027165
1
286.1696421634565 285.21643016245775
0.25 0.25 0.25 0.25
122.7411536721861
45.0
307.80998841453015 376.8390774477899
0
307.80998841453015 450.07191809414087
0.25 0.25 0.25 0.25
173.08900445806918
45.0
352.899031569164 58.52339951428078
2
461.2972952172113 58.52339951428078
0.25 0.25 0.25 0.25
108.39826364804728
45.0
83.0430478786279 186.4582489253438
0
83.0430478786279 61.70380812030086
0.25 0.25 0.25 0.25
124.75444080504295
45.0
307.2969571265241 71.41970076853255
3
171.68815293361115 71.41970076853255
0.25 0.25 0.25 0.25
135.60880419291294
45.0
389.6773098915731 432.6792258225387
0
389.6773098915731 463.5553569224189
0.25 0.25 0.25 0.25
103.76541725504241
45.0
383.700487380911 161.36719415390132
1
383.700487380911 315.5216112909582
0.25 0.25 0.25 0.25
154.1544171370569
45.0
225.869885651275 161.52254841397217
0
225.869885651275 68.63402126092615
0.25 0.25 0.25 0.25
92.88852715304603
45.0
497.6780756000715 213.6057621001708
0
497.6780756000715 123.01315218409196
0.25 0.25 0.25 0.25
90.59260991607884
45.0
299.5449133178827 291.322599486994
2
387.6161875265689 291.322599486994
0.25 0.25 0.25 0.25
88.07127420868626
45.0
131.11566228090587 397.42979836476025
0
131.11566228090587 444.3710647231703
0.25 0.25 0.25 0.25
158.19913691206946
45.0
19.01981067970479 200.97159098728565
2
174.42660242460067 200.97159098728565
0.25 0.25 0.25 0.25
155.40679174489588
45.0
87.68485014962376 72.72129152456593
2
193.80854241412328 72.72129152456593
0.25 0.25 0.25 0.25
106.12369226449952
45.0
193.5629393033978 73.12132560637241
3
45.9530069604304 73.12132560637241
0.25 0.25 0.25 0.25
147.6099323429674
45.0
87.0781676477264 462.1846955425971
0
87.0781676477264 343.77094432734555
0.25 0.25 0.25 0.25
118.41375121525157
45.0
390.49899122588647 36.384624450336844
3
464.1642001484628 36.384624450336844
0.25 0.25 0.25 0.25
145.33680862565078
45.0
142.90543582062048 200.06923769135932
3
48.577005729750056 200.06923769135932
0.25 0.25 0.25 0.25
94.32843009087043
45.0
364.18112896753587 132.39445854540202
1
364.18112896753587 297.9726398395658
0.25 0.25 0.25 0.25
165.57818129416376
45.0
150.41581015636112 182.60318366393633
2
22.700973495578467 182.60318366393633
0.25 0.25 0.25 0.25
173.11678365193958
45.0
303.6997160357781 479.4137249405155
2
438.20908911012964 479.4137249405155
0.25 0.25 0.25 0.25
134.50937307435154
45.0
98.497092782644 403.6917877857203
2
194.35260959729334 403.6917877857203
0.25 0.25 0.25 0.25
95.85551681464933
45.0
212.29157612908557 47.644863894532136
1
212.29157612908557 58.14036294521111
0.25 0.25 0.25 0.25
105.78522683974325
45.0
293.6115583121678 103.42342127774701
3
202.82614939523904 103.42342127774701
0.25 0.25 0.25 0.25
90.78540891692877
45.0
350.5743081691681 141.130557311058
3
236.44891267754758 141.130557311058
0.25 0.25 0.25 0.25
114.12539549162051
45.0
99.88369487494106 39.03501598589935
2
66.22040722512213 39.03501598589935
0.25 0.25 0.25 0.25
166.1041021000632
45.0
453.67014083685183 451.9075619897005
3
316.0041448003719 451.9075619897005
0.25 0.25 0.25 0.25
137.66599603647995
45.0
108.75329443423539 487.2861651006142
0
108.75329443423539 378.39699416706503
0.25 0.25 0.25 0.25
134.31684073232077
45.0
337.8772219541904 40.914944188714344
1
337.8772219541904 90.03819310591348
0.25 0.25 0.25 0.25
130.95313729462782
45.0
420.65780578424017 229.45843756885347
3
257.43572873472567 229.45843756885347
0.25 0.25 0.25 0.25
163.2220770495145
45.0
236.707065417502 337.50211088265365
0
236.707065417502 216.114156698574
0.25 0.25 0.25 0.25
121.38795418407967
45.0
411.04178533138577 357.19431378644686
0
411.04178533138577 262.35825363318406
0.25 0.25 0.25 0.25
94.83606015326276
45.0
221.05508125559749 362.4099050587745
1
221.05508125559749 496.52641480525614
0.25 0.25 0.25 0.25
134.11650974648165
45.0
127.65615356814129 186.07095524457253
0
127.65615356814129 19.342077434782595
0.25 0.25 0.25 0.25
166.72887780978994
45.0
333.2802385254057 248.7825850683417
0
333.2802385254057 156.73271321878593
0.25 0.25 0.25 0.25
92.04987184955577
45.0
170.47091751448932 34.579315319678926
3
77.97829056036687 34.579315319678926
0.25 0.25 0.25 0.25
92.49262695412244
45.0
220.78384572228458 133.00819284763043
3
83.26874338052619 133.00819284763043
0.25 0.25 0.25 0.25
137.5151023417584
45.0
62.01858770819112 202.3645946305238
2
76.90302931507131 202.3645946305238
0.25 0.25 0.25 0.25
14.88444160688019
45.0
151.11982301056693 288.6574617600004
1
151.11982301056693 323.9189845328697
0.25 0.25 0.25 0.25
35.26152277286926
45.0
438.2956558357745 394.75230800316115
1
438.2956558357745 437.4222293039296
0.25 0.25 0.25 0.25
42.669921300768486
45.0
166.64686968156036 336.877003282523
0
166.64686968156036 291.47387545186814
0.25 0.25 0.25 0.25
45.40312783065487
45.0
404.1016438674594 421.536088651176
1
404.1016438674594 455.8080788029839
0.25 0.25 0.25 0.25
34.2719901518079
45.0
356.10471497342706 455.1519019683232
2
381.46212254473187 455.1519019683232
0.25 0.25 0.25 0.25
25.35740757130483
45.0
81.55484004907295 317.4012148219649
3
78.61209473662579 317.4012148219649
0.25 0.25 0.25 0.25
2.9427453124471645
45.0
419.9050507916252 106.04058716198514
3
380.5830995525556 106.04058716198514
0.25 0.25 0.25 0.25
39.321951239069556
45.0
186.08415846066964 353.8677418060036
3
165.30437128175453 353.8677418060036
0.25 0.25 0.25 0.25
20.77978717891512
45.0
