91238
219.79769657492074 470.9295615832443
0
219.79769657492074 387.7206229575819
0.25 0.25 0.25 0.25
141.34981545917373
45.0
51.734868086445886 356.4024398520172
1
51.734868086445886 485.6618872773856
0.25 0.25 0.25 0.25
129.25944742536836
45.0
493.7336534216746 42.38625658128808
3
364.5861421256951 42.38625658128808
0.25 0.25 0.25 0.25
129.14751129597948
45.0
390.8400252131314 57.80489344059674
3
486.4188211146825 57.80489344059674
0.25 0.25 0.25 0.25
122.7411536721861
45.0
346.0120026693314 7.872958216763607
3
172.92299821126224 7.872958216763607
0.25 0.25 0.25 0.25
173.08900445806918
45.0
405.8888139671669 182.68875494938814
3
297.4905503191197 182.68875494938814
0.25 0.25 0.25 0.25
108.39826364804728
45.0
293.1847480961575 309.2482161707302
0
293.1847480961575 184.49377536568724
0.25 0.25 0.25 0.25
124.75444080504295
45.0
455.61749738134426 20.681330118923086
3
320.0086931884313 20.681330118923086
0.25 0.25 0.25 0.25
135.60880419291294
45.0
63.03853167902058 225.14839131245395
2
40.72688557602183 225.14839131245395
0.25 0.25 0.25 0.25
103.76541725504241
45.0
383.70048738091094 311.5141885092186
0
383.70048738091094 157.35977137216173
0.25 0.25 0.25 0.25
154.1544171370569
45.0
154.75515718173529 347.29960272006423
2
247.6436843347813 347.29960272006423
0.25 0.25 0.25 0.25
92.88852715304603
45.0
313.01156484478116 35.9018331911457
2
403.60417476086 35.9018331911457
0.25 0.25 0.25 0.25
90.59260991607884
45.0
180.2576554047452 58.32476056538654
2
268.32892961343146 58.32476056538654
0.25 0.25 0.25 0.25
88.07127420868626
45.0
23.721703896419683 26.362433843864835
2
181.92084080848915 26.362433843864835
0.25 0.25 0.25 0.25
158.19913691206946
45.0
485.24018591439244 157.11294934948444
0
485.24018591439244 1.7061576045885545
0.25 0.25 0.25 0.25
155.40679174489588
45.0
230.68622664387487 245.64978526893265
0
230.68622664387487 139.5260930044331
0.25 0.25 0.25 0.25
106.12369226449952
45.0
374.442398047137 41.21908033582332
1
374.442398047137 188.82901267879072
0.25 0.25 0.25 0.25
147.6099323429674
45.0
31.335583567525163 396.460934605333
0
31.335583567525163 485.12531417941545
0.25 0.25 0.25 0.25
118.41375121525157
45.0
336.1850519023674 437.67972956817846
3
190.8482432767166 437.67972956817846
0.25 0.25 0.25 0.25
145.33680862565078
45.0
48.57700572975 139.63175167254764
2
45.75142436112043 139.63175167254764
0.25 0.25 0.25 0.25
94.32843009087043
45.0
476.77160197331784 304.50355207458324
3
311.1934206791541 304.50355207458324
0.25 0.25 0.25 0.25
165.57818129416376
45.0
150.41581015636112 182.60318366393633
1
150.41581015636112 355.7199673158759
0.25 0.25 0.25 0.25
173.11678365193958
45.0
169.19034296142658 228.03557490708542
3
34.68096988707504 228.03557490708542
0.25 0.25 0.25 0.25
134.50937307435154
45.0
380.7804912906026 267.296829916825
2
476.6360081052519 267.296829916825
0.25 0.25 0.25 0.25
95.85551681464933
45.0
210.8493312298874 375.49604346444085
1
210.8493312298874 481.2812703041841
0.25 0.25 0.25 0.25
105.78522683974325
45.0
475.1823761460254 466.56505694546206
3
384.3969672290966 466.56505694546206
0.25 0.25 0.25 0.25
90.78540891692877
45.0
334.17806478055496 54.13372124402207
1
334.17806478055496 59.99167424759844
0.25 0.25 0.25 0.25
114.12539549162051
45.0
272.738571774246 133.8198609134056
2
438.8426738743092 133.8198609134056
0.25 0.25 0.25 0.25
166.1041021000632
45.0
169.66989879834875 451.9075619897005
0
169.66989879834875 314.2415659532206
0.25 0.25 0.25 0.25
137.66599603647995
45.0
302.85225004031076 244.08015343474426
2
437.16909077263153 244.08015343474426
0.25 0.25 0.25 0.25
134.31684073232077
45.0
233.56042558134345 40.914944188714344
3
102.60728828671563 40.914944188714344
0.25 0.25 0.25 0.25
130.95313729462782
45.0
457.4551925720714 260.20779357969
1
457.4551925720714 423.4298706292045
0.25 0.25 0.25 0.25
163.2220770495145
45.0
306.6374843735419 123.62256904185692
1
306.6374843735419 245.0105232259366
0.25 0.25 0.25 0.25
121.38795418407967
45.0
157.97457558819085 167.5221934799213
2
252.8106357414536 167.5221934799213
0.25 0.25 0.25 0.25
94.83606015326276
45.0
169.54680178662272 167.1089635376644
2
303.6633115331044 167.1089635376644
0.25 0.25 0.25 0.25
134.11650974648165
45.0
38.32619052416942 352.4265661956226
2
205.05506833395935 352.4265661956226
0.25 0.25 0.25 0.25
166.72887780978994
45.0
219.0189925719289 353.3810472630109
1
219.0189925719289 445.43091911256664
0.25 0.25 0.25 0.25
92.04987184955577
45.0
77.97829056036687 393.04602646023955
2
170.47091751448932 393.04602646023955
0.25 0.25 0.25 0.25
92.49262695412244
45.0
91.64064256892345 345.3118624047713
0
91.64064256892345 207.79676006301293
0.25 0.25 0.25 0.25
137.5151023417584
45.0
131.47915318125135 217.249036237404
2
146.36359478813154 217.249036237404
0.25 0.25 0.25 0.25
14.88444160688019
45.0
115.85830023769768 41.82680234991559
3
80.59677746482842 41.82680234991559
0.25 0.25 0.25 0.25
35.26152277286926
45.0
224.94604933193213 477.23792809453346
2
267.6159706327006 477.23792809453346
0.25 0.25 0.25 0.25
42.669921300768486
45.0
60.368769471713975 291.47387545186814
2
105.77189730236884 291.47387545186814
0.25 0.25 0.25 0.25
45.40312783065487
45.0
198.4697029566119 284.4481280439443
0
198.4697029566119 250.17613789213638
0.25 0.25 0.25 0.25
34.2719901518079
45.0
390.3212093135249 189.84439203340943
3
364.9638017422201 189.84439203340943
0.25 0.25 0.25 0.25
25.35740757130483
45.0
55.0701322370485 349.77141325888397
0
55.0701322370485 346.8286679464368
0.25 0.25 0.25 0.25
2.9427453124471645
45.0
26.685538400929552 341.97229459640243
2
12.636412838140004 341.97229459640243
0.25 0.25 0.25 0.25
39.321951239069556
45.0
352.32245589199056 21.391146943361754
1
352.32245589199056 42.170934122276876
0.25 0.25 0.25 0.25
20.77978717891512
45.0
