18310
108.03493308436512 344.7980807835364
2
249.86936793729035 344.7980807835364
0.25 0.25 0.25 0.25
141.83443485292523
45.0
244.9100613281448 460.58004153684874
0
244.9100613281448 389.45606025101597
0.25 0.25 0.25 0.25
149.96389821213532
45.0
495.4780747862949 357.55918123145534
1
495.4780747862949 488.86474591188255
0.25 0.25 0.25 0.25
131.30556468042718
45.0
434.0649030982182 256.5346432529751
0
434.0649030982182 89.95573706949173
0.25 0.25 0.25 0.25
166.57890618348338
45.0
193.09806221766175 152.7627006339868
2
311.87826248532906 152.7627006339868
0.25 0.25 0.25 0.25
118.78020026766731
45.0
32.273410831303394 354.37515559423855
2
143.44934867192234 354.37515559423855
0.25 0.25 0.25 0.25
111.17593784061894
45.0
96.81053429454045 432.2532250575871
2
226.9885364330213 432.2532250575871
0.25 0.25 0.25 0.25
130.17800213848085
45.0
329.32193499262 215.0162227571982
3
220.75955265287416 215.0162227571982
0.25 0.25 0.25 0.25
108.56238233974584
45.0
284.8580203086261 232.44771761824407
0
284.8580203086261 58.818788936056706
0.25 0.25 0.25 0.25
173.62892868218736
45.0
462.5774849251477 378.60875967788786
0
462.5774849251477 481.534255896476
0.25 0.25 0.25 0.25
139.85698442563617
45.0
216.18189684164773 148.73565327878126
1
216.18189684164773 295.5872595221475
0.25 0.25 0.25 0.25
146.85160624336626
45.0
444.73133295309344 77.35081030786438
1
444.73133295309344 62.37981603484366
0.25 0.25 0.25 0.25
139.73062634270804
45.0
53.27057763465376 264.930844910926
1
53.27057763465376 400.2036648040796
0.25 0.25 0.25 0.25
135.2728198931536
45.0
346.46239639063674 176.13339622132534
2
453.746708678818 176.13339622132534
0.25 0.25 0.25 0.25
107.28431228818121
45.0
153.979252637644 442.8808218532712
2
276.2267421377942 442.8808218532712
0.25 0.25 0.25 0.25
122.24748950015018
45.0
442.0722257238514 176.1531631394971
3
309.4017254813774 176.1531631394971
0.25 0.25 0.25 0.25
132.670500242474
45.0
144.2277100094209 470.5454992931242
0
144.2277100094209 395.7420897165325
0.25 0.25 0.25 0.25
133.7124109903433
45.0
238.6274844709352 321.2591951460927
3
130.34107032119073 321.2591951460927
0.25 0.25 0.25 0.25
108.28641414974446
45.0
305.112251941064 172.78223789377137
1
305.112251941064 292.3638402418017
0.25 0.25 0.25 0.25
119.58160234803034
45.0
220.022273423976 362.32848313365525
1
220.022273423976 490.90347033122157
0.25 0.25 0.25 0.25
128.57498719756632
45.0
449.18312541396625 468.45061633405726
0
449.18312541396625 364.22725510079226
0.25 0.25 0.25 0.25
167.32212856515042
45.0
272.0262230669402 290.67283371435127
1
272.0262230669402 443.2053716699015
0.25 0.25 0.25 0.25
152.53253795555025
45.0
162.09661728611798 459.1425498644642
3
42.645274523001945 459.1425498644642
0.25 0.25 0.25 0.25
119.45134276311603
45.0
345.00461177032935 373.9858612413715
3
229.37264758964315 373.9858612413715
0.25 0.25 0.25 0.25
115.6319641806862
45.0
188.80162706093202 358.02435869352996
3
42.733527917562185 358.02435869352996
0.25 0.25 0.25 0.25
146.06809914336984
45.0
8.060186157417377 215.05107901812906
1
8.060186157417377 381.7250550437267
0.25 0.25 0.25 0.25
166.67397602559763
45.0
384.4299017028169 123.0136608957362
1
384.4299017028169 265.3526112742968
0.25 0.25 0.25 0.25
142.3389503785606
45.0
325.97185097130716 136.34559736847893
0
325.97185097130716 32.568111294836314
0.25 0.25 0.25 0.25
103.77748607364262
45.0
484.78779932502596 194.22643152115054
3
393.05313906456706 194.22643152115054
0.25 0.25 0.25 0.25
91.73466026045892
45.0
461.22178114063786 17.21067151087368
3
379.2243730034505 17.21067151087368
0.25 0.25 0.25 0.25
159.55384585591162
45.0
140.09841423579485 121.08429396518288
1
140.09841423579485 247.2354191006242
0.25 0.25 0.25 0.25
126.15112513544132
45.0
338.4492319424279 426.9299503986746
2
482.79455682682396 426.9299503986746
0.25 0.25 0.25 0.25
144.34532488439604
45.0
307.9706736660062 48.15565463607072
1
307.9706736660062 193.31550602160314
0.25 0.25 0.25 0.25
145.15985138553242
45.0
467.2626174141283 431.6785186401788
3
402.7427226319288 431.6785186401788
0.25 0.25 0.25 0.25
129.9946599539429
45.0
24.878670099235705 247.02742208053098
2
162.6278497221066 247.02742208053098
0.25 0.25 0.25 0.25
137.74917962287088
45.0
209.89836237059936 261.177534180183
3
85.92876054786512 261.177534180183
0.25 0.25 0.25 0.25
123.96960182273423
45.0
328.5589640207531 193.85726931013204
2
429.18804106677294 193.85726931013204
0.25 0.25 0.25 0.25
100.62907704601984
45.0
147.44577111449405 400.37783426269357
0
147.44577111449405 304.79085941495543
0.25 0.25 0.25 0.25
95.58697484773815
45.0
89.14697189236654 365.9488248587164
0
89.14697189236654 196.4437209019427
0.25 0.25 0.25 0.25
169.50510395677372
45.0
437.06569203462726 305.2190480374451
0
437.06569203462726 211.6419308216805
0.25 0.25 0.25 0.25
93.57711721576459
45.0
485.7838265204624 261.36631594863195
0
485.7838265204624 131.7550860967141
0.25 0.25 0.25 0.25
129.61122985191784
45.0
258.2190190608186 105.73892857855435
1
258.2190190608186 265.07066818386943
0.25 0.25 0.25 0.25
159.33173960531508
45.0
170.24047820825817 100.19150811394954
2
341.7354397479497 100.19150811394954
0.25 0.25 0.25 0.25
171.49496153969156
45.0
416.275806401243 82.80582996849546
3
448.5938928858492 82.80582996849546
0.25 0.25 0.25 0.25
135.1303007129078
45.0
396.0044066995181 47.489526457236366
1
396.0044066995181 111.24543510634913
0.25 0.25 0.25 0.25
158.7349615635855
45.0
147.4517350997029 185.10133210523156
3
4.793841680383196 185.10133210523156
0.25 0.25 0.25 0.25
142.6578934193197
45.0
66.2530519791589 80.20918828892945
1
66.2530519791589 216.733143087506
0.25 0.25 0.25 0.25
136.52395479857654
45.0
214.7127017460537 387.66407404299184
0
214.7127017460537 228.13379744758964
0.25 0.25 0.25 0.25
159.5302765954022
45.0
