18310
384.5448467606923 499.0495723044917
3
473.62071838638246 499.0495723044917
0.25 0.25 0.25 0.25
141.83443485292523
45.0
345.12667205533296 439.92538349325696
3
195.16277384319767 439.92538349325696
0.25 0.25 0.25 0.25
149.96389821213532
45.0
423.6608779766955 86.80203025324377
1
423.6608779766955 44.50353442718341
0.25 0.25 0.25 0.25
131.30556468042718
45.0
232.77728453481504 409.25441858185866
3
66.19837835133166 409.25441858185866
0.25 0.25 0.25 0.25
166.57890618348338
45.0
94.22073617633447 241.0479075933367
0
94.22073617633447 122.26770732566939
0.25 0.25 0.25 0.25
118.78020026766731
45.0
32.273410831303394 20.26390150681128
2
143.44934867192234 20.26390150681128
0.25 0.25 0.25 0.25
111.17593784061894
45.0
116.21550205963399 41.71921864214454
2
13.962500078846858 41.71921864214454
0.25 0.25 0.25 0.25
130.17800213848085
45.0
150.80471225093817 300.64004615465666
3
42.24232991119233 300.64004615465666
0.25 0.25 0.25 0.25
108.56238233974584
45.0
284.8580203086261 496.15843079637034
0
284.8580203086261 330.21264052144227
0.25 0.25 0.25 0.25
173.62892868218736
45.0
322.72050049951156 404.68059853248053
0
322.72050049951156 264.8236141068444
0.25 0.25 0.25 0.25
139.85698442563617
45.0
97.29153430184536 442.4388657655138
2
49.5600719415209 442.4388657655138
0.25 0.25 0.25 0.25
146.85160624336626
45.0
18.23177727711817 62.379816034843714
2
157.9624036198262 62.379816034843714
0.25 0.25 0.25 0.25
139.73062634270804
45.0
483.08699966473523 318.02110565885073
3
381.64018044211116 318.02110565885073
0.25 0.25 0.25 0.25
135.2728198931536
45.0
312.0212069842677 425.1432102040568
2
419.3055192724489 425.1432102040568
0.25 0.25 0.25 0.25
107.28431228818121
45.0
90.51572636265638 24.089052148531152
1
90.51572636265638 146.33654164868133
0.25 0.25 0.25 0.25
122.24748950015018
45.0
432.12972936096105 124.73165756259559
3
299.4592291184871 124.73165756259559
0.25 0.25 0.25 0.25
132.670500242474
45.0
460.3212218746987 191.74834760213855
1
460.3212218746987 325.46075859248185
0.25 0.25 0.25 0.25
133.7124109903433
45.0
487.3578183844311 295.8369224937928
1
487.3578183844311 404.1233366435373
0.25 0.25 0.25 0.25
108.28641414974446
45.0
379.4901222306022 488.17986372210527
2
499.07172457863254 488.17986372210527
0.25 0.25 0.25 0.25
119.58160234803034
45.0
348.5972606215423 33.803316702017355
1
348.5972606215423 162.37830389958367
0.25 0.25 0.25 0.25
128.57498719756632
45.0
212.23984606483037 192.97235514473937
0
212.23984606483037 25.650226579588946
0.25 0.25 0.25 0.25
167.32212856515042
45.0
202.64839737755727 353.6113312635432
0
202.64839737755727 201.07879330799295
0.25 0.25 0.25 0.25
152.53253795555025
45.0
414.71573373444926 489.8153768374367
3
465.8329235024347 489.8153768374367
0.25 0.25 0.25 0.25
119.45134276311603
45.0
304.3169341441536 122.79860440970816
3
188.68496996346744 122.79860440970816
0.25 0.25 0.25 0.25
115.6319641806862
45.0
289.916338197124 256.90964755733796
1
289.916338197124 402.9777467007078
0.25 0.25 0.25 0.25
146.06809914336984
45.0
8.01633000383157 215.09493517171487
1
8.01633000383157 381.7689111973125
0.25 0.25 0.25 0.25
166.67397602559763
45.0
238.46360397418064 268.97995862437244
3
96.12465359562003 268.97995862437244
0.25 0.25 0.25 0.25
142.3389503785606
45.0
183.36848326126963 486.31931907337685
0
183.36848326126963 382.5418329997342
0.25 0.25 0.25 0.25
103.77748607364262
45.0
108.76789541814225 264.4468697811441
0
108.76789541814225 172.71220952068515
0.25 0.25 0.25 0.25
91.73466026045892
45.0
219.6705271475389 25.46625335365661
1
219.6705271475389 185.02009920956823
0.25 0.25 0.25 0.25
159.55384585591162
45.0
275.4585404547666 22.56017208033306
1
275.4585404547666 148.71129721577438
0.25 0.25 0.25 0.25
126.15112513544132
45.0
338.4492319424279 129.61680075736493
2
482.79455682682396 129.61680075736493
0.25 0.25 0.25 0.25
144.34532488439604
45.0
114.45394318429294 80.88523705073476
2
259.61379456982536 80.88523705073476
0.25 0.25 0.25 0.25
145.15985138553242
45.0
392.6199015726155 471.635798271722
3
477.3854384734416 471.635798271722
0.25 0.25 0.25 0.25
129.9946599539429
45.0
132.14589801894715 180.78972773746773
2
5.603281603923733 180.78972773746773
0.25 0.25 0.25 0.25
137.74917962287088
45.0
201.6551769524733 277.663905016435
1
201.6551769524733 401.6335068391693
0.25 0.25 0.25 0.25
123.96960182273423
45.0
73.95734416332631 397.33565204559
0
73.95734416332631 296.70657499957014
0.25 0.25 0.25 0.25
100.62907704601984
45.0
43.728178580982316 120.94338152198013
0
43.728178580982316 25.35640667424198
0.25 0.25 0.25 0.25
95.58697484773815
45.0
224.59082836785558 179.41309716130036
3
55.085724411081856 179.41309716130036
0.25 0.25 0.25 0.25
169.50510395677372
45.0
33.40893379815839 478.2784281576153
0
33.40893379815839 428.14445462662013
0.25 0.25 0.25 0.25
93.57711721576459
45.0
106.44077051789469 335.14599357931763
1
106.44077051789469 464.7572234312355
0.25 0.25 0.25 0.25
129.61122985191784
45.0
98.88727945550352 460.27541497360994
0
98.88727945550352 380.392845421075
0.25 0.25 0.25 0.25
159.33173960531508
45.0
230.68898334742354 414.21166195518333
2
402.1839448871151 414.21166195518333
0.25 0.25 0.25 0.25
171.49496153969156
45.0
281.1455056883352 407.1543264039565
0
281.1455056883352 457.71537288313573
0.25 0.25 0.25 0.25
135.1303007129078
45.0
254.89970926294865 381.1251276150331
2
413.63467082653415 381.1251276150331
0.25 0.25 0.25 0.25
158.7349615635855
45.0
144.66224297017868 467.62762681434674
0
144.66224297017868 389.7144797663336
0.25 0.25 0.25 0.25
142.6578934193197
45.0
250.63632875638353 373.6949925167645
0
250.63632875638353 237.17103771818796
0.25 0.25 0.25 0.25
136.52395479857654
45.0
306.69646846773963 313.77047830276325
2
466.22674506314183 313.77047830276325
0.25 0.25 0.25 0.25
159.5302765954022
45.0
