18310
242.71041190776702 222.5396586281645
0
242.71041190776702 80.70522377523926
0.25 0.25 0.25 0.25
141.83443485292523
45.0
244.9100613281448 60.43563438538999
1
244.9100613281448 89.52826382674533
0.25 0.25 0.25 0.25
149.96389821213532
45.0
364.1725101058677 36.35751280982623
1
364.1725101058677 94.94805187060095
0.25 0.25 0.25 0.25
131.30556468042718
45.0
231.72415873661552 77.14973201309141
2
398.3030649200989 77.14973201309141
0.25 0.25 0.25 0.25
166.57890618348338
45.0
480.41686061165797 134.55609776000944
3
400.80293912067475 134.55609776000944
0.25 0.25 0.25 0.25
118.78020026766731
45.0
32.27341083130344 312.68047144947514
1
32.27341083130344 423.85640929009406
0.25 0.25 0.25 0.25
111.17593784061894
45.0
315.74252146365535 88.45878349633631
1
315.74252146365535 218.63678563481716
0.25 0.25 0.25 0.25
130.17800213848085
45.0
220.75955265287416 110.67092426203932
0
220.75955265287416 2.108541922293483
0.25 0.25 0.25 0.25
108.56238233974584
45.0
194.25519364481173 58.818788936056706
1
194.25519364481173 232.44771761824407
0.25 0.25 0.25 0.25
173.62892868218736
45.0
397.56553064921616 357.60765065734097
3
462.5774849251477 357.60765065734097
0.25 0.25 0.25 0.25
139.85698442563617
45.0
490.1148906716197 148.73565327878126
1
490.1148906716197 295.5872595221475
0.25 0.25 0.25 0.25
146.85160624336626
45.0
165.27008026767737 77.35081030786432
2
305.0007066103854 77.35081030786432
0.25 0.25 0.25 0.25
139.73062634270804
45.0
164.18480140372867 329.2506954096132
1
164.18480140372867 464.5235153027668
0.25 0.25 0.25 0.25
135.2728198931536
45.0
239.17808410245553 145.71954064321835
1
239.17808410245553 253.00385293139956
0.25 0.25 0.25 0.25
107.28431228818121
45.0
68.49564236385791 442.8808218532712
0
68.49564236385791 434.8716886465786
0.25 0.25 0.25 0.25
122.24748950015018
45.0
105.42472693622128 247.45966144217923
1
105.42472693622128 380.1301616846532
0.25 0.25 0.25 0.25
132.670500242474
45.0
256.909522961609 69.40826632209428
3
123.19711197126571 69.40826632209428
0.25 0.25 0.25 0.25
133.7124109903433
45.0
455.20031277042415 111.88646145288517
0
455.20031277042415 3.6000473031407125
0.25 0.25 0.25 0.25
108.28641414974446
45.0
185.53064959303367 9.853454329983833
3
65.94904724500333 9.853454329983833
0.25 0.25 0.25 0.25
119.58160234803034
45.0
20.07209418990442 123.37156807607948
2
148.64708138747073 123.37156807607948
0.25 0.25 0.25 0.25
128.57498719756632
45.0
281.8609968488159 301.12848776890684
2
449.1831254139663 301.12848776890684
0.25 0.25 0.25 0.25
167.32212856515042
45.0
102.41667853354323 489.0668626412468
0
102.41667853354323 336.53432468569656
0.25 0.25 0.25 0.25
152.53253795555025
45.0
32.416810345042336 459.1425498644642
2
151.86815310815837 459.1425498644642
0.25 0.25 0.25 0.25
119.45134276311603
45.0
348.7871733137879 469.6944969517667
0
348.7871733137879 354.06253277108055
0.25 0.25 0.25 0.25
115.6319641806862
45.0
166.3249330573431 88.36485441037922
2
312.3930322007129 88.36485441037922
0.25 0.25 0.25 0.25
146.06809914336984
45.0
341.3642820550268 451.60096893067566
3
491.9617419193755 451.60096893067566
0.25 0.25 0.25 0.25
166.67397602559763
45.0
469.60380056854683 446.3421406185063
3
327.2648501899862 446.3421406185063
0.25 0.25 0.25 0.25
142.3389503785606
45.0
258.91820473412224 486.31931907337685
2
362.6956908077649 486.31931907337685
0.25 0.25 0.25 0.25
103.77748607364262
45.0
432.5588032795632 377.6957520420684
0
432.5588032795632 285.9610917816095
0.25 0.25 0.25 0.25
91.73466026045892
45.0
305.0243768765995 25.46625335365661
2
464.5782227325111 25.46625335365661
0.25 0.25 0.25 0.25
159.55384585591162
45.0
364.5060863059705 122.0089552221692
1
364.5060863059705 248.16008035761052
0.25 0.25 0.25 0.25
126.15112513544132
45.0
348.86650613320023 294.7966740233056
3
204.52118124880417 294.7966740233056
0.25 0.25 0.25 0.25
144.34532488439604
45.0
127.50888049059108 97.0041967494617
2
272.6687318761235 97.0041967494617
0.25 0.25 0.25 0.25
145.15985138553242
45.0
37.321357920756384 301.6838586862359
2
167.31601787469927 301.6838586862359
0.25 0.25 0.25 0.25
129.9946599539429
45.0
352.61312612947313 420.5323443433057
2
490.362305752344 420.5323443433057
0.25 0.25 0.25 0.25
137.74917962287088
45.0
294.2232303384636 474.39689133809645
0
294.2232303384636 350.4272895153622
0.25 0.25 0.25 0.25
123.96960182273423
45.0
67.66657370312784 202.36826841374886
1
67.66657370312784 302.9973454597687
0.25 0.25 0.25 0.25
100.62907704601984
45.0
51.8587962667559 260.6606078923368
2
43.728178580982245 260.6606078923368
0.25 0.25 0.25 0.25
95.58697484773815
45.0
232.83261228053857 295.04096722773613
3
63.327508323764846 295.04096722773613
0.25 0.25 0.25 0.25
169.50510395677372
45.0
124.39701125996032 133.3182486679674
0
124.39701125996032 39.74113145220281
0.25 0.25 0.25 0.25
93.57711721576459
45.0
393.0624354838874 349.79999449561444
3
263.4512056319695 349.79999449561444
0.25 0.25 0.25 0.25
129.61122985191784
45.0
417.5507586661337 265.07066818386943
0
417.5507586661337 105.73892857855435
0.25 0.25 0.25 0.25
159.33173960531508
45.0
341.7354397479497 71.30345342574202
1
341.7354397479497 100.19150811394954
0.25 0.25 0.25 0.25
171.49496153969156
45.0
259.37569716329597 407.1543264039565
0
259.37569716329597 457.71537288313573
0.25 0.25 0.25 0.25
135.1303007129078
45.0
396.0044066995181 269.98039666993463
0
396.0044066995181 111.24543510634913
0.25 0.25 0.25 0.25
158.7349615635855
45.0
140.65354386846082 470.41711894387095
2
283.3114372877805 470.41711894387095
0.25 0.25 0.25 0.25
142.6578934193197
45.0
114.6032192293818 80.20918828892945
2
21.920735569194733 80.20918828892945
0.25 0.25 0.25 0.25
136.52395479857654
45.0
12.364084723064764 48.10841531562795
2
147.16619187233744 48.10841531562795
0.25 0.25 0.25 0.25
159.5302765954022
45.0
