49796
285.8906494936873 146.02984584935746
2
398.6618817329439 146.02984584935746
0.25 0.25 0.25 0.25
112.77123223925662
45.0
358.7405666585131 310.2930906171695
0
358.7405666585131 185.597976196717
0.25 0.25 0.25 0.25
124.69511442045251
45.0
335.2996142638034 305.1881300776538
1
335.2996142638034 472.1009104237571
0.25 0.25 0.25 0.25
166.91278034610335
45.0
280.0035247917069 114.24191301677158
3
106.45839636556795 114.24191301677158
0.25 0.25 0.25 0.25
173.54512842613897
45.0
271.0125519716364 237.7719741721886
0
271.0125519716364 80.87541366532716
0.25 0.25 0.25 0.25
156.89656050686145
45.0
62.44658073915963 363.6610581658715
2
231.42456831097385 363.6610581658715
0.25 0.25 0.25 0.25
168.97798757181423
45.0
7.429004330240076 396.5311676642068
2
119.51042100517215 396.5311676642068
0.25 0.25 0.25 0.25
126.93942533541222
45.0
293.54240944726337 439.99414816658066
3
152.35200240332395 439.99414816658066
0.25 0.25 0.25 0.25
141.19040704393942
45.0
358.8384960728693 11.326785920071785
1
358.8384960728693 126.69387618882347
0.25 0.25 0.25 0.25
115.36709026875168
45.0
52.09504932502972 82.35049339090614
2
121.63118718716996 82.35049339090614
0.25 0.25 0.25 0.25
173.72623651219968
45.0
417.39150434481894 245.6980667205217
3
290.1069157977334 245.6980667205217
0.25 0.25 0.25 0.25
127.28458854708553
45.0
102.23872422442184 439.2331416411041
2
46.59721103475579 439.2331416411041
0.25 0.25 0.25 0.25
148.83593525917763
45.0
246.27403887668322 419.799375106187
0
246.27403887668322 450.34306442384354
0.25 0.25 0.25 0.25
129.85756046996948
45.0
369.4965655800821 0.0400073226980453
1
369.4965655800821 130.44002044648508
0.25 0.25 0.25 0.25
130.48002776918312
45.0
252.81290465415643 110.7150066128963
1
252.81290465415643 60.550989159147264
0.25 0.25 0.25 0.25
171.26599577204357
45.0
75.82611882185849 6.915354067063589
2
19.77610380446643 6.915354067063589
0.25 0.25 0.25 0.25
95.60222262632492
45.0
351.72414281551426 453.4091286778663
3
257.5159861034838 453.4091286778663
0.25 0.25 0.25 0.25
94.20815671203046
45.0
423.6746732529597 233.09522486973665
3
421.7686568733865 233.09522486973665
0.25 0.25 0.25 0.25
154.55666987365382
45.0
24.52186419225049 463.2621749449952
0
24.52186419225049 443.28266639647563
0.25 0.25 0.25 0.25
93.45515865852916
45.0
86.26728750062153 203.2261992340414
2
198.0561869760251 203.2261992340414
0.25 0.25 0.25 0.25
111.78889947540355
45.0
303.4632307734583 110.40089244210269
3
270.9426458370973 110.40089244210269
0.25 0.25 0.25 0.25
32.520584936361004
45.0
432.7227401136254 494.8631546655469
0
432.7227401136254 481.0988401431907
0.25 0.25 0.25 0.25
24.038005191262346
45.0
281.7930944131532 457.90614035383123
3
258.410408330465 457.90614035383123
0.25 0.25 0.25 0.25
23.382686082688213
45.0
235.7677143020199 391.54359045964543
1
235.7677143020199 417.60633539722255
0.25 0.25 0.25 0.25
26.062744937577136
45.0
125.45691961937555 296.63076351145736
2
159.44847822619244 296.63076351145736
0.25 0.25 0.25 0.25
33.99155860681689
45.0
421.0238631863908 270.10764911364026
0
421.0238631863908 265.5483581762427
0.25 0.25 0.25 0.25
4.559290937397565
45.0
259.23616302760786 293.4282666665369
3
253.60248880511176 293.4282666665369
0.25 0.25 0.25 0.25
5.633674222496088
45.0
326.91276639986233 335.47354475855536
0
326.91276639986233 317.0819142852496
0.25 0.25 0.25 0.25
18.39163047330581
45.0
141.66341436963168 312.9210438516211
1
141.66341436963168 339.14654915324274
0.25 0.25 0.25 0.25
26.22550530162165
45.0
217.28666239917504 63.21272754906386
2
245.3938416019946 63.21272754906386
0.25 0.25 0.25 0.25
28.10717920281957
45.0
412.6399400288628 230.48270938460814
1
412.6399400288628 274.05042854668034
0.25 0.25 0.25 0.25
43.56771916207219
45.0
55.70175979945268 329.103647453799
1
55.70175979945268 373.4119578093065
0.25 0.25 0.25 0.25
44.308310355507494
45.0
422.33062813612884 408.5162279729926
3
418.63606811331437 408.5162279729926
0.25 0.25 0.25 0.25
3.694560022814486
45.0
412.97735977317484 45.38786898985484
2
442.5270045558545 45.38786898985484
0.25 0.25 0.25 0.25
29.549644782679625
45.0
430.58632808789474 219.34430691673546
1
430.58632808789474 220.36360433756084
0.25 0.25 0.25 0.25
1.019297420825388
45.0
375.9525139005309 260.8057332198089
0
375.9525139005309 239.8357184500816
0.25 0.25 0.25 0.25
20.97001476972728
45.0
81.83247544924413 6.874710854309427
1
81.83247544924413 16.756662711168175
0.25 0.25 0.25 0.25
23.631373565477602
45.0
31.108891290931886 481.43693611482945
0
31.108891290931886 435.15374825950437
0.25 0.25 0.25 0.25
46.28318785532506
45.0
63.69757699295906 464.8873305884604
1
63.69757699295906 498.7113716727292
0.25 0.25 0.25 0.25
33.8240410842688
45.0
60.33207196608505 411.1665846662942
3
18.24293393249809 411.1665846662942
0.25 0.25 0.25 0.25
42.08913803358696
45.0
44.91803037187037 299.00938442013296
2
77.50097960498988 299.00938442013296
0.25 0.25 0.25 0.25
32.58294923311951
45.0
411.9108925284121 203.82955814342336
1
411.9108925284121 233.33129418819237
0.25 0.25 0.25 0.25
29.50173604476903
45.0
488.99857310998647 213.4023116021262
1
488.99857310998647 234.80780143584542
0.25 0.25 0.25 0.25
21.405489833719233
45.0
223.46300308304924 297.31802234913596
2
263.35356283437903 297.31802234913596
0.25 0.25 0.25 0.25
39.890559751329796
45.0
275.54367543751925 179.49016454056402
0
275.54367543751925 141.95747041950494
0.25 0.25 0.25 0.25
37.532694121059095
45.0
417.4888586576316 223.35239909579218
2
441.76004712128355 223.35239909579218
0.25 0.25 0.25 0.25
24.27118846365191
45.0
186.1778087403574 468.9139533922533
1
186.1778087403574 483.6994223704745
0.25 0.25 0.25 0.25
14.785468978221234
45.0
115.34263095077881 217.4732331388141
0
115.34263095077881 215.10714242503468
0.25 0.25 0.25 0.25
2.366090713779423
45.0
