42588
162.13091991955372 38.47140701746989
1
162.13091991955372 82.44581997348163
0.25 0.25 0.25 0.25
43.97441295601174
45.0
288.788837135199 250.60879107901417
0
288.788837135199 237.443746523095
0.25 0.25 0.25 0.25
13.16504455591917
45.0
73.54915766982172 436.323189140486
1
73.54915766982172 463.21018931241815
0.25 0.25 0.25 0.25
26.88700017193211
45.0
468.3374665207651 456.36947802847374
2
471.32492288077265 456.36947802847374
0.25 0.25 0.25 0.25
2.987456360007573
45.0
441.81169195259787 160.03568151133052
2
444.0851324484873 160.03568151133052
0.25 0.25 0.25 0.25
2.273440495889445
45.0
236.9678981327613 403.09056164397623
0
236.9678981327613 361.12888822591856
0.25 0.25 0.25 0.25
41.9616734180577
45.0
220.24505661739914 386.1011945153204
0
220.24505661739914 340.67430395395826
0.25 0.25 0.25 0.25
45.42689056136213
45.0
354.43011457825446 242.92107844404808
1
354.43011457825446 243.75482354667673
0.25 0.25 0.25 0.25
0.8337451026286413
45.0
471.79870422983134 196.77364273428364
3
468.45884802052626 196.77364273428364
0.25 0.25 0.25 0.25
3.3398562093050757
45.0
324.86328584187 464.18773534958893
1
324.86328584187 488.3316101432356
0.25 0.25 0.25 0.25
24.143874793646642
45.0
271.2361958702289 271.12723749531494
0
271.2361958702289 227.46468832915735
0.25 0.25 0.25 0.25
43.662549166157575
45.0
325.25131008152977 80.72422633070715
3
289.92678350394146 80.72422633070715
0.25 0.25 0.25 0.25
35.32452657758831
45.0
23.072328254895737 404.45625601652216
1
23.072328254895737 443.1641176507716
0.25 0.25 0.25 0.25
38.7078616342494
45.0
310.17800791254683 21.796771925096355
1
310.17800791254683 34.42656251092739
0.25 0.25 0.25 0.25
12.629790585831035
45.0
312.2120855354958 183.56039989822614
3
265.8628121835505 183.56039989822614
0.25 0.25 0.25 0.25
46.349273351945314
45.0
241.6637968822697 66.48689962673845
0
241.6637968822697 21.495590463872624
0.25 0.25 0.25 0.25
44.991309162865825
45.0
283.34512029776397 312.6968124100772
2
293.15848436152896 312.6968124100772
0.25 0.25 0.25 0.25
9.813364063764968
45.0
409.64512799885546 115.88421288609729
1
409.64512799885546 116.36937466960455
0.25 0.25 0.25 0.25
0.4851617835072708
45.0
442.42627497438326 286.02941923145073
3
439.4673221372363 286.02941923145073
0.25 0.25 0.25 0.25
2.9589528371469664
45.0
106.85178309997902 131.38438823555288
2
112.94859278596054 131.38438823555288
0.25 0.25 0.25 0.25
6.09680968598153
45.0
114.05419453044541 103.63637152055145
2
144.45724376656003 103.63637152055145
0.25 0.25 0.25 0.25
30.403049236114615
45.0
273.0828560010722 274.127429162249
1
273.0828560010722 276.0560120188217
0.25 0.25 0.25 0.25
1.9285828565727192
45.0
116.1354031743316 490.9490130312823
1
116.1354031743316 499.8493922226126
0.25 0.25 0.25 0.25
8.900379191330332
45.0
160.6050773110514 365.2227343543504
3
133.67715938674715 365.2227343543504
0.25 0.25 0.25 0.25
26.927917924304225
45.0
461.82738774091274 310.2045767277085
0
461.82738774091274 271.22907527234946
0.25 0.25 0.25 0.25
38.97550145535904
45.0
191.4560799645605 369.07265885807703
0
191.4560799645605 359.6838046968228
0.25 0.25 0.25 0.25
9.388854161254233
45.0
279.4788894375849 323.20232862295273
3
258.92465176023705 323.20232862295273
0.25 0.25 0.25 0.25
20.554237677347846
45.0
42.914751296204656 428.1005302486079
3
10.79283057814186 428.1005302486079
0.25 0.25 0.25 0.25
32.121920718062796
45.0
222.15783879488936 239.25960752063884
0
222.15783879488936 230.37235744083682
0.25 0.25 0.25 0.25
8.887250079802001
45.0
440.18742337806174 310.7795445135651
3
416.29440702164084 310.7795445135651
0.25 0.25 0.25 0.25
23.893016356420915
45.0
298.98860992591796 338.7462806268843
3
272.5823078959458 338.7462806268843
0.25 0.25 0.25 0.25
26.40630202997215
45.0
425.473353019773 446.88950723079694
2
426.0115626079894 446.88950723079694
0.25 0.25 0.25 0.25
0.538209588216354
45.0
213.92695653922328 23.21622405068063
3
209.89240354285616 23.21622405068063
0.25 0.25 0.25 0.25
4.034552996367119
45.0
52.041245778713915 329.4485678068508
1
52.041245778713915 375.03513639828935
0.25 0.25 0.25 0.25
45.586568591438535
45.0
481.97227179506655 151.2702435490687
0
481.97227179506655 147.72910114227258
0.25 0.25 0.25 0.25
3.5411424067961326
45.0
269.8759592502524 192.64354339393338
3
266.8538464797415 192.64354339393338
0.25 0.25 0.25 0.25
3.0221127705108595
45.0
488.21749430072055 173.50562320275384
3
446.2647915417492 173.50562320275384
0.25 0.25 0.25 0.25
41.95270275897135
45.0
231.14837461407606 43.56587077439667
1
231.14837461407606 71.7745235666151
0.25 0.25 0.25 0.25
28.20865279221843
45.0
135.68197153517093 306.47262666947853
0
135.68197153517093 272.13922667337783
0.25 0.25 0.25 0.25
34.3333999961007
45.0
380.50149486624304 277.2147194157932
1
380.50149486624304 286.6371483272611
0.25 0.25 0.25 0.25
9.42242891146795
45.0
397.85088721367504 464.8301200979971
3
378.8183315429286 464.8301200979971
0.25 0.25 0.25 0.25
19.032555670746405
45.0
363.7324474926987 223.66963683963206
1
363.7324474926987 270.96598800294487
0.25 0.25 0.25 0.25
47.29635116331279
45.0
477.64510220868925 69.24713337201791
2
480.6267628945828 69.24713337201791
0.25 0.25 0.25 0.25
2.981660685893556
45.0
161.5705981770143 132.05245473556022
1
161.5705981770143 163.02278626061855
0.25 0.25 0.25 0.25
30.97033152505834
45.0
435.2996795959859 271.9887607095178
0
435.2996795959859 226.71814752552626
0.25 0.25 0.25 0.25
45.27061318399156
45.0
398.3029918068551 88.04561415310197
3
350.9580688421992 88.04561415310197
0.25 0.25 0.25 0.25
47.34492296465588
45.0
79.80368727149298 360.2415094625633
0
79.80368727149298 324.69582489110473
0.25 0.25 0.25 0.25
35.545684571458565
45.0
378.1524835072013 183.76848333763098
3
341.37982621235176 183.76848333763098
0.25 0.25 0.25 0.25
36.77265729484953
45.0
