76745
280.5161139044957 183.34917040441155
3
134.08009284478737 183.34917040441155
0.25 0.25 0.25 0.25
146.4360210597083
45.0
120.26689207358703 58.610929097354756
1
120.26689207358703 156.47606968653676
0.25 0.25 0.25 0.25
97.865140589182
45.0
418.83789936416076 207.14104721524842
3
493.2026640494244 207.14104721524842
0.25 0.25 0.25 0.25
87.95943658641482
45.0
151.7261748668346 141.81267498783356
3
26.246985287123664 141.81267498783356
0.25 0.25 0.25 0.25
125.47918957971095
45.0
440.0882892587106 299.47875730003307
3
333.90927557492716 299.47875730003307
0.25 0.25 0.25 0.25
106.17901368378341
45.0
424.25863203440554 478.3004860062231
3
422.59205763778243 478.3004860062231
0.25 0.25 0.25 0.25
153.14931032781203
45.0
28.337981345435878 38.020738270817105
1
28.337981345435878 200.57390693891898
0.25 0.25 0.25 0.25
162.55316866810188
45.0
330.9543637368919 175.8593754401799
1
330.9543637368919 324.6982446731661
0.25 0.25 0.25 0.25
148.83886923298618
45.0
280.50883690031236 284.17389996418996
0
280.50883690031236 123.6497137119228
0.25 0.25 0.25 0.25
160.52418625226716
45.0
247.08783007228385 2.2118610553720828
3
151.51060177291276 2.2118610553720828
0.25 0.25 0.25 0.25
95.57722829937109
45.0
359.2946209479645 338.5414415489262
3
260.00004394776647 338.5414415489262
0.25 0.25 0.25 0.25
99.29457700019803
45.0
415.9801681242229 310.25023531364616
0
415.9801681242229 152.42570110213418
0.25 0.25 0.25 0.25
157.82453421151197
45.0
185.9573934226438 145.87700769893434
1
185.9573934226438 4.638556887893628
0.25 0.25 0.25 0.25
150.51556458682796
45.0
492.9860360080034 4.530928909367788
3
347.85979294220976 4.530928909367788
0.25 0.25 0.25 0.25
145.12624306579363
45.0
47.57844962825044 248.38691945907047
2
105.45921544246428 248.38691945907047
0.25 0.25 0.25 0.25
153.03766507071472
45.0
320.7879729156228 234.69111844860282
2
484.46468380996885 234.69111844860282
0.25 0.25 0.25 0.25
163.67671089434606
45.0
23.34868340109921 88.22521293774923
2
119.53087482190926 88.22521293774923
0.25 0.25 0.25 0.25
142.87955822300847
45.0
454.4972344997002 400.1431406739998
3
301.55933175133845 400.1431406739998
0.25 0.25 0.25 0.25
152.93790274836175
45.0
479.387867950487 388.8574738490622
3
365.7845309545324 388.8574738490622
0.25 0.25 0.25 0.25
154.8276010949806
45.0
109.59281251103664 1.267220689201963
1
109.59281251103664 101.69038415226487
0.25 0.25 0.25 0.25
102.95760484146683
45.0
242.88827091256542 102.94534138455867
1
242.88827091256542 44.79745666069795
0.25 0.25 0.25 0.25
147.74279804525662
45.0
389.5077196305027 349.0992734457288
1
389.5077196305027 480.6973433417986
0.25 0.25 0.25 0.25
131.59806989606983
45.0
227.63178922876776 298.46464833252696
2
396.7947744437521 298.46464833252696
0.25 0.25 0.25 0.25
169.16298521498433
45.0
381.414631746081 407.2958292622726
0
381.414631746081 487.8121937238544
0.25 0.25 0.25 0.25
104.89197701387299
45.0
28.15808733366498 225.95786860903672
2
171.6965108927502 225.95786860903672
0.25 0.25 0.25 0.25
143.53842355908523
45.0
218.1325116031487 253.2990433548688
1
218.1325116031487 343.23406459409625
0.25 0.25 0.25 0.25
89.93502123922745
45.0
93.23046985763676 165.71378356639048
2
218.04480725509052 165.71378356639048
0.25 0.25 0.25 0.25
124.81433739745376
45.0
77.08780404390268 493.6238777236245
0
77.08780404390268 360.86028935902686
0.25 0.25 0.25 0.25
132.76358836459764
45.0
492.5761250998112 167.47643138537785
1
492.5761250998112 298.03360101967394
0.25 0.25 0.25 0.25
130.5571696342961
45.0
310.2418043986939 219.9646692852096
0
310.2418043986939 59.88020732449411
0.25 0.25 0.25 0.25
160.0844619607155
45.0
126.36649350011749 197.66089171253827
2
300.76271419331306 197.66089171253827
0.25 0.25 0.25 0.25
174.39622069319557
45.0
133.9930207709001 484.4786844858679
0
133.9930207709001 385.3988283176741
0.25 0.25 0.25 0.25
99.07985616819383
45.0
170.40146776133236 430.7723345101517
0
170.40146776133236 326.38859271982136
0.25 0.25 0.25 0.25
104.38374179033036
45.0
407.0424712314791 377.84859154583614
0
407.0424712314791 448.45023508302165
0.25 0.25 0.25 0.25
173.70117337114218
45.0
152.6622978717794 382.2799785297532
0
152.6622978717794 270.779919025101
0.25 0.25 0.25 0.25
111.5000595046522
45.0
372.27675568798384 381.05528764410894
0
372.27675568798384 483.2833242935626
0.25 0.25 0.25 0.25
135.66138806232848
45.0
477.82658457228126 167.50668765698958
0
477.82658457228126 33.23004561855453
0.25 0.25 0.25 0.25
134.27664203843506
45.0
136.0038369214101 274.41711467308437
2
8.618957587399734 274.41711467308437
0.25 0.25 0.25 0.25
144.62279450880985
45.0
151.44259751059144 273.7740852612533
1
151.44259751059144 406.79848577046073
0.25 0.25 0.25 0.25
133.02440050920745
45.0
278.36925369690346 300.97512291934265
2
435.04794274624726 300.97512291934265
0.25 0.25 0.25 0.25
156.67868904934383
45.0
46.51151517466978 76.65213616763707
2
50.513194873564174 76.65213616763707
0.25 0.25 0.25 0.25
97.02471004823396
45.0
187.2292515337212 368.82153294032855
2
356.4275756064676 368.82153294032855
0.25 0.25 0.25 0.25
169.1983240727464
45.0
365.5407389716578 301.3276910455436
3
468.49364560950914 301.3276910455436
0.25 0.25 0.25 0.25
165.96561541883304
45.0
83.54571461176099 199.70561244283473
1
83.54571461176099 329.1525964313313
0.25 0.25 0.25 0.25
129.44698398849656
45.0
389.45416136450785 431.7542714977717
0
389.45416136450785 439.5943082767043
0.25 0.25 0.25 0.25
128.65142022552405
45.0
60.759647132251814 341.0632721083118
2
232.2532823671407 341.0632721083118
0.25 0.25 0.25 0.25
171.4936352348889
45.0
187.0673194261103 187.55529339466827
3
81.36727092175119 187.55529339466827
0.25 0.25 0.25 0.25
105.7000485043591
45.0
308.8194277128787 154.83211601896338
2
431.24039239691047 154.83211601896338
0.25 0.25 0.25 0.25
122.42096468403176
45.0
