76745
108.68765443871291 17.068008939253787
2
255.12367549842122 17.068008939253787
0.25 0.25 0.25 0.25
146.4360210597083
45.0
205.66126850630658 256.3330867783711
1
205.66126850630658 354.19822736755316
0.25 0.25 0.25 0.25
97.865140589182
45.0
382.1761859754685 70.42514796964122
1
382.1761859754685 158.38458455605604
0.25 0.25 0.25 0.25
87.95943658641482
45.0
483.336806307095 371.6046332440727
3
357.8576167273841 371.6046332440727
0.25 0.25 0.25 0.25
125.47918957971095
45.0
183.34138504519444 63.447160597266475
2
289.52039872897785 63.447160597266475
0.25 0.25 0.25 0.25
106.17901368378341
45.0
107.23447124371478 62.25158301034082
2
45.91483908409725 62.25158301034082
0.25 0.25 0.25 0.25
153.14931032781203
45.0
28.337981345435878 124.53243039728477
1
28.337981345435878 38.020738270817105
0.25 0.25 0.25 0.25
162.55316866810188
45.0
371.3678977971357 293.87984759905476
3
222.5290285641495 293.87984759905476
0.25 0.25 0.25 0.25
148.83886923298618
45.0
488.53347551201625 494.65762500953286
0
488.53347551201625 334.1334387572657
0.25 0.25 0.25 0.25
160.52418625226716
45.0
386.8927753779441 487.2197968390203
0
386.8927753779441 417.2029748616086
0.25 0.25 0.25 0.25
95.57722829937109
45.0
399.7908450635216 33.6034805503124
2
499.08542206371965 33.6034805503124
0.25 0.25 0.25 0.25
99.29457700019803
45.0
360.25967343074933 205.4784958330624
1
360.25967343074933 363.30303004457437
0.25 0.25 0.25 0.25
157.82453421151197
45.0
148.06010438568933 446.90813687259026
2
298.5756689725173 446.90813687259026
0.25 0.25 0.25 0.25
150.51556458682796
45.0
41.72360535006709 183.59750481706737
2
186.84984841586072 183.59750481706737
0.25 0.25 0.25 0.25
145.12624306579363
45.0
139.86281328467047 342.74303266237155
1
139.86281328467047 495.7806977330863
0.25 0.25 0.25 0.25
153.03766507071472
45.0
78.32438740876364 368.4156204160445
2
85.35232348558242 368.4156204160445
0.25 0.25 0.25 0.25
163.67671089434606
45.0
165.44370381881083 54.34053016314061
2
308.3232620418193 54.34053016314061
0.25 0.25 0.25 0.25
142.87955822300847
45.0
395.7391795324652 470.53348512023297
3
451.3229177191731 470.53348512023297
0.25 0.25 0.25 0.25
152.93790274836175
45.0
236.47455832904706 172.17735133549138
3
81.64695723406646 172.17735133549138
0.25 0.25 0.25 0.25
154.8276010949806
45.0
271.7025141818401 119.57141434787525
2
374.66011902330695 119.57141434787525
0.25 0.25 0.25 0.25
102.95760484146683
45.0
302.9388821735935 182.28896679622267
2
450.68168021885015 182.28896679622267
0.25 0.25 0.25 0.25
147.74279804525662
45.0
284.66525734403916 217.50120354965895
2
416.263327240109 217.50120354965895
0.25 0.25 0.25 0.25
131.59806989606983
45.0
411.77268573365814 54.83923338734775
1
411.77268573365814 224.00221860233208
0.25 0.25 0.25 0.25
169.16298521498433
45.0
457.7211843649028 341.05288330766496
0
457.7211843649028 236.16090629379198
0.25 0.25 0.25 0.25
104.89197701387299
45.0
244.61186504371562 190.3505073274291
1
244.61186504371562 333.88893088651434
0.25 0.25 0.25 0.25
143.53842355908523
45.0
498.65234168932903 297.0258504489938
3
411.4126370714435 297.0258504489938
0.25 0.25 0.25 0.25
89.93502123922745
45.0
157.8835057576407 213.18513108708066
0
157.8835057576407 88.37079368962691
0.25 0.25 0.25 0.25
124.81433739745376
45.0
351.1611553041334 183.08034313971882
2
483.924743668731 183.08034313971882
0.25 0.25 0.25 0.25
132.76358836459764
45.0
207.48198173484798 135.280363368773
1
207.48198173484798 265.8375330030691
0.25 0.25 0.25 0.25
130.5571696342961
45.0
288.49126619057364 376.65685228617053
0
288.49126619057364 463.2586857531139
0.25 0.25 0.25 0.25
160.0844619607155
45.0
464.04585894301044 338.5658666957273
3
289.64963824981487 338.5658666957273
0.25 0.25 0.25 0.25
174.39622069319557
45.0
253.1249655838135 205.64199261740987
2
352.2048217520073 205.64199261740987
0.25 0.25 0.25 0.25
99.07985616819383
45.0
170.4014677613323 421.00650579621447
0
170.4014677613323 474.6097524134552
0.25 0.25 0.25 0.25
104.38374179033036
45.0
458.99553638579175 204.14741817469397
1
458.99553638579175 377.84859154583614
0.25 0.25 0.25 0.25
173.70117337114218
45.0
152.6622978717794 54.78087109953617
1
152.6622978717794 166.28093060418837
0.25 0.25 0.25 0.25
111.5000595046522
45.0
321.4796472524322 76.29916010657718
2
457.14103531476064 76.29916010657718
0.25 0.25 0.25 0.25
135.66138806232848
45.0
225.32087019779692 235.3232384583156
0
225.32087019779692 101.04659641988053
0.25 0.25 0.25 0.25
134.27664203843506
45.0
148.36339848307912 279.354940238817
2
292.98619299188897 279.354940238817
0.25 0.25 0.25 0.25
144.62279450880985
45.0
311.82580809069054 145.38367711393403
3
178.8014075814831 145.38367711393403
0.25 0.25 0.25 0.25
133.02440050920745
45.0
15.552882818687692 192.16585229115626
2
172.23157186803152 192.16585229115626
0.25 0.25 0.25 0.25
156.67868904934383
45.0
16.758615657009187 273.92779301238573
2
113.78332570524314 273.92779301238573
0.25 0.25 0.25 0.25
97.02471004823396
45.0
474.37410032078583 245.1930421770171
3
305.1757762480394 245.1930421770171
0.25 0.25 0.25 0.25
169.1983240727464
45.0
382.3659689196646 135.36207562671055
3
451.6684156615023 135.36207562671055
0.25 0.25 0.25 0.25
165.96561541883304
45.0
492.5374615147771 434.6728038562552
3
378.0155544967264 434.6728038562552
0.25 0.25 0.25 0.25
129.44698398849656
45.0
493.70039141872303 215.4687658596708
3
377.64818835575295 215.4687658596708
0.25 0.25 0.25 0.25
128.65142022552405
45.0
453.72125857241485 402.83489164991045
3
282.227623337526 402.83489164991045
0.25 0.25 0.25 0.25
171.4936352348889
45.0
146.6346692526128 496.35451732492265
2
252.3347177569719 496.35451732492265
0.25 0.25 0.25 0.25
105.7000485043591
45.0
83.23705039011776 92.93526843572585
1
83.23705039011776 29.485696248305914
0.25 0.25 0.25 0.25
122.42096468403176
45.0
