76745
80.09893456083034 354.83733888207803
0
80.09893456083034 498.72664005821366
0.25 0.25 0.25 0.25
146.4360210597083
45.0
413.8623138411331 60.602805600007116
1
413.8623138411331 158.46794618918912
0.25 0.25 0.25 0.25
97.865140589182
45.0
2.107757919627659 86.73541307939661
2
85.85167866678717 86.73541307939661
0.25 0.25 0.25 0.25
87.95943658641482
45.0
217.04436059692327 481.74975627303365
2
342.5235501766342 481.74975627303365
0.25 0.25 0.25 0.25
125.47918957971095
45.0
285.7635465358885 36.45954374320195
1
285.7635465358885 142.63855742698536
0.25 0.25 0.25 0.25
106.17901368378341
45.0
108.90104564033788 125.23778956658145
1
108.90104564033788 27.911520761230577
0.25 0.25 0.25 0.25
153.14931032781203
45.0
158.89617531405474 249.93588292169648
2
321.4493439821566 249.93588292169648
0.25 0.25 0.25 0.25
162.55316866810188
45.0
478.33468239921854 496.7597292464284
0
478.33468239921854 347.92086001344217
0.25 0.25 0.25 0.25
148.83886923298618
45.0
237.91860434288645 407.84320373005994
0
237.91860434288645 247.31901747779278
0.25 0.25 0.25 0.25
160.52418625226716
45.0
223.67651713777877 179.12272908052864
1
223.67651713777877 274.69995737989973
0.25 0.25 0.25 0.25
95.57722829937109
45.0
37.88368705282758 345.5956715469458
2
61.41088994737045 345.5956715469458
0.25 0.25 0.25 0.25
99.29457700019803
45.0
205.10283918178274 478.8724357439137
3
47.27830497027077 478.8724357439137
0.25 0.25 0.25 0.25
157.82453421151197
45.0
319.19825244563583 446.90813687259026
3
168.68268785880787 446.90813687259026
0.25 0.25 0.25 0.25
150.51556458682796
45.0
184.99407493929846 392.2585537250825
0
184.99407493929846 462.6152032091238
0.25 0.25 0.25 0.25
145.12624306579363
45.0
435.4277893453915 445.53775039950006
3
411.53454558389376 445.53775039950006
0.25 0.25 0.25 0.25
153.03766507071472
45.0
448.5852145421215 470.12676787864325
3
284.90850364777543 470.12676787864325
0.25 0.25 0.25 0.25
163.67671089434606
45.0
451.5166353869465 88.53902805986797
3
308.63707716393805 88.53902805986797
0.25 0.25 0.25 0.25
142.87955822300847
45.0
16.123738016682466 46.86330329978807
2
136.81416473167928 46.86330329978807
0.25 0.25 0.25 0.25
152.93790274836175
45.0
30.611700295075934 101.14295790537483
1
30.611700295075934 53.684643189605765
0.25 0.25 0.25 0.25
154.8276010949806
45.0
272.66155844016237 148.03033354279899
0
272.66155844016237 45.07272870133215
0.25 0.25 0.25 0.25
102.95760484146683
45.0
424.8306552746184 102.94534138455873
3
277.08785722936176 102.94534138455873
0.25 0.25 0.25 0.25
147.74279804525662
45.0
5.2864900577067715 151.2640545795981
0
5.2864900577067715 19.66598468352828
0.25 0.25 0.25 0.25
131.59806989606983
45.0
404.08641776145146 283.4867370426209
0
404.08641776145146 114.32375182763658
0.25 0.25 0.25 0.25
169.16298521498433
45.0
381.414631746081 26.376952266045905
1
381.414631746081 131.2689292799189
0.25 0.25 0.25 0.25
104.89197701387299
45.0
239.842900130119 367.2716852816907
3
96.30447657103377 367.2716852816907
0.25 0.25 0.25 0.25
143.53842355908523
45.0
332.19238220071395 343.23406459409625
2
422.1274034399414 343.23406459409625
0.25 0.25 0.25 0.25
89.93502123922745
45.0
154.9129041169008 164.22848274602052
0
154.9129041169008 39.41414534856676
0.25 0.25 0.25 0.25
124.81433739745376
45.0
421.8160367519499 427.1750662975237
3
289.0524483873523 427.1750662975237
0.25 0.25 0.25 0.25
132.76358836459764
45.0
320.3764999799564 399.2096042261752
2
450.9336696142525 399.2096042261752
0.25 0.25 0.25 0.25
130.5571696342961
45.0
404.85940187980736 101.48498457808824
3
244.77493991909188 101.48498457808824
0.25 0.25 0.25 0.25
160.0844619607155
45.0
304.06752026112235 23.2646710193427
1
304.06752026112235 197.66089171253827
0.25 0.25 0.25 0.25
174.39622069319557
45.0
233.07287693909393 16.68371859908393
1
233.07287693909393 82.3961375691099
0.25 0.25 0.25 0.25
99.07985616819383
45.0
170.40146776133253 222.004850929491
0
170.40146776133253 117.62110913916064
0.25 0.25 0.25 0.25
104.38374179033036
45.0
275.54833808719 269.8760492481497
3
101.84716471604784 269.8760492481497
0.25 0.25 0.25 0.25
173.70117337114218
45.0
379.1629524229536 493.7800380344054
0
379.1629524229536 382.2799785297532
0.25 0.25 0.25 0.25
111.5000595046522
45.0
321.90647212428314 227.4100107976793
0
321.90647212428314 91.7486227353508
0.25 0.25 0.25 0.25
135.66138806232848
45.0
209.27330049541115 101.04659641988053
3
74.99665845697609 101.04659641988053
0.25 0.25 0.25 0.25
134.27664203843506
45.0
437.60898750069884 159.45126885334517
3
417.7682179904913 159.45126885334517
0.25 0.25 0.25 0.25
144.62279450880985
45.0
178.8014075814831 469.4450984441082
0
178.8014075814831 336.4206979349008
0.25 0.25 0.25 0.25
133.02440050920745
45.0
468.201233908346 385.66749898196974
3
375.1200770423102 385.66749898196974
0.25 0.25 0.25 0.25
156.67868904934383
45.0
434.6103553676056 434.9980768429124
0
434.6103553676056 337.97336679467844
0.25 0.25 0.25 0.25
97.02471004823396
45.0
320.365720684518 431.60025411396873
0
320.365720684518 262.40193004122233
0.25 0.25 0.25 0.25
169.1983240727464
45.0
37.81581562099342 301.3276910455436
1
37.81581562099342 467.29330646437666
0.25 0.25 0.25 0.25
165.96561541883304
45.0
456.96158960680475 340.801691775731
3
413.5914264046987 340.801691775731
0.25 0.25 0.25 0.25
129.44698398849656
45.0
488.8942197858396 468.80567008089656
0
488.8942197858396 340.15424985537254
0.25 0.25 0.25 0.25
128.65142022552405
45.0
482.6830699817482 425.6714731152007
3
345.82329478336294 425.6714731152007
0.25 0.25 0.25 0.25
171.4936352348889
45.0
495.83253506081246 72.54436707481813
3
398.46741643482846 72.54436707481813
0.25 0.25 0.25 0.25
105.7000485043591
45.0
493.1372399801479 477.9049899289413
3
384.4417953358203 477.9049899289413
0.25 0.25 0.25 0.25
122.42096468403176
45.0
