76745
305.56826132245385 17.068008939253787
1
305.56826132245385 163.5040299989621
0.25 0.25 0.25 0.25
146.4360210597083
45.0
401.3915496846706 135.1274755783569
1
401.3915496846706 232.9926161675389
0.25 0.25 0.25 0.25
97.865140589182
45.0
150.74407376566097 105.49372520318843
1
150.74407376566097 193.45316178960326
0.25 0.25 0.25 0.25
87.95943658641482
45.0
383.51697083781914 8.666452132747708
1
383.51697083781914 116.81273744696324
0.25 0.25 0.25 0.25
125.47918957971095
45.0
183.34138504519444 148.91086677030034
3
77.16237136141103 148.91086677030034
0.25 0.25 0.25 0.25
106.17901368378341
45.0
35.18929894903056 316.09220993996746
2
117.96001137878147 316.09220993996746
0.25 0.25 0.25 0.25
153.14931032781203
45.0
296.7683559907679 424.9577797420998
0
296.7683559907679 262.4046110739979
0.25 0.25 0.25 0.25
162.55316866810188
45.0
8.595459359983863 145.04097836606857
1
8.595459359983863 293.87984759905476
0.25 0.25 0.25 0.25
148.83886923298618
45.0
167.48510300748194 494.65762500953286
0
167.48510300748194 344.8181887382
0.25 0.25 0.25 0.25
160.52418625226716
45.0
151.51060177291276 296.06534024027815
3
55.93337347354168 296.06534024027815
0.25 0.25 0.25 0.25
95.57722829937109
45.0
492.03119206570005 58.63686645186591
1
492.03119206570005 157.93144345206395
0.25 0.25 0.25 0.25
99.29457700019803
45.0
322.7574081649541 58.451627840306
1
322.7574081649541 99.37290637120597
0.25 0.25 0.25 0.25
157.82453421151197
45.0
45.75312057237511 456.1852506483775
2
196.26868515920307 456.1852506483775
0.25 0.25 0.25 0.25
150.51556458682796
45.0
280.2962837026308 54.3549632118291
1
280.2962837026308 90.77127985396453
0.25 0.25 0.25 0.25
145.12624306579363
45.0
68.59915778966734 250.45866900595152
2
84.43850728104738 250.45866900595152
0.25 0.25 0.25 0.25
153.03766507071472
45.0
78.32438740876364 386.355355049968
0
78.32438740876364 222.67864415562195
0.25 0.25 0.25 0.25
163.67671089434606
45.0
451.0459127037684 374.2981445058849
3
406.0745290732232 374.2981445058849
0.25 0.25 0.25 0.25
142.87955822300847
45.0
160.428693274274 376.5286121314052
2
313.36659602263575 376.5286121314052
0.25 0.25 0.25 0.25
152.93790274836175
45.0
311.80145262075877 279.54663771470274
0
311.80145262075877 124.71903661972215
0.25 0.25 0.25 0.25
154.8276010949806
45.0
7.59425192789206 159.72535176185693
2
95.36335291357477 159.72535176185693
0.25 0.25 0.25 0.25
102.95760484146683
45.0
337.1384684903898 443.5749765699395
3
189.3956704451332 443.5749765699395
0.25 0.25 0.25 0.25
147.74279804525662
45.0
231.8806981754804 164.7166443811003
3
100.28262827941057 164.7166443811003
0.25 0.25 0.25 0.25
131.59806989606983
45.0
65.7604473314828 209.02430731242603
2
103.40253788350154 209.02430731242603
0.25 0.25 0.25 0.25
169.16298521498433
45.0
332.49486160735125 131.26892927991895
0
332.49486160735125 26.37695226604596
0.25 0.25 0.25 0.25
104.89197701387299
45.0
392.9192535163975 477.4273544455996
3
249.38082995731224 477.4273544455996
0.25 0.25 0.25 0.25
143.53842355908523
45.0
138.9122567324191 62.714234507916004
2
228.84727797164658 62.714234507916004
0.25 0.25 0.25 0.25
89.93502123922745
45.0
34.55446918055691 339.4847693049044
1
34.55446918055691 464.29910670235813
0.25 0.25 0.25 0.25
124.81433739745376
45.0
259.09425413310913 82.44683358947646
3
126.3306657685115 82.44683358947646
0.25 0.25 0.25 0.25
132.76358836459764
45.0
76.92481210055189 265.8375330030691
1
76.92481210055189 396.3947026373652
0.25 0.25 0.25 0.25
130.5571696342961
45.0
288.4912661905735 303.17422379239855
2
448.575728151289 303.17422379239855
0.25 0.25 0.25 0.25
160.0844619607155
45.0
187.1616996705984 36.150749468509616
1
187.1616996705984 210.5469701617052
0.25 0.25 0.25 0.25
174.39622069319557
45.0
343.0033834339456 304.7218487856037
3
243.92352726575177 304.7218487856037
0.25 0.25 0.25 0.25
99.07985616819383
45.0
109.8551438743055 151.69269832852694
3
5.471402083975136 151.69269832852694
0.25 0.25 0.25 0.25
104.38374179033036
45.0
374.58145593208553 161.94037794784086
1
374.58145593208553 11.760795423301317
0.25 0.25 0.25 0.25
173.70117337114218
45.0
185.338416184047 60.21972394698582
1
185.338416184047 51.280335557666376
0.25 0.25 0.25 0.25
111.5000595046522
45.0
457.14103531476064 25.92887654287648
1
457.14103531476064 161.59026460520496
0.25 0.25 0.25 0.25
135.66138806232848
45.0
345.4478816597061 235.3232384583156
3
211.17123962127107 235.3232384583156
0.25 0.25 0.25 0.25
134.27664203843506
45.0
417.7682179904913 423.97773474762687
3
437.60898750069884 423.97773474762687
0.25 0.25 0.25 0.25
144.62279450880985
45.0
220.27179394613927 209.57888118759365
0
220.27179394613927 76.5544806783862
0.25 0.25 0.25 0.25
133.02440050920745
45.0
81.19794052671907 217.94234915293816
0
81.19794052671907 61.26366010359433
0.25 0.25 0.25 0.25
156.67868904934383
45.0
80.26609439122483 375.49227780759145
1
80.26609439122483 472.5169878558254
0.25 0.25 0.25 0.25
97.02471004823396
45.0
310.85774229703264 232.0220411682655
0
310.85774229703264 62.8237170955191
0.25 0.25 0.25 0.25
169.1983240727464
45.0
115.5308773368345 301.3276910455436
0
115.5308773368345 135.36207562671055
0.25 0.25 0.25 0.25
165.96561541883304
45.0
269.21936544575635 470.2486757642275
3
139.77238145725983 470.2486757642275
0.25 0.25 0.25 0.25
129.44698398849656
45.0
447.8768849728924 186.25740405547853
3
423.47169480158357 186.25740405547853
0.25 0.25 0.25 0.25
128.65142022552405
45.0
374.7851061926963 367.747850296534
3
203.29147095780738 367.747850296534
0.25 0.25 0.25 0.25
171.4936352348889
45.0
89.63418420902184 137.8457737012319
2
16.065864295337263 137.8457737012319
0.25 0.25 0.25 0.25
105.7000485043591
45.0
205.6580150741495 460.19816248782115
0
205.6580150741495 417.38087282814706
0.25 0.25 0.25 0.25
122.42096468403176
45.0
