76745
233.94839152850375 13.191145491213092
3
87.51237046879544 13.191145491213092
0.25 0.25 0.25 0.25
146.4360210597083
45.0
260.8292208791288 37.26233498917489
1
260.8292208791288 135.1274755783569
0.25 0.25 0.25 0.25
97.865140589182
45.0
405.2432274630096 454.7090918647374
0
405.2432274630096 366.74965527832256
0.25 0.25 0.25 0.25
87.95943658641482
45.0
395.01752075088154 246.1254436643617
0
395.01752075088154 120.64625408465076
0.25 0.25 0.25 0.25
125.47918957971095
45.0
289.52039872897785 282.0774973081483
2
395.69941241276126 282.0774973081483
0.25 0.25 0.25 0.25
106.17901368378341
45.0
280.1682874450371 244.04703764528324
0
280.1682874450371 90.89772731747121
0.25 0.25 0.25 0.25
153.14931032781203
45.0
296.7683559907679 476.31826829234524
0
296.7683559907679 313.76509962424336
0.25 0.25 0.25 0.25
162.55316866810188
45.0
117.02079453272623 186.91306299697195
2
31.818074700259956 186.91306299697195
0.25 0.25 0.25 0.25
148.83886923298618
45.0
127.35395688369488 468.48749250407013
0
127.35395688369488 307.963306251803
0.25 0.25 0.25 0.25
160.52418625226716
45.0
202.8601130659947 9.333655342164889
1
202.8601130659947 86.2435729572062
0.25 0.25 0.25 0.25
95.57722829937109
45.0
82.57357994142934 125.8438275524908
2
181.86815694162738 125.8438275524908
0.25 0.25 0.25 0.25
99.29457700019803
45.0
466.36526289260576 205.4784958330624
3
308.5407286810938 205.4784958330624
0.25 0.25 0.25 0.25
157.82453421151197
45.0
265.5893003378401 242.78362017796655
1
265.5893003378401 393.2991847647945
0.25 0.25 0.25 0.25
150.51556458682796
45.0
200.87777639985387 102.00606759349535
1
200.87777639985387 43.120175472298286
0.25 0.25 0.25 0.25
145.12624306579363
45.0
411.53454558389376 200.21572167236528
0
411.53454558389376 47.17805660165055
0.25 0.25 0.25 0.25
153.03766507071472
45.0
448.5852145421218 2.9636301704715606
1
448.5852145421218 166.64034106481762
0.25 0.25 0.25 0.25
163.67671089434606
45.0
22.40723803474299 231.41858628287645
0
22.40723803474299 88.53902805986797
0.25 0.25 0.25 0.25
142.87955822300847
45.0
466.3044987709975 70.47783184238273
3
313.36659602263575 70.47783184238273
0.25 0.25 0.25 0.25
152.93790274836175
45.0
56.12932876457114 255.97055900035542
2
210.95692985955174 255.97055900035542
0.25 0.25 0.25 0.25
154.8276010949806
45.0
345.0840706086386 163.37692236000544
1
345.0840706086386 266.33452720147227
0.25 0.25 0.25 0.25
102.95760484146683
45.0
302.9388821735934 44.79745666069789
1
302.9388821735934 192.5402547059545
0.25 0.25 0.25 0.25
147.74279804525662
45.0
426.10965130486875 349.0992734457288
0
426.10965130486875 217.50120354965895
0.25 0.25 0.25 0.25
131.59806989606983
45.0
264.8792551262792 99.77296725706586
1
264.8792551262792 268.9359524720502
0.25 0.25 0.25 0.25
169.16298521498433
45.0
171.63067771833505 68.24428566836251
2
276.522654732208 68.24428566836251
0.25 0.25 0.25 0.25
104.89197701387299
45.0
32.9270522472616 348.1958256273042
0
32.9270522472616 204.65740206821897
0.25 0.25 0.25 0.25
143.53842355908523
45.0
477.2228089523332 297.0258504489939
3
387.28778771310573 297.0258504489939
0.25 0.25 0.25 0.25
89.93502123922745
45.0
154.9129041169008 464.29910670235813
0
154.9129041169008 339.4847693049044
0.25 0.25 0.25 0.25
124.81433739745376
45.0
179.89319815425722 489.28377321430474
0
179.89319815425722 377.9526384210976
0.25 0.25 0.25 0.25
132.76358836459764
45.0
74.10991051174187 485.3094167861026
2
204.66708014603796 485.3094167861026
0.25 0.25 0.25 0.25
130.5571696342961
45.0
272.8601251808743 459.86640679335915
0
272.8601251808743 380.0491312459253
0.25 0.25 0.25 0.25
160.0844619607155
45.0
407.9352445229674 349.6789426392255
3
233.53902382977185 349.6789426392255
0.25 0.25 0.25 0.25
174.39622069319557
45.0
262.3264039018752 196.44055429934815
2
361.40626007006904 196.44055429934815
0.25 0.25 0.25 0.25
99.07985616819383
45.0
274.7852095516627 57.07478525213378
3
170.40146776133236 57.07478525213378
0.25 0.25 0.25 0.25
104.38374179033036
45.0
24.773955964511458 227.6690090212966
0
24.773955964511458 53.96783565015443
0.25 0.25 0.25 0.25
173.70117337114218
45.0
77.33889222126459 162.78039506231858
0
77.33889222126459 51.280335557666376
0.25 0.25 0.25 0.25
111.5000595046522
45.0
236.61536762565535 332.1724736024605
0
236.61536762565535 196.51108554013203
0.25 0.25 0.25 0.25
135.66138806232848
45.0
239.47050077432277 175.25973272736098
3
105.19385873588772 175.25973272736098
0.25 0.25 0.25 0.25
134.27664203843506
45.0
165.6013136578786 147.09170729167616
0
165.6013136578786 2.4689127828663118
0.25 0.25 0.25 0.25
144.62279450880985
45.0
156.07658987247964 136.11569239015762
0
156.07658987247964 3.091291880950166
0.25 0.25 0.25 0.25
133.02440050920745
45.0
454.48318432934377 84.36856816606175
3
388.8381266213124 84.36856816606175
0.25 0.25 0.25 0.25
156.67868904934383
45.0
147.53790492179814 497.73011262651414
3
50.51319487356419 497.73011262651414
0.25 0.25 0.25 0.25
97.02471004823396
45.0
232.79908484315644 461.9801429869251
0
232.79908484315644 368.82153294032855
0.25 0.25 0.25 0.25
169.1983240727464
45.0
207.98773852682817 366.7410781167903
2
373.9533539456612 366.7410781167903
0.25 0.25 0.25 0.25
165.96561541883304
45.0
233.643493537784 130.34009935010303
1
233.643493537784 259.7870833385996
0.25 0.25 0.25 0.25
129.44698398849656
45.0
283.01430156730464 402.5429096935794
3
154.3628813417806 402.5429096935794
0.25 0.25 0.25 0.25
128.65142022552405
45.0
26.125787095748194 425.6714731152007
0
26.125787095748194 254.17783788031178
0.25 0.25 0.25 0.25
171.4936352348889
45.0
455.4338931828672 341.9549053597955
1
455.4338931828672 447.65495386415455
0.25 0.25 0.25 0.25
105.7000485043591
45.0
431.24039239691047 110.64209587684599
3
308.8194277128787 110.64209587684599
0.25 0.25 0.25 0.25
122.42096468403176
45.0
