76745
162.66881272266994 498.72664005821366
3
16.23279166296163 498.72664005821366
0.25 0.25 0.25 0.25
146.4360210597083
45.0
292.5422643913208 60.602805600007116
2
390.40740498050286 60.602805600007116
0.25 0.25 0.25 0.25
97.865140589182
45.0
349.72998842603164 473.4674039885292
0
349.72998842603164 438.5731594250559
0.25 0.25 0.25 0.25
87.95943658641482
45.0
342.5235501766342 271.125381205232
0
342.5235501766342 145.64619162552106
0.25 0.25 0.25 0.25
125.47918957971095
45.0
77.16237136141103 282.0774973081483
2
183.34138504519444 282.0774973081483
0.25 0.25 0.25 0.25
106.17901368378341
45.0
197.39757501528618 27.911520761230577
1
197.39757501528618 125.23778956658145
0.25 0.25 0.25 0.25
153.14931032781203
45.0
353.44431868163963 424.9577797420998
3
190.89115001353775 424.9577797420998
0.25 0.25 0.25 0.25
162.55316866810188
45.0
371.3678977971357 454.887644615525
0
371.3678977971357 306.0487753825388
0.25 0.25 0.25 0.25
148.83886923298618
45.0
398.4427905951536 234.2535412790087
3
237.91860434288645 234.2535412790087
0.25 0.25 0.25 0.25
160.52418625226716
45.0
63.055167760334484 247.41390112324484
1
63.055167760334484 342.9911294226159
0.25 0.25 0.25 0.25
95.57722829937109
45.0
465.6434279461822 345.5956715469458
1
465.6434279461822 444.89024854714387
0.25 0.25 0.25 0.25
99.29457700019803
45.0
110.5462292412412 5.39883310937779
1
110.5462292412412 163.22336732088976
0.25 0.25 0.25 0.25
157.82453421151197
45.0
265.5893003378401 145.87700769893434
2
416.10486492466805 145.87700769893434
0.25 0.25 0.25 0.25
150.51556458682796
45.0
379.6271958633206 446.73150174856846
0
379.6271958633206 301.60525868277483
0.25 0.25 0.25 0.25
145.12624306579363
45.0
23.68520586675271 472.68824002478834
0
23.68520586675271 374.2740949044969
0.25 0.25 0.25 0.25
153.03766507071472
45.0
206.12162903526274 384.13625586093417
0
206.12162903526274 452.1870332447197
0.25 0.25 0.25 0.25
163.67671089434606
45.0
262.7242481670366 88.3821204988086
1
262.7242481670366 231.26167872181708
0.25 0.25 0.25 0.25
142.87955822300847
45.0
239.62696000357636 199.80120604814988
1
239.62696000357636 352.73910879651163
0.25 0.25 0.25 0.25
152.93790274836175
45.0
40.422693135040504 255.97055900035542
1
40.422693135040504 410.798160095336
0.25 0.25 0.25 0.25
154.8276010949806
45.0
36.21125608423813 440.1392470913337
2
66.7463487572287 440.1392470913337
0.25 0.25 0.25 0.25
102.95760484146683
45.0
277.08785722936165 398.4309374750719
3
129.34505918410503 398.4309374750719
0.25 0.25 0.25 0.25
147.74279804525662
45.0
5.2864900577067715 282.86212447566794
2
126.31157983836306 282.86212447566794
0.25 0.25 0.25 0.25
131.59806989606983
45.0
103.40253788350154 393.1652038173164
2
272.56552309848587 393.1652038173164
0.25 0.25 0.25 0.25
169.16298521498433
45.0
381.414631746081 341.05288330766484
0
381.414631746081 236.16090629379187
0.25 0.25 0.25 0.25
104.89197701387299
45.0
473.08025275171053 362.50272036809406
3
329.5418291926253 362.50272036809406
0.25 0.25 0.25 0.25
143.53842355908523
45.0
487.9375753208311 386.96087168822135
1
487.9375753208311 476.8958929274488
0.25 0.25 0.25 0.25
89.93502123922745
45.0
221.01540889583043 164.22848274602052
3
96.20107149837668 164.22848274602052
0.25 0.25 0.25 0.25
124.81433739745376
45.0
312.65678651885486 440.0613453378787
0
312.65678651885486 307.2977569732811
0.25 0.25 0.25 0.25
132.76358836459764
45.0
320.3764999799564 470.2332261395287
3
189.81933034566032 470.2332261395287
0.25 0.25 0.25 0.25
130.5571696342961
45.0
365.3661736441004 20.386979088786916
1
365.3661736441004 139.69748287192857
0.25 0.25 0.25 0.25
160.0844619607155
45.0
347.1400383524865 244.0382158717117
0
347.1400383524865 69.64199517851614
0.25 0.25 0.25 0.25
174.39622069319557
45.0
223.8714386210322 313.9232871036654
3
124.79158245283838 313.9232871036654
0.25 0.25 0.25 0.25
99.07985616819383
45.0
247.13349939998892 47.308956538196526
1
247.13349939998892 57.074785252133836
0.25 0.25 0.25 0.25
104.38374179033036
45.0
449.2495114583322 269.8760492481497
3
275.54833808719 269.8760492481497
0.25 0.25 0.25 0.25
173.70117337114218
45.0
66.8372855956552 382.2799785297532
1
66.8372855956552 493.7800380344054
0.25 0.25 0.25 0.25
111.5000595046522
45.0
321.90647212428314 363.0713988600078
2
457.5678601866116 363.0713988600078
0.25 0.25 0.25 0.25
135.66138806232848
45.0
387.8967733892837 93.29355134950913
1
387.8967733892837 227.5701933879442
0.25 0.25 0.25 0.25
134.27664203843506
45.0
28.4597270976073 159.45126885334517
2
173.08252160641715 159.45126885334517
0.25 0.25 0.25 0.25
144.62279450880985
45.0
220.27179394613927 264.50610053747687
1
220.27179394613927 397.5305010466843
0.25 0.25 0.25 0.25
133.02440050920745
45.0
408.27336820440894 482.4183223273765
3
251.59467915506514 482.4183223273765
0.25 0.25 0.25 0.25
156.67868904934383
45.0
50.51319487356413 46.8992366499766
2
46.511515174669825 46.8992366499766
0.25 0.25 0.25 0.25
97.02471004823396
45.0
341.2376311699892 384.0114773768065
0
341.2376311699892 446.7901985504471
0.25 0.25 0.25 0.25
169.1983240727464
45.0
37.81581562099342 467.29330646437666
2
128.14979979783962 467.29330646437666
0.25 0.25 0.25 0.25
165.96561541883304
45.0
68.62063764131511 81.90772379873789
2
198.06762162981167 81.90772379873789
0.25 0.25 0.25 0.25
129.44698398849656
45.0
125.15151953758829 303.1028512722477
2
3.4999006879357637 303.1028512722477
0.25 0.25 0.25 0.25
128.65142022552405
45.0
345.82329478336294 231.34125641502155
1
345.82329478336294 402.83489164991045
0.25 0.25 0.25 0.25
171.4936352348889
45.0
495.83253506081246 455.9558754469774
0
495.83253506081246 350.25582694261834
0.25 0.25 0.25 0.25
105.7000485043591
45.0
17.178901283724997 154.83211601896338
1
17.178901283724997 277.25308070299513
0.25 0.25 0.25 0.25
122.42096468403176
45.0
