79528
244.25124232966968 109.90046024391737
2
333.7340404068718 109.90046024391737
0.25 0.25 0.25 0.25
89.48279807720215
45.0
471.9276558183441 139.13333770665795
0
471.9276558183441 10.821530423895013
0.25 0.25 0.25 0.25
128.31180728276294
45.0
386.8651195516504 128.34193085320067
3
286.7750092912024 128.34193085320067
0.25 0.25 0.25 0.25
100.090110260448
45.0
234.22646098602186 365.1814302983046
0
234.22646098602186 277.0451256711799
0.25 0.25 0.25 0.25
88.13630462712464
45.0
101.3926044205217 93.51573018056229
2
32.118642727458166 93.51573018056229
0.25 0.25 0.25 0.25
133.51124714797987
45.0
156.94984109367277 165.61517607199312
1
156.94984109367277 255.53371957931768
0.25 0.25 0.25 0.25
89.91854350732457
45.0
438.7566602697941 153.0504926057033
1
438.7566602697941 252.07301925353568
0.25 0.25 0.25 0.25
99.02252664783238
45.0
491.5432544942636 475.53184500567875
0
491.5432544942636 323.3004493824011
0.25 0.25 0.25 0.25
152.23139562327765
45.0
232.07569030949458 499.18021107143034
2
344.4524297427805 499.18021107143034
0.25 0.25 0.25 0.25
112.37673943328593
45.0
293.53393782051694 242.01904413235025
1
293.53393782051694 332.6690001325634
0.25 0.25 0.25 0.25
90.64995600021315
45.0
141.3912084600795 100.4257313241411
1
141.3912084600795 145.67446308923036
0.25 0.25 0.25 0.25
45.24873176508926
45.0
57.714666983360374 275.6088712115534
3
23.689796374403272 275.6088712115534
0.25 0.25 0.25 0.25
34.0248706089571
45.0
268.13956777583707 130.42952275727964
1
268.13956777583707 150.49314135737995
0.25 0.25 0.25 0.25
20.063618600100323
45.0
405.322410216697 314.6446784577847
0
405.322410216697 295.05376331656805
0.25 0.25 0.25 0.25
19.59091514121669
45.0
16.91187741937523 232.12709039994917
0
16.91187741937523 182.14811270907856
0.25 0.25 0.25 0.25
49.97897769087061
45.0
163.3630600527735 373.0930812588104
3
139.88713269471953 373.0930812588104
0.25 0.25 0.25 0.25
23.475927358053987
45.0
132.60352546119648 269.98716838591275
1
132.60352546119648 319.8994350049572
0.25 0.25 0.25 0.25
49.91226661904444
45.0
74.35292786629441 11.913171054854914
1
74.35292786629441 58.59801109927741
0.25 0.25 0.25 0.25
46.684840044422494
45.0
430.4791164342063 104.76012995006565
2
463.4499402212084 104.76012995006565
0.25 0.25 0.25 0.25
32.97082378700216
45.0
187.73582631767445 341.83151465583865
0
187.73582631767445 326.4874991838596
0.25 0.25 0.25 0.25
15.344015471979045
45.0
483.714224740131 4.433212408196672
3
470.63816735118127 4.433212408196672
0.25 0.25 0.25 0.25
13.076057388949708
45.0
454.50742198991304 5.478804510604277
1
454.50742198991304 49.4794960959527
0.25 0.25 0.25 0.25
44.00069158534842
45.0
469.4103391874324 213.3225994257722
3
466.7922167409384 213.3225994257722
0.25 0.25 0.25 0.25
2.618122446493981
45.0
248.755801312055 151.2302868429828
0
248.755801312055 125.1206750590569
0.25 0.25 0.25 0.25
26.109611783925896
45.0
167.28352659547653 281.2555298730639
3
134.27398299225752 281.2555298730639
0.25 0.25 0.25 0.25
33.00954360321901
45.0
44.07125390679311 43.98539564201405
1
44.07125390679311 4.982707772548579
0.25 0.25 0.25 0.25
48.96810341456263
45.0
404.68338394205887 420.4013159732561
3
356.6405838407691 420.4013159732561
0.25 0.25 0.25 0.25
48.04280010128976
45.0
470.22215233158056 105.57931644269388
1
470.22215233158056 116.85918790044218
0.25 0.25 0.25 0.25
11.279871457748298
45.0
469.4299107661518 23.200890802665924
3
427.6732141949885 23.200890802665924
0.25 0.25 0.25 0.25
41.75669657116332
45.0
466.73260640097874 439.02183950679756
3
498.5954686819055 439.02183950679756
0.25 0.25 0.25 0.25
34.671924917115746
45.0
437.674784174806 431.1079107247589
1
437.674784174806 457.6458028977181
0.25 0.25 0.25 0.25
26.537892172959253
45.0
41.60321881410788 4.503926207541198
2
2.2568582290163164 4.503926207541198
0.25 0.25 0.25 0.25
43.8600770431242
45.0
394.2136293444065 194.47117761114555
3
383.55430939982807 194.47117761114555
0.25 0.25 0.25 0.25
10.659319944578415
45.0
484.7511284377514 326.570674635895
3
490.34350370559946 326.570674635895
0.25 0.25 0.25 0.25
24.905367856649146
45.0
383.32092676378073 61.11689563737409
3
351.23362134690774 61.11689563737409
0.25 0.25 0.25 0.25
32.087305416873015
45.0
327.9957726302025 104.86567507259977
3
309.12113331121105 104.86567507259977
0.25 0.25 0.25 0.25
18.87463931899143
45.0
258.3136523967096 392.84330049908147
2
274.066453603816 392.84330049908147
0.25 0.25 0.25 0.25
15.752801207106392
45.0
305.1348902927926 171.3752002358264
3
258.3956839955438 171.3752002358264
0.25 0.25 0.25 0.25
46.739206297248806
45.0
319.7154136806407 221.6686525151248
3
285.3274961919125 221.6686525151248
0.25 0.25 0.25 0.25
34.38791748872825
45.0
474.9752205588676 438.8126435849738
0
474.9752205588676 416.7084700321462
0.25 0.25 0.25 0.25
22.104173552827593
45.0
341.9946721125163 225.54508173375467
1
341.9946721125163 233.0801304446448
0.25 0.25 0.25 0.25
7.53504871089013
45.0
218.5612723318987 124.25307463604264
2
253.6353028868832 124.25307463604264
0.25 0.25 0.25 0.25
35.07403055498453
45.0
175.68192162487173 209.1180296159826
1
175.68192162487173 222.30866061240215
0.25 0.25 0.25 0.25
13.190630996419534
45.0
192.15144458319287 278.8095219260571
0
192.15144458319287 261.29241426221927
0.25 0.25 0.25 0.25
17.517107663837816
45.0
22.481517539576814 228.55835405951206
2
56.40800694803395 228.55835405951206
0.25 0.25 0.25 0.25
33.92648940845714
45.0
152.94206718721375 35.36418905261762
0
152.94206718721375 27.493114796941498
0.25 0.25 0.25 0.25
7.8710742556761195
45.0
483.0468183046015 439.3721374536692
1
483.0468183046015 475.4202891412126
0.25 0.25 0.25 0.25
36.04815168754338
45.0
119.54955489013962 315.191910785636
2
165.5064695589424 315.191910785636
0.25 0.25 0.25 0.25
45.95691466880278
45.0
