79528
487.30036343872393 125.58968139469386
1
487.30036343872393 215.072479471896
0.25 0.25 0.25 0.25
89.48279807720215
45.0
18.985599078359343 449.4367821829495
0
18.985599078359343 321.12497490018654
0.25 0.25 0.25 0.25
128.31180728276294
45.0
113.58543175058958 30.05402580171267
1
113.58543175058958 130.14413606216067
0.25 0.25 0.25 0.25
100.090110260448
45.0
440.3633269293465 428.04531134581725
3
471.5003684435288 428.04531134581725
0.25 0.25 0.25 0.25
88.13630462712464
45.0
98.72389720082379 357.869517256824
2
232.23514434880366 357.869517256824
0.25 0.25 0.25 0.25
133.51124714797987
45.0
349.87335569198535 125.93249728884022
3
259.9548121846608 125.93249728884022
0.25 0.25 0.25 0.25
89.91854350732457
45.0
452.4460795606973 361.6116076768111
1
452.4460795606973 460.63413432464347
0.25 0.25 0.25 0.25
99.02252664783238
45.0
103.11303565814603 0.4899999092270946
2
49.11835996513162 0.4899999092270946
0.25 0.25 0.25 0.25
152.23139562327765
45.0
277.6383099077882 253.28500026285099
2
390.01504934107413 253.28500026285099
0.25 0.25 0.25 0.25
112.37673943328593
45.0
21.5840698198775 299.03020787127343
2
112.23402582009065 299.03020787127343
0.25 0.25 0.25 0.25
90.64995600021315
45.0
498.853161412757 285.94855955253456
3
455.89810682215375 285.94855955253456
0.25 0.25 0.25 0.25
45.24873176508926
45.0
23.689796374403286 145.96832843617608
2
10.335074234553815 145.96832843617608
0.25 0.25 0.25 0.25
34.0248706089571
45.0
147.7578561752352 431.3517980455293
1
147.7578561752352 451.4154166456296
0.25 0.25 0.25 0.25
20.063618600100323
45.0
418.359353512353 39.5085386828019
1
418.359353512353 59.09945382401859
0.25 0.25 0.25 0.25
19.59091514121669
45.0
33.06710027149535 282.94696045599596
1
33.06710027149535 332.92593814686654
0.25 0.25 0.25 0.25
49.97897769087061
45.0
454.53906474574245 429.6346234804365
2
478.01499210379643 429.6346234804365
0.25 0.25 0.25 0.25
23.475927358053987
45.0
68.80020863409254 269.98716838591275
2
118.71247525313697 269.98716838591275
0.25 0.25 0.25 0.25
49.91226661904444
45.0
85.31995133410047 268.19586921168
1
85.31995133410047 314.88070925610253
0.25 0.25 0.25 0.25
46.684840044422494
45.0
173.87099812176805 269.1391827140891
1
173.87099812176805 302.1100065010912
0.25 0.25 0.25 0.25
32.97082378700216
45.0
126.35976442975823 351.2881759045804
0
126.35976442975823 335.94416043260134
0.25 0.25 0.25 0.25
15.344015471979045
45.0
248.345191739036 283.24005014869704
0
248.345191739036 270.1639927597473
0.25 0.25 0.25 0.25
13.076057388949708
45.0
205.5029517903132 390.52741975753145
1
205.5029517903132 434.52811134287987
0.25 0.25 0.25 0.25
44.00069158534842
45.0
422.2841351505404 218.55884431876015
1
422.2841351505404 221.17696676525412
0.25 0.25 0.25 0.25
2.618122446493981
45.0
325.6556579343147 57.64660742842439
3
299.5460461503888 57.64660742842439
0.25 0.25 0.25 0.25
26.109611783925896
45.0
464.36941902444767 289.62040328508897
3
431.35987542122865 289.62040328508897
0.25 0.25 0.25 0.25
33.00954360321901
45.0
74.5028846310797 110.6111545987415
0
74.5028846310797 61.64305118417888
0.25 0.25 0.25 0.25
48.96810341456263
45.0
365.5393859678537 309.1394876731749
0
365.5393859678537 261.0966875718852
0.25 0.25 0.25 0.25
48.04280010128976
45.0
416.97913309093644 37.90008769620409
3
405.69926163318814 37.90008769620409
0.25 0.25 0.25 0.25
11.279871457748298
45.0
137.537055904765 58.15178463174087
0
137.537055904765 16.39508806057755
0.25 0.25 0.25 0.25
41.75669657116332
45.0
114.52753463346471 486.1484880626143
0
114.52753463346471 479.17958702026993
0.25 0.25 0.25 0.25
34.671924917115746
45.0
243.87050974968312 356.58895189156726
1
243.87050974968312 383.1268440645265
0.25 0.25 0.25 0.25
26.537892172959253
45.0
217.04352698660466 267.66438846628637
2
260.90360402972885 267.66438846628637
0.25 0.25 0.25 0.25
43.8600770431242
45.0
349.60027477572055 40.033861169579566
1
349.60027477572055 50.69318111415798
0.25 0.25 0.25 0.25
10.659319944578415
45.0
310.41355344120734 96.82057892714053
3
285.5081855845582 96.82057892714053
0.25 0.25 0.25 0.25
24.905367856649146
45.0
483.03631949179055 446.9864589556574
0
483.03631949179055 414.8991535387844
0.25 0.25 0.25 0.25
32.087305416873015
45.0
143.8702103445833 367.0003079021861
1
143.8702103445833 385.87494722117754
0.25 0.25 0.25 0.25
18.87463931899143
45.0
135.50637778095015 181.83106690904546
1
135.50637778095015 197.58386811615185
0.25 0.25 0.25 0.25
15.752801207106392
45.0
239.91901623776883 264.853612830324
3
193.17980994052002 264.853612830324
0.25 0.25 0.25 0.25
46.739206297248806
45.0
216.55166121445598 257.0117995001899
2
250.93957870318422 257.0117995001899
0.25 0.25 0.25 0.25
34.38791748872825
45.0
143.41261726645354 63.04169318690455
1
143.41261726645354 85.14586673973214
0.25 0.25 0.25 0.25
22.104173552827593
45.0
244.0390388709447 22.098766539721296
2
251.57408758183482 22.098766539721296
0.25 0.25 0.25 0.25
7.53504871089013
45.0
499.15351677177483 194.40113574601162
3
464.0794862167903 194.40113574601162
0.25 0.25 0.25 0.25
35.07403055498453
45.0
136.1100286356131 169.54613662672398
3
122.91939763919358 169.54613662672398
0.25 0.25 0.25 0.25
13.190630996419534
45.0
157.11722925551726 211.6694926614017
3
139.60012159167945 211.6694926614017
0.25 0.25 0.25 0.25
17.517107663837816
45.0
468.62114133356613 448.2490976649978
3
497.4523692579767 448.2490976649978
0.25 0.25 0.25 0.25
33.92648940845714
45.0
152.94206718721375 302.98071374560556
1
152.94206718721375 310.85178800128165
0.25 0.25 0.25 0.25
7.8710742556761195
45.0
240.0580037430127 92.00189060826666
3
204.0098520554693 92.00189060826666
0.25 0.25 0.25 0.25
36.04815168754338
45.0
294.0626771290854 269.23499611683326
2
340.01959179788815 269.23499611683326
0.25 0.25 0.25 0.25
45.95691466880278
45.0
