79528
424.5434788356181 109.9004602439174
1
424.5434788356181 199.38325832111954
0.25 0.25 0.25 0.25
89.48279807720215
45.0
91.1527179978105 426.4118945620428
0
91.1527179978105 298.1000872792798
0.25 0.25 0.25 0.25
128.31180728276294
45.0
486.0541272076184 274.72181800203134
0
486.0541272076184 174.63170774158334
0.25 0.25 0.25 0.25
100.090110260448
45.0
498.63537486739585 70.27186731530182
1
498.63537486739585 158.40817194242646
0.25 0.25 0.25 0.25
88.13630462712464
45.0
492.7362396961426 309.68671848307537
3
359.22499254816273 309.68671848307537
0.25 0.25 0.25 0.25
133.51124714797987
45.0
268.660427439857 294.8735628840594
3
178.74188393253246 294.8735628840594
0.25 0.25 0.25 0.25
89.91854350732457
45.0
234.85155922168008 44.994560689961446
3
135.8290325738477 44.994560689961446
0.25 0.25 0.25 0.25
99.02252664783238
45.0
34.84906762443063 437.85652873398715
0
34.84906762443063 409.9120756427352
0.25 0.25 0.25 0.25
152.23139562327765
45.0
434.04785937691963 108.26610569329296
1
434.04785937691963 220.6428451265789
0.25 0.25 0.25 0.25
112.37673943328593
45.0
162.56632617820418 211.23073586871521
3
71.91637017799103 211.23073586871521
0.25 0.25 0.25 0.25
90.64995600021315
45.0
451.3702056541173 285.94855955253456
0
451.3702056541173 240.69982778744532
0.25 0.25 0.25 0.25
45.24873176508926
45.0
431.9122738822833 228.30524826235205
0
431.9122738822833 194.28037765339496
0.25 0.25 0.25 0.25
34.0248706089571
45.0
253.51451582677117 127.21658903900878
2
273.5781344268715 127.21658903900878
0.25 0.25 0.25 0.25
20.063618600100323
45.0
444.50424049913033 472.2353273854672
0
444.50424049913033 452.64441224425053
0.25 0.25 0.25 0.25
19.59091514121669
45.0
32.6466540889073 68.58766811045064
2
82.6256317797779 68.58766811045064
0.25 0.25 0.25 0.25
49.97897769087061
45.0
132.35911920560713 448.56437627307895
0
132.35911920560713 425.08844891502497
0.25 0.25 0.25 0.25
23.475927358053987
45.0
32.77899222310761 423.23330348126865
1
32.77899222310761 473.1455701003131
0.25 0.25 0.25 0.25
49.91226661904444
45.0
338.3625106233403 34.771668989567495
3
291.6776705789178 34.771668989567495
0.25 0.25 0.25 0.25
46.684840044422494
45.0
496.42076400821054 346.4311828490163
1
496.42076400821054 379.4020066360184
0.25 0.25 0.25 0.25
32.97082378700216
45.0
157.04779537371633 428.0082532644756
1
157.04779537371633 443.3522687364547
0.25 0.25 0.25 0.25
15.344015471979045
45.0
261.42124912798573 152.47947625919986
2
274.49730651693545 152.47947625919986
0.25 0.25 0.25 0.25
13.076057388949708
45.0
498.50811357526146 205.5133837780254
0
498.50811357526146 161.51269219267698
0.25 0.25 0.25 0.25
44.00069158534842
45.0
338.50421686273245 210.7044769792782
2
341.12233930922645 210.7044769792782
0.25 0.25 0.25 0.25
2.618122446493981
45.0
46.284680521945546 274.3582539106472
1
46.284680521945546 300.4678656945731
0.25 0.25 0.25 0.25
26.109611783925896
45.0
312.9038608047124 190.5917724754319
0
312.9038608047124 157.58222887221288
0.25 0.25 0.25 0.25
33.00954360321901
45.0
298.7054699951452 306.48356825699193
2
347.67357340970784 306.48356825699193
0.25 0.25 0.25 0.25
48.96810341456263
45.0
189.62782152758774 27.160113035853513
1
189.62782152758774 75.20291313714327
0.25 0.25 0.25 0.25
48.04280010128976
45.0
281.62067559795685 432.69558871739457
3
270.34080414020855 432.69558871739457
0.25 0.25 0.25 0.25
11.279871457748298
45.0
284.3513452227079 22.877241184337095
1
284.3513452227079 18.879455386826223
0.25 0.25 0.25 0.25
41.75669657116332
45.0
226.70589194133618 29.927641543752827
1
226.70589194133618 4.744283373362919
0.25 0.25 0.25 0.25
34.671924917115746
45.0
217.33261757672398 378.0321263788404
3
190.79472540376472 378.0321263788404
0.25 0.25 0.25 0.25
26.537892172959253
45.0
164.40167795162392 136.08415733691373
0
164.40167795162392 92.22408029378954
0.25 0.25 0.25 0.25
43.8600770431242
45.0
244.98315012030835 349.1541395623538
3
234.32383017572994 349.1541395623538
0.25 0.25 0.25 0.25
10.659319944578415
45.0
86.26524273136499 2.8008924994559763
3
61.35987487471584 2.8008924994559763
0.25 0.25 0.25 0.25
24.905367856649146
45.0
397.36146739504494 184.17258522792955
2
429.44877281191793 184.17258522792955
0.25 0.25 0.25 0.25
32.087305416873015
45.0
389.24052149147207 350.23598621948844
1
389.24052149147207 369.1106255384799
0.25 0.25 0.25 0.25
18.87463931899143
45.0
179.54964636117762 205.76314537096152
3
163.79684515407124 205.76314537096152
0.25 0.25 0.25 0.25
15.752801207106392
45.0
152.47130189799657 43.84416349264246
2
199.21050819524538 43.84416349264246
0.25 0.25 0.25 0.25
46.739206297248806
45.0
213.8012683875752 393.6082399587661
0
213.8012683875752 359.22032247003784
0.25 0.25 0.25 0.25
34.38791748872825
45.0
121.8374653674776 3.2708274715781798
2
143.9416389203052 3.2708274715781798
0.25 0.25 0.25 0.25
22.104173552827593
45.0
251.57408758183482 383.78110466244726
2
259.10913629272494 383.78110466244726
0.25 0.25 0.25 0.25
7.53504871089013
45.0
237.4011248829002 89.95930244694037
3
202.3270943279157 89.95930244694037
0.25 0.25 0.25 0.25
35.07403055498453
45.0
399.92264856400396 344.88847223363797
3
386.7320175675844 344.88847223363797
0.25 0.25 0.25 0.25
13.190630996419534
45.0
2.061602880267948 226.25819893454366
2
15.455504783569868 226.25819893454366
0.25 0.25 0.25 0.25
17.517107663837816
45.0
148.81380460168026 194.63186465105497
1
148.81380460168026 228.5583540595121
0.25 0.25 0.25 0.25
33.92648940845714
45.0
469.24636854033344 161.4126673392854
1
469.24636854033344 169.28374159496153
0.25 0.25 0.25 0.25
7.8710742556761195
45.0
418.15697388398326 16.142564454363423
1
418.15697388398326 52.190716141906805
0.25 0.25 0.25 0.25
36.04815168754338
45.0
191.09672507781886 142.41637482408595
2
237.05363974662163 142.41637482408595
0.25 0.25 0.25 0.25
45.95691466880278
45.0
