79528
423.21683848407395 125.58968139469383
3
487.30036343872393 125.58968139469383
0.25 0.25 0.25 0.25
89.48279807720215
45.0
237.63801548716654 422.2514105342875
0
237.63801548716654 293.93960325152455
0.25 0.25 0.25 0.25
128.31180728276294
45.0
286.7750092912024 130.14413606216067
2
386.8651195516504 130.14413606216067
0.25 0.25 0.25 0.25
100.090110260448
45.0
440.3633269293465 131.27316551855944
1
440.3633269293465 219.40947014568408
0.25 0.25 0.25 0.25
88.13630462712464
45.0
435.3210913910957 491.38076440480387
3
431.16766146092436 491.38076440480387
0.25 0.25 0.25 0.25
133.51124714797987
45.0
380.371013786041 305.76958430348935
1
380.371013786041 395.6881278108139
0.25 0.25 0.25 0.25
89.91854350732457
45.0
349.508867143638 54.76929421163776
3
250.48634049580562 54.76929421163776
0.25 0.25 0.25 0.25
99.02252664783238
45.0
103.11303565814603 457.18418677906004
2
255.34443128142368 457.18418677906004
0.25 0.25 0.25 0.25
152.23139562327765
45.0
149.08733802620873 140.90826082956505
0
149.08733802620873 28.531521396279118
0.25 0.25 0.25 0.25
112.37673943328593
45.0
69.06588618033565 157.07005612744774
2
21.5840698198775 157.07005612744774
0.25 0.25 0.25 0.25
90.64995600021315
45.0
410.6493750570645 487.8077816220192
0
410.6493750570645 466.94348661289155
0.25 0.25 0.25 0.25
45.24873176508926
45.0
180.4594272793393 248.04294026304734
0
180.4594272793393 214.01806965409025
0.25 0.25 0.25 0.25
34.0248706089571
45.0
47.43976317473357 448.26649035386885
3
27.376144574633248 448.26649035386885
0.25 0.25 0.25 0.25
20.063618600100323
45.0
424.91332535791366 98.28128410645198
2
444.50424049913033 98.28128410645198
0.25 0.25 0.25 0.25
19.59091514121669
45.0
266.8067658737283 232.96798276512536
2
316.7857435645989 232.96798276512536
0.25 0.25 0.25 0.25
49.97897769087061
45.0
266.7316458813106 406.15869612238254
3
243.25571852325663 406.15869612238254
0.25 0.25 0.25 0.25
23.475927358053987
45.0
218.53700849122583 269.98716838591275
1
218.53700849122583 319.8994350049572
0.25 0.25 0.25 0.25
49.91226661904444
45.0
54.734568799167015 268.19586921168
3
8.049728754744521 268.19586921168
0.25 0.25 0.25 0.25
46.684840044422494
45.0
206.8418219087702 401.0224778620976
0
206.8418219087702 368.0516540750955
0.25 0.25 0.25 0.25
32.97082378700216
45.0
126.35976442975823 305.25612948864324
1
126.35976442975823 320.6001449606223
0.25 0.25 0.25 0.25
15.344015471979045
45.0
339.87759346168406 204.7837058149987
0
339.87759346168406 191.707648426049
0.25 0.25 0.25 0.25
13.076057388949708
45.0
293.50433496101004 346.526728172183
3
249.50364337566162 346.526728172183
0.25 0.25 0.25 0.25
44.00069158534842
45.0
432.7566249365164 236.88570144421794
0
432.7566249365164 234.26757899772397
0.25 0.25 0.25 0.25
2.618122446493981
45.0
351.76526971824063 109.86583099627619
2
377.87488150216655 109.86583099627619
0.25 0.25 0.25 0.25
26.109611783925896
45.0
398.3503318180097 124.5726852689939
3
365.3407882147907 124.5726852689939
0.25 0.25 0.25 0.25
33.00954360321901
45.0
72.4014256126082 110.6111545987415
1
72.4014256126082 159.57925801330413
0.25 0.25 0.25 0.25
48.96810341456263
45.0
346.2038134244078 219.33131344101236
2
394.24661352569757 219.33131344101236
0.25 0.25 0.25 0.25
48.04280010128976
45.0
473.37849037967794 29.779141050285702
3
462.09861892192964 29.779141050285702
0.25 0.25 0.25 0.25
11.279871457748298
45.0
388.077235331745 16.39508806057755
2
429.8339319029083 16.39508806057755
0.25 0.25 0.25 0.25
41.75669657116332
45.0
45.18368479923322 271.14803751757546
1
45.18368479923322 305.8199624346912
0.25 0.25 0.25 0.25
34.671924917115746
45.0
296.9462940956016 383.1268440645265
0
296.9462940956016 356.58895189156726
0.25 0.25 0.25 0.25
26.537892172959253
45.0
475.935933711526 92.2240802937896
0
475.935933711526 48.3640032506654
0.25 0.25 0.25 0.25
43.8600770431242
45.0
328.28163488656367 29.374541225001146
1
328.28163488656367 40.03386116957956
0.25 0.25 0.25 0.25
10.659319944578415
45.0
335.3189212978565 47.00984321384223
3
310.41355344120734 47.00984321384223
0.25 0.25 0.25 0.25
24.905367856649146
45.0
484.8763750913364 488.83893021059663
3
483.03631949179055 488.83893021059663
0.25 0.25 0.25 0.25
32.087305416873015
45.0
200.4941283015576 291.50175062622026
2
219.36876762054902 291.50175062622026
0.25 0.25 0.25 0.25
18.87463931899143
45.0
214.27038381648208 244.842271737471
0
214.27038381648208 229.08947053036462
0.25 0.25 0.25 0.25
15.752801207106392
45.0
52.96219104877358 124.63599393857757
0
52.96219104877358 77.89678764132876
0.25 0.25 0.25 0.25
46.739206297248806
45.0
182.16374372572773 325.7876344776464
1
182.16374372572773 360.17555196637466
0.25 0.25 0.25 0.25
34.38791748872825
45.0
77.62911826182237 47.47917457723341
1
77.62911826182237 69.583348130061
0.25 0.25 0.25 0.25
22.104173552827593
45.0
236.50399016005457 82.37915622684233
2
244.0390388709447 82.37915622684233
0.25 0.25 0.25 0.25
7.53504871089013
45.0
78.2651501119606 89.17904408105804
1
78.2651501119606 124.25307463604257
0.25 0.25 0.25 0.25
35.07403055498453
45.0
202.06318361771082 116.78361264104582
1
202.06318361771082 129.97424363746535
0.25 0.25 0.25 0.25
13.190630996419534
45.0
139.60012159167945 211.6694926614017
1
139.60012159167945 229.1866003252395
0.25 0.25 0.25 0.25
17.517107663837816
45.0
361.74641162414815 448.2490976649978
2
395.6729010326053 448.2490976649978
0.25 0.25 0.25 0.25
33.92648940845714
45.0
200.16851272127047 295.10963948992946
1
200.16851272127047 302.98071374560556
0.25 0.25 0.25 0.25
7.8710742556761195
45.0
167.9617003679259 200.14634567089684
3
131.91354868038252 200.14634567089684
0.25 0.25 0.25 0.25
36.04815168754338
45.0
292.32509085168965 177.32116677922772
3
246.36817618288688 177.32116677922772
0.25 0.25 0.25 0.25
45.95691466880278
45.0
