61906
31.136668296431168 52.55097825138448
1
31.136668296431168 61.196846014685576
0.25 0.25 0.25 0.25
113.74782426607005
45.0
230.2752211236393 394.7130418411275
0
230.2752211236393 299.9255781575931
0.25 0.25 0.25 0.25
94.78746368353438
45.0
365.3533858203289 324.3956756668273
0
365.3533858203289 199.05292886538928
0.25 0.25 0.25 0.25
125.342746801438
45.0
495.8665288158009 132.4674666505345
3
393.92117650532305 132.4674666505345
0.25 0.25 0.25 0.25
110.21229467887605
45.0
336.9203336945982 342.9085575268265
1
336.9203336945982 488.01553854369774
0.25 0.25 0.25 0.25
145.10698101687123
45.0
177.41992531438865 215.33365956066132
2
302.3630329341563 215.33365956066132
0.25 0.25 0.25 0.25
124.94310761976764
45.0
266.50550199965676 111.00141524002981
1
266.50550199965676 273.7780233408833
0.25 0.25 0.25 0.25
162.77660810085348
45.0
63.30311517069056 99.66483362438483
2
189.3602768783561 99.66483362438483
0.25 0.25 0.25 0.25
126.05716170766554
45.0
177.5505924843398 132.2718623215868
0
177.5505924843398 25.092553189967717
0.25 0.25 0.25 0.25
107.17930913161909
45.0
385.1463869319748 6.404403082941144
3
474.23053503162726 6.404403082941144
0.25 0.25 0.25 0.25
140.623078036398
45.0
418.6078056694804 383.68250134097013
3
479.5686696983727 383.68250134097013
0.25 0.25 0.25 0.25
101.82352463214696
45.0
266.58255885722605 289.34693076022506
0
266.58255885722605 148.02436096505625
0.25 0.25 0.25 0.25
141.32256979516882
45.0
391.15434242526567 286.5008667233558
0
391.15434242526567 117.14281928786102
0.25 0.25 0.25 0.25
169.35804743549477
45.0
266.38502183027344 249.72382097971573
1
266.38502183027344 415.9655913397005
0.25 0.25 0.25 0.25
166.24177035998477
45.0
392.364008174099 238.01093139911256
3
262.4541846177659 238.01093139911256
0.25 0.25 0.25 0.25
129.9098235563331
45.0
50.14982711340764 152.99781690989272
0
50.14982711340764 12.673513532370634
0.25 0.25 0.25 0.25
140.32430337752209
45.0
326.3081093187078 413.28684395599953
3
165.3665205437059 413.28684395599953
0.25 0.25 0.25 0.25
160.94158877500192
45.0
369.14080108390664 164.67934605964876
3
250.03875623622218 164.67934605964876
0.25 0.25 0.25 0.25
119.10204484768444
45.0
341.6769725285561 240.64593381595324
0
341.6769725285561 65.83645899121552
0.25 0.25 0.25 0.25
174.80947482473772
45.0
301.95416415099936 283.5386985925022
3
176.58343026737907 283.5386985925022
0.25 0.25 0.25 0.25
125.37073388362028
45.0
74.22235003132484 11.277291975474455
1
74.22235003132484 135.77810415348648
0.25 0.25 0.25 0.25
124.50081217801203
45.0
104.7305194052428 238.1857154907896
0
104.7305194052428 74.20592634868717
0.25 0.25 0.25 0.25
163.97978914210242
45.0
380.00377099220566 432.7079066118913
3
219.75859989624365 432.7079066118913
0.25 0.25 0.25 0.25
160.245171095962
45.0
36.79451367712153 398.2367975648009
0
36.79451367712153 462.049614022985
0.25 0.25 0.25 0.25
139.71358841221414
45.0
127.18941305737042 200.56343814860008
1
127.18941305737042 352.9638805033113
0.25 0.25 0.25 0.25
152.40044235471123
45.0
42.33189420775159 111.50861869986772
1
42.33189420775159 63.191475317853076
0.25 0.25 0.25 0.25
174.7000940177208
45.0
464.2074607427983 315.72586311368576
3
413.43787389494867 315.72586311368576
0.25 0.25 0.25 0.25
122.35466536225304
45.0
94.79544224366974 351.444371941678
1
94.79544224366974 459.2256787544736
0.25 0.25 0.25 0.25
107.78130681279562
45.0
196.06523290001803 493.8274748902628
0
196.06523290001803 340.268268342709
0.25 0.25 0.25 0.25
153.5592065475538
45.0
95.19297220040187 349.41580757377824
2
198.0244484631669 349.41580757377824
0.25 0.25 0.25 0.25
102.83147626276502
45.0
8.8702953049048 20.38831307203546
2
97.494252909647 20.38831307203546
0.25 0.25 0.25 0.25
106.3645482145518
45.0
175.11276572931473 196.1674862853884
0
175.11276572931473 106.89149130104751
0.25 0.25 0.25 0.25
89.2759949843409
45.0
139.66017330659872 230.0665401828436
1
139.66017330659872 331.49015979439474
0.25 0.25 0.25 0.25
101.42361961155113
45.0
35.62909954274372 275.24484789796145
2
137.8099901975781 275.24484789796145
0.25 0.25 0.25 0.25
173.4390897403218
45.0
175.83913552445733 279.9227279477766
1
175.83913552445733 402.5995429956315
0.25 0.25 0.25 0.25
122.67681504785493
45.0
99.62134502532763 288.6267022937635
2
199.72789772376314 288.6267022937635
0.25 0.25 0.25 0.25
100.10655269843551
45.0
386.35458773234484 185.2376962237414
3
242.07167413488506 185.2376962237414
0.25 0.25 0.25 0.25
144.28291359745978
45.0
229.70147169921722 304.4075870193064
0
229.70147169921722 209.94461484939427
0.25 0.25 0.25 0.25
94.46297216991212
45.0
184.74044527878084 249.9748362735691
2
316.5538729781471 249.9748362735691
0.25 0.25 0.25 0.25
131.8134276993663
45.0
332.56432759072305 35.073925073893534
2
371.8282939472808 35.073925073893534
0.25 0.25 0.25 0.25
39.26396635655776
45.0
436.2012599128758 382.70228274034434
2
442.3890478511085 382.70228274034434
0.25 0.25 0.25 0.25
6.187787938232697
45.0
283.4390030030493 355.51228019804125
0
283.4390030030493 350.72228819637525
0.25 0.25 0.25 0.25
4.7899920016660325
45.0
43.06449834264225 459.00538610474666
0
43.06449834264225 413.20791402101526
0.25 0.25 0.25 0.25
45.79747208373141
45.0
61.165031850685246 212.35518874350197
1
61.165031850685246 259.20901449487303
0.25 0.25 0.25 0.25
46.853825751371055
45.0
170.68227533051683 310.85150331685895
2
191.54066283740218 310.85150331685895
0.25 0.25 0.25 0.25
20.85838750688534
45.0
345.10298496846 480.12124110444813
2
357.4418226658973 480.12124110444813
0.25 0.25 0.25 0.25
12.33883769743725
45.0
242.37791233461846 224.6551975233114
1
242.37791233461846 240.1273482983982
0.25 0.25 0.25 0.25
15.472150775086806
45.0
415.36419789084977 289.92717583109584
2
446.8498390909838 289.92717583109584
0.25 0.25 0.25 0.25
31.485641200134012
45.0
