97595
6.7722846285867035 405.3443165857652
0
6.7722846285867035 428.94465251511747
0.25 0.25 0.25 0.25
165.71103089911725
45.0
167.52116543177524 438.59666267368357
2
315.3839579660046 438.59666267368357
0.25 0.25 0.25 0.25
147.86279253422933
45.0
423.56758968476174 412.24753940777146
3
478.0463518799173 412.24753940777146
0.25 0.25 0.25 0.25
98.38605843532093
45.0
42.081745333013714 401.7434885924454
2
78.48994125048807 401.7434885924454
0.25 0.25 0.25 0.25
120.57168658350179
45.0
244.65777874762216 44.11778782147846
1
244.65777874762216 54.168292346213676
0.25 0.25 0.25 0.25
98.28608016769213
45.0
172.09379691575646 375.4399732436498
0
172.09379691575646 279.5755597899374
0.25 0.25 0.25 0.25
95.86441345371236
45.0
207.3577045134607 168.52355851129073
1
207.3577045134607 305.3188802302293
0.25 0.25 0.25 0.25
136.79532171893857
45.0
417.7531764354626 473.05152070140844
0
417.7531764354626 358.44385039666986
0.25 0.25 0.25 0.25
168.50462890192176
45.0
389.2727565116529 415.573505438603
0
389.2727565116529 437.17851458542066
0.25 0.25 0.25 0.25
147.24797997597642
45.0
28.39068793889379 149.88141921764634
1
28.39068793889379 307.07024129770326
0.25 0.25 0.25 0.25
157.18882208005692
45.0
497.21959951120414 430.75597410457215
3
388.76429773070504 430.75597410457215
0.25 0.25 0.25 0.25
114.01610275809081
45.0
210.63370193093874 399.0935776476556
0
210.63370193093874 448.8537954181304
0.25 0.25 0.25 0.25
152.052626934214
45.0
331.97335703172627 104.06849548385101
3
210.05132240539433 104.06849548385101
0.25 0.25 0.25 0.25
121.92203462633192
45.0
76.94393273433661 175.0541465197353
1
76.94393273433661 269.4565187714044
0.25 0.25 0.25 0.25
94.40237225166908
45.0
80.04993799230267 490.09387067434665
2
7.557770515524481 490.09387067434665
0.25 0.25 0.25 0.25
87.60770850782716
45.0
362.729321163765 96.28053954887196
1
362.729321163765 235.26604897638492
0.25 0.25 0.25 0.25
138.98550942751297
45.0
155.9563529004305 160.5730845781759
1
155.9563529004305 309.17801889166066
0.25 0.25 0.25 0.25
148.60493431348476
45.0
410.2159736909048 343.3697302432689
0
410.2159736909048 216.70077074001253
0.25 0.25 0.25 0.25
126.66895950325639
45.0
447.10446546906167 179.32072050942438
0
447.10446546906167 12.829760721262176
0.25 0.25 0.25 0.25
166.4909597881622
45.0
135.27935785318863 444.7523388720389
0
135.27935785318863 344.45964865517954
0.25 0.25 0.25 0.25
100.29269021685931
45.0
216.7780915454211 170.374085639368
3
80.91605675280493 170.374085639368
0.25 0.25 0.25 0.25
135.86203479261616
45.0
103.87523193948141 14.519984121392554
2
241.7144281628132 14.519984121392554
0.25 0.25 0.25 0.25
137.83919622333178
45.0
331.674252465603 349.9725125913624
0
331.674252465603 491.8749957541388
0.25 0.25 0.25 0.25
158.1524916544988
45.0
127.80454021698452 103.97876811043324
2
22.13128430070043 103.97876811043324
0.25 0.25 0.25 0.25
149.93582451768495
45.0
367.6665323904517 278.37801592084327
3
460.11002120200385 278.37801592084327
0.25 0.25 0.25 0.25
172.2234464075444
45.0
38.356156398079975 280.36540671462114
1
38.356156398079975 374.4689410159354
0.25 0.25 0.25 0.25
94.10353430131426
45.0
111.42562008612936 477.15419683457935
0
111.42562008612936 424.645919192302
0.25 0.25 0.25 0.25
98.19988397311863
45.0
240.52371756395567 7.557292028969471
1
240.52371756395567 129.86276181238148
0.25 0.25 0.25 0.25
137.42005384135095
45.0
426.83929009609324 373.6983803319936
3
468.2125320684082 373.6983803319936
0.25 0.25 0.25 0.25
104.94817783549854
45.0
324.11747057411606 62.52877545293694
2
433.92174671505506 62.52877545293694
0.25 0.25 0.25 0.25
109.80427614093904
45.0
202.53296491854272 367.3611473336722
0
202.53296491854272 483.8973178174605
0.25 0.25 0.25 0.25
148.7415348488673
45.0
312.934648212282 211.5518721408342
3
223.84299177126385 211.5518721408342
0.25 0.25 0.25 0.25
89.09165644101816
45.0
129.46405457396014 294.4597388154105
1
129.46405457396014 463.2021675938729
0.25 0.25 0.25 0.25
168.7424287784624
45.0
255.64718644170773 428.81338104995575
0
255.64718644170773 340.5169174855928
0.25 0.25 0.25 0.25
88.29646356436298
45.0
167.86780340753478 214.48280284341524
2
308.50780462346887 214.48280284341524
0.25 0.25 0.25 0.25
140.6400012159341
45.0
327.0767827267499 96.80354372701623
3
187.660098504148 96.80354372701623
0.25 0.25 0.25 0.25
139.4166842226019
45.0
72.01364696878449 260.47580859552545
1
72.01364696878449 434.9387678300427
0.25 0.25 0.25 0.25
174.46295923451723
45.0
8.687800694128498 250.21661754021736
2
153.05688658610458 250.21661754021736
0.25 0.25 0.25 0.25
144.36908589197608
45.0
499.69786808739536 30.947030286212225
1
499.69786808739536 123.69956521266454
0.25 0.25 0.25 0.25
92.75253492645231
45.0
146.2339091217611 100.51448435435412
2
259.42862108242764 100.51448435435412
0.25 0.25 0.25 0.25
113.19471196066655
45.0
77.17967270664622 286.2685591572306
1
77.17967270664622 422.4877142848467
0.25 0.25 0.25 0.25
136.2191551276161
45.0
304.45069873514643 460.89110126770447
0
304.45069873514643 404.56522445187375
0.25 0.25 0.25 0.25
134.54367428042184
45.0
192.91101030959157 416.86617849026493
0
192.91101030959157 266.82897554820374
0.25 0.25 0.25 0.25
150.03720294206119
45.0
391.9102150186483 436.8136148170357
0
391.9102150186483 389.9607581117615
0.25 0.25 0.25 0.25
173.22562707120275
45.0
382.54978064630404 414.79459906197826
0
382.54978064630404 433.17165174061915
0.25 0.25 0.25 0.25
152.03374919740264
45.0
416.4400812882417 294.09165644393624
3
258.6681068796015 294.09165644393624
0.25 0.25 0.25 0.25
157.77197440864018
45.0
449.89424235988486 127.65044400845068
3
307.2009506686071 127.65044400845068
0.25 0.25 0.25 0.25
142.69329169127775
45.0
287.0302148617107 417.8932384561681
3
157.69559368116722 417.8932384561681
0.25 0.25 0.25 0.25
129.33462118054348
45.0
