97595
366.86341945330344 382.4090581645794
0
366.86341945330344 451.8799109363034
0.25 0.25 0.25 0.25
165.71103089911725
45.0
396.59505854134454 491.32424184710567
0
396.59505854134454 343.4614493128763
0.25 0.25 0.25 0.25
147.86279253422933
45.0
226.79547281411988 199.33600689033892
1
226.79547281411988 297.72206532565986
0.25 0.25 0.25 0.25
98.38605843532093
45.0
226.66426842359056 470.8426466671565
0
226.66426842359056 350.2709600836547
0.25 0.25 0.25 0.25
120.57168658350179
45.0
15.922065109297051 193.82146295840636
2
82.36401505839508 193.82146295840636
0.25 0.25 0.25 0.25
98.28608016769213
45.0
279.02508741788847 458.1517041694026
2
374.88950087160083 458.1517041694026
0.25 0.25 0.25 0.25
95.86441345371236
45.0
42.071149344576725 126.0908105438607
2
94.72417237436184 126.0908105438607
0.25 0.25 0.25 0.25
136.79532171893857
45.0
223.18201893763302 495.1070675244695
0
223.18201893763302 326.60243862254777
0.25 0.25 0.25 0.25
168.50462890192176
45.0
64.04093672786513 142.6825546334677
1
64.04093672786513 289.9305346094441
0.25 0.25 0.25 0.25
147.24797997597642
45.0
312.72602553718576 32.9297385743447
1
312.72602553718576 190.11856065440162
0.25 0.25 0.25 0.25
157.18882208005692
45.0
467.19907219915706 43.68993407383938
3
418.7848250427521 43.68993407383938
0.25 0.25 0.25 0.25
114.01610275809081
45.0
275.00209047043677 247.0409507134416
1
275.00209047043677 399.0935776476556
0.25 0.25 0.25 0.25
152.052626934214
45.0
398.36227040587414 201.3668071208383
0
398.36227040587414 79.44477249450638
0.25 0.25 0.25 0.25
121.92203462633192
45.0
398.5771442577037 146.5790650036318
0
398.5771442577037 52.17669275196272
0.25 0.25 0.25 0.25
94.40237225166908
45.0
300.19724204803106 175.9782430569391
1
300.19724204803106 263.5859515647663
0.25 0.25 0.25 0.25
87.60770850782716
45.0
169.54094372143356 96.90783789345949
3
30.555434293920598 96.90783789345949
0.25 0.25 0.25 0.25
138.98550942751297
45.0
248.75865975330572 446.17987913985166
0
248.75865975330572 297.5749448263669
0.25 0.25 0.25 0.25
148.60493431348476
45.0
323.0944312765315 289.96302613906494
3
196.42547177327515 289.96302613906494
0.25 0.25 0.25 0.25
126.66895950325639
45.0
374.8079207614808 10.721278179208468
1
374.8079207614808 177.21223796737067
0.25 0.25 0.25 0.25
166.4909597881622
45.0
141.13316219037506 168.71141110348972
1
141.13316219037506 269.00410132034904
0.25 0.25 0.25 0.25
100.29269021685931
45.0
178.84756965617873 317.2713549944288
3
42.98553486356258 317.2713549944288
0.25 0.25 0.25 0.25
135.86203479261616
45.0
342.10467364381316 431.459921461902
2
479.94386986714494 431.459921461902
0.25 0.25 0.25 0.25
137.83919622333178
45.0
454.1908643714138 333.72250409964
0
454.1908643714138 175.5700124451412
0.25 0.25 0.25 0.25
158.1524916544988
45.0
423.67149587626136 453.40118876959787
0
423.67149587626136 303.4653642519129
0.25 0.25 0.25 0.25
149.93582451768495
45.0
401.0072108357182 132.75023378477843
1
401.0072108357182 304.97368019232283
0.25 0.25 0.25 0.25
172.2234464075444
45.0
90.88625521769109 272.9427014512081
1
90.88625521769109 367.04623575252236
0.25 0.25 0.25 0.25
94.10353430131426
45.0
192.98110947299006 66.35350067329114
1
192.98110947299006 31.846383299827494
0.25 0.25 0.25 0.25
98.19988397311863
45.0
492.12264073693643 366.64324638454013
3
370.4573054217126 366.64324638454013
0.25 0.25 0.25 0.25
137.42005384135095
45.0
13.031199879626797 9.372068470512545
2
91.91697795587174 9.372068470512545
0.25 0.25 0.25 0.25
104.94817783549854
45.0
359.4020147687621 195.85608105697347
1
359.4020147687621 305.6603571979125
0.25 0.25 0.25 0.25
109.80427614093904
45.0
408.48668462889873 193.45030946215118
0
408.48668462889873 44.70877461328388
0.25 0.25 0.25 0.25
148.7415348488673
45.0
419.7903824646636 233.90641006425662
0
419.7903824646636 144.81475362323846
0.25 0.25 0.25 0.25
89.09165644101816
45.0
273.2973380108734 113.26273736617384
1
273.2973380108734 282.00516614463623
0.25 0.25 0.25 0.25
168.7424287784624
45.0
450.72452207319594 490.4507050106527
3
362.428058508833 490.4507050106527
0.25 0.25 0.25 0.25
88.29646356436298
45.0
410.212192944663 104.88278460440381
1
410.212192944663 245.5227858203379
0.25 0.25 0.25 0.25
140.6400012159341
45.0
351.1599931685365 225.1136671736431
0
351.1599931685365 85.6969829510412
0.25 0.25 0.25 0.25
139.4166842226019
45.0
118.79140237588788 228.78337609481926
0
118.79140237588788 54.32041686030203
0.25 0.25 0.25 0.25
174.46295923451723
45.0
420.6278558823917 105.84753164824127
1
420.6278558823917 250.21661754021736
0.25 0.25 0.25 0.25
144.36908589197608
45.0
322.82968426291563 154.5580395666924
1
322.82968426291563 247.3105744931447
0.25 0.25 0.25 0.25
92.75253492645231
45.0
428.8805559810912 69.61771662898167
1
428.8805559810912 182.81242858964822
0.25 0.25 0.25 0.25
113.19471196066655
45.0
374.7651195904434 382.3789745630513
0
374.7651195904434 246.15981943543522
0.25 0.25 0.25 0.25
136.2191551276161
45.0
350.11255846063517 270.0215501714519
1
350.11255846063517 404.56522445187375
0.25 0.25 0.25 0.25
134.54367428042184
45.0
291.94373381600076 416.86617849026493
2
441.98093675806194 416.86617849026493
0.25 0.25 0.25 0.25
150.03720294206119
45.0
100.62330066579582 334.56290489772255
0
100.62330066579582 492.2114680310747
0.25 0.25 0.25 0.25
173.22562707120275
45.0
230.5160314489014 0.6316645821769384
1
230.5160314489014 152.66541377957958
0.25 0.25 0.25 0.25
152.03374919740264
45.0
428.1204305389548 85.28401472297378
1
428.1204305389548 72.4879596856664
0.25 0.25 0.25 0.25
157.77197440864018
45.0
401.67767514355864 13.895889521771323
3
455.6290331651636 13.895889521771323
0.25 0.25 0.25 0.25
142.69329169127775
45.0
287.0302148617107 89.87005720638558
2
416.3648360422542 89.87005720638558
0.25 0.25 0.25 0.25
129.33462118054348
45.0
