31795
186.07885199453665 95.4533835441087
1
186.07885199453665 213.8705321699191
0.25 0.25 0.25 0.25
118.4171486258104
45.0
387.3238971375888 80.148659613812
1
387.3238971375888 8.693946989577483
0.25 0.25 0.25 0.25
88.84260660338948
45.0
194.305103680938 300.0034139432008
1
194.305103680938 435.9969758075222
0.25 0.25 0.25 0.25
135.99356186432138
45.0
229.36446717745235 91.44410424371836
2
360.1770611221458 91.44410424371836
0.25 0.25 0.25 0.25
130.81259394469345
45.0
471.76903222828184 330.1265696602389
1
471.76903222828184 472.53555901544837
0.25 0.25 0.25 0.25
142.40898935520948
45.0
466.5131299197699 49.379582668127
3
308.9219694935956 49.379582668127
0.25 0.25 0.25 0.25
157.59116042617427
45.0
340.7568865553086 443.41910996861736
3
207.6459754200033 443.41910996861736
0.25 0.25 0.25 0.25
133.11091113530532
45.0
476.45563287765435 435.49888412939276
0
476.45563287765435 412.9441426880612
0.25 0.25 0.25 0.25
151.55697318254607
45.0
3.1126599105417085 462.3256534082843
0
3.1126599105417085 414.61687846409296
0.25 0.25 0.25 0.25
123.05746812762271
45.0
243.85821257027968 427.72233001960274
0
243.85821257027968 445.9087524586362
0.25 0.25 0.25 0.25
126.36891752176106
45.0
299.770905642172 147.29307280476746
0
299.770905642172 37.555936301111814
0.25 0.25 0.25 0.25
109.73713650365563
45.0
209.18690101540528 75.68597082986412
3
74.35432671411286 75.68597082986412
0.25 0.25 0.25 0.25
134.83257430129242
45.0
397.4945536196135 363.5395146880346
3
293.4420711709438 363.5395146880346
0.25 0.25 0.25 0.25
104.05248244866968
45.0
161.34010648120875 176.3354248084138
3
64.29221058337669 176.3354248084138
0.25 0.25 0.25 0.25
97.04789589783206
45.0
271.30504432464477 370.66671672878306
3
142.91513297092933 370.66671672878306
0.25 0.25 0.25 0.25
128.38991135371543
45.0
150.5607904733098 166.3461389759226
1
150.5607904733098 307.5732282838338
0.25 0.25 0.25 0.25
141.22708930791123
45.0
140.97753607796952 284.2831335162125
2
19.078765760161502 284.2831335162125
0.25 0.25 0.25 0.25
160.05630183813102
45.0
209.66652461129894 362.92555061188557
2
302.0682315974636 362.92555061188557
0.25 0.25 0.25 0.25
92.40170698616465
45.0
320.10428886614073 265.6115042987624
3
213.7244312585231 265.6115042987624
0.25 0.25 0.25 0.25
106.37985760761761
45.0
175.03364204995606 339.6894541301625
2
326.5638435379203 339.6894541301625
0.25 0.25 0.25 0.25
151.53020148796426
45.0
89.45185981694135 496.85461961513215
0
89.45185981694135 356.16628777184235
0.25 0.25 0.25 0.25
146.9790926130255
45.0
305.9886759960455 232.56361375644707
1
305.9886759960455 380.68236262715686
0.25 0.25 0.25 0.25
148.1187488707098
45.0
498.8654035837667 431.2514975923626
0
498.8654035837667 467.90723067468525
0.25 0.25 0.25 0.25
100.8412717329521
45.0
365.26156163625785 62.28952852078112
1
365.26156163625785 198.84840624487265
0.25 0.25 0.25 0.25
136.55887772409153
45.0
452.18960805769825 132.41484525155
3
325.4483887005609 132.41484525155
0.25 0.25 0.25 0.25
126.74121935713737
45.0
331.46595300231263 9.66678111724434
3
236.41229966034632 9.66678111724434
0.25 0.25 0.25 0.25
95.05365334196631
45.0
333.3985712111226 160.49491836560765
0
333.3985712111226 22.274263214734276
0.25 0.25 0.25 0.25
138.22065515087337
45.0
14.16187017420907 492.41063668318486
2
128.29635243419273 492.41063668318486
0.25 0.25 0.25 0.25
114.13448225998366
45.0
468.46511981880394 176.53921321869095
3
362.5344653146866 176.53921321869095
0.25 0.25 0.25 0.25
169.0004148665095
45.0
79.49933318750129 91.53525563066694
1
79.49933318750129 229.18022534668637
0.25 0.25 0.25 0.25
137.64496971601943
45.0
291.0181588623157 127.99597369273476
1
291.0181588623157 7.485984807061243
0.25 0.25 0.25 0.25
135.481958499796
45.0
388.17868456650535 275.96255125465996
1
388.17868456650535 385.200087004288
0.25 0.25 0.25 0.25
109.23753574962805
45.0
311.58119719346996 297.53220402327565
2
472.58319213248524 297.53220402327565
0.25 0.25 0.25 0.25
161.00199493901528
45.0
449.0147414583032 390.39972681274844
0
449.0147414583032 217.49458355023097
0.25 0.25 0.25 0.25
172.90514326251747
45.0
364.57768844510304 264.5334032071851
3
476.2417828239953 264.5334032071851
0.25 0.25 0.25 0.25
159.1805287309016
45.0
495.2809573771981 243.401934969188
1
495.2809573771981 360.4552245350475
0.25 0.25 0.25 0.25
117.05328956585946
45.0
211.64194464184135 123.56623479166099
1
211.64194464184135 237.97492345834962
0.25 0.25 0.25 0.25
114.40868866668863
45.0
263.4548232916406 203.11152667691636
0
263.4548232916406 49.85666824220101
0.25 0.25 0.25 0.25
153.25485843471535
45.0
12.316352799456297 10.60198193119544
2
156.89470261695212 10.60198193119544
0.25 0.25 0.25 0.25
144.57834981749582
45.0
488.77102849160104 268.10494181028315
0
488.77102849160104 116.14578465757143
0.25 0.25 0.25 0.25
151.95915715271173
45.0
475.1380840514339 460.1526041791691
3
400.45158041552145 460.1526041791691
0.25 0.25 0.25 0.25
124.4103355330446
45.0
49.21165201827665 151.53103737068008
2
181.52723537959113 151.53103737068008
0.25 0.25 0.25 0.25
132.31558336131448
45.0
34.17226427380592 361.1026175272526
0
34.17226427380592 217.78841530692182
0.25 0.25 0.25 0.25
143.3142022203308
45.0
128.55872882629149 329.55813758806744
1
128.55872882629149 487.7923231239723
0.25 0.25 0.25 0.25
158.23418553590489
45.0
224.341980117843 81.39704049450717
1
224.341980117843 32.507944568100555
0.25 0.25 0.25 0.25
113.90498506260772
45.0
21.228058362625916 6.286978059757189
2
129.97011679648676 6.286978059757189
0.25 0.25 0.25 0.25
108.74205843386085
45.0
158.76933683867668 110.20851896331868
1
158.76933683867668 200.38627520897316
0.25 0.25 0.25 0.25
90.17775624565448
45.0
326.9033735566395 69.05705978985742
3
186.80910123465637 69.05705978985742
0.25 0.25 0.25 0.25
140.09427232198314
45.0
