31795
120.32451436224306 161.20772117640223
3
1.9073657364326664 161.20772117640223
0.25 0.25 0.25 0.25
118.4171486258104
45.0
56.88913587935859 235.10254545787518
1
56.88913587935859 323.94515206126465
0.25 0.25 0.25 0.25
88.84260660338948
45.0
234.20853164575848 348.04848089295126
1
234.20853164575848 484.0420427572726
0.25 0.25 0.25 0.25
135.99356186432138
45.0
397.98815195174416 91.44410424371841
1
397.98815195174416 222.25669818841186
0.25 0.25 0.25 0.25
130.81259394469345
45.0
385.8219784165087 97.10039840538946
1
385.8219784165087 45.30859094982003
0.25 0.25 0.25 0.25
142.40898935520948
45.0
363.37500693655 206.97074309430127
0
363.37500693655 49.379582668127
0.25 0.25 0.25 0.25
157.59116042617427
45.0
389.68495820366036 245.42090975086964
1
389.68495820366036 378.53182088617496
0.25 0.25 0.25 0.25
133.11091113530532
45.0
371.98739393979963 109.83019632296907
3
476.45563287765435 109.83019632296907
0.25 0.25 0.25 0.25
151.55697318254607
45.0
381.59999945134473 323.7279303016433
0
381.59999945134473 200.6704621740206
0.25 0.25 0.25 0.25
123.05746812762271
45.0
261.6174575167646 308.58849476278647
0
261.6174575167646 182.21957724102538
0.25 0.25 0.25 0.25
126.36891752176106
45.0
190.0337691385164 476.5044823157343
0
190.0337691385164 366.7673458120787
0.25 0.25 0.25 0.25
109.73713650365563
45.0
478.85204961799013 115.31858336238133
1
478.85204961799013 250.15115766367376
0.25 0.25 0.25 0.25
134.83257430129242
45.0
229.91441320897096 260.7753800039835
1
229.91441320897096 364.8278624526532
0.25 0.25 0.25 0.25
104.05248244866968
45.0
452.48379417470494 49.76648788890236
3
355.4358982768729 49.76648788890236
0.25 0.25 0.25 0.25
97.04789589783206
45.0
298.42433515436824 397.7860075585065
3
170.0344238006528 397.7860075585065
0.25 0.25 0.25 0.25
128.38991135371543
45.0
166.12451267637687 2.2982999787685685
2
307.3516019842881 2.2982999787685685
0.25 0.25 0.25 0.25
141.22708930791123
45.0
220.30191402039716 75.49165913126336
2
380.3582158585282 75.49165913126336
0.25 0.25 0.25 0.25
160.05630183813102
45.0
209.666524611299 362.92555061188557
0
209.666524611299 270.52384362572093
0.25 0.25 0.25 0.25
92.40170698616465
45.0
105.41514156432977 393.2086564511146
1
105.41514156432977 499.58851405873224
0.25 0.25 0.25 0.25
106.37985760761761
45.0
370.3757534861511 417.9615533096588
3
478.0940450258846 417.9615533096588
0.25 0.25 0.25 0.25
151.53020148796426
45.0
383.41004504299235 327.31263948066385
1
383.41004504299235 474.29173209368935
0.25 0.25 0.25 0.25
146.9790926130255
45.0
157.86992712533572 434.3676464071649
3
9.751178254625927 434.3676464071649
0.25 0.25 0.25 0.25
148.1187488707098
45.0
207.02349854689803 467.90723067468525
2
307.8647702798501 467.90723067468525
0.25 0.25 0.25 0.25
100.8412717329521
45.0
409.34941756761714 162.44506106602898
1
409.34941756761714 299.0039387901205
0.25 0.25 0.25 0.25
136.55887772409153
45.0
367.23765327185765 219.94930310566417
2
493.978872628995 219.94930310566417
0.25 0.25 0.25 0.25
126.74121935713737
45.0
288.31943362982213 199.77408780117696
3
193.26578028785582 199.77408780117696
0.25 0.25 0.25 0.25
95.05365334196631
45.0
81.26339424149751 189.25621919923958
2
219.48404939237088 189.25621919923958
0.25 0.25 0.25 0.25
138.22065515087337
45.0
443.4894588742908 393.4548810568315
0
443.4894588742908 279.3203987968478
0.25 0.25 0.25 0.25
114.13448225998366
45.0
362.5344653146866 21.541287551238327
3
193.5340504481771 21.541287551238327
0.25 0.25 0.25 0.25
169.0004148665095
45.0
94.63084851638212 467.98495279086126
0
94.63084851638212 394.3700774931193
0.25 0.25 0.25 0.25
137.64496971601943
45.0
302.5359656382962 194.5942338082852
1
302.5359656382962 330.0761923080812
0.25 0.25 0.25 0.25
135.481958499796
45.0
278.94114881687733 385.200087004288
3
169.7036130672493 385.200087004288
0.25 0.25 0.25 0.25
109.23753574962805
45.0
23.565237681347753 312.4877453668771
2
137.43675725766752 312.4877453668771
0.25 0.25 0.25 0.25
161.00199493901528
45.0
205.17497201666197 7.158580712608796
1
205.17497201666197 180.06372397512627
0.25 0.25 0.25 0.25
172.90514326251747
45.0
476.2417828239953 105.35287447628346
1
476.2417828239953 264.5334032071851
0.25 0.25 0.25 0.25
159.1805287309016
45.0
144.12108867961973 298.4789841477633
2
261.1743782454792 298.4789841477633
0.25 0.25 0.25 0.25
117.05328956585946
45.0
410.78112397502093 219.6598312084049
0
410.78112397502093 105.25114254171628
0.25 0.25 0.25 0.25
114.40868866668863
45.0
43.0548935777901 57.54350859090158
2
196.30975201250544 57.54350859090158
0.25 0.25 0.25 0.25
153.25485843471535
45.0
397.32179920808983 266.50626898132555
1
397.32179920808983 411.08461879882134
0.25 0.25 0.25 0.25
144.57834981749582
45.0
207.3106572029755 124.05842957887
1
207.3106572029755 27.90072757384172
0.25 0.25 0.25 0.25
151.95915715271173
45.0
475.1380840514339 460.1526041791691
3
350.7277485183893 460.1526041791691
0.25 0.25 0.25 0.25
124.4103355330446
45.0
181.52723537959113 431.428453673592
0
181.52723537959113 299.11287031227755
0.25 0.25 0.25 0.25
132.31558336131448
45.0
30.97284873149033 357.903201984937
2
112.34135348884047 357.903201984937
0.25 0.25 0.25 0.25
143.3142022203308
45.0
86.7198686763769 228.36836401892606
1
86.7198686763769 386.60254955483094
0.25 0.25 0.25 0.25
158.23418553590489
45.0
363.3918307439202 96.1231985037694
1
363.3918307439202 210.02818356637712
0.25 0.25 0.25 0.25
113.90498506260772
45.0
151.29159089173913 353.8346274565921
2
260.0336493256 353.8346274565921
0.25 0.25 0.25 0.25
108.74205843386085
45.0
103.7192506004859 28.075444015465024
3
13.541494354831428 28.075444015465024
0.25 0.25 0.25 0.25
90.17775624565448
45.0
112.71953715542801 51.69711878600759
1
112.71953715542801 88.39715353597555
0.25 0.25 0.25 0.25
140.09427232198314
45.0
