20361
324.01553430391766 136.63880954230234
324.01553430391766 257.5484946034968
0.1488199918589034 0.4291165540668372 0.16482219345927188 0.2572412606149876
120.90968506119448
45.0
63.34031466408426 252.380448939929
63.34031466408426 363.0733536124128
0.14642054468508817 0.496539652744817 0.2303794440715083 0.12666035849858648
110.69290467248378
45.0
125.36984542757104 133.97545112353686
125.36984542757104 39.55561509271696
0.27444848335631644 0.41500247430043546 0.19130816923145572 0.11924087311179238
94.4198360308199
45.0
257.0401608589543 278.0452609424035
257.0401608589543 183.20905634914848
0.30651739926453603 0.3087273843956919 0.10848183021034985 0.2762733861294223
94.83620459325502
45.0
147.9247035234812 310.36049117449454
147.9247035234812 165.81032187485428
0.24932477014329432 0.3211164836705181 0.34374218797106143 0.08581655821512613
144.55016929964026
45.0
52.40210293839533 115.24831282585728
52.40210293839533 477.159183626967
0.3472765818608864 0.059773876393521955 0.373077114389819 0.2198724273557726
138.08912919889028
45.0
398.99134387540204 497.8154843154656
398.99134387540204 326.7818357547077
0.3618758178286639 0.1047747715948422 0.07922338519587774 0.4541260253806161
171.03364856075788
45.0
277.9100762127869 483.3994424293893
277.9100762127869 321.9862996417601
0.2984943760351365 0.15491862599656292 0.43680197652328373 0.10978502144501688
161.41314278762917
45.0
263.5211492170654 205.99273732594745
356.87940157196635 205.99273732594745
0.14108932242355243 0.002577788567197856 0.31606577185229634 0.5402671171569533
93.35825235490096
45.0
6.749503588383391 279.2100387841283
6.749503588383391 170.71913552027615
0.47182283821610266 0.0014521813014095834 0.05211141062014337 0.4746135698623445
108.49090326385216
45.0
208.61398316052413 303.5880499913909
208.61398316052413 171.98796763057015
0.39444808991811464 0.027845573898490295 0.32709933968838756 0.2506069964950077
131.60008236082075
45.0
395.63823560481495 406.5040548062005
395.63823560481495 290.23891307995234
0.3237380388598338 0.18703473074920518 0.23648919250606246 0.25273803788489857
116.26514172624815
45.0
432.1876078528253 310.6781271504939
432.1876078528253 466.2831423625755
0.16211663209539728 0.026567877335773305 0.5464398712577498 0.26487561931107956
155.60501521208164
45.0
418.7299557950523 200.86617502447083
418.7299557950523 61.05246668347161
0.40135992541938775 0.31487512779789684 0.2534052593694784 0.030359687413237135
139.81370834099923
45.0
310.78577743766726 190.65670573013924
310.78577743766726 327.7442390759352
0.00746849068142327 0.3815801194548461 0.03988387236491124 0.5710675174988193
137.08753334579595
45.0
335.61355121053987 174.19577966449276
335.61355121053987 9.324790014287146
0.2904190403198187 0.25892805059225116 0.06721748488361207 0.38343542420431814
164.87098965020562
45.0
61.115656726089625 33.33232787022291
61.115656726089625 423.2733641854012
0.42533773765523075 0.2746090029159762 0.23405953144766922 0.06599372798112384
110.05896368482173
45.0
254.15782709837558 284.07862919473155
254.15782709837558 126.73391807240424
0.3530032796895794 0.4086795040477046 0.05985981377697635 0.17845740248573963
157.3447111223273
45.0
348.55982817924985 466.5673188322672
348.55982817924985 133.57011567744743
0.15317976533611813 0.6163491653106994 0.11795067993928482 0.11252038941389769
167.00279684518026
45.0
235.85393153378192 45.04481123527353
235.85393153378192 175.25710082509983
0.11968471130412972 0.2815011369750028 0.29612395347791626 0.3026901982429512
130.2122895898263
45.0
342.53200716220715 313.2691693471843
342.53200716220715 403.50837424315955
0.1785531661019191 0.08826912005354055 0.4268801475351581 0.30629756630938226
90.23920489597526
45.0
469.4713456932627 378.28519855450133
469.4713456932627 251.1695460499452
0.5482055384340743 0.31892675229239376 0.11486591889040945 0.018001790383122378
127.11565250455612
45.0
401.2798143452834 495.4396030646783
401.2798143452834 321.66577227673497
0.27632918589769817 0.34496277150221705 0.21488121613591796 0.1638268264641667
173.77383078794335
45.0
328.8615888313504 134.66178978211303
328.8615888313504 484.6524531255027
0.49035929022783936 0.07473808286011281 0.09524292148256218 0.33965970542948565
150.00933665661037
45.0
17.353799869899262 203.07035108001492
17.353799869899262 84.22320792789252
0.3083798864320514 0.34251175458854627 0.030470311335084994 0.3186380476443173
118.8471431521224
45.0
376.40242931234485 186.16545388001322
376.40242931234485 28.51869622870504
0.6487696875756185 0.22107985604225794 0.047107102895400606 0.08304335348672295
157.64675765130818
45.0
361.37316144635565 411.49544913359455
361.37316144635565 305.2094460668094
0.313969069754617 0.32146810977010887 0.17604011068429948 0.1885227097909746
106.28600306678513
45.0
317.01098017223455 209.62316683696494
317.01098017223455 40.894064689532854
0.1993341417841034 0.33993143071039605 0.21556635443015804 0.2451680730753426
168.7291021474321
45.0
171.53051053591062 162.6027902033999
171.53051053591062 312.9123532921478
0.1387133439113173 0.43254670328802447 0.1325818392396898 0.2961581135609684
150.30956308874792
45.0
202.5373886956396 74.29061669933797
202.5373886956396 193.96565516355997
0.0468133046248395 0.4436775972788707 0.32866127828562164 0.18084781981066822
119.675038464222
45.0
47.370572033144015 382.70477848151154
47.370572033144015 233.51119003351513
0.3370542868028546 0.2634772082480287 0.2386280065148373 0.16084049843427953
149.1935884479964
45.0
125.60066592761746 160.21982726222757
125.60066592761746 325.56803344465516
0.15864343505598325 0.16719906570142043 0.24338811216413178 0.4307693870784647
165.3482061824276
45.0
348.97351510170995 261.41592406170554
348.97351510170995 405.3540895519284
0.0806339202384926 0.3213905428545672 0.17187744941146255 0.4260980874954775
143.93816549022284
45.0
261.6872154334158 186.17078404413277
261.6872154334158 70.09756812699948
0.61244422607707 0.22940667098927564 0.020865219706789926 0.13728388322686433
116.0732159171333
45.0
200.1323399858374 114.01294420740965
200.1323399858374 491.5078058071711
0.20355713072089526 0.3028887973111064 0.14801522243145618 0.3455388495365421
122.50513840023854
45.0
227.53855099342442 238.31743559661749
227.53855099342442 121.56165954316722
0.42895930184703546 0.2016410947319385 0.025024323862912538 0.3443752795581135
116.75577605345026
45.0
175.8560979486709 84.23448799686571
175.8560979486709 447.61618881100287
0.36940760446855186 0.07578554191551547 0.35898279403696143 0.19582405957897117
136.61829918586287
45.0
341.3529413481291 249.9141215090018
341.3529413481291 121.32038167418
0.2701484838512527 0.39677788911076295 0.3120192581235494 0.021054368914434886
128.5937398348218
45.0
460.5224612993029 7.141002732470213
460.5224612993029 152.91909167456984
0.12581764915489102 0.3163350195776194 0.237680586438075 0.32016674482941454
145.77808894209963
45.0
79.83146546719149 443.8283394166483
79.83146546719149 288.9300035471532
0.4041920389792669 0.06574244169572492 0.08116229696425196 0.4489032223607562
154.8983358694951
45.0
335.43654151021656 272.5513354491908
335.43654151021656 171.76723355969008
0.418551000791545 0.4208590921744706 0.06887373254616333 0.09171617448782107
100.7841018895007
45.0
122.30338926819348 428.2813849964209
122.30338926819348 321.0273765202198
0.5214887392801085 0.1012448819576637 0.0853184653334353 0.29194791342879234
107.25400847620111
45.0
179.98019402565302 53.517337179159995
179.98019402565302 454.9522102280286
0.324269659242518 0.06261335709717064 0.35416351543760255 0.25895346822270887
98.56512695113139
45.0
448.50586511578695 398.49231869741436
448.50586511578695 261.364884809478
0.32455280680002957 0.09387163428577236 0.3028257940042278 0.2787497649099702
137.12743388793635
45.0
169.11468514325705 233.36085382441792
169.11468514325705 131.417302537832
0.2224076156051572 0.33316223950457136 0.40375610251522925 0.04067404237504234
101.94355128658592
45.0
37.298524869985386 260.8350705047792
37.298524869985386 109.8198015381439
0.4553624609486619 0.16749453234120176 0.2526991889109 0.12444381779923634
151.0152689666353
45.0
410.94290542609116 79.75569590234106
410.94290542609116 199.53680345578118
0.04038847374009172 0.18989157074988283 0.3191168457553981 0.4506031097546273
119.78110755344012
45.0
301.88382531602076 335.03027040778863
301.88382531602076 203.3965286452168
0.2942114936157815 0.3717216505802421 0.0609447035796736 0.2731221522243028
131.63374176257184
45.0
