20361
438.54435259047267 283.0719617020551
438.54435259047267 162.16227664086063
0.1488199918589034 0.4291165540668372 0.16482219345927188 0.2572412606149876
120.90968506119448
45.0
48.28488287350059 81.46581710511066
48.28488287350059 470.77291243262687
0.14642054468508817 0.496539652744817 0.2303794440715083 0.12666035849858648
110.69290467248378
45.0
13.76656604396905 449.3870886953521
13.76656604396905 354.96725266453217
0.27444848335631644 0.41500247430043546 0.19130816923145572 0.11924087311179238
94.4198360308199
45.0
403.01445311086763 191.64875989079297
403.01445311086763 96.81255529753795
0.30651739926453603 0.3087273843956919 0.10848183021034985 0.2762733861294223
94.83620459325502
45.0
325.69247998570813 412.26353856801916
325.69247998570813 267.71336926837887
0.24932477014329432 0.3211164836705181 0.34374218797106143 0.08581655821512613
144.55016929964026
45.0
371.12595047957984 111.30500017456006
371.12595047957984 473.21587097566976
0.3472765818608864 0.059773876393521955 0.373077114389819 0.2198724273557726
138.08912919889028
45.0
99.11230256550778 315.84495414603407
99.11230256550778 144.81130558527616
0.3618758178286639 0.1047747715948422 0.07922338519587774 0.4541260253806161
171.03364856075788
45.0
470.3134963035456 345.8925900829755
470.3134963035456 184.47944729534635
0.2984943760351365 0.15491862599656292 0.43680197652328373 0.10978502144501688
161.41314278762917
45.0
101.87649379360197 137.70633425738492
101.87649379360197 44.348081902483955
0.14108932242355243 0.002577788567197856 0.31606577185229634 0.5402671171569533
93.35825235490096
45.0
20.841432414257042 279.1385468474723
20.841432414257042 170.64764358362015
0.47182283821610266 0.0014521813014095834 0.05211141062014337 0.4746135698623445
108.49090326385216
45.0
261.8162069026843 221.17454281678846
261.8162069026843 89.57446045596771
0.39444808991811464 0.027845573898490295 0.32709933968838756 0.2506069964950077
131.60008236082075
45.0
279.3730938785668 267.94413396883
279.3730938785668 151.67899224258184
0.3237380388598338 0.18703473074920518 0.23648919250606246 0.25273803788489857
116.26514172624815
45.0
260.39444851470364 351.95715357726897
260.39444851470364 196.35213836518733
0.16211663209539728 0.026567877335773305 0.5464398712577498 0.26487561931107956
155.60501521208164
45.0
82.522581461985 193.5340078365234
82.522581461985 53.72029949552416
0.40135992541938775 0.31487512779789684 0.2534052593694784 0.030359687413237135
139.81370834099923
45.0
482.0165082410904 318.0625745902264
482.0165082410904 455.1501079360223
0.00746849068142327 0.3815801194548461 0.03988387236491124 0.5710675174988193
137.08753334579595
45.0
72.64291738339864 41.64697631058607
72.64291738339864 376.77598666038045
0.2904190403198187 0.25892805059225116 0.06721748488361207 0.38343542420431814
164.87098965020562
45.0
104.88933255467985 357.61285044251576
104.88933255467985 247.55388675769404
0.42533773765523075 0.2746090029159762 0.23405953144766922 0.06599372798112384
110.05896368482173
45.0
414.88813761502774 413.4574736840399
414.88813761502774 256.11276256171254
0.3530032796895794 0.4086795040477046 0.05985981377697635 0.17845740248573963
157.3447111223273
45.0
181.5570313340696 197.0987194165173
181.5570313340696 30.09592257133704
0.15317976533611813 0.6163491653106994 0.11795067993928482 0.11252038941389769
167.00279684518026
45.0
324.36790440499783 222.45255760103015
324.36790440499783 92.24026801120385
0.11968471130412972 0.2815011369750028 0.29612395347791626 0.3026901982429512
130.2122895898263
45.0
395.92748133682187 432.983358820248
395.92748133682187 342.7441539242727
0.1785531661019191 0.08826912005354055 0.4268801475351581 0.30629756630938226
90.23920489597526
45.0
299.8661408663954 243.0599404940981
299.8661408663954 115.94428798954198
0.5482055384340743 0.31892675229239376 0.11486591889040945 0.018001790383122378
127.11565250455612
45.0
398.07792246798067 123.36855724765974
398.07792246798067 449.5947264597164
0.27632918589769817 0.34496277150221705 0.21488121613591796 0.1638268264641667
173.77383078794335
45.0
77.88123988726181 132.88782502614333
77.88123988726181 482.878488369533
0.49035929022783936 0.07473808286011281 0.09524292148256218 0.33965970542948565
150.00933665661037
45.0
349.9323373758248 252.29320586303584
349.9323373758248 133.44606271091345
0.3083798864320514 0.34251175458854627 0.030470311335084994 0.3186380476443173
118.8471431521224
45.0
457.5816104505715 102.69446952622957
457.5816104505715 445.04771187492145
0.6487696875756185 0.22107985604225794 0.047107102895400606 0.08304335348672295
157.64675765130818
45.0
298.5131307785043 29.77740926538786
298.5131307785043 423.4914061986027
0.313969069754617 0.32146810977010887 0.17604011068429948 0.1885227097909746
106.28600306678513
45.0
292.2617544030504 339.5566021251869
292.2617544030504 170.8274999777548
0.1993341417841034 0.33993143071039605 0.21556635443015804 0.2451680730753426
168.7291021474321
45.0
401.4089097672955 0.36948703064581423
401.4089097672955 350.05992394189786
0.1387133439113173 0.43254670328802447 0.1325818392396898 0.2961581135609684
150.30956308874792
45.0
45.31442729940477 419.04715561707565
45.31442729940477 38.722194081297616
0.0468133046248395 0.4436775972788707 0.32866127828562164 0.18084781981066822
119.675038464222
45.0
119.95257926502208 370.6061214256809
119.95257926502208 221.4125329776845
0.3370542868028546 0.2634772082480287 0.2386280065148373 0.16084049843427953
149.1935884479964
45.0
216.57443934011383 329.5234148973724
216.57443934011383 164.1752087149448
0.15864343505598325 0.16719906570142043 0.24338811216413178 0.4307693870784647
165.3482061824276
45.0
447.5898076478666 382.49045896666365
447.5898076478666 26.428624456886496
0.0806339202384926 0.3213905428545672 0.17187744941146255 0.4260980874954775
143.93816549022284
45.0
341.9532036596176 221.5776462972054
341.9532036596176 105.50443038007211
0.61244422607707 0.22940667098927564 0.020865219706789926 0.13728388322686433
116.0732159171333
45.0
287.1955759655617 249.24931061838225
287.1955759655617 126.74417221814372
0.20355713072089526 0.3028887973111064 0.14801522243145618 0.3455388495365421
122.50513840023854
45.0
49.28766404489011 410.33387680843396
49.28766404489011 293.5781007549837
0.42895930184703546 0.2016410947319385 0.025024323862912538 0.3443752795581135
116.75577605345026
45.0
326.4808523569915 187.23729464883027
326.4808523569915 50.618995462967405
0.36940760446855186 0.07578554191551547 0.35898279403696143 0.19582405957897117
136.61829918586287
45.0
1.0392825178147405 36.63241407598298
1.0392825178147405 408.0386742411612
0.2701484838512527 0.39677788911076295 0.3120192581235494 0.021054368914434886
128.5937398348218
45.0
212.51125938371624 106.72238492673898
212.51125938371624 460.9442959846393
0.12581764915489102 0.3163350195776194 0.237680586438075 0.32016674482941454
145.77808894209963
45.0
274.4711002598972 195.3995926889471
274.4711002598972 40.50125681945201
0.4041920389792669 0.06574244169572492 0.08116229696425196 0.4489032223607562
154.8983358694951
45.0
230.73193017321233 245.1077693166663
230.73193017321233 144.3236674271656
0.418551000791545 0.4208590921744706 0.06887373254616333 0.09171617448782107
100.7841018895007
45.0
149.23671964830626 50.01977451821119
149.23671964830626 442.7657660420101
0.5214887392801085 0.1012448819576637 0.0853184653334353 0.29194791342879234
107.25400847620111
45.0
122.58527207090862 324.2672299945256
122.58527207090862 225.70210304339423
0.324269659242518 0.06261335709717064 0.35416351543760255 0.25895346822270887
98.56512695113139
45.0
359.8881667795955 411.4940621279068
359.8881667795955 274.36662823997045
0.32455280680002957 0.09387163428577236 0.3028257940042278 0.2787497649099702
137.12743388793635
45.0
450.92962169821556 218.8771104341984
450.92962169821556 116.9335591476125
0.2224076156051572 0.33316223950457136 0.40375610251522925 0.04067404237504234
101.94355128658592
45.0
135.016166301844 410.5752634427563
135.016166301844 259.559994476121
0.4553624609486619 0.16749453234120176 0.2526991889109 0.12444381779923634
151.0152689666353
45.0
338.3852486091274 125.96547176906806
338.3852486091274 245.74657932250818
0.04038847374009172 0.18989157074988283 0.3191168457553981 0.4506031097546273
119.78110755344012
45.0
218.11455020969845 99.33884742179737
218.11455020969845 467.7051056592255
0.2942114936157815 0.3717216505802421 0.0609447035796736 0.2731221522243028
131.63374176257184
45.0
