75901
2.3884699080443283 168.7828331870821
0
2.3884699080443283 26.87997546853495
0.25 0.25 0.25 0.25
141.90285771854715
45.0
5.657945449987636 310.125460494134
0
5.657945449987636 212.8603722647499
0.25 0.25 0.25 0.25
97.26508822938409
45.0
27.18872403124044 184.57155735202718
0
27.18872403124044 40.007515453828205
0.25 0.25 0.25 0.25
144.56404189819898
45.0
397.31799868486746 159.5238532569001
1
397.31799868486746 296.0764341487408
0.25 0.25 0.25 0.25
136.5525808918407
45.0
457.47934898283916 355.501817303997
1
457.47934898283916 493.9005365181182
0.25 0.25 0.25 0.25
138.39871921412126
45.0
282.96689822106003 478.015545093612
0
282.96689822106003 405.9056728937403
0.25 0.25 0.25 0.25
116.07878201264775
45.0
166.66020933177145 54.35396490428174
2
262.13490785356475 54.35396490428174
0.25 0.25 0.25 0.25
95.47469852179329
45.0
353.2465072235408 379.1518350534442
1
353.2465072235408 497.2100643110814
0.25 0.25 0.25 0.25
118.05822925763721
45.0
297.3640979457043 428.0588392264085
0
297.3640979457043 292.1589495306614
0.25 0.25 0.25 0.25
135.89988969574708
45.0
335.28515478565805 379.81232427895156
0
335.28515478565805 206.0519711359129
0.25 0.25 0.25 0.25
173.76035314303866
45.0
350.86551345063833 98.45538125635261
2
458.3119187111024 98.45538125635261
0.25 0.25 0.25 0.25
107.4464052604641
45.0
483.5325559542691 91.07304352807654
3
352.89807212885495 91.07304352807654
0.25 0.25 0.25 0.25
130.63448382541418
45.0
336.19024428785895 157.99455378164078
1
336.19024428785895 259.47698458737784
0.25 0.25 0.25 0.25
101.48243080573708
45.0
310.3405638380525 108.72543669828578
3
199.20889002106867 108.72543669828578
0.25 0.25 0.25 0.25
111.13167381698382
45.0
318.12999881492334 242.79527507252152
1
318.12999881492334 366.2387642369142
0.25 0.25 0.25 0.25
123.44348916439269
45.0
373.19288438510563 352.2699316983424
3
221.67435122618667 352.2699316983424
0.25 0.25 0.25 0.25
151.51853315891896
45.0
288.5625493981776 158.56378494769524
0
288.5625493981776 40.616507769601
0.25 0.25 0.25 0.25
117.94727717809424
45.0
370.81148073286295 489.6394128351078
3
199.91888667802462 489.6394128351078
0.25 0.25 0.25 0.25
170.89259405483833
45.0
96.47782000240443 287.54965258730476
3
5.784391450281504 287.54965258730476
0.25 0.25 0.25 0.25
90.69342855212292
45.0
242.024775253368 409.09006884746054
2
346.3516902015604 409.09006884746054
0.25 0.25 0.25 0.25
104.32691494819241
45.0
161.6872870469088 117.29612749105549
0
161.6872870469088 13.28011494346353
0.25 0.25 0.25 0.25
104.01601254759196
45.0
452.4557529942816 488.5300002405279
3
290.4592313360605 488.5300002405279
0.25 0.25 0.25 0.25
161.99652165822116
45.0
269.3737065765174 206.52967106276182
2
364.9931830994377 206.52967106276182
0.25 0.25 0.25 0.25
95.61947652292034
45.0
173.81592841053066 259.8698857603921
2
274.8548551616175 259.8698857603921
0.25 0.25 0.25 0.25
101.03892675108683
45.0
487.3463189349959 65.63009499208971
1
487.3463189349959 71.95323472916155
0.25 0.25 0.25 0.25
137.58332972125126
45.0
167.49924147286686 326.8758740466221
3
67.63917927879984 326.8758740466221
0.25 0.25 0.25 0.25
99.86006219406703
45.0
85.53392044644778 440.11459668885436
0
85.53392044644778 315.4747268098052
0.25 0.25 0.25 0.25
124.63986987904917
45.0
291.5490663723017 440.0239017821866
3
136.78113311895626 440.0239017821866
0.25 0.25 0.25 0.25
154.76793325334543
45.0
416.33565569579423 421.1591431584882
3
296.5510619774161 421.1591431584882
0.25 0.25 0.25 0.25
119.78459371837809
45.0
193.87281172036035 225.0484252463741
1
193.87281172036035 345.2514460248167
0.25 0.25 0.25 0.25
120.20302077844258
45.0
493.3189978456476 224.310278705733
3
398.5214848553097 224.310278705733
0.25 0.25 0.25 0.25
108.15951729904273
45.0
73.8429049922187 39.33111490339989
2
42.62793354621145 39.33111490339989
0.25 0.25 0.25 0.25
116.47083853843016
45.0
212.22693563183842 94.81557288602508
2
354.2616520741261 94.81557288602508
0.25 0.25 0.25 0.25
142.0347164422877
45.0
108.09105310507397 258.9636386730784
2
271.09392103741766 258.9636386730784
0.25 0.25 0.25 0.25
163.0028679323437
45.0
146.2235176765115 232.96783768196406
1
146.2235176765115 396.900318848918
0.25 0.25 0.25 0.25
163.93248116695395
45.0
228.46818152822232 278.8880616005772
3
82.7143625860937 278.8880616005772
0.25 0.25 0.25 0.25
145.75381894212862
45.0
94.93590115368335 64.55461256696736
1
94.93590115368335 229.9383609981362
0.25 0.25 0.25 0.25
165.38374843116884
45.0
336.42552222654297 350.9445720011122
3
185.49259069660442 350.9445720011122
0.25 0.25 0.25 0.25
150.93293152993854
45.0
348.0702250432204 173.35286076372412
0
348.0702250432204 11.85224785701763
0.25 0.25 0.25 0.25
161.5006129067065
45.0
386.02883714875185 15.481662549410066
3
381.52253521529184 15.481662549410066
0.25 0.25 0.25 0.25
4.506301933459989
45.0
219.09055780472266 135.29513168411643
3
186.23239528527407 135.29513168411643
0.25 0.25 0.25 0.25
32.858162519448605
45.0
393.7417322319109 81.66251582675216
0
393.7417322319109 33.48798250691286
0.25 0.25 0.25 0.25
48.1745333198393
45.0
132.70656440536857 389.5314619927238
3
102.86068969140325 389.5314619927238
0.25 0.25 0.25 0.25
29.845874713965316
45.0
8.836618544694307 259.32293910611503
0
8.836618544694307 243.43494117789632
0.25 0.25 0.25 0.25
15.887997928218711
45.0
468.0077711951114 452.3807676762288
0
468.0077711951114 451.94237771742434
0.25 0.25 0.25 0.25
0.43838995880445264
45.0
93.6487986200409 224.28488293634723
3
54.32989295489142 224.28488293634723
0.25 0.25 0.25 0.25
39.31890566514949
45.0
53.55712662198538 279.9728476613705
3
38.559945275627896 279.9728476613705
0.25 0.25 0.25 0.25
14.997181346357486
45.0
112.72260709365642 442.79792623186677
2
149.57379165412388 442.79792623186677
0.25 0.25 0.25 0.25
36.85118456046745
45.0
