29664
60.77627391058377 100.97758954117705
60.77627391058377 194.79273114992435
0.294150008994585 0.18227941546268897 0.24193035112357006 0.2816402244191559
93.8151416087473
45.0
464.2105726499401 351.5578076776196
464.2105726499401 1.3275830988663984
0.16796106281839807 0.17941779548758774 0.41267837015527004 0.23994277153874416
149.7697754212468
45.0
382.3099227053766 224.68796974729412
382.3099227053766 115.94218282891904
0.40153536365524833 0.2887418422562588 0.14725314695821942 0.16246964713027343
108.74578691837507
45.0
61.981195129804064 301.3853878686168
61.981195129804064 475.64758428986323
0.27573117611887205 0.2494374338596672 0.25232626440072053 0.2225051256207402
174.26219642124644
45.0
118.77941528659284 318.86612640773683
118.77941528659284 425.9609550351505
0.2655412616582015 0.2667694955819884 0.2681786547354595 0.1995105880243505
107.0948286274137
45.0
314.7713577663585 425.99181270269116
434.0982471254448 425.99181270269116
0.055587630503838414 0.08528484565498137 0.3882129561174959 0.4709145677236843
119.3268893590863
45.0
309.0305249871738 410.1139611388578
309.0305249871738 9.393941331964868
0.24023345255733353 0.16418783146104943 0.3486112150536923 0.24696750092792472
99.27998019310706
45.0
221.53555646672856 461.2510760662874
221.53555646672856 67.31119127157062
0.2512767340438334 0.2693891480263834 0.22205022421375215 0.25728389371603116
106.06011520528325
45.0
472.7218107417305 228.78140736209633
472.7218107417305 80.42493373866341
0.37395051503995724 0.1204566728466313 0.11923513180454264 0.38635768030886897
148.35647362343292
45.0
203.18521283164625 233.60278616872995
203.18521283164625 94.61292289956941
0.4244003268211463 0.12477444800340198 0.2700950003787548 0.1807302247966969
138.98986326916054
45.0
174.95740939819325 38.894485437908315
174.95740939819325 156.87140944037696
0.16735039229091211 0.2257675420983606 0.25419333485107276 0.3526887307596545
117.97692400246865
45.0
292.8335231166912 44.14137500108933
292.8335231166912 153.3264885633038
0.22761146559063783 0.35567812857778885 0.1471653746805821 0.26954503115099115
109.18511356221447
45.0
125.18524603649934 427.2321739590757
125.18524603649934 283.8623236755602
0.4594406810906268 0.14053928220335563 0.3805717985601709 0.019448238145846806
143.36985028351546
45.0
241.93356185788156 170.87904849655905
241.93356185788156 298.35738752717805
0.22488850440613947 0.4965512542159874 0.19881433389296077 0.07974590748491237
127.478339030619
45.0
197.03286427082477 463.67949736263085
197.03286427082477 108.67071659864393
0.22818005178752845 0.16748152549107725 0.29106267949892256 0.3132757432224716
144.99121923601305
45.0
31.649012555080333 152.48398230854025
31.649012555080333 489.1958517747423
0.42053247647717024 0.42762242079608304 0.15049323049047872 0.0013518722362680276
163.2881305337979
45.0
7.238376159929004 425.11480304215956
7.238376159929004 31.853038706122135
0.19207054989798455 0.41918458792069985 0.3873368652455279 0.0014079969357877597
106.73823566396257
45.0
420.7335638891508 331.5101988497625
420.7335638891508 243.09846807132294
0.3984325095198742 0.19215465470053597 0.20102463399045056 0.20838820178913917
88.41173077843955
45.0
236.93023612884951 51.75002779689055
236.93023612884951 175.75244299506653
0.0011025063151184422 0.47081277983499625 0.33788089260884285 0.1902038212410424
124.00241519817598
45.0
363.40631576104965 401.9873801360508
363.40631576104965 264.33714809786954
0.33713627119259826 0.13450825519432866 0.11127112543736851 0.41708434817570456
137.65023203818126
45.0
342.40341463553193 400.69167992873713
484.01486561939015 400.69167992873713
0.13167063499218065 0.12515627645078128 0.5504222948901867 0.19275079366685133
141.6114509838582
45.0
237.34778134554807 137.43910040805775
237.34778134554807 19.927049592917683
0.35770162448137055 0.3499123533708169 0.242022394619443 0.050363627528369474
117.51205081514007
45.0
181.34195904556853 269.3834537711823
181.34195904556853 97.99502638407762
0.449279653143737 0.10781319636380857 0.3010595966878304 0.1418475538046242
171.38842738710466
45.0
59.908053434951626 266.89821918117957
59.908053434951626 412.5706034885827
0.21329164306107787 0.4019531774446453 0.033050015329401494 0.3517051641648754
145.67238430740315
45.0
131.05648686111684 446.22192872644223
131.05648686111684 90.79709604960345
0.0026836758803274823 0.43624437507921077 0.2751996287891081 0.28587232025135373
144.57516732316125
45.0
231.34405766970127 201.1609841763846
231.34405766970127 32.0143981483825
0.42497004588469917 0.03514380518262253 0.2623435890567221 0.27754255987595605
169.1465860280021
45.0
448.7992894784739 278.64524962709856
64.05476535679873 278.64524962709856
0.18152477292670371 0.10799231140014427 0.1341631078839441 0.5763198077892079
115.25547587832484
45.0
490.18295369489783 467.5083612655985
490.18295369489783 326.45694911442763
0.3079893812638359 0.23858026885104888 0.17762353874427206 0.2758068111408431
141.05141215117092
45.0
391.74213175908676 347.32534909215605
391.74213175908676 181.55204796574165
0.3065720684213252 0.2159440301140219 0.15781856990551021 0.31966533155914273
165.7733011264144
45.0
133.69210715033003 341.9116737221008
133.69210715033003 321.98752505099674
0.40816762927042743 0.38267387164781536 0.014084155610651943 0.19507434347110525
19.924148671104057
45.0
223.04237113118 436.282067513033
223.04237113118 467.5004116886729
0.20921866355495375 0.32409269994046785 0.21787035830678622 0.24881827819779212
31.218344175639917
45.0
462.2083187380546 68.67439897282821
462.2083187380546 49.12604649306623
0.34542690835951295 0.10695732205395996 0.1420594618282927 0.40555630775823437
19.54835247976198
45.0
81.54233786782575 499.74723488147015
81.54233786782575 454.80157557272105
0.3647021705276478 0.23401532570058067 0.19939564932581086 0.20188685444596075
44.94565930874913
45.0
38.03044207334425 381.3906319888046
38.03044207334425 399.2903121188233
0.295830638836318 0.30686473105426676 0.2318614687800577 0.16544316132935746
17.899680130018698
45.0
268.3990413536039 204.72788987122692
285.13154898197405 204.72788987122692
0.025475053561933456 0.18452044557940325 0.43880198690500466 0.35120251395365853
16.732507628370186
45.0
325.8195155734256 169.09359001227736
342.68666023452926 169.09359001227736
0.200828568302256 0.01586269906330607 0.4846944099737717 0.29861432266066623
16.867144661103655
45.0
346.59460708592457 441.1028458818663
346.59460708592457 392.2650777186357
0.40622346645226065 0.2250954316195765 0.15205455918658686 0.21662654274157606
48.83776816323058
45.0
259.0062234283835 432.99758068611203
259.0062234283835 403.81840866779487
0.6239062195971056 0.24278462822563077 0.06724290765626721 0.06606624452099656
29.179172018317168
45.0
56.0297776031301 488.7898140383735
56.0297776031301 448.6821981848417
0.3527323659542859 0.16934712694262233 0.249623937008954 0.2282965700941377
40.10761585353177
45.0
95.54916545920605 390.3709418111302
95.54916545920605 382.48205184310723
0.3481904065108854 0.19455642162757386 0.2963244128930935 0.1609287589684473
7.8888899680229665
45.0
436.3161300848898 16.705175295279922
436.3161300848898 22.5018720889788
0.11957284453412999 0.21673895828671785 0.25482244826874045 0.4088657489104118
5.79669679369888
45.0
114.47844738581017 174.56809810150887
114.47844738581017 194.51115678206008
0.1439207315464148 0.36448012613396974 0.37986551895551224 0.11173362336410328
19.943058680551225
45.0
493.95411351771696 473.84777218342873
493.95411351771696 464.3601202328553
0.43541917880150227 0.21915532562163387 0.0004530628437304513 0.3449724327331334
9.487651950573433
45.0
216.7778048601204 81.52579148409544
216.7778048601204 118.4434451960093
0.1979189891971495 0.33281813274906397 0.14305672456148869 0.32620615349229787
36.91765371191387
45.0
477.0114448769247 283.4960673965189
477.0114448769247 244.39746427588742
0.6420413346442028 0.12664927599013667 0.14500125466402392 0.08630813470163672
39.09860312063149
45.0
168.70506861625157 422.61852856329665
168.70506861625157 432.03264969746783
0.12353545040057794 0.6858348486706974 0.08374562326968167 0.10688407765904287
9.4141211341712
45.0
5.052080771419014 208.25760751963708
29.325165819669536 208.25760751963708
0.08536250794712613 0.02602625042166333 0.33188670352243177 0.5567245381087788
24.273085048250522
45.0
375.0435673603383 37.965671836454526
375.0435673603383 47.29772300318734
0.04896104468970362 0.3421859449566723 0.26856766991105246 0.3402853404425716
9.33205116673282
45.0
