26180
451.10110541237 185.87691480870774
3
303.0758360474756 185.87691480870774
0.25 0.25 0.25 0.25
148.02526936489437
45.0
20.273111328138782 423.44095807447457
2
177.88814171684385 423.44095807447457
0.25 0.25 0.25 0.25
157.61503038870507
45.0
258.5597134340086 34.662406175797514
1
258.5597134340086 54.1693730440588
0.25 0.25 0.25 0.25
88.83177921985632
45.0
186.03300652820317 196.2230127011118
1
186.03300652820317 338.1023116334511
0.25 0.25 0.25 0.25
141.8792989323393
45.0
247.16744841674085 153.1780030784613
2
412.11460467864106 153.1780030784613
0.25 0.25 0.25 0.25
164.9471562619002
45.0
381.9177231539655 371.1677480340226
2
473.4226005296134 371.1677480340226
0.25 0.25 0.25 0.25
91.50487737564792
45.0
5.380985905578285 34.45983272253781
2
83.83038388584778 34.45983272253781
0.25 0.25 0.25 0.25
89.21136979142607
45.0
35.65717829580302 273.13700896424575
2
75.88344423640947 273.13700896424575
0.25 0.25 0.25 0.25
111.5406225322125
45.0
215.7165523148751 41.50453119005826
1
215.7165523148751 71.78629797215609
0.25 0.25 0.25 0.25
113.29082916221435
45.0
272.2100151037796 43.27049522779191
1
272.2100151037796 135.7802013931359
0.25 0.25 0.25 0.25
92.509706165344
45.0
243.34132069853067 143.8407310136064
1
243.34132069853067 163.0865025582739
0.25 0.25 0.25 0.25
19.245771544667527
45.0
499.1528562114641 367.73170877151773
3
469.7579841953599 367.73170877151773
0.25 0.25 0.25 0.25
31.089159593175996
45.0
86.85506916432735 206.4408198712743
1
86.85506916432735 249.47141601246094
0.25 0.25 0.25 0.25
43.030596141186635
45.0
20.28413277390198 67.40888285921528
3
3.4096153511313787 67.40888285921528
0.25 0.25 0.25 0.25
16.8745174227706
45.0
17.461605833330452 50.81985513597978
3
7.905764065267425 50.81985513597978
0.25 0.25 0.25 0.25
9.555841768063027
45.0
167.9014095156319 57.02966602008798
3
122.21163478467582 57.02966602008798
0.25 0.25 0.25 0.25
45.68977473095608
45.0
138.4941540487009 367.50215551167935
0
138.4941540487009 321.1648129168514
0.25 0.25 0.25 0.25
46.33734259482795
45.0
457.9955280373122 462.54778387771256
0
457.9955280373122 454.2567936951454
0.25 0.25 0.25 0.25
8.290990182567171
45.0
89.78215133222332 475.2432752927506
0
89.78215133222332 433.72631439957735
0.25 0.25 0.25 0.25
41.516960893173255
45.0
255.1988300341984 106.74356534533769
2
268.9326906241258 106.74356534533769
0.25 0.25 0.25 0.25
13.733860589927405
45.0
395.9080912957174 180.7095414533978
1
395.9080912957174 208.65235728421894
0.25 0.25 0.25 0.25
27.94281583082112
45.0
9.25174826607725 283.48710642744146
2
2.0241732622438207 283.48710642744146
0.25 0.25 0.25 0.25
11.27592152832107
45.0
21.005212495370927 223.01334830657476
2
45.00598815289902 223.01334830657476
0.25 0.25 0.25 0.25
24.000775657528095
45.0
101.30209846710355 165.18198076430252
3
83.08513450389428 165.18198076430252
0.25 0.25 0.25 0.25
18.216963963209267
45.0
81.46231387188921 277.7962005056912
3
58.77233485623691 277.7962005056912
0.25 0.25 0.25 0.25
22.689979015652295
45.0
111.469075182934 477.3878890955155
1
111.469075182934 490.70562571071576
0.25 0.25 0.25 0.25
13.317736615200271
45.0
238.8852632501307 150.74509966270492
3
192.71689538674542 150.74509966270492
0.25 0.25 0.25 0.25
46.16836786338527
45.0
312.01707496489075 432.5693002697987
1
312.01707496489075 474.78534996465805
0.25 0.25 0.25 0.25
42.21604969485935
45.0
144.5301831811713 446.34601929755047
2
179.5848127617221 446.34601929755047
0.25 0.25 0.25 0.25
35.05462958055079
45.0
119.66010261678773 272.7671882789218
3
82.44118894270053 272.7671882789218
0.25 0.25 0.25 0.25
37.21891367408719
45.0
464.824871417154 43.62748723381606
1
464.824871417154 79.8700299497115
0.25 0.25 0.25 0.25
36.24254271589543
45.0
403.8722967059469 321.0243420894431
2
410.57944574813706 321.0243420894431
0.25 0.25 0.25 0.25
6.707149042190147
45.0
454.0438179425379 246.71192579886605
0
454.0438179425379 228.8821667759198
0.25 0.25 0.25 0.25
17.829759022946234
45.0
235.62948338534102 358.42106695006396
1
235.62948338534102 394.645211773122
0.25 0.25 0.25 0.25
36.224144823058054
45.0
54.56481730212947 167.37388960385726
2
79.3104949830649 167.37388960385726
0.25 0.25 0.25 0.25
24.74567768093543
45.0
163.59821698722385 400.4257457509006
2
202.63176820282536 400.4257457509006
0.25 0.25 0.25 0.25
39.03355121560149
45.0
434.3938095465486 438.8513851197805
1
434.3938095465486 476.09319142417814
0.25 0.25 0.25 0.25
37.241806304397635
45.0
308.06885134407753 236.17204459220403
1
308.06885134407753 248.4944660674562
0.25 0.25 0.25 0.25
12.32242147525217
45.0
82.15507675624382 391.43432416926214
1
82.15507675624382 437.7522081661437
0.25 0.25 0.25 0.25
46.31788399688158
45.0
168.20673811188158 370.5812205762212
2
191.53473544478564 370.5812205762212
0.25 0.25 0.25 0.25
23.32799733290406
45.0
340.54970803039515 159.21761618931208
3
299.3606102113658 159.21761618931208
0.25 0.25 0.25 0.25
41.18909781902935
45.0
2.791872343423705 461.8034866585234
1
2.791872343423705 466.6834827955903
0.25 0.25 0.25 0.25
4.879996137066911
45.0
373.3859759316507 28.10480916792176
0
373.3859759316507 1.6379129481749786
0.25 0.25 0.25 0.25
26.466896219746783
45.0
14.297744326037744 3.1562668749571614
2
28.759009335196374 3.1562668749571614
0.25 0.25 0.25 0.25
14.46126500915863
45.0
379.33750844819224 369.8522282016545
1
379.33750844819224 398.5286828671898
0.25 0.25 0.25 0.25
28.676454665535317
45.0
59.210712748031646 393.7772845700273
0
59.210712748031646 368.2190732876795
0.25 0.25 0.25 0.25
25.558211282347777
45.0
455.37010462885974 418.35878147883966
0
455.37010462885974 370.7354950794638
0.25 0.25 0.25 0.25
47.62328639937585
45.0
296.61626389879814 297.73513798230044
2
330.26042834447105 297.73513798230044
0.25 0.25 0.25 0.25
33.64416444567291
45.0
