84633
46.1264799611959 288.85124095014106
2
62.42149637637536 288.85124095014106
0.25 0.25 0.25 0.25
108.54797633757126
45.0
236.86049789364665 495.4404842322265
0
236.86049789364665 354.2784388493228
0.25 0.25 0.25 0.25
141.16204538290364
45.0
433.2960584552586 483.60439539817196
3
431.8443787922015 483.60439539817196
0.25 0.25 0.25 0.25
134.85956275253986
45.0
144.81911672359865 403.1476533967826
2
176.639896027488 403.1476533967826
0.25 0.25 0.25 0.25
31.820779303889346
45.0
258.02764058746277 253.54519433750272
3
226.43512829581027 253.54519433750272
0.25 0.25 0.25 0.25
31.592512291652497
45.0
50.64071731985477 110.29019149803688
0
50.64071731985477 105.16955824994568
0.25 0.25 0.25 0.25
5.1206332480911945
45.0
58.17266960271176 299.1981001195879
1
58.17266960271176 313.3852980128122
0.25 0.25 0.25 0.25
14.187197893224301
45.0
336.1838309008662 24.388308827138943
0
336.1838309008662 17.560659350418717
0.25 0.25 0.25 0.25
6.827649476720227
45.0
309.38987944085517 99.00165986682424
3
289.1890565746033 99.00165986682424
0.25 0.25 0.25 0.25
20.200822866251862
45.0
387.71532285763965 472.060443963084
0
387.71532285763965 432.38082834040705
0.25 0.25 0.25 0.25
39.679615622677
45.0
145.63887068595733 210.91117733471913
2
149.34670683327346 210.91117733471913
0.25 0.25 0.25 0.25
3.7078361473161237
45.0
246.88573405331965 390.6767847039266
1
246.88573405331965 430.12607411641443
0.25 0.25 0.25 0.25
39.449289412487815
45.0
307.603815386499 446.03258525715864
1
307.603815386499 489.7385280813481
0.25 0.25 0.25 0.25
43.70594282418946
45.0
423.3634945924374 90.01628177874514
0
423.3634945924374 83.31518569362392
0.25 0.25 0.25 0.25
6.701096085121227
45.0
173.1346688449139 242.52720545872347
2
220.1217453378094 242.52720545872347
0.25 0.25 0.25 0.25
46.9870764928955
45.0
322.21426053727856 299.6855094369083
2
364.75746955878685 299.6855094369083
0.25 0.25 0.25 0.25
42.543209021508304
45.0
441.3117902953695 187.8386846026762
3
426.59266239226645 187.8386846026762
0.25 0.25 0.25 0.25
14.719127903103058
45.0
324.4686946239152 249.16960768684342
0
324.4686946239152 203.18558460975163
0.25 0.25 0.25 0.25
45.9840230770918
45.0
65.58195492506741 71.27705956585504
0
65.58195492506741 50.274729809595726
0.25 0.25 0.25 0.25
21.002329756259314
45.0
330.47543512235023 470.32380037802596
0
330.47543512235023 441.62015330797385
0.25 0.25 0.25 0.25
28.703647070052103
45.0
43.412731991055736 413.57633138181535
1
43.412731991055736 454.74012051475574
0.25 0.25 0.25 0.25
41.16378913294038
45.0
112.33476505834489 310.8058173967072
2
115.79320847975981 310.8058173967072
0.25 0.25 0.25 0.25
3.45844342141492
45.0
69.34053441133474 339.3184369218261
2
101.61671665654912 339.3184369218261
0.25 0.25 0.25 0.25
32.27618224521437
45.0
496.73024646740436 344.67530189992567
1
496.73024646740436 357.871586949139
0.25 0.25 0.25 0.25
13.196285049213335
45.0
244.69917716026382 78.11276002542516
3
216.1793463918745 78.11276002542516
0.25 0.25 0.25 0.25
28.519830768389305
45.0
101.44784758582091 406.65227214762865
3
61.15123540826551 406.65227214762865
0.25 0.25 0.25 0.25
40.2966121775554
45.0
477.15902217660266 62.943306318622696
3
438.16960629472084 62.943306318622696
0.25 0.25 0.25 0.25
38.98941588188185
45.0
397.71865003622395 173.3738036895819
0
397.71865003622395 147.23313496133588
0.25 0.25 0.25 0.25
26.14066872824603
45.0
74.11792615440162 90.8259704883314
0
74.11792615440162 68.4963966583726
0.25 0.25 0.25 0.25
22.329573829958786
45.0
355.1601906676933 15.993623441949929
1
355.1601906676933 47.89611058038648
0.25 0.25 0.25 0.25
31.90248713843655
45.0
288.99581612547405 227.68836066112902
2
309.2218320589223 227.68836066112902
0.25 0.25 0.25 0.25
20.226015933448256
45.0
182.41998688300407 443.7186196069249
0
182.41998688300407 434.7821121312257
0.25 0.25 0.25 0.25
8.936507475699207
45.0
197.48747983180272 436.17777147440194
2
242.3260437737842 436.17777147440194
0.25 0.25 0.25 0.25
44.83856394198147
45.0
164.21489013339152 414.9556430590195
2
165.2074042783117 414.9556430590195
0.25 0.25 0.25 0.25
0.992514144920198
45.0
257.1190054946159 150.72127442998885
2
278.1097453052734 150.72127442998885
0.25 0.25 0.25 0.25
20.990739810657484
45.0
467.9783355231802 140.02690486451215
1
467.9783355231802 143.34518960640315
0.25 0.25 0.25 0.25
3.3182847418910146
45.0
14.613775363615943 182.0630705314385
1
14.613775363615943 209.5182580240475
0.25 0.25 0.25 0.25
27.455187492608978
45.0
287.26856616694 394.5419439902894
0
287.26856616694 364.45696111343807
0.25 0.25 0.25 0.25
30.084982876851303
45.0
260.2241015338619 195.711345627301
2
310.1956668139661 195.711345627301
0.25 0.25 0.25 0.25
49.97156528010421
45.0
24.701743765193257 421.44758547747483
2
14.447296359630002 421.44758547747483
0.25 0.25 0.25 0.25
39.14904012482326
45.0
193.3565922342014 59.7201183183514
3
181.90166248813466 59.7201183183514
0.25 0.25 0.25 0.25
11.454929746066744
45.0
175.0015972600226 411.6507200270859
3
171.31653375694415 411.6507200270859
0.25 0.25 0.25 0.25
3.685063503078462
45.0
435.69681459964045 93.53713793567786
2
455.242835988041 93.53713793567786
0.25 0.25 0.25 0.25
19.546021388400547
45.0
283.94152042484245 147.61403081714877
0
283.94152042484245 114.41570249554707
0.25 0.25 0.25 0.25
33.198328321601714
45.0
316.3141665912295 128.4735288371062
2
365.4613112740973 128.4735288371062
0.25 0.25 0.25 0.25
49.14714468286782
45.0
141.00420273437234 487.98427707028185
1
141.00420273437234 498.9322391099084
0.25 0.25 0.25 0.25
10.947962039626551
45.0
428.99073396216676 131.43268397388056
2
434.19744729561774 131.43268397388056
0.25 0.25 0.25 0.25
5.206713333450963
45.0
457.3564625093493 170.68748192688867
0
457.3564625093493 155.89828615009503
0.25 0.25 0.25 0.25
14.789195776793623
45.0
