96406
269.55060852797214 287.3105162293901
176.29458492975164 287.3105162293901
0.41396672574011967 0.07588556379624921 0.2580920746272711 0.25205563583636
93.25602359822052
45.0
25.823465150418883 422.7882883865482
426.74331606669193 422.7882883865482
0.18393818102196774 0.20518444256380788 0.26111959804112606 0.34975777837309846
99.08014908372692
45.0
323.321451189997 232.89390085231133
323.321451189997 335.51897959802375
0.4511692886089454 0.3954615308488489 0.1380167409110825 0.015352439631123111
102.62507874571241
45.0
182.5478704883273 95.40765395601365
221.38156811396306 95.40765395601365
0.20628814360876097 0.5603830713170415 0.10857012606063565 0.12475865901356205
38.833697625635736
45.0
4.177879284024527 173.9925933023228
472.9842279741693 173.9925933023228
0.06436442771083413 0.42231138643532073 0.17884845102120453 0.3344757348326407
31.193651309855213
45.0
94.93661657423019 279.0535384387653
94.61465164159925 279.0535384387653
0.06976567218546292 0.29147947088852016 0.3274916818260015 0.3112631751000155
0.3219649326309304
45.0
395.17895457603186 143.03810389772215
416.2041519977327 143.03810389772215
0.17365372812234678 0.1928768800472103 0.5611438423533003 0.07232554947714268
21.02519742170087
45.0
168.01327513976162 68.50030672141884
212.87052662526844 68.50030672141884
0.3645775693563795 0.12543398380626303 0.41639728084096667 0.09359116599639074
44.857251485506815
45.0
105.76817192940126 39.64347077418222
104.59954542355065 39.64347077418222
0.14089173243008926 0.009960129086094864 0.3033555919466121 0.5457925465372038
1.1686265058506062
45.0
105.1909056678826 243.16914856706325
141.694200422062 243.16914856706325
0.321829237177612 0.23944454058030334 0.37230144455199055 0.06642477769009406
36.50329475417941
45.0
255.86173125827673 315.6352288220408
295.6270172456109 315.6352288220408
0.40967900021158327 0.2708393836442222 0.11794850722201264 0.2015331089221819
39.765285987334146
45.0
398.27673955441026 281.5750816929062
371.3049008409091 281.5750816929062
0.17103210695277699 0.2663760104374584 0.2918426621563779 0.2707492204533869
26.97183871350116
45.0
174.98295544875603 144.34375091215566
168.98693894988784 144.34375091215566
0.022696949561528817 0.16516740660939516 0.1646231503765931 0.647512493452483
5.996016498868184
45.0
310.638448211359 234.14147734821154
347.2345017771739 234.14147734821154
0.33021476075591283 0.32243799683092234 0.19521488754763053 0.15213235486553445
36.59605356581487
45.0
168.6838016506365 471.29106819474373
183.1238235551275 471.29106819474373
0.4455200673266939 0.26202359279346216 0.20223475927072052 0.0902215806091234
14.440021904491001
45.0
69.54939790720464 491.87322598976925
69.39135084909522 491.87322598976925
0.12234195224162199 0.2874161822837904 0.07562458873543894 0.5146172767391486
0.15804705810941733
45.0
87.63934460638481 214.9078804274704
64.186312359189 214.9078804274704
0.3298151902170604 0.3415001884666756 0.015911802947492316 0.3127728183687717
23.45303224719581
45.0
1.3060117302279082 135.6039542709289
453.5309819847455 135.6039542709289
0.26153616159565984 0.20209833446148048 0.262608514076615 0.2737569898662447
47.775029745482435
45.0
348.4865835562033 110.40776372511203
316.24175150401317 110.40776372511203
0.2934062208405538 0.11576477336287962 0.042492159133675336 0.5483368466628912
32.244832052190134
45.0
164.79849343983142 255.40790174902656
130.94070825744694 255.40790174902656
0.23016308677792688 0.25666359289268814 0.2616533033443747 0.25152001698501025
33.857785182384475
45.0
374.98498172119764 435.306414634765
335.4726164543629 435.306414634765
0.3134215645192941 0.25949582391685 0.119819706533704 0.3072629050301518
39.512365266834784
45.0
344.9646146179198 177.12904013472976
306.42546099466347 177.12904013472976
0.3339554694549673 0.11159036528295342 0.1431537474021265 0.41130041785995275
38.53915362325632
45.0
301.2443500926108 350.10157765365705
273.90931351060016 350.10157765365705
0.24624986598326795 0.25053674818228333 0.27500895226137323 0.22820443357307554
27.33503658201064
45.0
472.70126307644915 396.9442087062635
427.0359270476822 396.9442087062635
0.036752436749778114 0.3196784948624906 0.27631125267318135 0.3672578157145499
45.66533602876694
45.0
282.5042873899816 254.4825538008117
285.7455971569803 254.4825538008117
0.38434812541590796 0.29083965426060127 0.11585266116457764 0.20895955915891293
3.2413097669986843
45.0
194.5421338096105 91.27423315603247
238.6748129396698 91.27423315603247
0.27832793124101907 0.19562731977360595 0.3139086191825469 0.21213612980282798
44.132679130059294
45.0
238.79499529745976 416.758127279845
265.23466975356206 416.758127279845
0.265698463859045 0.2647591142991797 0.376489439459079 0.09305298238269645
26.439674456102292
45.0
361.8772108261853 490.22146213620675
405.8516181466421 490.22146213620675
0.5062845390539855 0.051741506944323085 0.42331871145587285 0.018655242545818646
43.97440732045681
45.0
70.7031514152151 79.75353415434623
110.60449428298735 79.75353415434623
0.35559297688067276 0.3646540306418056 0.18822338655305015 0.0915296059244715
39.90134286777224
45.0
466.6594306658608 347.45458957734263
420.0508870391996 347.45458957734263
0.20304382057204085 0.2418300006294756 0.2974932923790374 0.2576328864194462
46.608543626661195
45.0
360.37784656238154 235.56032797045077
326.3019879375827 235.56032797045077
0.16372032177727722 0.26004021274866246 0.31920453069726884 0.25703493477679157
34.07585862479887
45.0
83.75691824902091 460.2211634756418
91.7912885572277 460.2211634756418
0.38984082231375056 0.37626204828574766 0.15568223774037138 0.07821489166013057
8.034370308206789
45.0
302.03671098005776 149.45249946038047
298.0451469316587 149.45249946038047
0.28253364206677734 0.26376370566153673 0.0780224834437921 0.37568016882789385
3.9915640483990824
45.0
357.66055745686816 133.94949960166218
321.2307326434949 133.94949960166218
0.38697006723862093 0.24223668158011424 0.14815790452704852 0.22263534665421636
36.42982481337325
45.0
175.33165014931552 311.09889697048385
191.67429485473258 311.09889697048385
0.013234430269374587 0.6268038618656825 0.22539976906214243 0.13456193880280048
16.342644705417054
45.0
3.8159327652175534 390.88533118955803
16.840665051819357 390.88533118955803
0.342136940330749 0.314296455653776 0.12895978740695727 0.2146068166085178
13.024732286601804
45.0
31.898654656722872 295.7640023657994
28.231494291205188 295.7640023657994
0.17469007322051566 0.21483063538513691 0.2229055919925716 0.3875736994017759
3.6671603655176854
45.0
316.421209138707 36.71196813991494
351.80538964498896 36.71196813991494
0.3034324969515827 0.3335097234326417 0.22912947817708135 0.13392830143869414
35.38418050628193
45.0
413.03445157874813 386.4508851483483
387.0332707467664 386.4508851483483
0.26002527137930886 0.16086783043145472 0.21053015628319174 0.36857674190604467
26.001180831981735
45.0
132.99778464525068 186.1607626268252
92.95103183764596 186.1607626268252
0.028633440506633297 0.17851642541496723 0.43177548273960326 0.3610746513387962
40.046752807604726
45.0
317.02792629012083 427.36113773793096
296.2018309901557 427.36113773793096
0.23125540864928323 0.43000856963685996 0.06376801544425792 0.27496800626959883
20.826095299965104
45.0
12.692602861831688 39.17310999945596
12.692602861831688 54.810985441474514
0.3467417885974527 0.469990638315392 0.005460553940441837 0.1778070191467134
15.637875442018556
45.0
433.09158516896696 269.4594455349813
481.8558130627176 269.4594455349813
0.40172372481967883 0.1698502412181509 0.36339434290553013 0.06503169105664015
48.76422789375059
45.0
54.78687312164283 307.8831664625919
56.90012533896288 307.8831664625919
0.202240731560229 0.25342724611758105 0.33086609370328096 0.21346592861890903
2.1132522173200554
45.0
490.2346580170504 69.19116211734898
476.1509140313309 69.19116211734898
0.23497485470705873 0.18019788397398698 0.13886740449330526 0.44595985682564904
14.083743985719504
45.0
449.56980018994034 190.89248321655563
477.61664414781364 190.89248321655563
0.29348022672647905 0.3515026243546267 0.21609438875333892 0.13892276016555533
28.046843957873286
45.0
336.77538233852545 424.7082977700197
310.68488211774843 424.7082977700197
0.005599390943573907 0.26198605291508753 0.4788349084686062 0.25357964767273233
26.090500220777024
45.0
38.77989005345129 69.37457899014744
7.707512254832977 69.37457899014744
0.14442941248642008 0.22538427520669838 0.29681419953457205 0.3333721127723095
31.072377798618312
45.0
