82172
117.63300692160493 373.6388696468877
1
117.63300692160493 494.34016669100833
0.25 0.25 0.25 0.25
120.70129704412062
45.0
454.37539734868096 244.03983678681237
0
454.37539734868096 105.57298500716172
0.25 0.25 0.25 0.25
138.46685177965065
45.0
396.9674144946598 291.7807274458652
1
396.9674144946598 400.7295263458618
0.25 0.25 0.25 0.25
108.94879889999663
45.0
285.3783363003231 497.0396379582558
0
285.3783363003231 332.7887195265113
0.25 0.25 0.25 0.25
164.25091843174454
45.0
43.972141915493395 220.15673506645237
2
144.44606588312814 220.15673506645237
0.25 0.25 0.25 0.25
100.47392396763475
45.0
427.9948901700843 448.26985941120415
3
418.0723288571012 448.26985941120415
0.25 0.25 0.25 0.25
153.93278097281453
45.0
57.56667743515254 212.55379539719456
2
99.96541125431963 212.55379539719456
0.25 0.25 0.25 0.25
157.53208868947218
45.0
219.92682764609503 364.7532884319536
0
219.92682764609503 203.4108875508109
0.25 0.25 0.25 0.25
161.34240088114268
45.0
397.1696028288047 466.12780837917444
3
222.46243865738768 466.12780837917444
0.25 0.25 0.25 0.25
174.70716417141705
45.0
278.66422033487544 117.06172242641057
1
278.66422033487544 8.796386150835204
0.25 0.25 0.25 0.25
125.85810857724577
45.0
429.59320716080106 186.60057581326828
0
429.59320716080106 142.9113138237966
0.25 0.25 0.25 0.25
43.68926198947169
45.0
78.84433622476308 477.00904925164673
1
78.84433622476308 488.7598178480283
0.25 0.25 0.25 0.25
11.7507685963816
45.0
428.35028870154184 40.9394911450165
3
394.86380869411516 40.9394911450165
0.25 0.25 0.25 0.25
33.4864800074267
45.0
310.7329076854628 176.38147239413183
0
310.7329076854628 143.06392923468414
0.25 0.25 0.25 0.25
33.3175431594477
45.0
248.45989438021647 179.52343965395832
0
248.45989438021647 170.10839817977705
0.25 0.25 0.25 0.25
9.415041474181256
45.0
476.03873105110085 432.76225999214535
3
485.18323374248155 432.76225999214535
0.25 0.25 0.25 0.25
38.77803520641761
45.0
93.63721210707291 310.04120607135593
2
105.38500441663987 310.04120607135593
0.25 0.25 0.25 0.25
11.747792309566957
45.0
19.29451956215655 30.62522537228108
2
58.19186247812286 30.62522537228108
0.25 0.25 0.25 0.25
38.897342915966306
45.0
434.8085980516216 325.7411469416351
2
435.1854523594827 325.7411469416351
0.25 0.25 0.25 0.25
0.3768543078611575
45.0
291.73953559022186 202.50027467927293
0
291.73953559022186 170.19422811326606
0.25 0.25 0.25 0.25
32.30604656600686
45.0
33.729904602787265 393.65127077913905
1
33.729904602787265 438.01914289440106
0.25 0.25 0.25 0.25
44.367872115262024
45.0
493.2202349558916 212.94774963174387
0
493.2202349558916 200.15988407428208
0.25 0.25 0.25 0.25
12.787865557461792
45.0
326.2738985049557 379.5010930361891
1
326.2738985049557 412.5209036923244
0.25 0.25 0.25 0.25
33.01981065613527
45.0
59.890557024358706 120.39733343403273
0
59.890557024358706 70.79044222287402
0.25 0.25 0.25 0.25
49.60689121115872
45.0
315.00988280362077 98.99199285241326
2
329.12317765660555 98.99199285241326
0.25 0.25 0.25 0.25
14.113294852984781
45.0
368.8944791352527 9.923404099934807
2
404.0269391977739 9.923404099934807
0.25 0.25 0.25 0.25
35.132460062521226
45.0
410.9243243818896 361.98152933109407
3
380.11263722269797 361.98152933109407
0.25 0.25 0.25 0.25
30.811687159191635
45.0
207.48164157898304 420.81131143997845
3
177.14204933179872 420.81131143997845
0.25 0.25 0.25 0.25
30.33959224718434
45.0
275.27372870040466 459.84806039985256
0
275.27372870040466 435.09980854845
0.25 0.25 0.25 0.25
24.748251851402536
45.0
120.77068161236843 466.83133621639683
0
120.77068161236843 445.9861239712359
0.25 0.25 0.25 0.25
20.845212245160944
45.0
107.09189152469692 138.1450951473985
1
107.09189152469692 141.45437416707497
0.25 0.25 0.25 0.25
3.3092790196764588
45.0
285.90044058579286 154.75877142904997
3
241.20682866794058 154.75877142904997
0.25 0.25 0.25 0.25
44.69361191785227
45.0
203.37172761816618 208.6240299312975
3
184.27693078941712 208.6240299312975
0.25 0.25 0.25 0.25
19.09479682874906
45.0
131.60893723189784 152.62769722065624
3
92.63482836443188 152.62769722065624
0.25 0.25 0.25 0.25
38.974108867465965
45.0
160.56498487891093 121.52149973168814
1
160.56498487891093 168.53008195727068
0.25 0.25 0.25 0.25
47.00858222558254
45.0
445.6872645709512 443.3783279773982
2
481.87061069389904 443.3783279773982
0.25 0.25 0.25 0.25
36.18334612294786
45.0
15.269147414134725 102.26007531991601
1
15.269147414134725 132.6962925298067
0.25 0.25 0.25 0.25
30.436217209890682
45.0
183.95337512058342 463.5096218133413
1
183.95337512058342 485.81366889348226
0.25 0.25 0.25 0.25
22.304047080140926
45.0
23.600767567556048 111.11216741202887
1
23.600767567556048 116.4123886636169
0.25 0.25 0.25 0.25
5.300221251588033
45.0
154.2179182761005 198.70642957519493
2
188.09324218841056 198.70642957519493
0.25 0.25 0.25 0.25
33.87532391231005
45.0
241.59359425101889 48.578432208445506
0
241.59359425101889 11.057106817895203
0.25 0.25 0.25 0.25
37.5213253905503
45.0
139.26725481688584 69.68498956296392
0
139.26725481688584 32.712672077284914
0.25 0.25 0.25 0.25
36.97231748567901
45.0
405.63412607804764 219.9885234660843
3
395.26986583870354 219.9885234660843
0.25 0.25 0.25 0.25
10.36426023934408
45.0
182.9865523756539 485.3845964932659
2
221.8651674960002 485.3845964932659
0.25 0.25 0.25 0.25
38.87861512034629
45.0
489.5359333313206 127.71872783077129
3
472.96008310881336 127.71872783077129
0.25 0.25 0.25 0.25
37.50398355986599
45.0
38.32164013467178 281.4508637732361
3
28.76290243332076 281.4508637732361
0.25 0.25 0.25 0.25
9.558737701351022
45.0
191.30069187862966 463.19589155197366
0
191.30069187862966 432.28876011088846
0.25 0.25 0.25 0.25
30.907131441085202
45.0
109.22519256356293 485.5667276908997
3
84.58493983855269 485.5667276908997
0.25 0.25 0.25 0.25
24.64025272501025
45.0
