44599
289.8362830552005 6.189369086820733
1
289.8362830552005 94.34596458784176
0.25 0.25 0.25 0.25
100.5353336746625
45.0
34.90313739998004 7.545025594708193
2
188.22078022845827 7.545025594708193
0.25 0.25 0.25 0.25
153.31764282847823
45.0
93.07817176867327 438.3746914754429
3
0.7233768808797834 438.3746914754429
0.25 0.25 0.25 0.25
92.35479488779349
45.0
235.03771168465232 398.46618860731917
3
132.6695540514193 398.46618860731917
0.25 0.25 0.25 0.25
102.36815763323303
45.0
216.60906958409691 333.85455928907834
3
50.55254935085185 333.85455928907834
0.25 0.25 0.25 0.25
166.05652023324507
45.0
495.70478673093226 86.26126507594972
3
336.3754212065985 86.26126507594972
0.25 0.25 0.25 0.25
159.32936552433375
45.0
215.27227959195625 81.3520829118076
1
215.27227959195625 91.15017591543881
0.25 0.25 0.25 0.25
172.5022588272464
45.0
452.7595668716808 211.78643175426583
1
452.7595668716808 303.83202157860075
0.25 0.25 0.25 0.25
92.0455898243349
45.0
20.181633867862345 20.419312903319295
2
137.86646993334 20.419312903319295
0.25 0.25 0.25 0.25
117.68483606547765
45.0
202.87968845473927 309.8874150618444
1
202.87968845473927 470.3110025489773
0.25 0.25 0.25 0.25
160.42358748713286
45.0
213.7922727108865 349.47664035103776
1
213.7922727108865 397.93595715430405
0.25 0.25 0.25 0.25
48.45931680326629
45.0
470.06038598618375 323.91108430316876
3
459.50158062019216 323.91108430316876
0.25 0.25 0.25 0.25
10.558805365991585
45.0
316.80799597464187 65.40774074986234
2
330.4182381472693 65.40774074986234
0.25 0.25 0.25 0.25
13.610242172627384
45.0
11.403518937492564 79.99015888094466
2
27.89320679703613 79.99015888094466
0.25 0.25 0.25 0.25
16.489687859543565
45.0
423.5545989858828 130.9062780389288
1
423.5545989858828 171.83637541172956
0.25 0.25 0.25 0.25
40.93009737280075
45.0
345.778360506009 435.7161946972907
0
345.778360506009 390.0195928076771
0.25 0.25 0.25 0.25
45.69660188961361
45.0
301.00220808549625 277.90536275664925
1
301.00220808549625 305.0260415231118
0.25 0.25 0.25 0.25
27.120678766462557
45.0
258.9072508147131 327.6406895693154
0
258.9072508147131 318.6011857550679
0.25 0.25 0.25 0.25
9.039503814247475
45.0
384.1459203378125 328.1411021940135
1
384.1459203378125 352.159832095111
0.25 0.25 0.25 0.25
24.0187299010975
45.0
2.973566946669024 426.82133071091096
0
2.973566946669024 407.39434363852115
0.25 0.25 0.25 0.25
19.426987072389785
45.0
252.75951595502326 367.6218983080231
1
252.75951595502326 380.78034891524726
0.25 0.25 0.25 0.25
13.158450607224182
45.0
112.17551706322331 458.8904727228943
3
69.59258230843898 458.8904727228943
0.25 0.25 0.25 0.25
42.58293475478433
45.0
332.3055883707543 93.03503452878635
3
291.85764747996234 93.03503452878635
0.25 0.25 0.25 0.25
40.44794089079199
45.0
210.83055229263118 424.1044553913081
1
210.83055229263118 450.359024570234
0.25 0.25 0.25 0.25
26.25456917892594
45.0
270.00893222787414 260.11558776641544
3
249.26129845839006 260.11558776641544
0.25 0.25 0.25 0.25
20.747633769484082
45.0
151.79911235075014 409.94556502451985
0
151.79911235075014 365.54382553956856
0.25 0.25 0.25 0.25
44.40173948495128
45.0
436.47087060550245 244.12535830151518
3
416.84115638681135 244.12535830151518
0.25 0.25 0.25 0.25
19.62971421869112
45.0
108.74535400135295 93.4376811084966
0
108.74535400135295 82.2251692404038
0.25 0.25 0.25 0.25
11.212511868092806
45.0
93.08145782508942 429.03816252223515
1
93.08145782508942 447.3343980020986
0.25 0.25 0.25 0.25
18.296235479863466
45.0
329.0318091708991 496.4847418819404
0
329.0318091708991 459.15547630340825
0.25 0.25 0.25 0.25
44.359781814651335
45.0
20.89325365077562 438.62729956845624
2
34.784695428941944 438.62729956845624
0.25 0.25 0.25 0.25
13.891441778166325
45.0
120.7058418700403 371.9766180646016
3
117.18756278834084 371.9766180646016
0.25 0.25 0.25 0.25
3.5182790816994656
45.0
129.13788893824892 0.43363517752778336
1
129.13788893824892 28.215270368706516
0.25 0.25 0.25 0.25
27.781635191178733
45.0
351.19010952168924 212.15273961026514
0
351.19010952168924 209.10767097308596
0.25 0.25 0.25 0.25
3.045068637179188
45.0
141.502913397077 435.8644432196693
0
141.502913397077 406.2127766333871
0.25 0.25 0.25 0.25
29.651666586282193
45.0
265.31788750959237 93.17080552359847
3
254.83987253348457 93.17080552359847
0.25 0.25 0.25 0.25
10.478014976107792
45.0
294.19429236916875 82.65537865075791
3
263.61094530263614 82.65537865075791
0.25 0.25 0.25 0.25
30.583347066532625
45.0
369.4834034400871 240.31969838036812
3
368.77963824444 240.31969838036812
0.25 0.25 0.25 0.25
0.7037651956471491
45.0
416.38565150229834 396.26484691571704
0
416.38565150229834 378.32794768567817
0.25 0.25 0.25 0.25
17.936899230038854
45.0
108.36845626171907 119.66104005853168
1
108.36845626171907 151.7110528509217
0.25 0.25 0.25 0.25
32.05001279239003
45.0
377.05449736815757 96.07185574285018
1
377.05449736815757 112.81028109196671
0.25 0.25 0.25 0.25
16.738425349116536
45.0
206.1150125947608 45.77397092260687
1
206.1150125947608 84.18805235659238
0.25 0.25 0.25 0.25
38.41408143398551
45.0
203.73307170362514 315.4704143629341
0
203.73307170362514 295.9915307064037
0.25 0.25 0.25 0.25
19.478883656530417
45.0
56.675203311250385 240.12374112595668
0
56.675203311250385 202.73016022514065
0.25 0.25 0.25 0.25
37.39358090081603
45.0
50.17774608848749 483.5694731652021
0
50.17774608848749 443.44007020148973
0.25 0.25 0.25 0.25
40.1294029637124
45.0
228.06932172479083 497.0880564002252
0
228.06932172479083 473.23858487186396
0.25 0.25 0.25 0.25
29.67335872791083
45.0
133.14627413828495 392.18405540432036
1
133.14627413828495 438.51426260667836
0.25 0.25 0.25 0.25
46.330207202357975
45.0
102.89927734998008 17.31537973195966
1
102.89927734998008 16.956138700950348
0.25 0.25 0.25 0.25
34.27151843291001
45.0
