20552
140.2216453855254 175.9032040055547
1
140.2216453855254 178.02459481363866
0.25 0.25 0.25 0.25
2.121390808083945
45.0
499.71522692922724 363.63975001913775
3
478.5255784664414 363.63975001913775
0.25 0.25 0.25 0.25
21.189648462785836
45.0
433.39087905481017 6.470963034718224
2
461.64377416187176 6.470963034718224
0.25 0.25 0.25 0.25
28.252895107061605
45.0
92.84837466882026 19.620480515987836
3
54.739334565538485 19.620480515987836
0.25 0.25 0.25 0.25
38.10904010328177
45.0
319.75488410058415 8.748487011598627
2
349.3629034806895 8.748487011598627
0.25 0.25 0.25 0.25
29.60801938010536
45.0
160.63739140892184 69.0118844647595
2
165.99363092815756 69.0118844647595
0.25 0.25 0.25 0.25
5.356239519235717
45.0
253.42636777256564 269.43505136461476
2
293.9570302416456 269.43505136461476
0.25 0.25 0.25 0.25
40.53066246907996
45.0
411.86719545135554 163.10988738759247
3
405.8541580742115 163.10988738759247
0.25 0.25 0.25 0.25
6.013037377144014
45.0
276.79675968859414 432.1712116443132
3
250.84663975530793 432.1712116443132
0.25 0.25 0.25 0.25
25.950119933286192
45.0
121.40926809921842 314.37989273969487
1
121.40926809921842 317.10571178802024
0.25 0.25 0.25 0.25
2.725819048325401
45.0
341.49344474823477 352.86774398668285
2
383.3648985039788 352.86774398668285
0.25 0.25 0.25 0.25
41.87145375574402
45.0
150.12501699581924 268.2325713180366
3
103.27623103445993 268.2325713180366
0.25 0.25 0.25 0.25
46.84878596135932
45.0
41.86458486331138 301.7490817655432
3
21.23612641699093 301.7490817655432
0.25 0.25 0.25 0.25
20.628458446320447
45.0
404.59139282423666 31.579424558380524
1
404.59139282423666 35.24534450633985
0.25 0.25 0.25 0.25
3.665919947959323
45.0
316.1026075922049 127.12340029753355
2
335.66769918316794 127.12340029753355
0.25 0.25 0.25 0.25
19.565091590963075
45.0
158.42729792038423 106.95056552306278
3
157.09261211575506 106.95056552306278
0.25 0.25 0.25 0.25
1.3346858046291654
45.0
44.12255270858691 267.1468081688754
0
44.12255270858691 258.88341519955065
0.25 0.25 0.25 0.25
8.26339296932474
45.0
413.858997318718 65.97938515912588
1
413.858997318718 94.86777314722502
0.25 0.25 0.25 0.25
28.88838798809914
45.0
272.4458049301977 440.8386469585845
2
316.4799758785325 440.8386469585845
0.25 0.25 0.25 0.25
44.034170948334776
45.0
71.04511762694906 401.62551486681616
2
113.89018001515764 401.62551486681616
0.25 0.25 0.25 0.25
42.845062388208575
45.0
158.32148766325358 372.13003371705673
3
117.68033140136077 372.13003371705673
0.25 0.25 0.25 0.25
40.64115626189281
45.0
124.86107957349702 382.59990729299966
1
124.86107957349702 418.45966889095763
0.25 0.25 0.25 0.25
35.85976159795799
45.0
77.80238455556753 63.993653624299895
1
77.80238455556753 81.31548999096972
0.25 0.25 0.25 0.25
17.321836366669828
45.0
87.04968548547399 194.62018365864998
2
118.64236382574443 194.62018365864998
0.25 0.25 0.25 0.25
31.592678340270435
45.0
429.43505508567023 496.34223067789753
2
453.70494789585257 496.34223067789753
0.25 0.25 0.25 0.25
24.26989281018234
45.0
474.43610174739126 0.517409799759708
1
474.43610174739126 12.959248626293821
0.25 0.25 0.25 0.25
12.441838826534113
45.0
239.15851433436384 39.280826806700816
1
239.15851433436384 77.38367911787444
0.25 0.25 0.25 0.25
38.10285231117362
45.0
227.78859942561468 273.46926612353474
2
255.32346237714387 273.46926612353474
0.25 0.25 0.25 0.25
27.534862951529206
45.0
462.6313161168666 284.34832276734153
1
462.6313161168666 328.39116389996855
0.25 0.25 0.25 0.25
44.042841132627
45.0
397.1639153913308 422.81524207536546
1
397.1639153913308 469.55912185783086
0.25 0.25 0.25 0.25
46.74387978246542
45.0
215.8988750293853 345.1062095205595
0
215.8988750293853 331.3248188587094
0.25 0.25 0.25 0.25
13.781390661850097
45.0
294.84894744879796 389.58758933471336
1
294.84894744879796 414.04151829563295
0.25 0.25 0.25 0.25
24.453928960919608
45.0
405.4897387253026 147.63664789996977
0
405.4897387253026 139.98519143868202
0.25 0.25 0.25 0.25
7.651456461287765
45.0
26.665888073106878 210.08655042351984
2
71.00513436735315 210.08655042351984
0.25 0.25 0.25 0.25
44.33924629424627
45.0
489.95175366240267 435.0714492248338
3
461.58646292476067 435.0714492248338
0.25 0.25 0.25 0.25
28.365290737642013
45.0
146.5953323267089 164.12918089832465
1
146.5953323267089 203.40034891681728
0.25 0.25 0.25 0.25
39.27116801849263
45.0
141.1730059826707 226.3819643283955
0
141.1730059826707 218.6951355142317
0.25 0.25 0.25 0.25
7.686828814163782
45.0
350.63062328024546 323.0626360697787
3
319.1106877778435 323.0626360697787
0.25 0.25 0.25 0.25
31.519935502401935
45.0
18.644782188000832 236.91362893689976
2
54.91902512469857 236.91362893689976
0.25 0.25 0.25 0.25
36.27424293669774
45.0
445.07509113095455 250.8669491356689
3
444.61843864674114 250.8669491356689
0.25 0.25 0.25 0.25
0.45665248421340454
45.0
443.6358240490075 184.8587112283957
0
443.6358240490075 171.6939092452062
0.25 0.25 0.25 0.25
13.164801983189477
45.0
37.61616512821783 433.2990349750365
2
39.29936673984493 433.2990349750365
0.25 0.25 0.25 0.25
1.6832016116270998
45.0
127.15377639242993 245.90290253607984
0
127.15377639242993 224.9503969569875
0.25 0.25 0.25 0.25
20.952505579092325
45.0
202.88763593008434 411.9230373649727
3
163.29227927604768 411.9230373649727
0.25 0.25 0.25 0.25
39.59535665403666
45.0
392.83653689573805 484.917301630284
2
422.74188609618045 484.917301630284
0.25 0.25 0.25 0.25
29.905349200442384
45.0
329.36034389095073 155.75931436802762
1
329.36034389095073 187.85737740039036
0.25 0.25 0.25 0.25
32.09806303236273
45.0
351.0555388405904 148.94144813958425
0
351.0555388405904 105.20389806066748
0.25 0.25 0.25 0.25
43.73755007891676
45.0
339.0365788703496 278.6990069535571
2
377.90238717219165 278.6990069535571
0.25 0.25 0.25 0.25
38.86580830184202
45.0
