68006
112.84826749052182 206.98856133072312
1
112.84826749052182 208.6627900409473
0.25 0.25 0.25 0.25
1.6742287102241793
45.0
311.50650537394085 389.65106064234806
3
278.8604504468733 389.65106064234806
0.25 0.25 0.25 0.25
32.646054927067574
45.0
309.9057842782887 58.36546956388706
2
351.14743814081635 58.36546956388706
0.25 0.25 0.25 0.25
41.24165386252763
45.0
380.6391684471245 60.89391184334059
1
380.6391684471245 63.28793442252653
0.25 0.25 0.25 0.25
2.394022579185945
45.0
123.43129750847262 418.49122875601586
3
78.71417556238416 418.49122875601586
0.25 0.25 0.25 0.25
44.71712194608846
45.0
38.61960650090191 71.73985762389093
2
62.65640049436071 71.73985762389093
0.25 0.25 0.25 0.25
24.036793993458804
45.0
423.8849650269225 454.9502596188986
0
423.8849650269225 497.83411459737283
0.25 0.25 0.25 0.25
47.21562578372858
45.0
283.5494523578331 20.76979938439579
2
293.13051813821846 20.76979938439579
0.25 0.25 0.25 0.25
9.58106578038534
45.0
65.20020689793793 50.83033033907126
0
65.20020689793793 7.582058552858896
0.25 0.25 0.25 0.25
43.248271786212364
45.0
441.0293150510905 3.9362529892055633
1
441.0293150510905 26.60562295696985
0.25 0.25 0.25 0.25
30.541875946175413
45.0
287.48798109042696 10.962510482925971
3
269.6515993544863 10.962510482925971
0.25 0.25 0.25 0.25
17.83638173594067
45.0
350.5019817654664 466.8679257480393
3
339.1598058015231 466.8679257480393
0.25 0.25 0.25 0.25
11.342175963943312
45.0
307.53730589373623 89.67763105030502
2
327.45463901190345 89.67763105030502
0.25 0.25 0.25 0.25
19.917333118167228
45.0
403.2424426387468 117.0763114307959
1
403.2424426387468 153.35687549327943
0.25 0.25 0.25 0.25
36.28056406248354
45.0
219.98394513380032 260.8405129284231
0
219.98394513380032 238.97705725653125
0.25 0.25 0.25 0.25
21.863455671891842
45.0
267.3607979406296 273.4636848639321
1
267.3607979406296 295.0868059708606
0.25 0.25 0.25 0.25
21.623121106928533
45.0
390.15923183949496 355.05665870123636
2
434.4616221352255 355.05665870123636
0.25 0.25 0.25 0.25
44.30239029573054
45.0
231.43176238849279 479.85745437889057
0
231.43176238849279 472.5191305885181
0.25 0.25 0.25 0.25
47.623415032591275
45.0
225.50631846851056 395.58140238846255
3
224.9039544960296 395.58140238846255
0.25 0.25 0.25 0.25
0.6023639724809571
45.0
490.51074236924916 409.2719590797895
0
490.51074236924916 405.4248336610079
0.25 0.25 0.25 0.25
3.847125418781616
45.0
92.25321280057497 172.12331564771773
1
92.25321280057497 219.22414111125698
0.25 0.25 0.25 0.25
47.100825463539245
45.0
343.39348342762 24.158245427970996
3
316.04274771370666 24.158245427970996
0.25 0.25 0.25 0.25
27.350735713913387
45.0
73.99126552730249 406.0121131424154
1
73.99126552730249 445.22671603793043
0.25 0.25 0.25 0.25
39.214602895515064
45.0
451.3628110664713 169.53636280692336
0
451.3628110664713 130.63385595366339
0.25 0.25 0.25 0.25
38.90250685325999
45.0
274.9341544834054 345.2716883239565
2
321.8690515540995 345.2716883239565
0.25 0.25 0.25 0.25
46.93489707069411
45.0
302.36695273646023 306.6002378687265
1
302.36695273646023 332.9405211425365
0.25 0.25 0.25 0.25
26.340283273810055
45.0
397.37324031724074 73.86525100862971
1
397.37324031724074 118.24477982510325
0.25 0.25 0.25 0.25
44.37952881647354
45.0
396.3715466936578 385.72954127996337
2
438.57380204215747 385.72954127996337
0.25 0.25 0.25 0.25
42.20225534849963
45.0
87.60995385838578 413.6793693790105
0
87.60995385838578 375.72866160863646
0.25 0.25 0.25 0.25
37.95070777037404
45.0
206.809062093391 139.89770295515945
0
206.809062093391 101.62525511121717
0.25 0.25 0.25 0.25
38.27244784394227
45.0
28.906112673608344 230.42149828331102
2
48.78520518443696 230.42149828331102
0.25 0.25 0.25 0.25
19.879092510828617
45.0
105.00004556644768 471.4282429589898
0
105.00004556644768 440.3559729072779
0.25 0.25 0.25 0.25
31.072270051711932
45.0
57.17463623356424 132.28135912161082
1
57.17463623356424 142.28485317696067
0.25 0.25 0.25 0.25
10.003494055349844
45.0
256.4639734151119 108.28734667536676
0
256.4639734151119 61.61336675409568
0.25 0.25 0.25 0.25
46.67397992127108
45.0
13.219477002491868 423.3570739793008
0
13.219477002491868 391.4640025936433
0.25 0.25 0.25 0.25
31.893071385657525
45.0
201.23976083629543 256.3785397059381
0
201.23976083629543 236.02034821455743
0.25 0.25 0.25 0.25
20.3581914913807
45.0
364.9546881467552 52.26996861955257
0
364.9546881467552 12.987461582890063
0.25 0.25 0.25 0.25
39.28250703666251
45.0
45.843642801804585 253.02483891868704
3
2.3046997644371032 253.02483891868704
0.25 0.25 0.25 0.25
43.53894303736748
45.0
259.21078510423325 214.33381301308498
0
259.21078510423325 175.05506240275946
0.25 0.25 0.25 0.25
39.27875061032552
45.0
355.63154435657776 343.442945030034
1
355.63154435657776 351.9635451939971
0.25 0.25 0.25 0.25
8.520600163963055
45.0
368.1682331983511 301.7060973940401
1
368.1682331983511 350.51200136829243
0.25 0.25 0.25 0.25
48.80590397425231
45.0
193.12730459241845 71.2399612888251
3
158.38980893424616 71.2399612888251
0.25 0.25 0.25 0.25
34.7374956581723
45.0
112.29366549944007 27.964845890267284
2
143.480199334384 27.964845890267284
0.25 0.25 0.25 0.25
31.186533834943937
45.0
381.78883219645144 492.49014359676136
2
415.8552744700478 492.49014359676136
0.25 0.25 0.25 0.25
34.066442273596365
45.0
311.73624816516474 5.417069725417662
3
271.5161149480915 5.417069725417662
0.25 0.25 0.25 0.25
40.22013321707321
45.0
151.2939190844681 314.7138861197606
1
151.2939190844681 364.4065569774907
0.25 0.25 0.25 0.25
49.692670857730086
45.0
2.836298800370443 362.2780953263691
1
2.836298800370443 407.546249681327
0.25 0.25 0.25 0.25
45.26815435495792
45.0
331.95572942914265 471.2770456543367
2
379.51414163411016 471.2770456543367
0.25 0.25 0.25 0.25
47.55841220496752
45.0
