58535
434.73807767262883 37.82656541961791
1
434.73807767262883 153.46949298015977
0.25 0.25 0.25 0.25
115.64292756054186
45.0
75.46551350224966 22.269041320403716
1
75.46551350224966 89.54405757098543
0.25 0.25 0.25 0.25
111.81309889138915
45.0
139.54320265543296 235.95017911492855
2
295.6185988989772 235.95017911492855
0.25 0.25 0.25 0.25
156.07539624354425
45.0
144.3218958185322 493.4823940373662
0
144.3218958185322 364.2443776825148
0.25 0.25 0.25 0.25
129.23801635485137
45.0
215.66280538430192 115.2538150512056
3
52.71946407153848 115.2538150512056
0.25 0.25 0.25 0.25
162.94334131276344
45.0
217.63348244707606 303.07234187230506
3
90.74714644765433 303.07234187230506
0.25 0.25 0.25 0.25
126.88633599942173
45.0
268.7812032971378 441.3065272874202
0
268.7812032971378 436.7610228798924
0.25 0.25 0.25 0.25
121.9324498326874
45.0
126.5688593606066 397.6763317455043
2
221.66953786920283 397.6763317455043
0.25 0.25 0.25 0.25
95.10067850859623
45.0
134.47160226586402 402.07125540018956
2
289.24621658939736 402.07125540018956
0.25 0.25 0.25 0.25
154.77461432353334
45.0
361.0867672565305 319.52973059726276
2
478.2801717050344 319.52973059726276
0.25 0.25 0.25 0.25
117.19340444850386
45.0
298.14189780169306 270.27969112013284
3
126.50082117235002 270.27969112013284
0.25 0.25 0.25 0.25
171.64107662934305
45.0
80.63238443145852 252.04721502479813
1
80.63238443145852 400.4090238335939
0.25 0.25 0.25 0.25
148.36180880879576
45.0
392.3367457413965 353.87971912574665
0
392.3367457413965 188.37408929811525
0.25 0.25 0.25 0.25
165.5056298276314
45.0
127.7893401706907 364.1886059333626
2
272.30995471694797 364.1886059333626
0.25 0.25 0.25 0.25
144.52061454625726
45.0
480.6525222469844 231.69710197381758
3
312.89213751186855 231.69710197381758
0.25 0.25 0.25 0.25
167.76038473511582
45.0
174.95943463222034 371.6279346361039
3
30.103039866635754 371.6279346361039
0.25 0.25 0.25 0.25
144.85639476558458
45.0
452.91665348536424 419.294752393345
0
452.91665348536424 301.1097262446964
0.25 0.25 0.25 0.25
118.18502614864863
45.0
351.1622717638565 66.9357646201776
1
351.1622717638565 60.94044088168293
0.25 0.25 0.25 0.25
127.87620550186053
45.0
87.79779607903401 42.98504638978807
1
87.79779607903401 73.51738785764451
0.25 0.25 0.25 0.25
116.50243424743257
45.0
121.43202318263131 307.2231538608698
2
217.9212737681786 307.2231538608698
0.25 0.25 0.25 0.25
96.48925058554728
45.0
471.5466555893609 111.31628009049737
1
471.5466555893609 111.58783829819279
0.25 0.25 0.25 0.25
0.27155820769542705
45.0
125.96249996233176 197.90425190469733
0
125.96249996233176 148.19259329844584
0.25 0.25 0.25 0.25
49.711658606251504
45.0
212.5807637722906 4.9942173983027445
1
212.5807637722906 22.39723581228481
0.25 0.25 0.25 0.25
17.403018413982064
45.0
20.408476968801452 304.63344135996977
0
20.408476968801452 272.5349784309652
0.25 0.25 0.25 0.25
32.09846292900456
45.0
59.80044482706413 159.7335956164462
1
59.80044482706413 188.73142043671803
0.25 0.25 0.25 0.25
28.997824820271823
45.0
167.2971946254108 316.7228282082399
0
167.2971946254108 308.71193137464707
0.25 0.25 0.25 0.25
8.0108968335928
45.0
311.7107229783255 371.2125865539364
1
311.7107229783255 408.9842260474843
0.25 0.25 0.25 0.25
37.77163949354795
45.0
127.93494560474083 233.0565610169325
1
127.93494560474083 282.65992094302715
0.25 0.25 0.25 0.25
49.603359926094654
45.0
10.53456226465255 459.5464501069757
0
10.53456226465255 494.66293450913986
0.25 0.25 0.25 0.25
45.790615383884415
45.0
5.090599429654141 28.498212970924797
1
5.090599429654141 54.652788474774205
0.25 0.25 0.25 0.25
26.154575503849408
45.0
493.3860611135557 163.27305960025157
1
493.3860611135557 174.04036129609136
0.25 0.25 0.25 0.25
10.767301695839787
45.0
178.11832968981423 362.1365631032352
3
173.92084602843613 362.1365631032352
0.25 0.25 0.25 0.25
4.197483661378099
45.0
26.791235114796798 417.30805030529046
2
66.12786014379043 417.30805030529046
0.25 0.25 0.25 0.25
39.33662502899363
45.0
454.22892779487137 451.15745696118904
1
454.22892779487137 454.82643956765486
0.25 0.25 0.25 0.25
3.6689826064658315
45.0
84.31961353139513 444.9272701828254
2
98.75335140102911 444.9272701828254
0.25 0.25 0.25 0.25
14.433737869633973
45.0
250.48793154268355 241.99943960120663
1
250.48793154268355 278.05923932588234
0.25 0.25 0.25 0.25
36.05979972467571
45.0
411.7216199602715 127.68810869224043
1
411.7216199602715 132.35187397352735
0.25 0.25 0.25 0.25
4.6637652812869135
45.0
37.67942478086487 349.5750357218936
2
58.75126946037959 349.5750357218936
0.25 0.25 0.25 0.25
21.07184467951472
45.0
120.1096657399314 278.1562457095673
0
120.1096657399314 251.7093578968026
0.25 0.25 0.25 0.25
26.446887812764725
45.0
237.0341256034347 18.866857226594117
1
237.0341256034347 4.040345828084732
0.25 0.25 0.25 0.25
22.90720305467885
45.0
255.1811065484787 305.9509117281598
3
251.16316311375226 305.9509117281598
0.25 0.25 0.25 0.25
4.017943434726451
45.0
105.93500379114948 39.09189184911304
1
105.93500379114948 85.29007659222646
0.25 0.25 0.25 0.25
46.198184743113416
45.0
482.0142622467919 323.4316878921044
1
482.0142622467919 353.5627608389666
0.25 0.25 0.25 0.25
30.13107294686222
45.0
269.33285544848843 392.8818269431214
2
271.8026962636461 392.8818269431214
0.25 0.25 0.25 0.25
2.469840815157698
45.0
281.00334800196566 242.04330880271274
0
281.00334800196566 229.75118063960952
0.25 0.25 0.25 0.25
12.29212816310324
45.0
325.4941523239333 277.80481945350743
2
332.0258655276537 277.80481945350743
0.25 0.25 0.25 0.25
6.53171320372044
45.0
249.7776553572594 482.143589680239
2
272.77703728295285 482.143589680239
0.25 0.25 0.25 0.25
22.99938192569344
45.0
80.38656007795764 337.9396415546055
2
97.45347221851117 337.9396415546055
0.25 0.25 0.25 0.25
17.066912140553526
45.0
