58535
380.51949647957497 390.6749133517613
2
496.16242404011683 390.6749133517613
0.25 0.25 0.25 0.25
115.64292756054186
45.0
261.1843711500143 83.22616754848319
1
261.1843711500143 195.03926643987234
0.25 0.25 0.25 0.25
111.81309889138915
45.0
104.97573128277347 461.1605181037918
0
104.97573128277347 305.08512186024757
0.25 0.25 0.25 0.25
156.07539624354425
45.0
246.03428833496508 99.38983797241985
3
116.79627198011372 99.38983797241985
0.25 0.25 0.25 0.25
129.23801635485137
45.0
305.02261387797944 284.7608328127968
2
467.9659551907429 284.7608328127968
0.25 0.25 0.25 0.25
162.94334131276344
45.0
45.475082461533106 198.3121700889501
0
45.475082461533106 71.42583408952837
0.25 0.25 0.25 0.25
126.88633599942173
45.0
390.71365312982516 247.29198715886395
0
390.71365312982516 125.35953732617655
0.25 0.25 0.25 0.25
121.9324498326874
45.0
359.99192865287824 152.71025717531558
3
264.891250144282 152.71025717531558
0.25 0.25 0.25 0.25
95.10067850859623
45.0
205.82391632466397 186.94671004698898
1
205.82391632466397 341.7213243705223
0.25 0.25 0.25 0.25
154.77461432353334
45.0
361.0867672565305 24.33835837281461
1
361.0867672565305 141.53176282131847
0.25 0.25 0.25 0.25
117.19340444850386
45.0
156.3472809484083 379.0004735941744
0
156.3472809484083 449.35844977648253
0.25 0.25 0.25 0.25
171.64107662934305
45.0
468.5133513046684 77.440226416878
3
383.1248398865358 77.440226416878
0.25 0.25 0.25 0.25
148.36180880879576
45.0
233.79733694797667 223.2051944691731
0
233.79733694797667 57.69956464154171
0.25 0.25 0.25 0.25
165.5056298276314
45.0
294.1282016442802 307.0482668420728
3
149.60758709802292 307.0482668420728
0.25 0.25 0.25 0.25
144.52061454625726
45.0
16.066323547668105 432.2690287624083
0
16.066323547668105 264.50864402729246
0.25 0.25 0.25 0.25
167.76038473511582
45.0
272.92277814586487 207.8680153367634
0
272.92277814586487 63.01162057117881
0.25 0.25 0.25 0.25
144.85639476558458
45.0
210.8191571227429 100.96857570415699
1
210.8191571227429 219.15360185280562
0.25 0.25 0.25 0.25
118.18502614864863
45.0
443.20084782339325 322.68817562389864
0
443.20084782339325 194.81197012203813
0.25 0.25 0.25 0.25
127.87620550186053
45.0
232.64621623001676 432.62936323954295
2
349.14865047744934 432.62936323954295
0.25 0.25 0.25 0.25
116.50243424743257
45.0
71.54647798846325 61.69612809678958
2
24.94277259708403 61.69612809678958
0.25 0.25 0.25 0.25
96.48925058554728
45.0
469.37418992779754 98.82460253650802
2
469.64574813549297 98.82460253650802
0.25 0.25 0.25 0.25
0.27155820769542705
45.0
23.172475856422764 247.61591051094888
2
72.88413446267427 247.61591051094888
0.25 0.25 0.25 0.25
49.711658606251504
45.0
361.7188438891176 82.63424145725321
3
344.3158254751355 82.63424145725321
0.25 0.25 0.25 0.25
17.403018413982064
45.0
212.99925454282885 470.07340520585126
3
180.90079161382428 470.07340520585126
0.25 0.25 0.25 0.25
32.09846292900456
45.0
215.25393466614014 43.2511781254566
3
186.2561098458683 43.2511781254566
0.25 0.25 0.25 0.25
28.997824820271823
45.0
113.08419455033712 242.67784594415485
2
121.09509138392991 242.67784594415485
0.25 0.25 0.25 0.25
8.0108968335928
45.0
425.0256414589693 346.4485638234746
2
462.7972809525172 346.4485638234746
0.25 0.25 0.25 0.25
37.77163949354795
45.0
28.80793565165021 60.448076804327314
1
28.80793565165021 110.05143673042197
0.25 0.25 0.25 0.25
49.603359926094654
45.0
165.23436082542798 382.75229623012115
1
165.23436082542798 428.54291161400556
0.25 0.25 0.25 0.25
45.790615383884415
45.0
439.53718413578576 108.40079540204488
2
465.69175963963517 108.40079540204488
0.25 0.25 0.25 0.25
26.154575503849408
45.0
345.1044134488479 299.72091332085927
0
345.1044134488479 288.9536116250195
0.25 0.25 0.25 0.25
10.767301695839787
45.0
140.8904285749214 462.8761709763096
1
140.8904285749214 467.0736546376877
0.25 0.25 0.25 0.25
4.197483661378099
45.0
422.49601447929234 323.9199487669132
3
383.1593894502987 323.9199487669132
0.25 0.25 0.25 0.25
39.33662502899363
45.0
490.91875385952955 497.4767865482895
0
490.91875385952955 498.8542308452447
0.25 0.25 0.25 0.25
3.6689826064658315
45.0
156.488302879565 199.5537263990475
0
156.488302879565 185.11998852941352
0.25 0.25 0.25 0.25
14.433737869633973
45.0
470.7080629508307 416.7513477338762
0
470.7080629508307 380.69154800920046
0.25 0.25 0.25 0.25
36.05979972467571
45.0
397.0640035069639 300.2474240998565
3
392.40023822567696 300.2474240998565
0.25 0.25 0.25 0.25
4.6637652812869135
45.0
480.1881630506738 123.62884729023872
3
498.7399922698115 123.62884729023872
0.25 0.25 0.25 0.25
21.07184467951472
45.0
300.25614354422504 267.2649245883731
2
326.70303135698975 267.2649245883731
0.25 0.25 0.25 0.25
26.446887812764725
45.0
122.4981103300404 225.19544196900364
1
122.4981103300404 248.1026450236825
0.25 0.25 0.25 0.25
22.90720305467885
45.0
2.0506701607124853 109.07168342656351
0
2.0506701607124853 105.05373999183706
0.25 0.25 0.25 0.25
4.017943434726451
45.0
356.0468436399847 191.16450212457642
1
356.0468436399847 237.36268686768983
0.25 0.25 0.25 0.25
46.198184743113416
45.0
35.88857060341263 49.490372977335824
2
66.01964355027485 49.490372977335824
0.25 0.25 0.25 0.25
30.13107294686222
45.0
212.52651669986125 316.31676167323326
3
210.05667588470354 316.31676167323326
0.25 0.25 0.25 0.25
2.469840815157698
45.0
453.09314228541126 258.67305575445306
0
453.09314228541126 246.38092759134983
0.25 0.25 0.25 0.25
12.29212816310324
45.0
240.58188067556782 271.273106249787
0
240.58188067556782 264.7413930460666
0.25 0.25 0.25 0.25
6.53171320372044
45.0
307.7492239391582 149.86629950866563
1
307.7492239391582 172.8656814343591
0.25 0.25 0.25 0.25
22.99938192569344
45.0
199.85494506183238 235.387554931556
1
199.85494506183238 252.45446707210954
0.25 0.25 0.25 0.25
17.066912140553526
45.0
