58535
238.48148936801124 9.675899199347214
2
354.1244169285531 9.675899199347214
0.25 0.25 0.25 0.25
115.64292756054186
45.0
422.3300022433252 271.1667991931913
3
465.85689886528564 271.1667991931913
0.25 0.25 0.25 0.25
111.81309889138915
45.0
91.2544565400147 41.633141999500424
1
91.2544565400147 197.70853824304467
0.25 0.25 0.25 0.25
156.07539624354425
45.0
467.9640551169137 186.61181857570148
1
467.9640551169137 315.84983493055284
0.25 0.25 0.25 0.25
129.23801635485137
45.0
282.68266175456006 240.08092856595806
2
445.6260030673235 240.08092856595806
0.25 0.25 0.25 0.25
162.94334131276344
45.0
456.3154664505457 405.93813391741105
0
456.3154664505457 467.17553008316725
0.25 0.25 0.25 0.25
126.88633599942173
45.0
342.40240731264026 118.50536233919824
1
342.40240731264026 240.43781217188564
0.25 0.25 0.25 0.25
121.9324498326874
45.0
302.8270695878161 201.70347208935328
1
302.8270695878161 296.8041505979495
0.25 0.25 0.25 0.25
95.10067850859623
45.0
377.06458235166906 269.30140713492165
0
377.06458235166906 114.5267928113883
0.25 0.25 0.25 0.25
154.77461432353334
45.0
45.2340861255158 149.2438871967527
2
71.95931832298805 149.2438871967527
0.25 0.25 0.25 0.25
117.19340444850386
45.0
477.22065645804275 255.30859539808785
3
351.1382669126142 255.30859539808785
0.25 0.25 0.25 0.25
171.64107662934305
45.0
306.05951656339505 257.81605286228387
2
454.42132537219084 257.81605286228387
0.25 0.25 0.25 0.25
148.36180880879576
45.0
255.75333150070594 50.73334360733014
1
255.75333150070594 216.23897343496154
0.25 0.25 0.25 0.25
165.5056298276314
45.0
92.85643469928846 103.22497314909742
1
92.85643469928846 41.29564139715984
0.25 0.25 0.25 0.25
144.52061454625726
45.0
499.66055252093065 57.887508621549216
1
499.66055252093065 109.8728761135666
0.25 0.25 0.25 0.25
167.76038473511582
45.0
58.774301462580524 357.56280036648286
0
58.774301462580524 497.58080486793256
0.25 0.25 0.25 0.25
144.85639476558458
45.0
398.3968626745532 380.9169734174641
1
398.3968626745532 499.1019995661127
0.25 0.25 0.25 0.25
118.18502614864863
45.0
233.4677248494409 119.78771433889038
1
233.4677248494409 247.6639198407509
0.25 0.25 0.25 0.25
127.87620550186053
45.0
204.3002303264666 199.6244947446778
3
87.79779607903401 199.6244947446778
0.25 0.25 0.25 0.25
116.50243424743257
45.0
217.9212737681786 262.87911780437946
2
314.41052435372586 262.87911780437946
0.25 0.25 0.25 0.25
96.48925058554728
45.0
478.064052574051 99.36771895189887
1
478.064052574051 99.63927715959429
0.25 0.25 0.25 0.25
0.27155820769542705
45.0
330.5759622623078 310.7459899077578
2
380.2876208685593 310.7459899077578
0.25 0.25 0.25 0.25
49.711658606251504
45.0
483.53997278699205 108.7989610965495
0
483.53997278699205 91.39594268256744
0.25 0.25 0.25 0.25
17.403018413982064
45.0
442.6361442467195 470.07340520585126
2
474.734607175724 470.07340520585126
0.25 0.25 0.25 0.25
32.09846292900456
45.0
378.77651785005423 260.8010261880195
1
378.77651785005423 289.7988510082913
0.25 0.25 0.25 0.25
28.997824820271823
45.0
145.1277818847083 468.92986804650354
2
153.1386787183011 468.92986804650354
0.25 0.25 0.25 0.25
8.0108968335928
45.0
27.474980197695487 11.433564786210496
2
65.24661969124344 11.433564786210496
0.25 0.25 0.25 0.25
37.77163949354795
45.0
177.6180154299342 493.1216838608209
3
128.01465550383955 493.1216838608209
0.25 0.25 0.25 0.25
49.603359926094654
45.0
475.8342545489538 375.358757784664
1
475.8342545489538 421.14937316854844
0.25 0.25 0.25 0.25
45.790615383884415
45.0
47.21855157804473 29.937068890496647
3
21.063976074195324 29.937068890496647
0.25 0.25 0.25 0.25
26.154575503849408
45.0
258.9659998821298 62.84027601238398
0
258.9659998821298 52.07297431654419
0.25 0.25 0.25 0.25
10.767301695839787
45.0
266.8149384162644 478.359057764397
3
262.6174547548863 478.359057764397
0.25 0.25 0.25 0.25
4.197483661378099
45.0
177.96985875209583 205.91007367993222
1
177.96985875209583 245.24669870892586
0.25 0.25 0.25 0.25
39.33662502899363
45.0
443.03955922408574 495.18524823877885
2
446.70854183055155 495.18524823877885
0.25 0.25 0.25 0.25
3.6689826064658315
45.0
88.88524090421254 40.78260983307379
3
74.45150303457856 40.78260983307379
0.25 0.25 0.25 0.25
14.433737869633973
45.0
300.0834566183721 268.3848470349624
3
264.0236568936964 268.3848470349624
0.25 0.25 0.25 0.25
36.05979972467571
45.0
355.0901159753814 407.5140255694562
2
359.75388125666836 407.5140255694562
0.25 0.25 0.25 0.25
4.6637652812869135
45.0
414.45261355175273 397.56282812393
3
393.38076887223804 397.56282812393
0.25 0.25 0.25 0.25
21.07184467951472
45.0
122.89406146001055 98.00976790527372
2
149.34094927277528 98.00976790527372
0.25 0.25 0.25 0.25
26.446887812764725
45.0
213.19300108427268 64.68126333595175
0
213.19300108427268 41.77406028127291
0.25 0.25 0.25 0.25
22.90720305467885
45.0
26.158330769071195 165.32289151273378
3
22.140387334344744 165.32289151273378
0.25 0.25 0.25 0.25
4.017943434726451
45.0
488.99853778217994 208.25909621494918
0
488.99853778217994 162.06091147183577
0.25 0.25 0.25 0.25
46.198184743113416
45.0
35.88857060341263 287.62602219169537
1
35.88857060341263 317.7570951385576
0.25 0.25 0.25 0.25
30.13107294686222
45.0
177.9487452876533 331.13580656417935
3
175.4789044724956 331.13580656417935
0.25 0.25 0.25 0.25
2.469840815157698
45.0
251.8957818001106 307.8415684068661
0
251.8957818001106 295.54944024376283
0.25 0.25 0.25 0.25
12.29212816310324
45.0
423.4698503797395 284.33653265722785
3
416.9381371760191 284.33653265722785
0.25 0.25 0.25 0.25
6.53171320372044
45.0
48.26808214142517 80.12751974826878
0
48.26808214142517 57.12813782257534
0.25 0.25 0.25 0.25
22.99938192569344
45.0
302.2564179051536 122.8669862403399
1
302.2564179051536 139.93389838089342
0.25 0.25 0.25 0.25
17.066912140553526
45.0
