58535
230.8063374482448 2.9597826252588675
2
346.44926500878665 2.9597826252588675
0.25 0.25 0.25 0.25
115.64292756054186
45.0
379.3153600639057 319.48814537626606
0
379.3153600639057 207.67504648487693
0.25 0.25 0.25 0.25
111.81309889138915
45.0
480.6741463085965 475.29185935747364
0
480.6741463085965 319.2164631139294
0.25 0.25 0.25 0.25
156.07539624354425
45.0
400.15579343929176 356.13247276975613
3
470.6061902058568 356.13247276975613
0.25 0.25 0.25 0.25
129.23801635485137
45.0
369.0907034964937 396.4605934298937
3
206.14736218373025 396.4605934298937
0.25 0.25 0.25 0.25
162.94334131276344
45.0
66.32056554251491 466.300885898906
0
66.32056554251491 406.8127781016723
0.25 0.25 0.25 0.25
126.88633599942173
45.0
73.99710630876466 320.1436343145496
2
195.92955614145205 320.1436343145496
0.25 0.25 0.25 0.25
121.9324498326874
45.0
400.81349941589156 348.6831168314665
0
400.81349941589156 253.5824383228703
0.25 0.25 0.25 0.25
95.10067850859623
45.0
110.33162985399713 336.65946077647754
2
44.44298446953621 336.65946077647754
0.25 0.25 0.25 0.25
154.77461432353334
45.0
349.7857838099269 141.53176282131847
3
232.59237936142304 141.53176282131847
0.25 0.25 0.25 0.25
117.19340444850386
45.0
186.9348723102778 125.25769966366317
3
15.29379568093475 125.25769966366317
0.25 0.25 0.25 0.25
171.64107662934305
45.0
190.4615315786839 32.388920730347365
3
42.09972276988813 32.388920730347365
0.25 0.25 0.25 0.25
148.36180880879576
45.0
269.6857735691291 360.8459401599582
0
269.6857735691291 195.34031033232682
0.25 0.25 0.25 0.25
165.5056298276314
45.0
247.55099434907703 150.88335047201474
2
392.0716088953343 150.88335047201474
0.25 0.25 0.25 0.25
144.52061454625726
45.0
171.38098641953266 238.25941038451256
1
171.38098641953266 406.0197951196284
0.25 0.25 0.25 0.25
167.76038473511582
45.0
147.6516427917968 179.87848861857924
3
2.795248026212221 179.87848861857924
0.25 0.25 0.25 0.25
144.85639476558458
45.0
152.88136585022946 426.29131970124854
2
271.0663919988781 426.29131970124854
0.25 0.25 0.25 0.25
118.18502614864863
45.0
210.4580808345563 211.82629039842766
2
338.3342863364168 211.82629039842766
0.25 0.25 0.25 0.25
127.87620550186053
45.0
184.1243080031236 83.12206049724523
1
184.1243080031236 199.6244947446778
0.25 0.25 0.25 0.25
116.50243424743257
45.0
446.00726908380034 69.90061663328491
3
349.51801849825307 69.90061663328491
0.25 0.25 0.25 0.25
96.48925058554728
45.0
468.8310735124067 102.08330102885307
1
468.8310735124067 102.35485923654849
0.25 0.25 0.25 0.25
0.27155820769542705
45.0
125.96249996233175 6.709210395278731
3
76.25084135608024 6.709210395278731
0.25 0.25 0.25 0.25
49.711658606251504
45.0
396.5248807170817 395.27520612328476
0
396.5248807170817 377.8721877093027
0.25 0.25 0.25 0.25
17.403018413982064
45.0
20.408476968801445 273.1388913621124
0
20.408476968801445 241.04042843310785
0.25 0.25 0.25 0.25
32.09846292900456
45.0
215.25393466614014 275.23377668763123
2
244.25175948641197 275.23377668763123
0.25 0.25 0.25 0.25
28.997824820271823
45.0
31.11194845433328 322.78681428008304
0
31.11194845433328 314.7759174464902
0.25 0.25 0.25 0.25
8.0108968335928
45.0
499.43107955393486 351.378320228142
1
499.43107955393486 389.1499597216899
0.25 0.25 0.25 0.25
37.77163949354795
45.0
326.4280952082181 68.3808782824344
2
376.03145513431275 68.3808782824344
0.25 0.25 0.25 0.25
49.603359926094654
45.0
447.3715915741916 382.75229623012115
0
447.3715915741916 336.96168084623673
0.25 0.25 0.25 0.25
45.790615383884415
45.0
429.68993834496723 336.226988163395
2
455.84451384881663 336.226988163395
0.25 0.25 0.25 0.25
26.154575503849408
45.0
302.03520666548883 44.83274094601387
2
312.8025083613286 44.83274094601387
0.25 0.25 0.25 0.25
10.767301695839787
45.0
2.373467749444096 399.9139160556381
0
2.373467749444096 395.71643239426
0.25 0.25 0.25 0.25
4.197483661378099
45.0
343.82276442130507 46.69405076918864
2
383.1593894502987 46.69405076918864
0.25 0.25 0.25 0.25
39.33662502899363
45.0
432.21503215607646 490.1388213353579
0
432.21503215607646 486.46983872889206
0.25 0.25 0.25 0.25
3.6689826064658315
45.0
468.2345125099512 343.8911050953874
1
468.2345125099512 358.3248429650214
0.25 0.25 0.25 0.25
14.433737869633973
45.0
470.7080629508307 46.47895819619907
3
493.2321373244936 46.47895819619907
0.25 0.25 0.25 0.25
36.05979972467571
45.0
485.6755438514158 314.23871994371734
3
481.01177857012885 314.23871994371734
0.25 0.25 0.25 0.25
4.6637652812869135
45.0
206.25418221698263 397.56282812393
2
227.32602689649735 397.56282812393
0.25 0.25 0.25 0.25
21.07184467951472
45.0
382.3812027025984 203.79731915633255
1
382.3812027025984 230.24420696909726
0.25 0.25 0.25 0.25
26.446887812764725
45.0
465.17223468574014 271.00984807836136
1
465.17223468574014 293.9170511330402
0.25 0.25 0.25 0.25
22.90720305467885
45.0
50.265991377429884 253.71764707671562
2
54.28393481215633 253.71764707671562
0.25 0.25 0.25 0.25
4.017943434726451
45.0
105.93500379114948 207.52456647307156
2
152.1331885342629 207.52456647307156
0.25 0.25 0.25 0.25
46.198184743113416
45.0
84.63572118403624 194.47114495810013
0
84.63572118403624 164.3400720112379
0.25 0.25 0.25 0.25
30.13107294686222
45.0
202.6471534392304 296.5580351519718
0
202.6471534392304 294.0881943368141
0.25 0.25 0.25 0.25
2.469840815157698
45.0
325.6485507787301 298.8103303738297
0
325.6485507787301 286.51820221072643
0.25 0.25 0.25 0.25
12.29212816310324
45.0
201.39160145324516 271.273106249787
3
194.85988824952472 271.273106249787
0.25 0.25 0.25 0.25
6.53171320372044
45.0
106.23965072332386 149.86629950866563
2
129.2390326490173 149.86629950866563
0.25 0.25 0.25 0.25
22.99938192569344
45.0
107.34947346813115 474.32432489930557
2
124.41638560868468 474.32432489930557
0.25 0.25 0.25 0.25
17.066912140553526
45.0
