58535
190.97902474904583 118.60271018580073
1
190.97902474904583 234.2456377463426
0.25 0.25 0.25 0.25
115.64292756054186
45.0
483.5999809546961 9.32040879210777
3
404.5869201539148 9.32040879210777
0.25 0.25 0.25 0.25
111.81309889138915
45.0
104.97573128277347 353.7839344865889
0
104.97573128277347 197.70853824304467
0.25 0.25 0.25 0.25
156.07539624354425
45.0
114.15413689117054 125.18206389847194
2
243.3921532460219 125.18206389847194
0.25 0.25 0.25 0.25
129.23801635485137
45.0
193.32285326088254 299.9926760679988
1
193.32285326088254 462.9360173807622
0.25 0.25 0.25 0.25
162.94334131276344
45.0
320.09323754135835 242.70958989081007
2
446.97957354078005 242.70958989081007
0.25 0.25 0.25 0.25
126.88633599942173
45.0
293.3216046356386 216.66696769320163
3
171.38915480295123 216.66696769320163
0.25 0.25 0.25 0.25
121.9324498326874
45.0
302.8270695878161 221.92095422011084
3
207.72639107921987 221.92095422011084
0.25 0.25 0.25 0.25
95.10067850859623
45.0
91.65532611646927 223.15666866478932
1
91.65532611646927 377.93128298832266
0.25 0.25 0.25 0.25
154.77461432353334
45.0
306.34612721999576 203.9845272332875
3
189.1527227714919 203.9845272332875
0.25 0.25 0.25 0.25
117.19340444850386
45.0
134.67963478516788 237.20585674088966
0
134.67963478516788 65.56478011154661
0.25 0.25 0.25 0.25
171.64107662934305
45.0
216.091233186133 297.0985207113288
2
364.45304199492875 297.0985207113288
0.25 0.25 0.25 0.25
148.36180880879576
45.0
442.1576244309721 459.7159879439872
3
276.65199460334065 459.7159879439872
0.25 0.25 0.25 0.25
165.5056298276314
45.0
126.31898345042134 225.53815407546728
1
126.31898345042134 370.05876862172454
0.25 0.25 0.25 0.25
144.52061454625726
45.0
203.51363351486887 84.13674226432914
1
203.51363351486887 251.89712699944496
0.25 0.25 0.25 0.25
167.76038473511582
45.0
334.4923276346576 455.5261438801274
2
479.3487224002422 455.5261438801274
0.25 0.25 0.25 0.25
144.85639476558458
45.0
389.2514181475267 135.40147659314033
3
271.0663919988781 135.40147659314033
0.25 0.25 0.25 0.25
118.18502614864863
45.0
242.19946771567783 473.57402514064336
2
370.07567321753834 473.57402514064336
0.25 0.25 0.25 0.25
127.87620550186053
45.0
301.34404678025294 296.66831119846415
0
301.34404678025294 180.16587695103158
0.25 0.25 0.25 0.25
116.50243424743257
45.0
361.01422974510507 158.18537868233688
0
361.01422974510507 61.69612809678959
0.25 0.25 0.25 0.25
96.48925058554728
45.0
465.8439332277571 108.87225622123859
3
465.57237502006166 108.87225622123859
0.25 0.25 0.25 0.25
0.27155820769542705
45.0
166.5406238002072 299.2123341578176
2
216.25228240645868 299.2123341578176
0.25 0.25 0.25 0.25
49.711658606251504
45.0
38.55057963246995 412.67822453726683
3
21.147561218487883 412.67822453726683
0.25 0.25 0.25 0.25
17.403018413982064
45.0
180.90079161382428 48.449650859080435
0
180.90079161382428 16.351187930075874
0.25 0.25 0.25 0.25
32.09846292900456
45.0
146.79391928787965 43.251178125456626
1
146.79391928787965 72.24900294572845
0.25 0.25 0.25 0.25
28.997824820271823
45.0
95.19912312307568 466.98295728475387
2
103.21001995666848 466.98295728475387
0.25 0.25 0.25 0.25
8.0108968335928
45.0
348.3445215797432 426.92159921523785
1
348.3445215797432 464.69323870878577
0.25 0.25 0.25 0.25
37.77163949354795
45.0
375.95174523521405 366.00103783900227
2
425.5551051613087 366.00103783900227
0.25 0.25 0.25 0.25
49.603359926094654
45.0
376.85948533572787 375.358757784664
0
376.85948533572787 329.5681424007796
0.25 0.25 0.25 0.25
45.790615383884415
45.0
57.3997504373529 446.9714210325153
0
57.3997504373529 420.8168455286659
0.25 0.25 0.25 0.25
26.154575503849408
45.0
312.8025083613286 95.14218109990338
2
323.56981005716835 95.14218109990338
0.25 0.25 0.25 0.25
10.767301695839787
45.0
10.768435072200294 282.38437353705126
3
6.570951410822195 282.38437353705126
0.25 0.25 0.25 0.25
4.197483661378099
45.0
461.832639508286 228.6623244337668
3
498.8307354627204 228.6623244337668
0.25 0.25 0.25 0.25
39.33662502899363
45.0
494.4053157146072 480.5093178129156
2
498.074298321073 480.5093178129156
0.25 0.25 0.25 0.25
3.6689826064658315
45.0
459.5967981418788 329.4573672257534
1
459.5967981418788 343.8911050953874
0.25 0.25 0.25 0.25
14.433737869633973
45.0
178.36833209333213 241.99943960120663
1
178.36833209333213 278.05923932588234
0.25 0.25 0.25 0.25
36.05979972467571
45.0
416.3853852415584 365.5401380378737
1
416.3853852415584 370.20390331916064
0.25 0.25 0.25 0.25
4.6637652812869135
45.0
206.25418221698263 439.7065174829594
3
185.1823375374679 439.7065174829594
0.25 0.25 0.25 0.25
21.07184467951472
45.0
144.35921238771596 34.224671158549995
0
144.35921238771596 7.77778334578527
0.25 0.25 0.25 0.25
26.446887812764725
45.0
281.91461024830926 141.31980690585794
3
259.0074071936304 141.31980690585794
0.25 0.25 0.25 0.25
22.90720305467885
45.0
142.67869037613818 257.73559051144207
3
138.66074694141173 257.73559051144207
0.25 0.25 0.25 0.25
4.017943434726451
45.0
432.08314877771636 223.8846308215667
0
432.08314877771636 177.6864460784533
0.25 0.25 0.25 0.25
46.198184743113416
45.0
457.7235918594837 495.7818744267223
0
457.7235918594837 474.08705262641547
0.25 0.25 0.25 0.25
30.13107294686222
45.0
227.3455615908075 311.3770800429179
3
224.8757207756498 311.3770800429179
0.25 0.25 0.25 0.25
2.469840815157698
45.0
202.72726914769768 200.47330506900377
1
202.72726914769768 212.765433232107
0.25 0.25 0.25 0.25
12.29212816310324
45.0
299.36729950905163 303.9316722683891
3
292.8355863053312 303.9316722683891
0.25 0.25 0.25 0.25
6.53171320372044
45.0
31.756640830836787 57.86877180589185
2
54.75602275653023 57.86877180589185
0.25 0.25 0.25 0.25
22.99938192569344
45.0
165.7211207807253 47.80213516519537
0
165.7211207807253 30.73522302464184
0.25 0.25 0.25 0.25
17.066912140553526
45.0
