54211
193.55086209864578 26.42810530147088
1
193.55086209864578 65.01763748420167
0.25 0.25 0.25 0.25
91.44574278567255
45.0
391.3686821907065 433.4643990634313
2
486.6864386759093 433.4643990634313
0.25 0.25 0.25 0.25
95.31775648520276
45.0
400.8478255569522 370.2181873998138
3
289.38208746470104 370.2181873998138
0.25 0.25 0.25 0.25
111.46573809225116
45.0
257.37769685690716 428.73644284648026
3
239.270055776387 428.73644284648026
0.25 0.25 0.25 0.25
18.107641080520153
45.0
208.08610261890004 109.4084753825022
0
208.08610261890004 108.57451027186423
0.25 0.25 0.25 0.25
0.8339651106379797
45.0
337.43473690192775 159.4034341783236
2
386.5638191096582 159.4034341783236
0.25 0.25 0.25 0.25
49.12908220773048
45.0
126.52604409703511 90.48149829749877
0
126.52604409703511 41.9651062971793
0.25 0.25 0.25 0.25
48.51639200031948
45.0
259.0797905446239 335.935479675183
2
284.1866675599835 335.935479675183
0.25 0.25 0.25 0.25
25.10687701535959
45.0
3.1974711411644137 313.6082697760504
2
24.00745504642792 313.6082697760504
0.25 0.25 0.25 0.25
20.809983905263508
45.0
472.33790884412537 34.077579849029654
3
462.7792077091964 34.077579849029654
0.25 0.25 0.25 0.25
9.55870113492896
45.0
219.32824416609947 36.21610454402014
1
219.32824416609947 43.2518538701152
0.25 0.25 0.25 0.25
7.0357493260950585
45.0
471.2060067215465 329.70131715445973
3
479.23592291261025 329.70131715445973
0.25 0.25 0.25 0.25
49.55807036584326
45.0
296.9410356357859 267.12106544820443
1
296.9410356357859 281.180710520068
0.25 0.25 0.25 0.25
14.059645071863564
45.0
233.17788515976378 97.02196156882891
2
238.49924003147981 97.02196156882891
0.25 0.25 0.25 0.25
5.321354871716028
45.0
472.2671366880638 247.36735814687313
0
472.2671366880638 231.10829235854948
0.25 0.25 0.25 0.25
16.259065788323664
45.0
36.24846472130401 110.67813449011345
3
4.0439253725349005 110.67813449011345
0.25 0.25 0.25 0.25
32.20453934876911
45.0
320.1647579319985 232.32918509952628
1
320.1647579319985 236.62832422382
0.25 0.25 0.25 0.25
4.299139124293694
45.0
198.1480936525246 217.37149914731916
1
198.1480936525246 221.2488477579407
0.25 0.25 0.25 0.25
3.877348610621534
45.0
361.4038515101629 422.79495937642207
0
361.4038515101629 403.071389013671
0.25 0.25 0.25 0.25
19.723570362751076
45.0
497.3154950928076 201.46987471095204
0
497.3154950928076 176.28814847317733
0.25 0.25 0.25 0.25
25.18172623777471
45.0
249.0656802318033 4.347900096940748
2
285.55151115663233 4.347900096940748
0.25 0.25 0.25 0.25
36.485830924829045
45.0
385.96985917254256 38.098758371071014
2
423.25508751739096 38.098758371071014
0.25 0.25 0.25 0.25
37.28522834484839
45.0
4.942382919615362 91.69230807445457
2
19.594238744334408 91.69230807445457
0.25 0.25 0.25 0.25
14.651855824719046
45.0
216.81274930225482 245.61535210598353
2
227.87747197122823 245.61535210598353
0.25 0.25 0.25 0.25
11.064722668973415
45.0
476.9272466308314 54.439364446053716
1
476.9272466308314 89.33159300615384
0.25 0.25 0.25 0.25
34.89222856010012
45.0
388.8461518691405 80.80247808840815
3
347.92227798342026 80.80247808840815
0.25 0.25 0.25 0.25
40.92387388572021
45.0
310.1958324697564 18.208571847286407
1
310.1958324697564 49.307010286261516
0.25 0.25 0.25 0.25
31.09843843897511
45.0
358.61592049099045 22.792146790647692
1
358.61592049099045 9.14330033665329
0.25 0.25 0.25 0.25
31.935447127300982
45.0
313.9114291010151 72.11977438173886
0
313.9114291010151 36.568607610916985
0.25 0.25 0.25 0.25
35.55116677082188
45.0
395.0688573897603 246.26231409373236
0
395.0688573897603 197.65965344377094
0.25 0.25 0.25 0.25
48.60266064996141
45.0
60.72573767882339 430.0079863041081
0
60.72573767882339 414.1281895798008
0.25 0.25 0.25 0.25
15.879796724307326
45.0
256.75177896591174 457.6100934490605
1
256.75177896591174 480.2764870769813
0.25 0.25 0.25 0.25
22.666393627920783
45.0
471.72222155670556 210.8981039518991
2
496.6896408280854 210.8981039518991
0.25 0.25 0.25 0.25
24.967419271379804
45.0
221.70068118241602 450.7964425369991
3
197.9913319202572 450.7964425369991
0.25 0.25 0.25 0.25
23.709349262158824
45.0
116.2932671391711 368.03288685131554
0
116.2932671391711 343.40301512456625
0.25 0.25 0.25 0.25
24.62987172674927
45.0
335.96804410672763 345.3947546748277
2
346.71449601836935 345.3947546748277
0.25 0.25 0.25 0.25
10.746451911641735
45.0
56.72519310242964 86.96790201923346
0
56.72519310242964 84.84681248528881
0.25 0.25 0.25 0.25
2.1210895339446534
45.0
272.8873280798256 235.97344483198722
3
244.73909862458558 235.97344483198722
0.25 0.25 0.25 0.25
28.14822945524001
45.0
76.30432197875552 352.65964093584205
2
126.11272787563877 352.65964093584205
0.25 0.25 0.25 0.25
49.808405896883244
45.0
285.6922263392097 12.932269956272947
2
318.5605493313763 12.932269956272947
0.25 0.25 0.25 0.25
32.86832299216663
45.0
167.73524462783712 182.47072586693014
1
167.73524462783712 211.9908683110594
0.25 0.25 0.25 0.25
29.520142444129238
45.0
156.62713390627388 460.6129286091163
3
108.813413688428 460.6129286091163
0.25 0.25 0.25 0.25
47.81372021784589
45.0
118.14369109932856 268.1981432038993
3
117.15847062308427 268.1981432038993
0.25 0.25 0.25 0.25
0.9852204762442973
45.0
294.1212310932374 221.62299891984287
2
338.26985478022203 221.62299891984287
0.25 0.25 0.25 0.25
44.14862368698466
45.0
243.80974700579108 20.50930354861966
2
259.38611021649456 20.50930354861966
0.25 0.25 0.25 0.25
15.576363210703487
45.0
302.3246817128602 309.01948393325455
1
302.3246817128602 329.0712393155997
0.25 0.25 0.25 0.25
20.05175538234519
45.0
39.44820318240447 227.963769796115
0
39.44820318240447 186.6303657012586
0.25 0.25 0.25 0.25
41.33340409485639
45.0
27.843094464871534 416.1413041229884
1
27.843094464871534 452.9283207380844
0.25 0.25 0.25 0.25
36.78701661509596
45.0
