54211
290.89977552671644 489.55998987223177
2
382.345518312389 489.55998987223177
0.25 0.25 0.25 0.25
91.44574278567255
45.0
178.8649705312519 100.68869445985065
2
274.1827270164547 100.68869445985065
0.25 0.25 0.25 0.25
95.31775648520276
45.0
159.67250773456396 413.2336220762047
0
159.67250773456396 475.3006398315441
0.25 0.25 0.25 0.25
111.46573809225116
45.0
420.3464665815883 446.8440839270004
3
402.23882550106816 446.8440839270004
0.25 0.25 0.25 0.25
18.107641080520153
45.0
203.0823119550721 104.40468471867435
0
203.0823119550721 103.57071960803637
0.25 0.25 0.25 0.25
0.8339651106379797
45.0
286.95096128161936 233.62922348352024
3
237.82187907388888 233.62922348352024
0.25 0.25 0.25 0.25
49.12908220773048
45.0
29.493260096396156 327.32179769866764
1
29.493260096396156 375.8381896989871
0.25 0.25 0.25 0.25
48.51639200031948
45.0
112.71360906685022 463.20950420194015
0
112.71360906685022 438.10262718658055
0.25 0.25 0.25 0.25
25.10687701535959
45.0
350.57225524831506 499.10187507657815
0
350.57225524831506 478.29189117131466
0.25 0.25 0.25 0.25
20.809983905263508
45.0
279.13586164772113 23.274626960544104
2
288.6945627826501 23.274626960544104
0.25 0.25 0.25 0.25
9.55870113492896
45.0
303.75723607924033 106.57359780497072
3
296.72148675314526 106.57359780497072
0.25 0.25 0.25 0.25
7.0357493260950585
45.0
173.8575845264869 372.9502606504807
2
223.41565489233017 372.9502606504807
0.25 0.25 0.25 0.25
49.55807036584326
45.0
437.53748635442133 42.166744298387314
3
423.4778412825578 42.166744298387314
0.25 0.25 0.25 0.25
14.059645071863564
45.0
281.07007900520813 102.34331644054494
2
286.39143387692417 102.34331644054494
0.25 0.25 0.25 0.25
5.321354871716028
45.0
462.6966001586416 77.8139576196001
2
478.95566594696527 77.8139576196001
0.25 0.25 0.25 0.25
16.259065788323664
45.0
100.65754341884224 368.3144492802664
0
100.65754341884224 336.10990993149727
0.25 0.25 0.25 0.25
32.20453934876911
45.0
436.2415142879277 314.01282846110627
3
431.94237516363404 314.01282846110627
0.25 0.25 0.25 0.25
4.299139124293694
45.0
225.28953392687538 229.00354497918374
1
225.28953392687538 232.88089358980528
0.25 0.25 0.25 0.25
3.877348610621534
45.0
184.9540301465629 439.1400480843206
3
165.23045978381182 439.1400480843206
0.25 0.25 0.25 0.25
19.723570362751076
45.0
295.86168519061016 453.28713708869896
1
295.86168519061016 478.46886332647364
0.25 0.25 0.25 0.25
25.18172623777471
45.0
30.15069468282907 360.5104091513496
1
30.15069468282907 396.99624007617865
0.25 0.25 0.25 0.25
36.485830924829045
45.0
17.466487309882993 336.3805851298582
2
54.751715654731385 336.3805851298582
0.25 0.25 0.25 0.25
37.28522834484839
45.0
141.57617532757513 238.21086632164497
3
126.92431950285608 238.21086632164497
0.25 0.25 0.25 0.25
14.651855824719046
45.0
28.71246392970673 234.55062943701012
2
39.777186598680146 234.55062943701012
0.25 0.25 0.25 0.25
11.064722668973415
45.0
93.11273246972992 89.33159300615384
3
58.2205039096298 89.33159300615384
0.25 0.25 0.25 0.25
34.89222856010012
45.0
225.15065632625956 80.8024780884081
1
225.15065632625956 121.7263519741283
0.25 0.25 0.25 0.25
40.92387388572021
45.0
62.985428797944905 230.57893566451446
3
31.886990358969797 230.57893566451446
0.25 0.25 0.25 0.25
31.09843843897511
45.0
167.0032377271846 232.6914302277602
3
135.0677905998836 232.6914302277602
0.25 0.25 0.25 0.25
31.935447127300982
45.0
112.70257214884745 70.08489270154865
1
112.70257214884745 105.63605947237053
0.25 0.25 0.25 0.25
35.55116677082188
45.0
395.0688573897603 343.4676353936552
3
346.4661967397989 343.4676353936552
0.25 0.25 0.25 0.25
48.60266064996141
45.0
203.64390819758927 300.0354693826676
0
203.64390819758927 284.1556726583603
0.25 0.25 0.25 0.25
15.879796724307326
45.0
7.421449058783054 154.38253450480084
2
30.087842686703837 154.38253450480084
0.25 0.25 0.25 0.25
22.666393627920783
45.0
27.626163870890608 61.09358832362023
3
2.658744599510804 61.09358832362023
0.25 0.25 0.25 0.25
24.967419271379804
45.0
411.3754752796865 75.01657221982465
1
411.3754752796865 98.72592148198348
0.25 0.25 0.25 0.25
23.709349262158824
45.0
461.11147131366096 318.77314339781697
1
461.11147131366096 343.40301512456625
0.25 0.25 0.25 0.25
24.62987172674927
45.0
475.6719189580699 270.1695912933357
1
475.6719189580699 280.9160432049774
0.25 0.25 0.25 0.25
10.746451911641735
45.0
73.69390937398688 133.63187176601588
0
73.69390937398688 131.51078223207122
0.25 0.25 0.25 0.25
2.1210895339446534
45.0
329.1837869903056 123.38052701102721
0
329.1837869903056 95.2322975557872
0.25 0.25 0.25 0.25
28.14822945524001
45.0
275.5379455662885 456.10833479194366
2
325.34635146317174 456.10833479194366
0.25 0.25 0.25 0.25
49.808405896883244
45.0
318.5605493313763 177.27388491710613
0
318.5605493313763 144.4055619249395
0.25 0.25 0.25 0.25
32.86832299216663
45.0
374.37624173674186 492.8077072476481
0
374.37624173674186 477.6721503082226
0.25 0.25 0.25 0.25
29.520142444129238
45.0
256.3426989167295 256.5928746585721
3
208.5289786988836 256.5928746585721
0.25 0.25 0.25 0.25
47.81372021784589
45.0
121.09935252806144 271.1538046326322
3
120.11413205181715 271.1538046326322
0.25 0.25 0.25 0.25
0.9852204762442973
45.0
59.06775840263988 221.62299891984287
0
59.06775840263988 177.47437523285822
0.25 0.25 0.25 0.25
44.14862368698466
45.0
397.93389914802833 285.3074781305789
3
382.3575359373248 285.3074781305789
0.25 0.25 0.25 0.25
15.576363210703487
45.0
38.55515978700801 489.485282374361
0
38.55515978700801 490.4629622432938
0.25 0.25 0.25 0.25
20.05175538234519
45.0
204.78181956183005 12.038353049576969
1
204.78181956183005 53.37175714443336
0.25 0.25 0.25 0.25
41.33340409485639
45.0
266.4530384558961 489.71533735318036
0
266.4530384558961 473.49764603172366
0.25 0.25 0.25 0.25
36.78701661509596
45.0
