54211
376.4423476699909 41.404954914609135
2
467.8880904556635 41.404954914609135
0.25 0.25 0.25 0.25
91.44574278567255
45.0
85.22010023530733 138.4421398477853
2
10.097656249895437 138.4421398477853
0.25 0.25 0.25 0.25
95.31775648520276
45.0
496.355349497901 245.9858779865209
3
384.8896114056498 245.9858779865209
0.25 0.25 0.25 0.25
111.46573809225116
45.0
94.40892713222578 392.52116068544
2
112.51656821274594 392.52116068544
0.25 0.25 0.25 0.25
18.107641080520153
45.0
193.07473062741622 108.57451027186423
3
192.24076551677823 108.57451027186423
0.25 0.25 0.25 0.25
0.8339651106379797
45.0
302.59802521114636 422.4672010623666
0
302.59802521114636 373.33811885463615
0.25 0.25 0.25 0.25
49.12908220773048
45.0
436.8264279000897 259.96117369163926
3
388.31003589977024 259.96117369163926
0.25 0.25 0.25 0.25
48.51639200031948
45.0
485.57635868739624 210.40109459838504
1
485.57635868739624 235.50797161374464
0.25 0.25 0.25 0.25
25.10687701535959
45.0
378.8979539832595 251.17831806025993
0
378.8979539832595 230.36833415499643
0.25 0.25 0.25 0.25
20.809983905263508
45.0
135.75534462378678 233.5660519289811
3
126.19664348885783 233.5660519289811
0.25 0.25 0.25 0.25
9.55870113492896
45.0
268.57848944876497 8.073107239639906
2
275.61423877486004 8.073107239639906
0.25 0.25 0.25 0.25
7.0357493260950585
45.0
173.0489080344159 165.8793865039728
0
173.0489080344159 116.32131613812953
0.25 0.25 0.25 0.25
49.55807036584326
45.0
226.6428102764681 295.26473742633823
3
212.58316520460454 295.26473742633823
0.25 0.25 0.25 0.25
14.059645071863564
45.0
233.17788515976378 17.201638493088527
2
238.49924003147981 17.201638493088527
0.25 0.25 0.25 0.25
5.321354871716028
45.0
23.701823873902885 305.4408786561313
0
23.701823873902885 289.18181286780765
0.25 0.25 0.25 0.25
16.259065788323664
45.0
36.24846472130404 114.75364095127034
2
68.45300407007315 114.75364095127034
0.25 0.25 0.25 0.25
32.20453934876911
45.0
496.42946202803915 292.5171328396379
3
492.1303229037455 292.5171328396379
0.25 0.25 0.25 0.25
4.299139124293694
45.0
240.79892836936153 232.88089358980528
2
244.67627697998307 232.88089358980528
0.25 0.25 0.25 0.25
3.877348610621534
45.0
66.61260797005644 90.01787005510567
2
86.33617833280752 90.01787005510567
0.25 0.25 0.25 0.25
19.723570362751076
45.0
56.68248213823574 471.167684197977
2
81.86420837601045 471.167684197977
0.25 0.25 0.25 0.25
25.18172623777471
45.0
130.67519404610317 223.262885645915
2
167.1610249709322 223.262885645915
0.25 0.25 0.25 0.25
36.485830924829045
45.0
203.89262903412498 441.5351048534966
3
166.60740068927657 441.5351048534966
0.25 0.25 0.25 0.25
37.28522834484839
45.0
63.549806218491554 311.47014544524023
1
63.549806218491554 326.1220012699593
0.25 0.25 0.25 0.25
14.651855824719046
45.0
172.55385862636115 455.84508281647794
2
183.61858129533456 455.84508281647794
0.25 0.25 0.25 0.25
11.064722668973415
45.0
104.98736071263376 19.54713588595358
2
139.87958927273388 19.54713588595358
0.25 0.25 0.25 0.25
34.89222856010012
45.0
143.16420864522237 246.58851299735355
3
102.24033475950216 246.58851299735355
0.25 0.25 0.25 0.25
40.92387388572021
45.0
311.7729363097458 194.63052727274282
2
342.8713747487209 194.63052727274282
0.25 0.25 0.25 0.25
31.09843843897511
45.0
262.80957910908757 469.8884065728613
0
262.80957910908757 437.95295944556034
0.25 0.25 0.25 0.25
31.935447127300982
45.0
148.25373891966933 212.28955978483617
0
148.25373891966933 176.7383930140143
0.25 0.25 0.25 0.25
35.55116677082188
45.0
423.015644390532 3.249010843925319
1
423.015644390532 51.85167149388673
0.25 0.25 0.25 0.25
48.60266064996141
45.0
92.48533112743804 77.71831524236518
2
108.36512785174537 77.71831524236518
0.25 0.25 0.25 0.25
15.879796724307326
45.0
264.57527447626643 222.38171538856324
3
241.90888084834563 222.38171538856324
0.25 0.25 0.25 0.25
22.666393627920783
45.0
147.14577102876797 38.77608876189898
0
147.14577102876797 13.80866949051918
0.25 0.25 0.25 0.25
24.967419271379804
45.0
264.91204871740376 383.2381126278892
0
264.91204871740376 359.5287633657304
0.25 0.25 0.25 0.25
23.709349262158824
45.0
95.55083760485206 459.55801106143946
1
95.55083760485206 484.18788278818874
0.25 0.25 0.25 0.25
24.62987172674927
45.0
271.48933263687735 342.9581398875626
0
271.48933263687735 332.2116879759209
0.25 0.25 0.25 0.25
10.746451911641735
45.0
35.51429776298309 144.23731943573915
3
33.393208229038436 144.23731943573915
0.25 0.25 0.25 0.25
2.1210895339446534
45.0
413.62847535602566 235.97344483198722
2
441.7767048112657 235.97344483198722
0.25 0.25 0.25 0.25
28.14822945524001
45.0
322.1629251963105 310.51499916362906
1
322.1629251963105 360.3234050605123
0.25 0.25 0.25 0.25
49.808405896883244
45.0
74.5319781512087 296.83294720822806
2
107.40030114337534 296.83294720822806
0.25 0.25 0.25 0.25
32.86832299216663
45.0
241.8619064895779 152.9505834228009
3
212.34176404544866 152.9505834228009
0.25 0.25 0.25 0.25
29.520142444129238
45.0
78.35334260819184 360.8973635986606
0
78.35334260819184 313.0836433808147
0.25 0.25 0.25 0.25
47.81372021784589
45.0
117.15847062308427 272.1390251088765
2
118.14369109932856 272.1390251088765
0.25 0.25 0.25 0.25
0.9852204762442973
45.0
59.06775840263984 177.47437523285822
1
59.06775840263984 221.62299891984287
0.25 0.25 0.25 0.25
44.14862368698466
45.0
195.44117740888288 191.849298866358
0
195.44117740888288 176.27293565565452
0.25 0.25 0.25 0.25
15.576363210703487
45.0
118.76218131638878 68.3984193451123
3
98.71042593404358 68.3984193451123
0.25 0.25 0.25 0.25
20.05175538234519
45.0
291.2190295764467 285.2937773378642
2
332.5524336713031 285.2937773378642
0.25 0.25 0.25 0.25
41.33340409485639
45.0
476.03784523843206 78.30760319471577
0
476.03784523843206 41.52058657961981
0.25 0.25 0.25 0.25
36.78701661509596
45.0
