54211
193.55086209864578 424.89743798449376
2
284.99660488431834 424.89743798449376
0.25 0.25 0.25 0.25
91.44574278567255
45.0
371.17336969091565 196.00645094505347
1
371.17336969091565 291.32420743025625
0.25 0.25 0.25 0.25
95.31775648520276
45.0
156.4808649043036 301.76788398395354
3
45.01512681205243 301.76788398395354
0.25 0.25 0.25 0.25
111.46573809225116
45.0
184.94713253482655 428.73644284648026
1
184.94713253482655 446.8440839270004
0.25 0.25 0.25 0.25
18.107641080520153
45.0
195.5766259593302 128.58967292717566
3
194.7426608486922 128.58967292717566
0.25 0.25 0.25 0.25
0.8339651106379797
45.0
91.7893258632754 405.0488452169759
2
140.91840807100587 405.0488452169759
0.25 0.25 0.25 0.25
49.12908220773048
45.0
116.05591590456228 55.06767770345966
3
67.5395239042428 55.06767770345966
0.25 0.25 0.25 0.25
48.51639200031948
45.0
309.2935445753431 135.0804635523062
3
284.1866675599835 135.0804635523062
0.25 0.25 0.25 0.25
25.10687701535959
45.0
17.612512764099094 334.4182536813139
2
3.1974711411644137 334.4182536813139
0.25 0.25 0.25 0.25
20.809983905263508
45.0
462.7792077091964 32.83332809547306
3
453.2205065742674 32.83332809547306
0.25 0.25 0.25 0.25
9.55870113492896
45.0
163.0422495573389 8.07310723963991
2
170.07799888343396 8.07310723963991
0.25 0.25 0.25 0.25
7.0357493260950585
45.0
479.23592291261025 181.02710605692994
0
479.23592291261025 131.46903569108667
0.25 0.25 0.25 0.25
49.55807036584326
45.0
423.4778412825578 309.30000066379506
1
423.4778412825578 323.3596457356586
0.25 0.25 0.25 0.25
14.059645071863564
45.0
190.6070461860355 150.23551028598922
3
185.28569131431945 150.23551028598922
0.25 0.25 0.25 0.25
5.321354871716028
45.0
163.34488670991436 133.55389762860756
0
163.34488670991436 117.29483184028389
0.25 0.25 0.25 0.25
16.259065788323664
45.0
36.24846472130401 432.7235279778046
1
36.24846472130401 464.92806732657374
0.25 0.25 0.25 0.25
32.20453934876911
45.0
294.36992318623646 223.73090685093888
2
298.66906231053014 223.73090685093888
0.25 0.25 0.25 0.25
4.299139124293694
45.0
202.02544226314615 213.49415053669762
2
205.90279087376769 213.49415053669762
0.25 0.25 0.25 0.25
3.877348610621534
45.0
401.91330413682454 498.31075917257374
2
421.6368744995756 498.31075917257374
0.25 0.25 0.25 0.25
19.723570362751076
45.0
497.3154950928076 251.83332718650146
1
497.3154950928076 277.0150534242762
0.25 0.25 0.25 0.25
25.18172623777471
45.0
6.335136241999976 251.05291637686253
2
42.82096716682902 251.05291637686253
0.25 0.25 0.25 0.25
36.485830924829045
45.0
497.8255442070878 73.75692666347416
3
460.54031586223937 73.75692666347416
0.25 0.25 0.25 0.25
37.28522834484839
45.0
63.549806218491554 62.38859642501649
1
63.549806218491554 77.04045224973554
0.25 0.25 0.25 0.25
14.651855824719046
45.0
349.5894213299356 334.13313345777067
1
349.5894213299356 345.19785612674406
0.25 0.25 0.25 0.25
11.064722668973415
45.0
372.25056095053094 298.6849643667546
0
372.25056095053094 263.7927358066545
0.25 0.25 0.25 0.25
34.89222856010012
45.0
365.61060481653806 328.436260768794
2
406.5344787022583 328.436260768794
0.25 0.25 0.25 0.25
40.92387388572021
45.0
441.01666001844274 458.43667994573445
0
441.01666001844274 427.33824150675935
0.25 0.25 0.25 0.25
31.09843843897511
45.0
167.0032377271846 232.6914302277602
1
167.0032377271846 264.6268773550612
0.25 0.25 0.25 0.25
31.935447127300982
45.0
254.90723923213497 143.22210792338262
3
219.3560724613131 143.22210792338262
0.25 0.25 0.25 0.25
35.55116677082188
45.0
313.3151787104712 440.67295669357804
1
313.3151787104712 489.27561734353947
0.25 0.25 0.25 0.25
48.60266064996141
45.0
187.76411147328196 411.1940464528188
2
203.64390819758927 411.1940464528188
0.25 0.25 0.25 0.25
15.879796724307326
45.0
370.0837471055157 383.7251511554939
0
370.0837471055157 361.0587575275731
0.25 0.25 0.25 0.25
22.666393627920783
45.0
278.6035857294963 61.09358832362023
1
278.6035857294963 86.06100759500004
0.25 0.25 0.25 0.25
24.967419271379804
45.0
174.2819826580984 498.21514106131673
2
197.9913319202572 498.21514106131673
0.25 0.25 0.25 0.25
23.709349262158824
45.0
214.81275404616815 368.03288685131554
3
190.1828823194189 368.03288685131554
0.25 0.25 0.25 0.25
24.62987172674927
45.0
196.26416925538518 420.6199180563197
2
207.01062116702693 420.6199180563197
0.25 0.25 0.25 0.25
10.746451911641735
45.0
80.05717797582085 84.84681248528881
3
77.9360884418762 84.84681248528881
0.25 0.25 0.25 0.25
2.1210895339446534
45.0
244.73909862458558 264.1216742872272
3
216.59086916934558 264.1216742872272
0.25 0.25 0.25 0.25
28.14822945524001
45.0
322.1629251963104 448.4445706672734
0
322.1629251963104 398.63616477039017
0.25 0.25 0.25 0.25
49.808405896883244
45.0
450.03384130004275 19.936053035893686
2
482.90216429220936 19.936053035893686
0.25 0.25 0.25 0.25
32.86832299216663
45.0
403.8963841808711 359.59158053170563
2
433.41652662500036 359.59158053170563
0.25 0.25 0.25 0.25
29.520142444129238
45.0
321.51006827218504 78.10316686634911
3
273.6963480543391 78.10316686634911
0.25 0.25 0.25 0.25
47.81372021784589
45.0
112.2323682418628 262.28682034643344
2
113.2175887181071 262.28682034643344
0.25 0.25 0.25 0.25
0.9852204762442973
45.0
264.39253203691607 221.62299891984287
1
264.39253203691607 265.7716226068275
0.25 0.25 0.25 0.25
44.14862368698466
45.0
181.50429416297717 176.27293565565452
1
181.50429416297717 191.849298866358
0.25 0.25 0.25 0.25
15.576363210703487
45.0
342.4281924775505 389.2265054626352
1
342.4281924775505 409.27826084498037
0.25 0.25 0.25 0.25
20.05175538234519
45.0
332.5524336713031 434.63079027039703
3
291.2190295764467 434.63079027039703
0.25 0.25 0.25 0.25
41.33340409485639
45.0
64.63011107996749 305.78025427770046
0
64.63011107996749 268.9932376626045
0.25 0.25 0.25 0.25
36.78701661509596
45.0
