96148
485.9590001243047 377.82220860953726
3
479.3790890621145 377.82220860953726
0.25 0.25 0.25 0.25
34.66191081358086
45.0
488.04309518491937 19.083262255212396
3
483.46940300611396 19.083262255212396
0.25 0.25 0.25 0.25
28.487501808966687
45.0
152.7180606033901 382.482798051312
1
152.7180606033901 399.2220255603709
0.25 0.25 0.25 0.25
16.739227509058942
45.0
92.75763445896418 229.80577538536633
1
92.75763445896418 245.57466099095026
0.25 0.25 0.25 0.25
15.768885605583943
45.0
447.87961010362585 52.59296501402038
1
447.87961010362585 68.63013701423093
0.25 0.25 0.25 0.25
16.037172000210543
45.0
217.9887034707015 357.5011679052501
1
217.9887034707015 393.2895066422162
0.25 0.25 0.25 0.25
35.7883387369661
45.0
239.62637257796038 88.66893251253381
2
252.97246746362933 88.66893251253381
0.25 0.25 0.25 0.25
13.346094885668952
45.0
242.37020735518297 361.7713660635529
2
268.99173706355924 361.7713660635529
0.25 0.25 0.25 0.25
26.62152970837626
45.0
130.93101709573432 237.26864962154355
0
130.93101709573432 187.56962442073348
0.25 0.25 0.25 0.25
49.699025200810084
45.0
181.44370853426378 171.72995326260482
0
181.44370853426378 149.80930635480672
0.25 0.25 0.25 0.25
21.9206469077981
45.0
146.10426209578173 130.33057295718743
3
97.34910095803117 130.33057295718743
0.25 0.25 0.25 0.25
48.755161137750555
45.0
479.1301472875946 107.48405244781057
1
479.1301472875946 136.0132932969229
0.25 0.25 0.25 0.25
28.529240849112348
45.0
349.59422650421317 323.32144585349505
1
349.59422650421317 337.8244699168913
0.25 0.25 0.25 0.25
14.503024063396241
45.0
180.3836078409935 164.3575299821267
3
131.20082495199412 164.3575299821267
0.25 0.25 0.25 0.25
49.18278288899939
45.0
431.5892192084535 81.47570152686808
2
469.09829556343334 81.47570152686808
0.25 0.25 0.25 0.25
37.50907635497983
45.0
143.44774583348516 426.48052180372576
3
140.28599678214542 426.48052180372576
0.25 0.25 0.25 0.25
3.161749051339741
45.0
262.27424952921893 389.2344143546698
1
262.27424952921893 390.5141478873297
0.25 0.25 0.25 0.25
1.2797335326599157
45.0
206.75573938319786 462.4049758254474
1
206.75573938319786 475.9433590848734
0.25 0.25 0.25 0.25
13.538383259426007
45.0
155.82497723449953 90.81766637345042
1
155.82497723449953 132.10737611862248
0.25 0.25 0.25 0.25
41.28970974517206
45.0
14.033767023262147 116.45050168345361
2
27.830139987241044 116.45050168345361
0.25 0.25 0.25 0.25
41.86390701050319
45.0
409.1994943719884 274.1658807367629
2
443.0640705233635 274.1658807367629
0.25 0.25 0.25 0.25
33.86457615137511
45.0
312.74805030529313 32.9183816095028
1
312.74805030529313 9.615783421011436
0.25 0.25 0.25 0.25
42.53416503051424
45.0
383.29038109248444 309.86267422529716
1
383.29038109248444 318.8037456709192
0.25 0.25 0.25 0.25
8.941071445622056
45.0
219.9942851658554 166.66686985842506
0
219.9942851658554 159.55894255906162
0.25 0.25 0.25 0.25
7.107927299363453
45.0
444.93757641566384 276.9090467024145
1
444.93757641566384 321.4994092948123
0.25 0.25 0.25 0.25
44.59036259239782
45.0
62.12450965813704 216.57981476550393
3
20.23140110207833 216.57981476550393
0.25 0.25 0.25 0.25
41.89310855605871
45.0
34.18806006536717 379.0486645104891
2
51.8885005300288 379.0486645104891
0.25 0.25 0.25 0.25
17.700440464661632
45.0
6.916412732564475 128.08411748718018
2
12.508502746101069 128.08411748718018
0.25 0.25 0.25 0.25
5.592090013536594
45.0
252.5409726709152 244.22705378871984
1
252.5409726709152 251.8429419657368
0.25 0.25 0.25 0.25
7.615888177016966
45.0
38.380444002588334 183.49229198490104
0
38.380444002588334 139.4488298757216
0.25 0.25 0.25 0.25
44.04346210917943
45.0
328.3441491537097 287.05895486978307
1
328.3441491537097 289.79531502121824
0.25 0.25 0.25 0.25
2.7363601514351577
45.0
1.4362991333950532 101.74652995100232
2
23.52262946091377 101.74652995100232
0.25 0.25 0.25 0.25
24.958928594308823
45.0
158.22498960895464 472.2015421742466
2
161.20971429940295 472.2015421742466
0.25 0.25 0.25 0.25
2.984724690448304
45.0
27.53164438305479 280.4270198146102
3
2.8906513529730624 280.4270198146102
0.25 0.25 0.25 0.25
24.640993030081727
45.0
124.39183358384642 262.18247673849214
3
101.91932395453004 262.18247673849214
0.25 0.25 0.25 0.25
22.472509629316377
45.0
7.658070475954126 374.86988369910125
0
7.658070475954126 330.6869348549541
0.25 0.25 0.25 0.25
44.18294884414716
45.0
416.63876879564543 224.93019731998504
1
416.63876879564543 244.01512593554096
0.25 0.25 0.25 0.25
19.084928615555924
45.0
203.89099433645868 14.695248132655067
1
203.89099433645868 18.336428999698803
0.25 0.25 0.25 0.25
33.03167713235387
45.0
411.4221074998393 39.94321893443586
2
445.3825792362069 39.94321893443586
0.25 0.25 0.25 0.25
33.960471736367595
45.0
270.6368956692465 310.3387198142409
2
292.7221267970683 310.3387198142409
0.25 0.25 0.25 0.25
22.085231127821803
45.0
260.0502333316671 441.55697245658945
0
260.0502333316671 404.6435599727238
0.25 0.25 0.25 0.25
36.91341248386568
45.0
201.23243685054598 495.53835178928585
2
219.8294885159383 495.53835178928585
0.25 0.25 0.25 0.25
18.59705166539231
45.0
329.16216079245055 73.50704035293006
2
341.7165975751404 73.50704035293006
0.25 0.25 0.25 0.25
12.554436782689821
45.0
474.058982249126 304.7255294286717
3
455.6915992980542 304.7255294286717
0.25 0.25 0.25 0.25
18.367382951071825
45.0
179.5401789017103 322.37468679308785
0
179.5401789017103 292.5658745829313
0.25 0.25 0.25 0.25
29.808812210156542
45.0
481.6065775143151 332.7701873410056
2
482.094058253117 332.7701873410056
0.25 0.25 0.25 0.25
0.4874807388018765
45.0
461.0387761176214 160.97617423903614
1
461.0387761176214 184.3588558483527
0.25 0.25 0.25 0.25
23.382681609316556
45.0
15.891128099421785 251.2937348201608
2
23.11966233497509 251.2937348201608
0.25 0.25 0.25 0.25
39.010790434396874
45.0
