96148
236.7457133670485 379.5444156953968
3
202.08380255346765 379.5444156953968
0.25 0.25 0.25 0.25
34.66191081358086
45.0
345.6055861400861 6.4668028675881075
3
317.1180843311194 6.4668028675881075
0.25 0.25 0.25 0.25
28.487501808966687
45.0
336.8495632030384 148.81883169503783
0
336.8495632030384 132.0796041859789
0.25 0.25 0.25 0.25
16.739227509058942
45.0
108.52652006454812 198.2680041741985
3
92.75763445896418 198.2680041741985
0.25 0.25 0.25 0.25
15.768885605583943
45.0
287.5078901015204 91.74158298787452
3
271.47071810130984 91.74158298787452
0.25 0.25 0.25 0.25
16.037172000210543
45.0
141.9681685340105 250.13615169435175
3
106.17982979704439 250.13615169435175
0.25 0.25 0.25 0.25
35.7883387369661
45.0
92.819328835602 168.7455018265475
1
92.819328835602 182.09159671221644
0.25 0.25 0.25 0.25
13.346094885668952
45.0
363.85972697876605 22.54817877201297
1
363.85972697876605 4.0733509363632905
0.25 0.25 0.25 0.25
26.62152970837626
45.0
477.4962772815836 76.13258205151632
3
427.79725208077355 76.13258205151632
0.25 0.25 0.25 0.25
49.699025200810084
45.0
292.46076567858233 411.7777554892317
0
292.46076567858233 389.85710858143364
0.25 0.25 0.25 0.25
21.9206469077981
45.0
25.057998562458657 472.6550942736684
2
73.81315970020921 472.6550942736684
0.25 0.25 0.25 0.25
48.755161137750555
45.0
393.54242474025756 221.6010158442599
1
393.54242474025756 250.13025669337225
0.25 0.25 0.25 0.25
28.529240849112348
45.0
432.86041254484303 473.6362172589574
2
447.3634366082393 473.6362172589574
0.25 0.25 0.25 0.25
14.503024063396241
45.0
213.07865527100165 343.9643973568421
1
213.07865527100165 393.14718024584147
0.25 0.25 0.25 0.25
49.18278288899939
45.0
206.06507882620355 81.47570152686805
2
243.5741551811834 81.47570152686805
0.25 0.25 0.25 0.25
37.50907635497983
45.0
178.2269853982223 483.3920047278416
0
178.2269853982223 480.2302556765018
0.25 0.25 0.25 0.25
3.161749051339741
45.0
248.19718066995983 381.5560131587103
0
248.19718066995983 380.2762796260504
0.25 0.25 0.25 0.25
1.2797335326599157
45.0
172.31899188073044 496.9798743962746
0
172.31899188073044 489.4817423442994
0.25 0.25 0.25 0.25
13.538383259426007
45.0
330.6045735916944 132.10737611862248
3
289.31486384652237 132.10737611862248
0.25 0.25 0.25 0.25
41.28970974517206
45.0
441.7354418401964 288.6398979775428
3
399.87153482969325 288.6398979775428
0.25 0.25 0.25 0.25
41.86390701050319
45.0
172.14746131236268 454.91751005223625
2
206.01203746373778 454.91751005223625
0.25 0.25 0.25 0.25
33.86457615137511
45.0
326.15866871825096 9.615783421011471
3
283.6245036877367 9.615783421011471
0.25 0.25 0.25 0.25
42.53416503051424
45.0
347.52609530999615 408.21446012713994
0
347.52609530999615 399.2733886815179
0.25 0.25 0.25 0.25
8.941071445622056
45.0
106.2674483760403 102.69552416415405
3
99.15952107667685 102.69552416415405
0.25 0.25 0.25 0.25
7.107927299363453
45.0
491.4600380246902 455.2704970720058
3
463.94959938291197 455.2704970720058
0.25 0.25 0.25 0.25
44.59036259239782
45.0
63.55481601003904 34.778836570848334
1
63.55481601003904 7.1142719852103795
0.25 0.25 0.25 0.25
41.89310855605871
45.0
450.0735247315331 151.96454942935986
2
467.77396519619475 151.96454942935986
0.25 0.25 0.25 0.25
17.700440464661632
45.0
71.37284745694782 34.086492905381
1
71.37284745694782 39.67858291891759
0.25 0.25 0.25 0.25
5.592090013536594
45.0
199.22975543179655 320.3859355588896
3
191.6138672547796 320.3859355588896
0.25 0.25 0.25 0.25
7.615888177016966
45.0
302.64121665766487 181.85503339966107
1
302.64121665766487 225.89849550884048
0.25 0.25 0.25 0.25
44.04346210917943
45.0
320.13506869940414 259.6953533554313
1
320.13506869940414 262.43171350686646
0.25 0.25 0.25 0.25
2.7363601514351577
45.0
300.9434422651009 424.0338267571302
1
300.9434422651009 448.99275535143903
0.25 0.25 0.25 0.25
24.958928594308823
45.0
62.71379951460895 475.1862668646949
0
62.71379951460895 472.2015421742466
0.25 0.25 0.25 0.25
2.984724690448304
45.0
303.0819792413587 9.376096483711326
1
303.0819792413587 34.01708951379305
0.25 0.25 0.25 0.25
24.640993030081727
45.0
315.3814869284564 119.85018695988636
3
292.90897729914 119.85018695988636
0.25 0.25 0.25 0.25
22.472509629316377
45.0
493.67050776157305 215.71627469019688
3
449.4875589174259 215.71627469019688
0.25 0.25 0.25 0.25
44.18294884414716
45.0
258.91744473990434 431.5410876000087
1
258.91744473990434 450.6260162155646
0.25 0.25 0.25 0.25
19.084928615555924
45.0
435.1127342629358 447.7482317202992
1
435.1127342629358 480.7799088526531
0.25 0.25 0.25 0.25
33.03167713235387
45.0
207.65927708163372 345.58746456174424
3
173.69880534526612 345.58746456174424
0.25 0.25 0.25 0.25
33.960471736367595
45.0
414.00526929322956 308.04775176476966
2
436.0905004210514 308.04775176476966
0.25 0.25 0.25 0.25
22.085231127821803
45.0
444.6172957509954 1.403977349798609
1
444.6172957509954 35.50943513406707
0.25 0.25 0.25 0.25
36.91341248386568
45.0
387.20295350446906 179.38847347761646
3
368.60590183907675 179.38847347761646
0.25 0.25 0.25 0.25
18.59705166539231
45.0
231.43255181340527 98.61591391830972
2
243.9869885960951 98.61591391830972
0.25 0.25 0.25 0.25
12.554436782689821
45.0
437.3242163469824 117.72427844598019
1
437.3242163469824 136.091661397052
0.25 0.25 0.25 0.25
18.367382951071825
45.0
493.93749806810996 498.77243994597296
3
476.2536897217335 498.77243994597296
0.25 0.25 0.25 0.25
29.808812210156542
45.0
490.3812308127489 316.68332296054365
1
490.3812308127489 317.1708036993455
0.25 0.25 0.25 0.25
0.4874807388018765
45.0
133.6812335871897 2.702597026179781
2
157.06391519650626 2.702597026179781
0.25 0.25 0.25 0.25
23.382681609316556
45.0
23.11966233497504 60.792588655014214
0
23.11966233497504 21.78179822061734
0.25 0.25 0.25 0.25
39.010790434396874
45.0
