76745
351.7956927103295 258.50561265828605
2
498.2317137700378 258.50561265828605
0.25 0.25 0.25 0.25
146.4360210597083
45.0
292.5422643913208 452.0633679567352
3
194.67712380213882 452.0633679567352
0.25 0.25 0.25 0.25
97.865140589182
45.0
242.9190261913311 1.224023507018103
1
242.9190261913311 89.18346009343293
0.25 0.25 0.25 0.25
87.95943658641482
45.0
224.7113938722982 137.9791583501461
2
350.19058345200915 137.9791583501461
0.25 0.25 0.25 0.25
125.47918957971095
45.0
440.0882892587106 432.645387837881
0
440.0882892587106 326.4663741540976
0.25 0.25 0.25 0.25
106.17901368378341
45.0
350.5468853430982 206.34192759970927
0
350.5468853430982 53.192617271897234
0.25 0.25 0.25 0.25
153.14931032781203
45.0
134.215187322666 311.7665870567754
2
296.7683559907679 311.7665870567754
0.25 0.25 0.25 0.25
162.55316866810188
45.0
371.3678977971357 240.95407541135936
3
479.7932329698781 240.95407541135936
0.25 0.25 0.25 0.25
148.83886923298618
45.0
287.87814313596215 197.39865879261146
0
287.87814313596215 36.8744725403443
0.25 0.25 0.25 0.25
160.52418625226716
45.0
179.44880013148963 240.29210683645204
3
83.87157183211855 240.29210683645204
0.25 0.25 0.25 0.25
95.57722829937109
45.0
342.82164805144134 469.9236344486974
0
342.82164805144134 370.62905744849934
0.25 0.25 0.25 0.25
99.29457700019803
45.0
373.1425029333369 363.30303004457437
3
215.31796872182494 363.30303004457437
0.25 0.25 0.25 0.25
157.82453421151197
45.0
7.855831535420634 490.20579724382674
2
142.65973305140733 490.20579724382674
0.25 0.25 0.25 0.25
150.51556458682796
45.0
71.63523479461571 446.73150174856846
0
71.63523479461571 301.60525868277483
0.25 0.25 0.25 0.25
145.12624306579363
45.0
364.16413385038834 281.98973124807685
3
482.7982010788969 281.98973124807685
0.25 0.25 0.25 0.25
153.03766507071472
45.0
338.72770754954627 238.39927960051165
3
497.5955815561077 238.39927960051165
0.25 0.25 0.25 0.25
163.67671089434606
45.0
405.60380639004507 197.53390350826783
3
262.7242481670366 197.53390350826783
0.25 0.25 0.25 0.25
142.87955822300847
45.0
4.3164737453850535 400.1431406739998
0
4.3164737453850535 247.20523792563807
0.25 0.25 0.25 0.25
152.93790274836175
45.0
279.0435018948853 301.48732396097665
2
433.8711029898659 301.48732396097665
0.25 0.25 0.25 0.25
154.8276010949806
45.0
388.8895786207688 57.88487614013468
2
491.84718346223565 57.88487614013468
0.25 0.25 0.25 0.25
102.95760484146683
45.0
469.97469436948586 226.7398410227509
3
382.28250758525746 226.7398410227509
0.25 0.25 0.25 0.25
147.74279804525662
45.0
189.6691191223352 45.694936242480765
1
189.6691191223352 177.2930061385506
0.25 0.25 0.25 0.25
131.59806989606983
45.0
219.94552125656108 313.442559622433
1
219.94552125656108 482.60554483741737
0.25 0.25 0.25 0.25
169.16298521498433
45.0
199.0174601984271 229.1084695573786
2
303.9094372123001 229.1084695573786
0.25 0.25 0.25 0.25
104.89197701387299
45.0
320.00389936543206 70.65690833632698
3
176.46547580634683 70.65690833632698
0.25 0.25 0.25 0.25
143.53842355908523
45.0
207.4177452346508 73.42900087641387
1
207.4177452346508 163.36402211564132
0.25 0.25 0.25 0.25
89.93502123922745
45.0
472.1293845111079 413.85715754092803
0
472.1293845111079 289.0428201434743
0.25 0.25 0.25 0.25
124.81433739745376
45.0
47.129609789659526 298.7515824422457
0
47.129609789659526 165.98799407764807
0.25 0.25 0.25 0.25
132.76358836459764
45.0
56.447259122554215 428.59077065397
0
56.447259122554215 298.03360101967394
0.25 0.25 0.25 0.25
130.5571696342961
45.0
152.26889145586586 378.768401304058
0
152.26889145586586 218.6839393433425
0.25 0.25 0.25 0.25
160.0844619607155
45.0
208.00806587496618 407.16934274189714
0
208.00806587496618 232.77312204870157
0.25 0.25 0.25 0.25
174.39622069319557
45.0
25.711726284644556 97.36069813115432
2
73.36812988354927 97.36069813115432
0.25 0.25 0.25 0.25
99.07985616819383
45.0
66.01772597100194 386.9349166068481
2
38.366015819328425 386.9349166068481
0.25 0.25 0.25 0.25
104.38374179033036
45.0
101.84716471604784 490.65727530987476
2
275.54833808719 490.65727530987476
0.25 0.25 0.25 0.25
173.70117337114218
45.0
286.3368690630898 493.7800380344054
3
174.8368095584376 493.7800380344054
0.25 0.25 0.25 0.25
111.5000595046522
45.0
151.3242631270276 466.3463921427367
0
151.3242631270276 397.99221979493484
0.25 0.25 0.25 0.25
135.66138806232848
45.0
239.47050077432277 101.04659641988053
1
239.47050077432277 235.3232384583156
0.25 0.25 0.25 0.25
134.27664203843506
45.0
136.0038369214101 423.97773474762687
0
136.0038369214101 279.354940238817
0.25 0.25 0.25 0.25
144.62279450880985
45.0
353.2961944553467 333.3352969730247
2
486.3205949645542 333.3352969730247
0.25 0.25 0.25 0.25
133.02440050920745
45.0
154.84385580965838 169.06094422868884
2
311.5225448590022 169.06094422868884
0.25 0.25 0.25 0.25
156.67868904934383
45.0
341.58732501826603 173.67684621587102
3
244.5626149700321 173.67684621587102
0.25 0.25 0.25 0.25
97.02471004823396
45.0
320.365720684518 399.20142181328515
3
151.1673966117716 399.20142181328515
0.25 0.25 0.25 0.25
169.1983240727464
45.0
302.5280301906761 467.29330646437666
2
468.49364560950914 467.29330646437666
0.25 0.25 0.25 0.25
165.96561541883304
45.0
119.12158651973328 153.05946761468257
0
119.12158651973328 23.61248362618602
0.25 0.25 0.25 0.25
129.44698398849656
45.0
411.66572179282866 182.2914678256562
0
411.66572179282866 53.64004760013216
0.25 0.25 0.25 0.25
128.65142022552405
45.0
374.7851061926963 111.64601405475625
3
453.72125857241485 111.64601405475625
0.25 0.25 0.25 0.25
171.4936352348889
45.0
24.332777582607918 41.45660301236384
2
81.36727092175119 41.45660301236384
0.25 0.25 0.25 0.25
105.7000485043591
45.0
262.0208306517885 69.37753082135433
2
384.4417953358203 69.37753082135433
0.25 0.25 0.25 0.25
122.42096468403176
45.0
