76745
83.97579800887104 477.5513560882962
0
83.97579800887104 331.1153350285879
0.25 0.25 0.25 0.25
146.4360210597083
45.0
228.49648206678117 158.46794618918918
2
326.3616226559632 158.46794618918918
0.25 0.25 0.25 0.25
97.865140589182
45.0
242.9190261913311 161.00696424016638
0
242.9190261913311 73.04752765375156
0.25 0.25 0.25 0.25
87.95943658641482
45.0
479.50328966940754 8.666452132747708
1
479.50328966940754 116.81273744696324
0.25 0.25 0.25 0.25
125.47918957971095
45.0
289.52039872897785 187.02743427293467
3
183.34138504519444 187.02743427293467
0.25 0.25 0.25 0.25
106.17901368378341
45.0
260.3837815715268 325.15117567841105
1
260.3837815715268 478.3004860062231
0.25 0.25 0.25 0.25
153.14931032781203
45.0
459.32152465886975 499.000743716266
3
378.1253066730284 499.000743716266
0.25 0.25 0.25 0.25
162.55316866810188
45.0
117.02079453272623 335.75193222995813
2
31.818074700259956 335.75193222995813
0.25 0.25 0.25 0.25
148.83886923298618
45.0
391.0734843595036 431.63261001767296
3
448.40232938822925 431.63261001767296
0.25 0.25 0.25 0.25
160.52418625226716
45.0
319.25374543714986 181.82080125657728
2
414.83097373652095 181.82080125657728
0.25 0.25 0.25 0.25
95.57722829937109
45.0
321.65895805738245 26.54925055229276
2
420.9535350575805 26.54925055229276
0.25 0.25 0.25 0.25
99.29457700019803
45.0
308.5407286810938 205.4784958330624
2
466.36526289260576 205.4784958330624
0.25 0.25 0.25 0.25
157.82453421151197
45.0
115.07373575101212 446.90813687259026
0
115.07373575101212 296.3925722857623
0.25 0.25 0.25 0.25
150.51556458682796
45.0
363.74349440276524 102.00606759349535
3
218.6172513369716 102.00606759349535
0.25 0.25 0.25 0.25
145.12624306579363
45.0
23.68520586675271 340.6712831154905
2
176.72287093746743 340.6712831154905
0.25 0.25 0.25 0.25
153.03766507071472
45.0
121.23179275342972 184.58007569874127
2
42.44491814091634 184.58007569874127
0.25 0.25 0.25 0.25
163.67671089434606
45.0
22.40723803474299 374.2981445058849
2
165.28679625775146 374.2981445058849
0.25 0.25 0.25 0.25
142.87955822300847
45.0
466.3044987709975 388.3358764027026
3
380.7575984806408 388.3358764027026
0.25 0.25 0.25 0.25
152.93790274836175
45.0
98.69827233040945 494.59136776020017
2
56.12932876457114 494.59136776020017
0.25 0.25 0.25 0.25
154.8276010949806
45.0
243.08551002549405 145.49589216439506
1
243.08551002549405 248.4534970058619
0.25 0.25 0.25 0.25
102.95760484146683
45.0
140.28951196217645 364.23135115827563
2
288.03231000743307 364.23135115827563
0.25 0.25 0.25 0.25
147.74279804525662
45.0
179.09613900692182 349.0992734457288
1
179.09613900692182 480.6973433417986
0.25 0.25 0.25 0.25
131.59806989606983
45.0
249.90134383637317 69.39001795791847
3
80.73835862138884 69.39001795791847
0.25 0.25 0.25 0.25
169.16298521498433
45.0
220.55044785706485 382.92021670998145
2
325.4424248709378 382.92021670998145
0.25 0.25 0.25 0.25
104.89197701387299
45.0
249.38082995731224 61.11897850913374
3
105.84240639822701 61.11897850913374
0.25 0.25 0.25 0.25
143.53842355908523
45.0
117.48272399542334 253.2990433548688
1
117.48272399542334 343.23406459409625
0.25 0.25 0.25 0.25
89.93502123922745
45.0
279.72724151435455 464.29910670235813
0
279.72724151435455 339.4847693049044
0.25 0.25 0.25 0.25
124.81433739745376
45.0
218.3975669395357 427.1750662975237
3
85.63397857493806 427.1750662975237
0.25 0.25 0.25 0.25
132.76358836459764
45.0
421.32406234026143 268.6524345918791
3
448.1187680254425 268.6524345918791
0.25 0.25 0.25 0.25
130.5571696342961
45.0
312.35335341658134 380.0491312459253
0
312.35335341658134 219.96466928520982
0.25 0.25 0.25 0.25
160.0844619607155
45.0
407.9352445229674 477.69783917324764
3
233.53902382977185 477.69783917324764
0.25 0.25 0.25 0.25
174.39622069319557
45.0
242.27431525715565 1.7191580370395059
3
143.19445908896182 1.7191580370395059
0.25 0.25 0.25 0.25
99.07985616819383
45.0
351.51724119031945 47.30895653819658
1
351.51724119031945 57.07478525213378
0.25 0.25 0.25 0.25
104.38374179033036
45.0
156.26808910880052 161.94037794784086
1
156.26808910880052 335.64155131898303
0.25 0.25 0.25 0.25
173.70117337114218
45.0
77.33889222126459 382.2799785297532
1
77.33889222126459 493.7800380344054
0.25 0.25 0.25 0.25
111.5000595046522
45.0
441.691572685987 396.5047502728826
3
422.64703925168453 396.5047502728826
0.25 0.25 0.25 0.25
135.66138806232848
45.0
491.9762151488071 309.53637476579604
3
357.69957311037206 309.53637476579604
0.25 0.25 0.25 0.25
134.27664203843506
45.0
310.22410816668844 431.39947074356326
3
165.6013136578786 431.39947074356326
0.25 0.25 0.25 0.25
144.62279450880985
45.0
23.05218936327219 402.1644934085725
0
23.05218936327219 269.1400928993651
0.25 0.25 0.25 0.25
133.02440050920745
45.0
454.48318432934377 300.97512291934265
3
297.80449527999997 300.97512291934265
0.25 0.25 0.25 0.25
156.67868904934383
45.0
438.61203506649997 497.73011262651414
0
438.61203506649997 405.2451773252519
0.25 0.25 0.25 0.25
97.02471004823396
45.0
247.98902927963485 45.614829231314104
3
78.79070520688845 45.614829231314104
0.25 0.25 0.25 0.25
169.1983240727464
45.0
373.9533539456612 30.60353979212249
3
207.98773852682817 30.60353979212249
0.25 0.25 0.25 0.25
165.96561541883304
45.0
248.56857050822987 0.8931153616064762
3
119.12158651973331 0.8931153616064762
0.25 0.25 0.25 0.25
129.44698398849656
45.0
360.2427995603156 145.24006924253135
3
231.59137933479155 145.24006924253135
0.25 0.25 0.25 0.25
128.65142022552405
45.0
26.125787095748194 254.17783788031178
0
26.125787095748194 82.68420264542289
0.25 0.25 0.25 0.25
171.4936352348889
45.0
244.033796174149 397.9454341707183
0
244.033796174149 292.24538566635914
0.25 0.25 0.25 0.25
105.7000485043591
45.0
63.97749834481516 399.6740453870269
0
63.97749834481516 477.9049899289413
0.25 0.25 0.25 0.25
122.42096468403176
45.0
