76745
455.54085484208656 354.83733888207803
0
455.54085484208656 208.40131782236972
0.25 0.25 0.25 0.25
146.4360210597083
45.0
466.923951461505 211.644022059359
3
435.21090794931297 211.644022059359
0.25 0.25 0.25 0.25
97.865140589182
45.0
30.338439629809216 63.6683715918557
2
118.29787621622404 63.6683715918557
0.25 0.25 0.25 0.25
87.95943658641482
45.0
99.23220429258726 120.64625408465082
2
224.7113938722982 120.64625408465082
0.25 0.25 0.25 0.25
125.47918957971095
45.0
316.5080155830424 310.60770794860287
1
316.5080155830424 416.7867216323863
0.25 0.25 0.25 0.25
106.17901368378341
45.0
361.2724254781649 278.3870998943935
0
361.2724254781649 125.23778956658145
0.25 0.25 0.25 0.25
153.14931032781203
45.0
484.0025126502585 249.93588292169648
3
321.4493439821566 249.93588292169648
0.25 0.25 0.25 0.25
162.55316866810188
45.0
306.27319782595623 431.6650292752489
0
306.27319782595623 419.4961014917649
0.25 0.25 0.25 0.25
148.83886923298618
45.0
9.42000318885357 123.64971371192257
2
151.1041830634136 123.64971371192257
0.25 0.25 0.25 0.25
160.52418625226716
45.0
394.0145696647369 414.50490268555995
3
298.4373413653658 414.50490268555995
0.25 0.25 0.25 0.25
95.57722829937109
45.0
335.7674180534217 150.87721345404435
3
236.47284105322365 150.87721345404435
0.25 0.25 0.25 0.25
99.29457700019803
45.0
100.33109970119901 363.30303004457437
0
100.33109970119901 478.8724357439137
0.25 0.25 0.25 0.25
157.82453421151197
45.0
168.68268785880787 102.57934732769786
2
319.19825244563583 102.57934732769786
0.25 0.25 0.25 0.25
150.51556458682796
45.0
313.91946010030375 172.36271707753656
2
459.0457031660974 172.36271707753656
0.25 0.25 0.25 0.25
145.12624306579363
45.0
269.00723459388746 13.575244812644144
2
422.0448996646022 13.575244812644144
0.25 0.25 0.25 0.25
153.03766507071472
45.0
103.29205811950567 142.77334608995108
2
266.9687690138517 142.77334608995108
0.25 0.25 0.25 0.25
163.67671089434606
45.0
165.75751894092957 54.18362260208124
1
165.75751894092957 197.06318082508972
0.25 0.25 0.25 0.25
142.87955822300847
45.0
42.634316950552545 329.12458025391703
1
42.634316950552545 482.0624830022788
0.25 0.25 0.25 0.25
152.93790274836175
45.0
30.611700295075934 339.7637666652196
2
185.43930139005653 339.7637666652196
0.25 0.25 0.25 0.25
154.8276010949806
45.0
139.16886092570496 118.45428512813066
3
36.21125608423813 118.45428512813066
0.25 0.25 0.25 0.25
102.95760484146683
45.0
313.88333495166484 432.6305237918682
0
313.88333495166484 284.8877257466116
0.25 0.25 0.25 0.25
147.74279804525662
45.0
84.10000078521784 19.66598468352828
1
84.10000078521784 151.2640545795981
0.25 0.25 0.25 0.25
131.59806989606983
45.0
426.7505970235642 99.34584053773054
1
426.7505970235642 69.8171446772538
0.25 0.25 0.25 0.25
169.16298521498433
45.0
220.5504478570649 344.27118565071623
2
325.4424248709379 344.27118565071623
0.25 0.25 0.25 0.25
104.89197701387299
45.0
320.00389936543206 63.343585395565015
1
320.00389936543206 80.19483816352022
0.25 0.25 0.25 0.25
143.53842355908523
45.0
411.41263707144344 163.36402211564132
3
321.477615832216 163.36402211564132
0.25 0.25 0.25 0.25
89.93502123922745
45.0
96.20107149837668 332.0582652030546
2
221.01540889583043 332.0582652030546
0.25 0.25 0.25 0.25
124.81433739745376
45.0
179.89319815425722 377.9526384210975
0
179.89319815425722 489.28377321430486
0.25 0.25 0.25 0.25
132.76358836459764
45.0
14.80480363699553 10.352996912096955
2
115.75236599730056 10.352996912096955
0.25 0.25 0.25 0.25
130.5571696342961
45.0
435.05613615947686 177.07916208974837
3
404.8594018798076 177.07916208974837
0.25 0.25 0.25 0.25
160.0844619607155
45.0
475.15893488650863 268.0373702643768
1
475.15893488650863 442.4335909575724
0.25 0.25 0.25 0.25
174.39622069319557
45.0
133.9930207709001 91.59757588717162
2
233.07287693909393 91.59757588717162
0.25 0.25 0.25 0.25
99.07985616819383
45.0
428.7724710610694 414.0634285264284
0
428.7724710610694 309.67968673609806
0.25 0.25 0.25 0.25
104.38374179033036
45.0
275.54833808719 312.0830894750028
1
275.54833808719 485.784262846145
0.25 0.25 0.25 0.25
173.70117337114218
45.0
159.663368955519 490.2795024925356
3
48.16330945086679 490.2795024925356
0.25 0.25 0.25 0.25
111.5000595046522
45.0
119.99851299762935 297.25165266753345
0
119.99851299762935 161.59026460520496
0.25 0.25 0.25 0.25
135.66138806232848
45.0
60.84702788045024 101.04659641988053
2
73.42961415798482 101.04659641988053
0.25 0.25 0.25 0.25
134.27664203843506
45.0
148.36339848307912 27.188035906204334
1
148.36339848307912 117.43475860260551
0.25 0.25 0.25 0.25
144.62279450880985
45.0
440.2162162380098 70.37189691648587
1
440.2162162380098 62.65250359272159
0.25 0.25 0.25 0.25
133.02440050920745
45.0
34.988124401784205 107.47347622852917
1
34.988124401784205 264.152165277873
0.25 0.25 0.25 0.25
156.67868904934383
45.0
337.58564531937174 308.220467277018
2
434.6103553676057 308.220467277018
0.25 0.25 0.25 0.25
97.02471004823396
45.0
365.935553993953 431.60025411396873
3
464.8661219333006 431.60025411396873
0.25 0.25 0.25 0.25
169.1983240727464
45.0
386.57227640666633 313.9466135065487
1
386.57227640666633 479.9122289253818
0.25 0.25 0.25 0.25
165.96561541883304
45.0
421.3857176988324 46.33185189076556
1
421.3857176988324 83.11513209773099
0.25 0.25 0.25 0.25
129.44698398849656
45.0
102.93995910926748 145.24006924253135
2
231.59137933479153 145.24006924253135
0.25 0.25 0.25 0.25
128.65142022552405
45.0
89.72145854158518 312.1014606989785
2
261.2150937764741 312.1014606989785
0.25 0.25 0.25 0.25
171.4936352348889
45.0
447.16697989559657 340.94494912712724
3
341.4669313912375 340.94494912712724
0.25 0.25 0.25 0.25
105.7000485043591
45.0
37.81118381147081 29.485696248305942
1
37.81118381147081 92.93526843572582
0.25 0.25 0.25 0.25
122.42096468403176
45.0
