76745
401.8999875462458 208.40131782236972
3
255.46396648653752 208.40131782236972
0.25 0.25 0.25 0.25
146.4360210597083
45.0
413.8623138411331 450.0714914540828
0
413.8623138411331 452.0633679567352
0.25 0.25 0.25 0.25
97.865140589182
45.0
418.83789936416076 119.1816106288336
3
330.87846277774594 119.1816106288336
0.25 0.25 0.25 0.25
87.95943658641482
45.0
147.89265822914714 263.45834792985704
3
22.413468649436197 263.45834792985704
0.25 0.25 0.25 0.25
125.47918957971095
45.0
29.016642322372377 237.68862046219897
0
29.016642322372377 131.50960677841556
0.25 0.25 0.25 0.25
106.17901368378341
45.0
424.25863203440554 99.9566930559148
3
271.1093217065935 99.9566930559148
0.25 0.25 0.25 0.25
153.14931032781203
45.0
3.656993354047131 124.53243039728477
1
3.656993354047131 287.08559906538665
0.25 0.25 0.25 0.25
162.55316866810188
45.0
180.65694393324614 270.65723225877866
1
180.65694393324614 419.4961014917649
0.25 0.25 0.25 0.25
148.83886923298618
45.0
317.36371938670953 86.7948312255258
2
477.8879056389767 86.7948312255258
0.25 0.25 0.25 0.25
160.52418625226716
45.0
438.242286671026 333.1712629597745
0
438.242286671026 237.5940346604034
0.25 0.25 0.25 0.25
95.57722829937109
45.0
54.3566599493508 139.95228754853008
2
44.93791705084723 139.95228754853008
0.25 0.25 0.25 0.25
99.29457700019803
45.0
205.10283918178274 363.30303004457437
0
205.10283918178274 478.8724357439137
0.25 0.25 0.25 0.25
157.82453421151197
45.0
61.46478364321638 155.1541214747216
1
61.46478364321638 305.66968606154956
0.25 0.25 0.25 0.25
150.51556458682796
45.0
232.6451793209647 27.23647401174304
2
377.77142238675833 27.23647401174304
0.25 0.25 0.25 0.25
145.12624306579363
45.0
411.53454558389376 363.76374082378845
0
411.53454558389376 483.1985941054968
0.25 0.25 0.25 0.25
153.03766507071472
45.0
315.9791360278379 88.95414218818047
1
315.9791360278379 252.63085308252653
0.25 0.25 0.25 0.25
163.67671089434606
45.0
119.68778238296875 54.65434528525935
1
119.68778238296875 88.22521293774912
0.25 0.25 0.25 0.25
142.87955822300847
45.0
392.5648627519381 293.98105382927673
1
392.5648627519381 446.9189565776385
0.25 0.25 0.25 0.25
152.93790274836175
45.0
337.31908109025414 472.65068151392643
2
492.14668218523474 472.65068151392643
0.25 0.25 0.25 0.25
154.8276010949806
45.0
36.21125608423813 234.22403740840002
2
66.7463487572287 234.22403740840002
0.25 0.25 0.25 0.25
102.95760484146683
45.0
200.34012322320444 398.4309374750719
2
348.08292126846106 398.4309374750719
0.25 0.25 0.25 0.25
147.74279804525662
45.0
152.34053139731566 334.9200275935729
2
283.9386012933855 334.9200275935729
0.25 0.25 0.25 0.25
131.59806989606983
45.0
80.73835862138884 194.04639602251999
0
80.73835862138884 24.883410807535654
0.25 0.25 0.25 0.25
169.16298521498433
45.0
220.55044785706485 302.40385224839963
3
115.65847084319186 302.40385224839963
0.25 0.25 0.25 0.25
104.89197701387299
45.0
171.6965108927502 496.50321409998605
3
28.15808733366498 496.50321409998605
0.25 0.25 0.25 0.25
143.53842355908523
45.0
297.35276647387826 16.506020362813587
1
297.35276647387826 73.42900087641387
0.25 0.25 0.25 0.25
89.93502123922745
45.0
406.02687973217826 290.52812096384423
0
406.02687973217826 165.71378356639048
0.25 0.25 0.25 0.25
124.81433739745376
45.0
218.39756693953575 157.44181954661258
2
351.1611553041334 157.44181954661258
0.25 0.25 0.25 0.25
132.76358836459764
45.0
231.461785831219 485.3094167861026
3
100.90461619692292 485.3094167861026
0.25 0.25 0.25 0.25
130.5571696342961
45.0
270.7485761629869 380.0491312459252
2
430.8330381237024 380.0491312459252
0.25 0.25 0.25 0.25
160.0844619607155
45.0
33.611845181770605 325.6797882465604
2
140.78437551142497 325.6797882465604
0.25 0.25 0.25 0.25
174.39622069319557
45.0
262.3264039018752 10.920596355101225
1
262.3264039018752 88.1592598130926
0.25 0.25 0.25 0.25
99.07985616819383
45.0
455.9009829806498 134.98379234480382
3
351.51724119031945 134.98379234480382
0.25 0.25 0.25 0.25
104.38374179033036
45.0
114.06104888194741 30.446244803551792
1
114.06104888194741 143.25492856759038
0.25 0.25 0.25 0.25
173.70117337114218
45.0
289.8374046049596 382.2799785297532
1
289.8374046049596 493.7800380344054
0.25 0.25 0.25 0.25
111.5000595046522
45.0
286.9856511893561 415.976108579036
0
286.9856511893561 448.36250335863554
0.25 0.25 0.25 0.25
135.66138806232848
45.0
387.8967733892837 93.29355134950913
1
387.8967733892837 40.98309068892593
0.25 0.25 0.25 0.25
134.27664203843506
45.0
430.1277795521603 436.3372963092959
0
430.1277795521603 291.714501800486
0.25 0.25 0.25 0.25
144.62279450880985
45.0
486.3205949645542 258.32351677557654
3
380.6550045262384 258.32351677557654
0.25 0.25 0.25 0.25
133.02440050920745
45.0
94.9159901057213 228.9888099326259
1
94.9159901057213 385.66749898196974
0.25 0.25 0.25 0.25
156.67868904934383
45.0
341.58732501826603 244.17489349472527
2
438.61203506649997 244.17489349472527
0.25 0.25 0.25 0.25
97.02471004823396
45.0
187.2292515337212 123.58349484143235
3
18.030927460974794 123.58349484143235
0.25 0.25 0.25 0.25
169.1983240727464
45.0
25.196893159988292 471.49961395137836
2
191.16250857882133 471.49961395137836
0.25 0.25 0.25 0.25
165.96561541883304
45.0
139.7723814572598 329.1525964313313
3
10.325397468763242 329.1525964313313
0.25 0.25 0.25 0.25
129.44698398849656
45.0
161.36268271765206 332.31421307643996
2
290.0141029431761 332.31421307643996
0.25 0.25 0.25 0.25
128.65142022552405
45.0
374.7851061926963 173.41763359635488
3
453.72125857241485 173.41763359635488
0.25 0.25 0.25 0.25
171.4936352348889
45.0
138.3677559653421 244.55577843825924
2
244.0678044697012 244.55577843825924
0.25 0.25 0.25 0.25
105.7000485043591
45.0
329.4517102406245 32.41115133493159
3
207.0307455565927 32.41115133493159
0.25 0.25 0.25 0.25
122.42096468403176
45.0
