82172
341.5031749068307 487.4521786469802
0
341.5031749068307 391.84652430889923
0.25 0.25 0.25 0.25
120.70129704412062
45.0
422.69645248153756 336.2359494141485
0
422.69645248153756 197.76909763449783
0.25 0.25 0.25 0.25
138.46685177965065
45.0
38.82778110532672 85.63203845403041
2
70.12101779466991 85.63203845403041
0.25 0.25 0.25 0.25
108.94879889999663
45.0
279.8468660425738 410.0727015010591
0
279.8468660425738 245.82178306931456
0.25 0.25 0.25 0.25
164.25091843174454
45.0
61.2410217284888 14.469647454835382
1
61.2410217284888 86.00427651279936
0.25 0.25 0.25 0.25
100.47392396763475
45.0
33.803452748359234 473.07452113250554
0
33.803452748359234 372.99269789467996
0.25 0.25 0.25 0.25
153.93278097281453
45.0
462.94674159640226 328.63056833444625
3
379.52116971412556 328.63056833444625
0.25 0.25 0.25 0.25
157.53208868947218
45.0
251.87242235923895 151.21950892461837
1
251.87242235923895 10.122891956524313
0.25 0.25 0.25 0.25
161.34240088114268
45.0
145.21666562803853 291.4206442077574
2
319.9238297994556 291.4206442077574
0.25 0.25 0.25 0.25
174.70716417141705
45.0
394.10600771300506 239.91799745142816
3
480.0358837097492 239.91799745142816
0.25 0.25 0.25 0.25
125.85810857724577
45.0
249.98313344506573 415.343040523638
3
206.29387145559406 415.343040523638
0.25 0.25 0.25 0.25
43.68926198947169
45.0
149.34894780305268 371.2521318842124
0
149.34894780305268 359.5013632878308
0.25 0.25 0.25 0.25
11.7507685963816
45.0
59.99900861984822 88.41202866188951
0
59.99900861984822 54.92554865446281
0.25 0.25 0.25 0.25
33.4864800074267
45.0
376.8942887877896 9.79375659689346
1
376.8942887877896 43.11129975634116
0.25 0.25 0.25 0.25
33.3175431594477
45.0
24.576308371040064 217.18360555068338
1
24.576308371040064 226.59864702486465
0.25 0.25 0.25 0.25
9.415041474181256
45.0
376.1624561655634 473.2238388613041
0
376.1624561655634 487.9981259322783
0.25 0.25 0.25 0.25
38.77803520641761
45.0
34.898250559238114 65.88814783478668
3
23.150458249671157 65.88814783478668
0.25 0.25 0.25 0.25
11.747792309566957
45.0
475.0400225302815 286.6711144983268
3
486.0626345537522 286.6711144983268
0.25 0.25 0.25 0.25
38.897342915966306
45.0
438.95399543809424 321.9726038630236
0
438.95399543809424 321.59574955516246
0.25 0.25 0.25 0.25
0.3768543078611575
45.0
194.3386064460936 428.64260064132094
0
194.3386064460936 396.3365540753141
0.25 0.25 0.25 0.25
32.30604656600686
45.0
140.2958290450516 251.4057522987649
0
140.2958290450516 207.03788018350286
0.25 0.25 0.25 0.25
44.367872115262024
45.0
81.46205059913376 276.88707741905284
2
94.24991615659556 276.88707741905284
0.25 0.25 0.25 0.25
12.787865557461792
45.0
187.83462196895672 445.5407143484597
1
187.83462196895672 478.560525004595
0.25 0.25 0.25 0.25
33.01981065613527
45.0
75.61490857801004 360.56961371300054
3
26.008017366851327 360.56961371300054
0.25 0.25 0.25 0.25
49.60689121115872
45.0
258.5567033916817 294.1363284692412
1
258.5567033916817 308.249623322226
0.25 0.25 0.25 0.25
14.113294852984781
45.0
174.38354005197155 63.89720597557133
2
209.51600011449278 63.89720597557133
0.25 0.25 0.25 0.25
35.132460062521226
45.0
129.66003357769256 146.29971921675252
2
160.4717207368842 146.29971921675252
0.25 0.25 0.25 0.25
30.811687159191635
45.0
87.32981674732864 489.3764559755515
0
87.32981674732864 480.2839517772642
0.25 0.25 0.25 0.25
30.33959224718434
45.0
229.7612342715447 366.91417664032974
0
229.7612342715447 342.1659247889272
0.25 0.25 0.25 0.25
24.748251851402536
45.0
66.83622859408007 33.45375766746595
1
66.83622859408007 54.298969912626895
0.25 0.25 0.25 0.25
20.845212245160944
45.0
34.2877530918149 320.15544122960415
2
37.59703211149136 320.15544122960415
0.25 0.25 0.25 0.25
3.3092790196764588
45.0
135.07906702498585 227.40545745750435
0
135.07906702498585 182.71184553965207
0.25 0.25 0.25 0.25
44.69361191785227
45.0
293.0929899293093 230.55629712993078
0
293.0929899293093 211.46150030118173
0.25 0.25 0.25 0.25
19.09479682874906
45.0
166.85710315371463 171.4856214783069
1
166.85710315371463 210.45973034577287
0.25 0.25 0.25 0.25
38.974108867465965
45.0
160.564984878911 177.079344394553
2
207.57356710449352 177.079344394553
0.25 0.25 0.25 0.25
47.00858222558254
45.0
458.8963885027452 430.2446365348582
1
458.8963885027452 466.42798265780607
0.25 0.25 0.25 0.25
36.18334612294786
45.0
202.28161859987136 323.8469656185536
1
202.28161859987136 354.2831828284443
0.25 0.25 0.25 0.25
30.436217209890682
45.0
35.404977074483824 153.63945921792075
1
35.404977074483824 175.94350629806166
0.25 0.25 0.25 0.25
22.304047080140926
45.0
23.600767567556062 339.40663897295366
0
23.600767567556062 334.10641772136563
0.25 0.25 0.25 0.25
5.300221251588033
45.0
320.0366164962402 360.9143595647747
1
320.0366164962402 394.78968347708474
0.25 0.25 0.25 0.25
33.87532391231005
45.0
9.685929181999882 240.22241661512345
2
27.83539620855042 240.22241661512345
0.25 0.25 0.25 0.25
37.5213253905503
45.0
473.7655400746637 437.6607365330874
1
473.7655400746637 474.6330540187664
0.25 0.25 0.25 0.25
36.97231748567901
45.0
364.1770851206712 251.08130418411653
2
374.5413453600153 251.08130418411653
0.25 0.25 0.25 0.25
10.36426023934408
45.0
494.0154733384242 424.81799511491243
3
467.1059115412295 424.81799511491243
0.25 0.25 0.25 0.25
38.87861512034629
45.0
52.095686729310614 447.1298968943207
3
14.59170316944462 447.1298968943207
0.25 0.25 0.25 0.25
37.50398355986599
45.0
493.47359115766284 109.39358514891768
0
493.47359115766284 99.83484744756666
0.25 0.25 0.25 0.25
9.558737701351022
45.0
345.09233650509236 154.12457714112168
1
345.09233650509236 185.03170858220687
0.25 0.25 0.25 0.25
30.907131441085202
45.0
419.2981162632757 179.72009588437714
0
419.2981162632757 155.0798431593669
0.25 0.25 0.25 0.25
24.64025272501025
45.0
