82172
416.41900244593216 132.2362755586464
3
295.71770540181154 132.2362755586464
0.25 0.25 0.25 0.25
120.70129704412062
45.0
300.3698439591612 382.506688566463
0
300.3698439591612 479.0264596538864
0.25 0.25 0.25 0.25
138.46685177965065
45.0
159.60900679463623 202.29273844589886
0
159.60900679463623 93.34393954590223
0.25 0.25 0.25 0.25
108.94879889999663
45.0
487.5812527029166 82.68005379417377
1
487.5812527029166 246.9309722259183
0.25 0.25 0.25 0.25
164.25091843174454
45.0
252.7103903110634 239.11369377184212
1
252.7103903110634 339.58761773947685
0.25 0.25 0.25 0.25
100.47392396763475
45.0
414.69387091733506 62.874830655873524
3
431.37334810985044 62.874830655873524
0.25 0.25 0.25 0.25
153.93278097281453
45.0
57.56667743515254 329.05904602355713
2
215.09876612462472 329.05904602355713
0.25 0.25 0.25 0.25
157.53208868947218
45.0
5.306762661335483 297.6332443748196
2
166.64916354247816 297.6332443748196
0.25 0.25 0.25 0.25
161.34240088114268
45.0
78.70890465694413 357.9284051788518
2
95.99825951447292 357.9284051788518
0.25 0.25 0.25 0.25
174.70716417141705
45.0
40.67774041631624 15.661254768801385
1
40.67774041631624 141.51936334604716
0.25 0.25 0.25 0.25
125.85810857724577
45.0
478.17524310240697 473.5913797866556
0
478.17524310240697 482.71935822387275
0.25 0.25 0.25 0.25
43.68926198947169
45.0
285.42949026306644 335.99982609506765
0
285.42949026306644 324.24905749868606
0.25 0.25 0.25 0.25
11.7507685963816
45.0
337.24435124647147 107.9124511598699
1
337.24435124647147 141.3989311672966
0.25 0.25 0.25 0.25
33.4864800074267
45.0
255.66532602514806 176.85517761070057
0
255.66532602514806 143.53763445125287
0.25 0.25 0.25 0.25
33.3175431594477
45.0
229.62981143185394 245.42872997322718
3
220.21476995767267 245.42872997322718
0.25 0.25 0.25 0.25
9.415041474181256
45.0
320.92659022543046 316.42815437289255
0
320.92659022543046 277.65011916647495
0.25 0.25 0.25 0.25
38.77803520641761
45.0
11.402665940104193 380.5279599287575
2
23.15045824967115 380.5279599287575
0.25 0.25 0.25 0.25
11.747792309566957
45.0
47.169250454652115 163.86148920755045
0
47.169250454652115 124.96414629158414
0.25 0.25 0.25 0.25
38.897342915966306
45.0
434.8085980516216 323.85687540232936
3
434.4317437437604 323.85687540232936
0.25 0.25 0.25 0.25
0.3768543078611575
45.0
196.30883943841388 170.19422811326606
2
228.61488600442075 170.19422811326606
0.25 0.25 0.25 0.25
32.30604656600686
45.0
365.58094443457094 216.17978231809101
0
365.58094443457094 171.81191020282898
0.25 0.25 0.25 0.25
44.367872115262024
45.0
404.4768405844142 328.0385396488999
3
391.68897502695245 328.0385396488999
0.25 0.25 0.25 0.25
12.787865557461792
45.0
425.3333304733616 488.41966433926973
0
425.3333304733616 455.39985368313444
0.25 0.25 0.25 0.25
33.01981065613527
45.0
242.5937703153421 467.64557191214374
3
192.9868791041834 467.64557191214374
0.25 0.25 0.25 0.25
49.60689121115872
45.0
329.12317765660555 183.67176197032194
1
329.12317765660555 197.78505682330672
0.25 0.25 0.25 0.25
14.113294852984781
45.0
471.7343388015471 96.47944247438309
0
471.7343388015471 61.34698241186186
0.25 0.25 0.25 0.25
35.132460062521226
45.0
212.02819052087233 84.67634489836918
3
181.21650336168068 84.67634489836918
0.25 0.25 0.25 0.25
30.811687159191635
45.0
389.519195062089 366.81154282973125
1
389.519195062089 397.1511350769156
0.25 0.25 0.25 0.25
30.33959224718434
45.0
260.5954027929009 53.806104833513295
2
285.34365464430346 53.806104833513295
0.25 0.25 0.25 0.25
24.748251851402536
45.0
141.6158938575294 283.59630460939735
1
141.6158938575294 304.4415168545583
0.25 0.25 0.25 0.25
20.845212245160944
45.0
130.2568446624321 71.9595147538694
2
133.56612368210855 71.9595147538694
0.25 0.25 0.25 0.25
3.3092790196764588
45.0
473.89096201769576 171.49930923630006
1
473.89096201769576 216.19292115415234
0.25 0.25 0.25 0.25
44.69361191785227
45.0
279.7509149331624 390.38523666497235
1
279.7509149331624 409.4800334937214
0.25 0.25 0.25 0.25
19.09479682874906
45.0
336.08036917769374 35.705370618258364
2
375.0544780451597 35.705370618258364
0.25 0.25 0.25 0.25
38.974108867465965
45.0
262.51225515133194 181.3498552200374
0
262.51225515133194 134.34127299445487
0.25 0.25 0.25 0.25
47.00858222558254
45.0
445.7626970602052 22.311865944563934
2
481.94604318315305 22.311865944563934
0.25 0.25 0.25 0.25
36.18334612294786
45.0
137.01401625369743 49.921010729537414
0
137.01401625369743 19.484793519646736
0.25 0.25 0.25 0.25
30.436217209890682
45.0
273.1695634411471 380.36204862567206
2
295.47361052128804 380.36204862567206
0.25 0.25 0.25 0.25
22.304047080140926
45.0
13.500781193560181 47.50951239297251
0
13.500781193560181 42.209291141384476
0.25 0.25 0.25 0.25
5.300221251588033
45.0
455.5379121454803 181.09082303218602
3
421.66258823317025 181.09082303218602
0.25 0.25 0.25 0.25
33.87532391231005
45.0
345.67182645292763 351.0803615427495
1
345.67182645292763 388.6016869332998
0.25 0.25 0.25 0.25
37.5213253905503
45.0
362.84858761762655 365.463529448396
1
362.84858761762655 402.435846934075
0.25 0.25 0.25 0.25
36.97231748567901
45.0
270.8987429665743 406.898107917528
3
260.53448272723017 406.898107917528
0.25 0.25 0.25 0.25
10.36426023934408
45.0
200.1771812379929 48.07202206257856
3
161.2985661176466 48.07202206257856
0.25 0.25 0.25 0.25
38.87861512034629
45.0
172.92821462988533 477.86213598594725
2
210.43219818975132 477.86213598594725
0.25 0.25 0.25 0.25
37.50398355986599
45.0
162.58523025223505 472.6256178002571
1
162.58523025223505 482.18435550160814
0.25 0.25 0.25 0.25
9.558737701351022
45.0
128.74241641749597 258.63992547825956
0
128.74241641749597 227.73279403717436
0.25 0.25 0.25 0.25
30.907131441085202
45.0
183.14595073859365 169.46973415895667
3
158.5056980135834 169.46973415895667
0.25 0.25 0.25 0.25
24.64025272501025
45.0
