82172
89.37996351960123 63.457028264576365
1
89.37996351960123 57.24426877954426
0.25 0.25 0.25 0.25
120.70129704412062
45.0
237.95886154957242 63.62590431493442
1
237.95886154957242 202.09275609458507
0.25 0.25 0.25 0.25
138.46685177965065
45.0
396.9674144946598 144.01446815412135
0
396.9674144946598 35.065669254124714
0.25 0.25 0.25 0.25
108.94879889999663
45.0
121.12741786857862 324.2149542004669
0
121.12741786857862 159.96403576872234
0.25 0.25 0.25 0.25
164.25091843174454
45.0
340.6546741420502 478.42149303064343
2
441.12859810968496 478.42149303064343
0.25 0.25 0.25 0.25
100.47392396763475
45.0
274.0621091972698 62.874830655873495
1
274.0621091972698 216.80761162868802
0.25 0.25 0.25 0.25
153.93278097281453
45.0
367.1124356701257 212.12531770808368
1
367.1124356701257 369.65740639755586
0.25 0.25 0.25 0.25
157.53208868947218
45.0
187.98123293295112 10.122891956524313
3
26.638832051808436 10.122891956524313
0.25 0.25 0.25 0.25
161.34240088114268
45.0
397.1696028288047 485.62920659232327
3
222.46243865738768 485.62920659232327
0.25 0.25 0.25 0.25
174.70716417141705
45.0
343.76145393338726 494.63604815814784
2
469.61956251063305 494.63604815814784
0.25 0.25 0.25 0.25
125.85810857724577
45.0
342.2146831818577 11.843527855381524
3
298.52542119238603 11.843527855381524
0.25 0.25 0.25 0.25
43.68926198947169
45.0
125.84741061028949 453.50751205888355
3
114.09664201390788 453.50751205888355
0.25 0.25 0.25 0.25
11.7507685963816
45.0
428.35028870154184 174.88541117472332
1
428.35028870154184 208.37189118215002
0.25 0.25 0.25 0.25
33.4864800074267
45.0
244.0978213665674 243.01655871302725
1
244.0978213665674 276.33410187247495
0.25 0.25 0.25 0.25
33.3175431594477
45.0
295.5351017511227 94.78806638632699
2
304.9501432253039 94.78806638632699
0.25 0.25 0.25 0.25
9.415041474181256
45.0
282.14855501901286 316.42815437289255
0
282.14855501901286 277.65011916647495
0.25 0.25 0.25 0.25
38.77803520641761
45.0
140.62838134534076 333.5367906904898
2
152.37617365490772 333.5367906904898
0.25 0.25 0.25 0.25
11.747792309566957
45.0
408.5762525134728 163.86148920755045
3
369.6789095975065 163.86148920755045
0.25 0.25 0.25 0.25
38.897342915966306
45.0
433.6780351280381 326.8717098652186
0
433.6780351280381 326.4948555573574
0.25 0.25 0.25 0.25
0.3768543078611575
45.0
482.1181384477302 170.19422811326606
1
482.1181384477302 202.50027467927293
0.25 0.25 0.25 0.25
32.30604656600686
45.0
78.09777671804929 438.01914289440106
3
33.729904602787265 438.01914289440106
0.25 0.25 0.25 0.25
44.367872115262024
45.0
480.43236939842984 149.00842184443488
1
480.43236939842984 161.79628740189668
0.25 0.25 0.25 0.25
12.787865557461792
45.0
376.5478055898267 478.560525004595
2
409.567616245962 478.560525004595
0.25 0.25 0.25 0.25
33.01981065613527
45.0
39.32322539795873 318.8248982786676
2
10.283665813199988 318.8248982786676
0.25 0.25 0.25 0.25
49.60689121115872
45.0
385.57635706854467 56.65210829345892
2
399.68965192152945 56.65210829345892
0.25 0.25 0.25 0.25
14.113294852984781
45.0
193.23217882264663 115.3207842874985
2
228.36463888516786 115.3207842874985
0.25 0.25 0.25 0.25
35.132460062521226
45.0
349.3009500635063 53.864657739177616
3
318.48926290431467 53.864657739177616
0.25 0.25 0.25 0.25
30.811687159191635
45.0
268.1608260733517 117.41538896813516
1
268.1608260733517 147.7549812153195
0.25 0.25 0.25 0.25
30.33959224718434
45.0
225.7772249975996 162.8690381830222
0
225.7772249975996 138.12078633161968
0.25 0.25 0.25 0.25
24.748251851402536
45.0
308.377591818817 362.6052749905921
3
287.53237957365604 362.6052749905921
0.25 0.25 0.25 0.25
20.845212245160944
45.0
110.40117054437337 148.0729322064279
3
107.09189152469692 148.0729322064279
0.25 0.25 0.25 0.25
3.3092790196764588
45.0
107.12599291438374 65.37154759334541
0
107.12599291438374 20.67793567549314
0.25 0.25 0.25 0.25
44.69361191785227
45.0
260.65611810441334 380.477201390039
1
260.65611810441334 399.57199821878805
0.25 0.25 0.25 0.25
19.09479682874906
45.0
209.55715496682976 386.4723504254521
3
170.5830460993638 386.4723504254521
0.25 0.25 0.25 0.25
38.974108867465965
45.0
19.539238202163304 168.53008195727068
2
66.54782042774585 168.53008195727068
0.25 0.25 0.25 0.25
47.00858222558254
45.0
264.7705339562119 190.09490511676324
1
264.7705339562119 226.2782512397111
0.25 0.25 0.25 0.25
36.18334612294786
45.0
15.167069795755953 193.56872694958804
1
15.167069795755953 224.00494415947873
0.25 0.25 0.25 0.25
30.436217209890682
45.0
228.56146928086525 402.666095705813
2
250.86551636100617 402.666095705813
0.25 0.25 0.25 0.25
22.304047080140926
45.0
18.300546315968013 137.613273669969
0
18.300546315968013 132.31305241838098
0.25 0.25 0.25 0.25
5.300221251588033
45.0
116.7846730223799 63.205133925954726
1
116.7846730223799 97.08045783826478
0.25 0.25 0.25 0.25
33.87532391231005
45.0
354.15757042266983 86.09975759899581
0
354.15757042266983 48.578432208445506
0.25 0.25 0.25 0.25
37.5213253905503
45.0
341.3728724969413 106.65730704864293
0
341.3728724969413 69.68498956296392
0.25 0.25 0.25 0.25
36.97231748567901
45.0
291.6272634452625 209.62426322674023
2
301.9915236846066 209.62426322674023
0.25 0.25 0.25 0.25
10.36426023934408
45.0
221.8651674960002 446.5059813729196
3
182.9865523756539 446.5059813729196
0.25 0.25 0.25 0.25
38.87861512034629
45.0
414.5279662115886 97.30517352842466
1
414.5279662115886 134.80915708829065
0.25 0.25 0.25 0.25
37.50398355986599
45.0
9.472048372083327 252.774650669183
1
9.472048372083327 262.333388370534
0.25 0.25 0.25 0.25
9.558737701351022
45.0
5.8579032321184705 474.98984556585594
2
36.76503467320367 474.98984556585594
0.25 0.25 0.25 0.25
30.907131441085202
45.0
207.7862034636039 387.0057167908586
1
207.7862034636039 411.6459695158689
0.25 0.25 0.25 0.25
24.64025272501025
45.0
