54307
404.382285134668 121.9185186846695
3
424.9315628038271 121.9185186846695
0.25 0.25 0.25 0.25
170.6861520615049
45.0
181.97194864109161 450.4289485311517
3
8.669790851567654 450.4289485311517
0.25 0.25 0.25 0.25
173.30215778952396
45.0
260.44665807774754 37.611179641775266
3
167.93361520561828 37.611179641775266
0.25 0.25 0.25 0.25
92.51304287212926
45.0
78.57601917521569 201.08845678578712
1
78.57601917521569 238.3061230980639
0.25 0.25 0.25 0.25
37.21766631227677
45.0
87.04858303900298 109.13120757071492
1
87.04858303900298 146.60262904382444
0.25 0.25 0.25 0.25
37.471421473109515
45.0
240.47686103360542 109.14796972138792
3
204.16572270613858 109.14796972138792
0.25 0.25 0.25 0.25
36.31113832746685
45.0
75.51943976680414 370.22706192300507
0
75.51943976680414 340.8252617052576
0.25 0.25 0.25 0.25
29.40180021774746
45.0
215.89395880303402 283.2754045065617
3
188.54466579929462 283.2754045065617
0.25 0.25 0.25 0.25
27.349293003739415
45.0
130.00823665659652 281.6833095411958
1
130.00823665659652 300.7227056309174
0.25 0.25 0.25 0.25
19.039396089721617
45.0
407.7228578505175 492.2270347208414
0
407.7228578505175 496.055470564545
0.25 0.25 0.25 0.25
11.717494714613618
45.0
368.2998703551274 444.10112996679527
0
368.2998703551274 394.1232499924059
0.25 0.25 0.25 0.25
49.977879974389374
45.0
145.61326976042247 307.1954260885796
0
145.61326976042247 265.47285392588634
0.25 0.25 0.25 0.25
41.72257216269325
45.0
385.0920786162761 437.0602188690944
2
429.8682929614319 437.0602188690944
0.25 0.25 0.25 0.25
44.77621434515579
45.0
379.6289876503246 157.44297381818654
0
379.6289876503246 117.61441268530264
0.25 0.25 0.25 0.25
39.828561132883905
45.0
334.8114463975198 322.0828692152336
2
344.5514899009415 322.0828692152336
0.25 0.25 0.25 0.25
9.740043503421692
45.0
276.451577833721 79.86611988361662
2
301.4643539756596 79.86611988361662
0.25 0.25 0.25 0.25
25.012776141938637
45.0
106.55884329119999 307.1366377038174
1
106.55884329119999 354.5998096035339
0.25 0.25 0.25 0.25
47.46317189971646
45.0
490.7280031119128 44.528430941410306
1
490.7280031119128 59.831562366148894
0.25 0.25 0.25 0.25
15.303131424738586
45.0
417.6657061846345 167.4189891640359
1
417.6657061846345 192.77292142119254
0.25 0.25 0.25 0.25
25.353932257156636
45.0
203.04153517432547 265.04905794250305
0
203.04153517432547 217.16466516554252
0.25 0.25 0.25 0.25
47.88439277696054
45.0
93.65973144272482 280.42472236458474
0
93.65973144272482 253.14383190419966
0.25 0.25 0.25 0.25
27.28089046038508
45.0
138.79393721189555 357.21848770278694
2
153.45413814928546 357.21848770278694
0.25 0.25 0.25 0.25
14.6602009373899
45.0
491.6668680584926 186.49158746762825
0
491.6668680584926 147.73898432683757
0.25 0.25 0.25 0.25
38.75260314079068
45.0
472.779878976619 146.0507531600528
0
472.779878976619 114.18978818177057
0.25 0.25 0.25 0.25
31.860964978282237
45.0
380.77997362728223 64.9943691723321
1
380.77997362728223 86.37712737724925
0.25 0.25 0.25 0.25
21.382758204917153
45.0
363.50477087570346 371.17510134430415
2
399.20166403917335 371.17510134430415
0.25 0.25 0.25 0.25
35.69689316346989
45.0
157.8916665410007 111.07809334545917
3
110.77941365300069 111.07809334545917
0.25 0.25 0.25 0.25
47.11225288800001
45.0
317.3247664454001 303.98458093031905
2
338.5224964626208 303.98458093031905
0.25 0.25 0.25 0.25
21.1977300172207
45.0
216.8841695507706 53.58988675688608
2
251.1411459672565 53.58988675688608
0.25 0.25 0.25 0.25
34.256976416485905
45.0
51.7060917474449 478.1768912164447
3
32.31765067797102 478.1768912164447
0.25 0.25 0.25 0.25
19.38844106947389
45.0
472.51684045448195 47.96392953621597
0
472.51684045448195 30.154695084490868
0.25 0.25 0.25 0.25
17.809234451725104
45.0
137.39042808593473 282.89120350759777
0
137.39042808593473 247.10250529698988
0.25 0.25 0.25 0.25
35.788698210607876
45.0
88.56542157302164 31.93740961741611
2
107.36359948885124 31.93740961741611
0.25 0.25 0.25 0.25
18.798177915829594
45.0
347.33794343598197 346.7945247854242
3
329.1157839962946 346.7945247854242
0.25 0.25 0.25 0.25
18.22215943968733
45.0
335.7844704792652 98.44121281769841
3
319.41479122212996 98.44121281769841
0.25 0.25 0.25 0.25
16.36967925713525
45.0
428.7187804704307 354.96997016593497
3
404.3983992635983 354.96997016593497
0.25 0.25 0.25 0.25
24.32038120683237
45.0
303.9542298044501 252.04046162287102
2
335.3975997134768 252.04046162287102
0.25 0.25 0.25 0.25
31.443369909026686
45.0
405.17996620203724 39.2309385967415
2
453.54800880668006 39.2309385967415
0.25 0.25 0.25 0.25
48.3680426046428
45.0
439.3057079738679 291.9630858053782
2
473.448291038717 291.9630858053782
0.25 0.25 0.25 0.25
34.142583064849106
45.0
77.02748223909501 19.771787353353886
1
77.02748223909501 51.2388967939752
0.25 0.25 0.25 0.25
31.467109440621314
45.0
435.983175145463 175.80764138187146
0
435.983175145463 173.86044537387164
0.25 0.25 0.25 0.25
1.9471960079998296
45.0
73.0045738140929 150.72989090697638
2
82.28615884667599 150.72989090697638
0.25 0.25 0.25 0.25
9.28158503258309
45.0
415.36218501474696 70.91777137196247
2
421.04880843168377 70.91777137196247
0.25 0.25 0.25 0.25
5.686623416936798
45.0
7.013004253946022 21.11343286194345
1
7.013004253946022 54.448728497672725
0.25 0.25 0.25 0.25
33.335295635729274
45.0
401.3602711610498 216.45595907401918
3
389.5534929828669 216.45595907401918
0.25 0.25 0.25 0.25
11.806778178182936
45.0
294.08035084646724 404.6245449348528
2
294.68049626445355 404.6245449348528
0.25 0.25 0.25 0.25
0.6001454179863308
45.0
402.1249221818308 488.7766727679282
0
402.1249221818308 465.43550291397287
0.25 0.25 0.25 0.25
45.78782431809893
45.0
454.5920992902062 114.64145148988766
3
497.63245432292246 114.64145148988766
0.25 0.25 0.25 0.25
47.77544638687137
45.0
