43182
237.3662964995064 93.77621149408174
1
237.3662964995064 229.4329266255217
0.25 0.25 0.25 0.25
135.65671513143997
45.0
213.99173676682244 336.20516313318313
0
213.99173676682244 218.49525350569212
0.25 0.25 0.25 0.25
117.709909627491
45.0
389.45607601966185 120.18992650801295
3
295.11866561782733 120.18992650801295
0.25 0.25 0.25 0.25
94.33741040183452
45.0
46.021484775222405 412.11036061396135
0
46.021484775222405 457.28372336922916
0.25 0.25 0.25 0.25
130.60591601680952
45.0
379.5625128744184 400.146592984251
1
379.5625128744184 488.09751142770926
0.25 0.25 0.25 0.25
87.95091844345824
45.0
463.5002424048355 81.4142946859184
1
463.5002424048355 53.36295493543952
0.25 0.25 0.25 0.25
134.77724962135792
45.0
280.63526212181137 251.0598913765211
1
280.63526212181137 418.3996044513327
0.25 0.25 0.25 0.25
167.3397130748116
45.0
144.11295055828865 137.658416491744
1
144.11295055828865 249.80200305896923
0.25 0.25 0.25 0.25
112.14358656722524
45.0
78.1803005855025 108.12548473062458
1
78.1803005855025 215.94126162394755
0.25 0.25 0.25 0.25
107.81577689332298
45.0
217.05510120955995 75.28513718103363
1
217.05510120955995 60.5580716797578
0.25 0.25 0.25 0.25
135.84320886079144
45.0
91.51208717898125 236.80406417212473
0
91.51208717898125 220.21538703578273
0.25 0.25 0.25 0.25
16.58867713634201
45.0
258.5990280097653 228.31588556184835
1
258.5990280097653 251.81539698278107
0.25 0.25 0.25 0.25
23.499511420932734
45.0
5.69447300773502 328.21085141132295
1
5.69447300773502 358.7442803073938
0.25 0.25 0.25 0.25
30.533428896070852
45.0
472.62703305948367 238.20196444319774
0
472.62703305948367 195.33876987412037
0.25 0.25 0.25 0.25
42.86319456907737
45.0
352.5394983861062 150.41704186378155
2
374.50816834982317 150.41704186378155
0.25 0.25 0.25 0.25
21.96866996371698
45.0
58.70817368605225 72.50488659965661
3
54.01154557389979 72.50488659965661
0.25 0.25 0.25 0.25
4.696628112152462
45.0
234.82490719439932 274.77736346729887
3
219.73011227165273 274.77736346729887
0.25 0.25 0.25 0.25
15.094794922746596
45.0
367.6261989573776 411.0023612197535
3
364.2763977121659 411.0023612197535
0.25 0.25 0.25 0.25
3.3498012452116974
45.0
451.3689742271397 175.89729077539317
1
451.3689742271397 192.1800129769264
0.25 0.25 0.25 0.25
16.28272220153324
45.0
118.71689590018617 279.77387581152107
1
118.71689590018617 303.3887148702887
0.25 0.25 0.25 0.25
23.61483905876762
45.0
279.6140472070123 367.70245555881485
0
279.6140472070123 356.76324182740825
0.25 0.25 0.25 0.25
10.939213731406571
45.0
98.96869541928726 347.3530762613629
3
78.4721134594401 347.3530762613629
0.25 0.25 0.25 0.25
20.49658195984717
45.0
15.945498618861897 108.69643355393339
2
0.8726979772237371 108.69643355393339
0.25 0.25 0.25 0.25
16.818196596085635
45.0
2.2203880804419747 414.3146534121077
2
9.291538963943859 414.3146534121077
0.25 0.25 0.25 0.25
11.511927044385834
45.0
92.22968738733178 230.3435266447624
2
130.95919180944682 230.3435266447624
0.25 0.25 0.25 0.25
38.72950442211505
45.0
446.70891899654964 104.09764732484024
3
398.2768024673057 104.09764732484024
0.25 0.25 0.25 0.25
48.43211652924396
45.0
374.96062350113044 405.25799768603827
0
374.96062350113044 393.5987679906246
0.25 0.25 0.25 0.25
11.659229695413693
45.0
469.7427027914157 362.3261748272301
1
469.7427027914157 376.61948380225687
0.25 0.25 0.25 0.25
14.29330897502677
45.0
473.1032104416822 87.09313618095652
1
473.1032104416822 110.13863302161664
0.25 0.25 0.25 0.25
23.045496840660114
45.0
125.7743779289373 477.31293873711707
2
126.05693542687071 477.31293873711707
0.25 0.25 0.25 0.25
0.2825574979334111
45.0
377.6326415274235 277.9976010354079
1
377.6326415274235 313.33068276866356
0.25 0.25 0.25 0.25
35.33308173325563
45.0
407.088097575388 284.89509262903147
0
407.088097575388 252.13872256946593
0.25 0.25 0.25 0.25
32.756370059565526
45.0
409.3595617038447 326.0493154272339
0
409.3595617038447 313.82062734964654
0.25 0.25 0.25 0.25
12.22868807758738
45.0
175.002774886535 368.93517174640886
1
175.002774886535 416.84514793927724
0.25 0.25 0.25 0.25
47.909976192868385
45.0
442.5631070896511 263.9753936505507
3
408.4768560662591 263.9753936505507
0.25 0.25 0.25 0.25
34.08625102339203
45.0
296.38034401788013 191.47890139654282
3
257.10090190294227 191.47890139654282
0.25 0.25 0.25 0.25
39.279442114937865
45.0
304.77805584405075 432.44336978105406
1
304.77805584405075 445.5545909285004
0.25 0.25 0.25 0.25
13.111221147446306
45.0
373.78226688348946 436.70724189738274
2
378.95716081672515 436.70724189738274
0.25 0.25 0.25 0.25
5.1748939332356745
45.0
482.80776157263904 147.17619041201198
0
482.80776157263904 98.67514868211947
0.25 0.25 0.25 0.25
48.501041729892506
45.0
424.4689130780368 34.14354288431396
1
424.4689130780368 68.84538704689751
0.25 0.25 0.25 0.25
34.701844162583555
45.0
127.3490764869274 425.1246032858258
2
164.66032529081798 425.1246032858258
0.25 0.25 0.25 0.25
37.311248803890585
45.0
142.4473479747217 122.23924200708473
0
142.4473479747217 100.53771968500789
0.25 0.25 0.25 0.25
21.701522322076833
45.0
175.67856000910064 474.0918089521374
3
139.35719287125482 474.0918089521374
0.25 0.25 0.25 0.25
36.321367137845805
45.0
131.1761008749017 172.41477000219254
2
136.39791758790673 172.41477000219254
0.25 0.25 0.25 0.25
5.221816713005034
45.0
253.37609462986288 158.9937156547669
0
253.37609462986288 130.43091262122002
0.25 0.25 0.25 0.25
28.562803033546874
45.0
59.369742019983676 295.3738536886138
1
59.369742019983676 329.7243486276964
0.25 0.25 0.25 0.25
34.35049493908258
45.0
37.146714283204005 199.04927067230517
2
55.85713236289962 199.04927067230517
0.25 0.25 0.25 0.25
18.710418079695618
45.0
45.03148960636393 320.7050458124611
2
80.18751896087028 320.7050458124611
0.25 0.25 0.25 0.25
35.15602935450635
45.0
