43182
355.6635581061737 313.19393390023816
2
491.32027323761366 313.19393390023816
0.25 0.25 0.25 0.25
135.65671513143997
45.0
374.5578113706325 252.34438500427189
1
374.5578113706325 370.0542946317629
0.25 0.25 0.25 0.25
117.709909627491
45.0
295.11866561782733 214.52733690984746
0
295.11866561782733 120.18992650801295
0.25 0.25 0.25 0.25
94.33741040183452
45.0
307.23331680884144 412.11036061396135
2
437.8392328256509 412.11036061396135
0.25 0.25 0.25 0.25
130.60591601680952
45.0
268.6338133517486 48.34291921041803
2
356.58473179520684 48.34291921041803
0.25 0.25 0.25 0.25
87.95091844345824
45.0
193.94574316211967 272.75079695777094
3
59.168493540761744 272.75079695777094
0.25 0.25 0.25 0.25
134.77724962135792
45.0
54.04416402781186 79.58125632423247
1
54.04416402781186 87.75845675057914
0.25 0.25 0.25 0.25
167.3397130748116
45.0
480.5437102599644 25.51482992451875
3
368.40012369273916 25.51482992451875
0.25 0.25 0.25 0.25
112.14358656722524
45.0
78.1803005855025 186.28325366385437
2
185.99607747882547 186.28325366385437
0.25 0.25 0.25 0.25
107.81577689332298
45.0
326.3177342336058 75.28513718103363
1
326.3177342336058 60.5580716797578
0.25 0.25 0.25 0.25
135.84320886079144
45.0
58.33473290629722 70.91729280870467
1
58.33473290629722 87.50596994504669
0.25 0.25 0.25 0.25
16.58867713634201
45.0
423.0956079562943 251.81539698278107
0
423.0956079562943 228.31588556184835
0.25 0.25 0.25 0.25
23.499511420932734
45.0
85.90581368047754 236.61056472311037
3
55.372384784406684 236.61056472311037
0.25 0.25 0.25 0.25
30.533428896070852
45.0
484.509772371439 452.5179372885847
3
472.62703305948367 452.5179372885847
0.25 0.25 0.25 0.25
42.86319456907737
45.0
418.44550827725715 436.00975139210243
3
396.47683831354016 436.00975139210243
0.25 0.25 0.25 0.25
21.96866996371698
45.0
68.10142991035717 53.71837415104677
1
68.10142991035717 58.41500226319923
0.25 0.25 0.25 0.25
4.696628112152462
45.0
325.39367673087884 244.5877736218057
3
310.29888180813225 244.5877736218057
0.25 0.25 0.25 0.25
15.094794922746596
45.0
374.32580144780104 411.0023612197535
0
374.32580144780104 407.65255997454176
0.25 0.25 0.25 0.25
3.3498012452116974
45.0
418.80352982407317 143.3318463723267
0
418.80352982407317 127.04912417079348
0.25 0.25 0.25 0.25
16.28272220153324
45.0
117.43149468748999 327.00355392905635
3
93.81665562872237 327.00355392905635
0.25 0.25 0.25 0.25
23.61483905876762
45.0
312.43168840123207 356.76324182740825
3
301.49247466982547 356.76324182740825
0.25 0.25 0.25 0.25
10.939213731406571
45.0
37.478949539745756 449.8359860605987
1
37.478949539745756 470.3325680204459
0.25 0.25 0.25 0.25
20.49658195984717
45.0
66.4000884071188 42.66733581083734
2
83.21828500320444 42.66733581083734
0.25 0.25 0.25 0.25
16.818196596085635
45.0
25.244242169213642 437.3385075008794
0
25.244242169213642 425.82658045649356
0.25 0.25 0.25 0.25
11.511927044385834
45.0
14.770678543101688 152.8845178005323
1
14.770678543101688 191.61402222264735
0.25 0.25 0.25 0.25
38.72950442211505
45.0
349.84468593806173 7.233414266352312
1
349.84468593806173 55.665530795596275
0.25 0.25 0.25 0.25
48.43211652924396
45.0
386.6198531965441 323.64338981814257
0
386.6198531965441 311.9841601227289
0.25 0.25 0.25 0.25
11.659229695413693
45.0
398.2761579162818 490.96595560247107
0
398.2761579162818 494.74073542250215
0.25 0.25 0.25 0.25
14.29330897502677
45.0
450.0577136010221 17.956645658976186
2
473.1032104416822 17.956645658976186
0.25 0.25 0.25 0.25
23.045496840660114
45.0
123.79647544340342 477.03038123918367
0
123.79647544340342 476.7478237412503
0.25 0.25 0.25 0.25
0.2825574979334111
45.0
483.6318867271905 30.666028902618528
1
483.6318867271905 65.99911063587416
0.25 0.25 0.25 0.25
35.33308173325563
45.0
494.64279224591536 55.60050221207271
3
461.8864221863498 55.60050221207271
0.25 0.25 0.25 0.25
32.756370059565526
45.0
433.81693785901945 326.0493154272339
0
433.81693785901945 313.82062734964654
0.25 0.25 0.25 0.25
12.22868807758738
45.0
270.8227272722718 135.494790832303
0
270.8227272722718 87.58481463943463
0.25 0.25 0.25 0.25
47.909976192868385
45.0
306.21810299608296 8.714614536585579
2
340.304354019475 8.714614536585579
0.25 0.25 0.25 0.25
34.08625102339203
45.0
257.10090190294227 83.47719340802223
1
257.10090190294227 122.7566355229601
0.25 0.25 0.25 0.25
39.279442114937865
45.0
435.8902673185139 379.9984851912688
3
422.7790461710676 379.9984851912688
0.25 0.25 0.25 0.25
13.111221147446306
45.0
394.48184261643223 447.05702976385413
1
394.48184261643223 452.2319236970898
0.25 0.25 0.25 0.25
5.1748939332356745
45.0
274.6870297778985 389.6813990614745
1
274.6870297778985 438.182440791367
0.25 0.25 0.25 0.25
48.501041729892506
45.0
459.17075724062033 0.558301278269596
1
459.17075724062033 35.26014544085315
0.25 0.25 0.25 0.25
34.701844162583555
45.0
90.03782768303682 462.4358520897164
3
52.72657887914624 462.4358520897164
0.25 0.25 0.25 0.25
37.311248803890585
45.0
164.14887029679855 100.53771968500789
0
164.14887029679855 78.83619736293105
0.25 0.25 0.25 0.25
21.701522322076833
45.0
5.928275680128408 416.94408963432517
1
5.928275680128408 453.265456772171
0.25 0.25 0.25 0.25
36.321367137845805
45.0
209.5033515699773 250.74202069726815
3
204.28153485697226 250.74202069726815
0.25 0.25 0.25 0.25
5.221816713005034
45.0
310.5017006969566 216.11932172186067
2
339.0645037305035 216.11932172186067
0.25 0.25 0.25 0.25
28.562803033546874
45.0
9.331247858181484 295.37385368861374
0
9.331247858181484 261.02335874953116
0.25 0.25 0.25 0.25
34.35049493908258
45.0
55.85713236289962 255.180524911392
1
55.85713236289962 273.8909429910876
0.25 0.25 0.25 0.25
18.710418079695618
45.0
341.684833293206 426.17313387598017
2
376.84086264771236 426.17313387598017
0.25 0.25 0.25 0.25
35.15602935450635
45.0
