46994
18.82805577707302 32.86564505468846
1
18.82805577707302 118.10179032799579
0.25 0.25 0.25 0.25
150.96743538268424
45.0
331.5200543935103 479.11428654426936
2
432.65133460770016 479.11428654426936
0.25 0.25 0.25 0.25
101.13128021418986
45.0
58.2310021408112 137.79944991270125
2
107.71382849159593 137.79944991270125
0.25 0.25 0.25 0.25
165.94483063240713
45.0
81.21766298216443 269.8909300334082
2
67.358590106419 269.8909300334082
0.25 0.25 0.25 0.25
148.57625308858343
45.0
169.45501685853748 18.487028836347648
2
281.3147634678806 18.487028836347648
0.25 0.25 0.25 0.25
111.8597466093431
45.0
75.18622255591778 148.92287607518813
0
75.18622255591778 61.06986429567998
0.25 0.25 0.25 0.25
87.85301177950815
45.0
263.64338144968053 148.3429546632646
1
263.64338144968053 254.97738025651952
0.25 0.25 0.25 0.25
106.63442559325492
45.0
37.0227425495147 187.02709702160448
2
151.2899585572263 187.02709702160448
0.25 0.25 0.25 0.25
114.2672160077116
45.0
453.0531825724703 149.06371705281813
3
407.5954586339128 149.06371705281813
0.25 0.25 0.25 0.25
139.35135879361687
45.0
177.0995346912826 126.05072437118048
1
177.0995346912826 246.400541813137
0.25 0.25 0.25 0.25
120.34981744195653
45.0
324.14145697976903 476.663011598106
0
324.14145697976903 457.81540364769955
0.25 0.25 0.25 0.25
18.847607950406402
45.0
374.4445703186217 181.50537300219423
3
362.91426887729784 181.50537300219423
0.25 0.25 0.25 0.25
11.530301441323838
45.0
432.371486621075 486.4375802651922
2
442.90342088968936 486.4375802651922
0.25 0.25 0.25 0.25
10.531934268614329
45.0
18.14593936044602 399.3359795602862
2
24.683375351093048 399.3359795602862
0.25 0.25 0.25 0.25
42.82931471153907
45.0
302.6350709311599 422.7107854373813
0
302.6350709311599 411.1661888007229
0.25 0.25 0.25 0.25
11.544596636658328
45.0
467.9352761584078 356.15272763871997
3
462.6097452601672 356.15272763871997
0.25 0.25 0.25 0.25
5.325530898240638
45.0
179.69084502912887 109.00877340519361
0
179.69084502912887 105.5897332696386
0.25 0.25 0.25 0.25
3.4190401355550017
45.0
92.75124354693392 87.83553531945887
3
60.598661588779976 87.83553531945887
0.25 0.25 0.25 0.25
32.152581958153945
45.0
53.363621902766425 267.30650736362014
1
53.363621902766425 280.70634023769594
0.25 0.25 0.25 0.25
13.399832874075813
45.0
387.6693119970961 38.19537825209912
1
387.6693119970961 8.075498766120916
0.25 0.25 0.25 0.25
46.270877018220034
45.0
40.488578302153314 220.22378100547508
1
40.488578302153314 260.4274261716914
0.25 0.25 0.25 0.25
40.20364516621635
45.0
36.9645899299857 42.43608818974312
3
24.627107725332436 42.43608818974312
0.25 0.25 0.25 0.25
12.337482204653261
45.0
469.1069106221599 47.64939408826231
3
461.8611045784142 47.64939408826231
0.25 0.25 0.25 0.25
7.245806043745712
45.0
330.60860946052344 257.06187503327044
1
330.60860946052344 304.68730881135025
0.25 0.25 0.25 0.25
47.625433778079795
45.0
461.5851150733414 488.7158380932689
0
461.5851150733414 472.80685153734305
0.25 0.25 0.25 0.25
38.47731036938802
45.0
106.85183087144094 353.1562449286211
3
89.48397818914769 353.1562449286211
0.25 0.25 0.25 0.25
17.367852682293243
45.0
289.89938787432425 472.40557445120754
1
289.89938787432425 475.46276519406183
0.25 0.25 0.25 0.25
3.057190742854299
45.0
275.1330757245733 87.9283174037092
1
275.1330757245733 94.76735309428192
0.25 0.25 0.25 0.25
6.8390356905727145
45.0
474.24006661960857 261.9729241455602
3
446.7465512629677 261.9729241455602
0.25 0.25 0.25 0.25
27.493515356640845
45.0
210.05350500117788 423.78782297720966
2
248.22743568892827 423.78782297720966
0.25 0.25 0.25 0.25
38.17393068775037
45.0
410.0465152640271 139.907328230832
1
410.0465152640271 175.8863737654202
0.25 0.25 0.25 0.25
35.979045534588174
45.0
113.00938375088299 73.85597446554439
1
113.00938375088299 80.54655106240597
0.25 0.25 0.25 0.25
6.690576596861569
45.0
259.5657744546158 398.9176554279407
3
214.26295433252756 398.9176554279407
0.25 0.25 0.25 0.25
45.302820122088235
45.0
196.37949086730256 279.33608755740397
2
216.53669204054637 279.33608755740397
0.25 0.25 0.25 0.25
20.157201173243795
45.0
211.7517816363076 75.35555221691621
2
221.8668771795472 75.35555221691621
0.25 0.25 0.25 0.25
10.115095543239589
45.0
331.94974350989025 495.9667456530992
0
331.94974350989025 475.12157494556243
0.25 0.25 0.25 0.25
20.84517070753682
45.0
53.60044966654647 125.32738119405269
1
53.60044966654647 129.2590480237301
0.25 0.25 0.25 0.25
3.9316668296773996
45.0
228.93158164254092 386.87593838267026
1
228.93158164254092 431.2135295175584
0.25 0.25 0.25 0.25
44.33759113488813
45.0
386.1768747747754 61.150672914713724
0
386.1768747747754 40.71567266822521
0.25 0.25 0.25 0.25
20.43500024648851
45.0
21.92668913118321 54.04579034307943
3
12.826148418965618 54.04579034307943
0.25 0.25 0.25 0.25
9.100540712217592
45.0
65.1565488360106 66.14033306055073
3
59.143972309539954 66.14033306055073
0.25 0.25 0.25 0.25
6.012576526470648
45.0
188.18630537788346 160.35251376996248
1
188.18630537788346 175.28903679822108
0.25 0.25 0.25 0.25
14.936523028258597
45.0
418.8298020341333 193.44952520214858
3
408.7997721219059 193.44952520214858
0.25 0.25 0.25 0.25
10.03002991222739
45.0
306.8472976308873 207.94892350225047
3
270.54480402396706 207.94892350225047
0.25 0.25 0.25 0.25
36.30249360692022
45.0
114.80009420009935 216.22552844772503
3
110.27810000104887 216.22552844772503
0.25 0.25 0.25 0.25
4.521994199050488
45.0
464.00635946717716 461.3056978864846
0
464.00635946717716 420.1943805850416
0.25 0.25 0.25 0.25
41.111317301442995
45.0
338.37717897372227 165.5035229038043
0
338.37717897372227 137.13376015687274
0.25 0.25 0.25 0.25
28.369762746931563
45.0
357.48054785235354 475.24153708132417
2
387.1919592526194 475.24153708132417
0.25 0.25 0.25 0.25
29.71141140026586
45.0
