69804
416.8284705667494 80.90851541571362
1
416.8284705667494 247.14859841661303
0.25 0.25 0.25 0.25
166.2400830008994
45.0
385.21258292797927 368.47889062858076
1
385.21258292797927 489.49023998094515
0.25 0.25 0.25 0.25
121.01134935236436
45.0
340.0668833625574 367.94994821536693
3
237.94984578531307 367.94994821536693
0.25 0.25 0.25 0.25
102.11703757724433
45.0
408.207792877589 68.52571062357701
3
299.67579389854046 68.52571062357701
0.25 0.25 0.25 0.25
108.53199897904854
45.0
53.71779496058538 52.120695611073714
2
34.21926288005889 52.120695611073714
0.25 0.25 0.25 0.25
87.93705784064427
45.0
80.04516112184571 155.9376651849031
2
177.42649474553986 155.9376651849031
0.25 0.25 0.25 0.25
97.38133362369415
45.0
161.56732192875293 143.67249296782475
1
161.56732192875293 0.540531946671706
0.25 0.25 0.25 0.25
144.21302491449646
45.0
325.92116180398716 381.9941263060208
3
173.73042219652783 381.9941263060208
0.25 0.25 0.25 0.25
152.19073960745934
45.0
55.30417195339865 244.4259995264213
0
55.30417195339865 109.559451301671
0.25 0.25 0.25 0.25
134.8665482247503
45.0
439.34274200987034 418.8748930577118
3
451.5598297208023 418.8748930577118
0.25 0.25 0.25 0.25
109.09742826932731
45.0
160.5234042399735 68.26465507844455
2
176.56837484696013 68.26465507844455
0.25 0.25 0.25 0.25
16.04497060698663
45.0
114.40167864536949 439.3662176273718
2
146.57169891848923 439.3662176273718
0.25 0.25 0.25 0.25
32.17002027311974
45.0
259.4276446102791 182.2238134517842
0
259.4276446102791 152.43607194544109
0.25 0.25 0.25 0.25
29.787741506343107
45.0
422.2305179430305 84.00918356054348
2
463.5889459522555 84.00918356054348
0.25 0.25 0.25 0.25
41.358428009224944
45.0
429.7108877627283 297.7772693755555
2
462.14841839648454 297.7772693755555
0.25 0.25 0.25 0.25
32.43753063375626
45.0
473.0317794213945 125.38037258266957
3
429.577373342144 125.38037258266957
0.25 0.25 0.25 0.25
43.454406079250475
45.0
394.7328237252034 181.333586550316
2
408.9326742245373 181.333586550316
0.25 0.25 0.25 0.25
14.199850499333955
45.0
403.9445641950938 275.67008604127886
2
422.21879150941425 275.67008604127886
0.25 0.25 0.25 0.25
18.27422731432044
45.0
90.77210306163893 205.78200499366767
1
90.77210306163893 214.8708994677806
0.25 0.25 0.25 0.25
9.088894474112907
45.0
396.52918759987534 384.1600720212013
3
378.0815814900935 384.1600720212013
0.25 0.25 0.25 0.25
18.447606109781802
45.0
294.4607385672454 88.92610099467126
3
256.84197602478946 88.92610099467126
0.25 0.25 0.25 0.25
37.61876254245596
45.0
192.61491530268697 490.9687997996993
0
192.61491530268697 489.44258487241973
0.25 0.25 0.25 0.25
1.52621492727959
45.0
73.17857150325776 95.33691506558226
1
73.17857150325776 140.60308027699614
0.25 0.25 0.25 0.25
45.26616521141388
45.0
305.8863459422179 129.09625692177246
1
305.8863459422179 164.67475815082437
0.25 0.25 0.25 0.25
35.57850122905191
45.0
110.98745535399846 250.86066423493023
0
110.98745535399846 217.42734604996366
0.25 0.25 0.25 0.25
33.433318184966566
45.0
11.126599970852054 182.28545019684375
1
11.126599970852054 197.4235828327895
0.25 0.25 0.25 0.25
15.13813263594574
45.0
372.23537277286835 199.28877848747848
3
351.5725791632326 199.28877848747848
0.25 0.25 0.25 0.25
20.66279360963576
45.0
148.77031666549067 404.69793926660157
3
109.24899191002608 404.69793926660157
0.25 0.25 0.25 0.25
39.52132475546459
45.0
455.56947774775153 176.80518971280247
1
455.56947774775153 210.7513840725403
0.25 0.25 0.25 0.25
33.94619435973782
45.0
394.4716884796328 416.7939473458571
1
394.4716884796328 450.4091882549449
0.25 0.25 0.25 0.25
33.615240909087866
45.0
312.77907617364093 358.76239618343385
2
315.4205304121359 358.76239618343385
0.25 0.25 0.25 0.25
2.641454238495
45.0
435.43127588439074 241.8042618544535
2
443.8521463894665 241.8042618544535
0.25 0.25 0.25 0.25
8.420870505075756
45.0
31.721029784472705 265.0341338066013
2
6.646867663096685 265.0341338066013
0.25 0.25 0.25 0.25
38.36789744756939
45.0
113.84836279021829 454.13792116397997
3
99.91160831049415 454.13792116397997
0.25 0.25 0.25 0.25
13.936754479724145
45.0
3.774768285495142 181.94515752797838
2
48.116963890078274 181.94515752797838
0.25 0.25 0.25 0.25
44.34219560458313
45.0
194.78869460387597 403.6195663622739
3
165.2429677037719 403.6195663622739
0.25 0.25 0.25 0.25
29.545726900104068
45.0
414.22878371669793 288.1440456963012
0
414.22878371669793 277.23297030821686
0.25 0.25 0.25 0.25
10.911075388084335
45.0
58.62063587948866 270.68447790656774
0
58.62063587948866 242.89136743614003
0.25 0.25 0.25 0.25
27.793110470427717
45.0
202.16676328362834 229.48757586917975
1
202.16676328362834 234.43024972134816
0.25 0.25 0.25 0.25
4.9426738521684115
45.0
478.4074994050693 72.96657241884145
3
474.53352553858406 72.96657241884145
0.25 0.25 0.25 0.25
47.05897505634664
45.0
188.71055609845018 342.15803004227286
0
188.71055609845018 329.16436973206714
0.25 0.25 0.25 0.25
12.993660310205712
45.0
205.80830381400375 461.68680869151535
2
237.41515695787749 461.68680869151535
0.25 0.25 0.25 0.25
31.606853143873735
45.0
24.880837170347135 418.0564570702917
0
24.880837170347135 386.61813709852686
0.25 0.25 0.25 0.25
31.438319971764805
45.0
340.72669544387577 451.60985175049194
1
340.72669544387577 483.57880840783264
0.25 0.25 0.25 0.25
31.968956657340676
45.0
221.30761224093516 339.7174390904478
0
221.30761224093516 304.7361223162912
0.25 0.25 0.25 0.25
34.9813167741566
45.0
375.98479497122463 499.65705974912504
3
354.2987425383112 499.65705974912504
0.25 0.25 0.25 0.25
21.68605243291339
45.0
279.02908437477805 288.6560110358813
3
250.00255231559458 288.6560110358813
0.25 0.25 0.25 0.25
29.02653205918348
45.0
339.2956688810134 35.522516876524676
2
376.0276774689927 35.522516876524676
0.25 0.25 0.25 0.25
36.73200858797931
45.0
