69804
258.2668935496607 80.90851541571362
3
92.02681054876132 80.90851541571362
0.25 0.25 0.25 0.25
166.2400830008994
45.0
290.2880455679882 491.8514975819211
3
169.27669621562384 491.8514975819211
0.25 0.25 0.25 0.25
121.01134935236436
45.0
76.05652217571105 181.2411499307691
0
76.05652217571105 79.12411235352477
0.25 0.25 0.25 0.25
102.11703757724433
45.0
20.50381533852132 394.12170756072237
0
20.50381533852132 497.34629346022905
0.25 0.25 0.25 0.25
108.53199897904854
45.0
460.71072041089394 211.69047791085922
3
451.35222174846183 211.69047791085922
0.25 0.25 0.25 0.25
87.93705784064427
45.0
335.6668371359894 188.57966321229634
3
238.28550351229524 188.57966321229634
0.25 0.25 0.25 0.25
97.38133362369415
45.0
431.0110229547953 269.98423297271404
3
286.7979980402988 269.98423297271404
0.25 0.25 0.25 0.25
144.21302491449646
45.0
109.13067191536234 229.80338669856147
1
109.13067191536234 381.9941263060208
0.25 0.25 0.25 0.25
152.19073960745934
45.0
451.2260818901092 272.04197000132535
3
316.35953366535887 272.04197000132535
0.25 0.25 0.25 0.25
134.8665482247503
45.0
184.54303950610486 35.99652040865399
3
75.44561123677755 35.99652040865399
0.25 0.25 0.25 0.25
109.09742826932731
45.0
208.65831606093337 132.44453750639104
2
224.70328666792 132.44453750639104
0.25 0.25 0.25 0.25
16.04497060698663
45.0
406.6612326367351 50.59660281664694
2
438.83125290985487 50.59660281664694
0.25 0.25 0.25 0.25
32.17002027311974
45.0
289.2153861166222 29.063786845056175
1
289.2153861166222 58.85152835139928
0.25 0.25 0.25 0.25
29.787741506343107
45.0
50.00466586000599 429.67206319154565
2
91.36309386923094 429.67206319154565
0.25 0.25 0.25 0.25
41.358428009224944
45.0
78.46150043785337 410.28495492063837
2
110.89903107160964 410.28495492063837
0.25 0.25 0.25 0.25
32.43753063375626
45.0
4.966687450360723 92.44031799082188
2
38.48771862888975 92.44031799082188
0.25 0.25 0.25 0.25
43.454406079250475
45.0
139.13551473719232 394.3313440403252
0
139.13551473719232 380.13149354099124
0.25 0.25 0.25 0.25
14.199850499333955
45.0
6.994065567668699 322.2969130436711
2
25.26829288198914 322.2969130436711
0.25 0.25 0.25 0.25
18.27422731432044
45.0
436.1500930779298 123.98195472665141
1
436.1500930779298 133.07084920076431
0.25 0.25 0.25 0.25
9.088894474112907
45.0
142.28065965557926 357.5734424418533
2
160.72826576536107 357.5734424418533
0.25 0.25 0.25 0.25
18.447606109781802
45.0
68.74816331250966 126.54486353712724
2
106.36692585496561 126.54486353712724
0.25 0.25 0.25 0.25
37.61876254245596
45.0
270.4518765939461 408.3010149998492
2
271.9780915212257 408.3010149998492
0.25 0.25 0.25 0.25
1.52621492727959
45.0
435.3078931945687 130.99391099148716
1
435.3078931945687 176.26007620290102
0.25 0.25 0.25 0.25
45.26616521141388
45.0
416.4238152159204 413.7242667541876
2
452.0023164449723 413.7242667541876
0.25 0.25 0.25 0.25
35.57850122905191
45.0
107.98790980500186 314.50619936050475
3
74.5545916200353 314.50619936050475
0.25 0.25 0.25 0.25
33.433318184966566
45.0
132.23166105841796 76.31852174522362
3
117.09352842247222 76.31852174522362
0.25 0.25 0.25 0.25
15.13813263594574
45.0
219.40991076793426 428.7809365390781
1
219.40991076793426 449.4437301487138
0.25 0.25 0.25 0.25
20.66279360963576
45.0
9.314982356367693 76.5604601094997
0
9.314982356367693 37.03913535403511
0.25 0.25 0.25 0.25
39.52132475546459
45.0
353.73089466853804 230.54914260405138
3
319.7847003088002 230.54914260405138
0.25 0.25 0.25 0.25
33.94619435973782
45.0
109.75692515668513 223.55972916396578
3
76.14168424759725 223.55972916396578
0.25 0.25 0.25 0.25
33.615240909087866
45.0
339.1936185585908 329.706399559989
3
336.5521643200958 329.706399559989
0.25 0.25 0.25 0.25
2.641454238495
45.0
182.8051607321181 486.0095065016504
3
174.38429022704236 486.0095065016504
0.25 0.25 0.25 0.25
8.420870505075756
45.0
88.25199528462778 495.24151849201746
0
88.25199528462778 466.3905840604132
0.25 0.25 0.25 0.25
38.36789744756939
45.0
398.3652304194369 259.02335844784216
1
398.3652304194369 272.9601129275663
0.25 0.25 0.25 0.25
13.936754479724145
45.0
225.48574630841074 447.9983311554772
0
225.48574630841074 403.6561355508941
0.25 0.25 0.25 0.25
44.34219560458313
45.0
106.15151390356378 5.46589563564493
2
135.69724080366785 5.46589563564493
0.25 0.25 0.25 0.25
29.545726900104068
45.0
337.85125600010764 39.1882159462287
1
337.85125600010764 50.09929133431304
0.25 0.25 0.25 0.25
10.911075388084335
45.0
358.8279981123251 271.23645484196567
1
358.8279981123251 299.0295653123934
0.25 0.25 0.25 0.25
27.793110470427717
45.0
118.14130779676532 130.63409882581152
1
118.14130779676532 135.57677267797993
0.25 0.25 0.25 0.25
4.9426738521684115
45.0
148.99467401064283 209.3872779192384
1
148.99467401064283 256.446252975585
0.25 0.25 0.25 0.25
47.05897505634664
45.0
97.7549339270102 397.9687637536129
2
110.74859423721591 397.9687637536129
0.25 0.25 0.25 0.25
12.993660310205712
45.0
268.2944933441023 222.24465986974707
3
236.68764020022857 222.24465986974707
0.25 0.25 0.25 0.25
31.606853143873735
45.0
370.70235685976 229.42653723970275
3
339.2640368879952 229.42653723970275
0.25 0.25 0.25 0.25
31.438319971764805
45.0
349.68903906631465 50.05768461752606
3
317.72008240897395 50.05768461752606
0.25 0.25 0.25 0.25
31.968956657340676
45.0
268.43082259725725 24.55391510165957
1
268.43082259725725 59.53523187581617
0.25 0.25 0.25 0.25
34.9813167741566
45.0
375.98479497122463 129.23846080536347
3
354.2987425383112 129.23846080536347
0.25 0.25 0.25 0.25
21.68605243291339
45.0
411.0638346829335 449.71729340322
1
411.0638346829335 478.7438254624035
0.25 0.25 0.25 0.25
29.02653205918348
45.0
420.99545418153093 156.3732941879308
2
457.7274627695102 156.3732941879308
0.25 0.25 0.25 0.25
36.73200858797931
45.0
