69804
94.5863125433649 67.41505362296073
2
260.8263955442643 67.41505362296073
0.25 0.25 0.25 0.25
166.2400830008994
45.0
194.56043002473325 332.30547167649604
3
73.54908067236889 332.30547167649604
0.25 0.25 0.25 0.25
121.01134935236436
45.0
476.86941725539725 325.6989390529001
0
476.86941725539725 223.58190147565574
0.25 0.25 0.25 0.25
102.11703757724433
45.0
258.6681632214978 70.7463445078022
2
367.20016220054634 70.7463445078022
0.25 0.25 0.25 0.25
108.53199897904854
45.0
34.219262880058835 113.61338665212044
0
34.219262880058835 25.676328811476168
0.25 0.25 0.25 0.25
87.93705784064427
45.0
167.09083365165958 330.96900293356765
0
167.09083365165958 233.5876693098735
0.25 0.25 0.25 0.25
97.38133362369415
45.0
396.30242892628235 269.98423297271404
3
252.0894040117859 269.98423297271404
0.25 0.25 0.25 0.25
144.21302491449646
45.0
456.591516308418 185.98859454937454
3
391.2177440841226 185.98859454937454
0.25 0.25 0.25 0.25
152.19073960745934
45.0
461.163797574348 468.1626492334128
3
403.9696542009017 468.1626492334128
0.25 0.25 0.25 0.25
134.8665482247503
45.0
178.99553645398524 290.0791132864145
0
178.99553645398524 180.9816850170872
0.25 0.25 0.25 0.25
109.09742826932731
45.0
369.1080221307996 357.0741260042038
3
353.063051523813 357.0741260042038
0.25 0.25 0.25 0.25
16.04497060698663
45.0
403.9318611034472 246.3460959886533
3
371.76184083032746 246.3460959886533
0.25 0.25 0.25 0.25
32.17002027311974
45.0
408.3663521419945 195.00702466744949
1
408.3663521419945 224.7947661737926
0.25 0.25 0.25 0.25
29.787741506343107
45.0
125.32379409985458 1.292327542093588
3
83.96536609062963 1.292327542093588
0.25 0.25 0.25 0.25
41.358428009224944
45.0
343.226397800978 312.97236301936965
3
310.7888671672218 312.97236301936965
0.25 0.25 0.25 0.25
32.43753063375626
45.0
80.84480435366208 179.34913014932283
3
37.39039827441161 179.34913014932283
0.25 0.25 0.25 0.25
43.454406079250475
45.0
252.73431873186402 486.0593869183797
3
238.53446823253006 486.0593869183797
0.25 0.25 0.25 0.25
14.199850499333955
45.0
43.542520196309596 285.7484584150302
3
25.268292881989154 285.7484584150302
0.25 0.25 0.25 0.25
18.27422731432044
45.0
445.69427875860225 387.55989447592606
2
454.78317323271517 387.55989447592606
0.25 0.25 0.25 0.25
9.088894474112907
45.0
175.15791428249355 365.7124659114195
3
156.71030817271173 365.7124659114195
0.25 0.25 0.25 0.25
18.447606109781802
45.0
256.84197602478946 261.3133250606402
2
294.4607385672454 261.3133250606402
0.25 0.25 0.25 0.25
37.61876254245596
45.0
192.61491530268697 480.2852953087423
0
192.61491530268697 478.75908038146275
0.25 0.25 0.25 0.25
1.52621492727959
45.0
470.0154110337087 226.99104535092897
3
484.71842375487745 226.99104535092897
0.25 0.25 0.25 0.25
45.26616521141388
45.0
196.01463685105574 164.67475815082437
2
231.59313808010765 164.67475815082437
0.25 0.25 0.25 0.25
35.57850122905191
45.0
156.47909012573407 253.63865408856483
1
156.47909012573407 287.0719722735314
0.25 0.25 0.25 0.25
33.433318184966566
45.0
117.09352842247222 485.9313489433398
0
117.09352842247222 470.79321630739406
0.25 0.25 0.25 0.25
15.13813263594574
45.0
41.63067501869622 95.97481043929966
3
20.967881409060464 95.97481043929966
0.25 0.25 0.25 0.25
20.66279360963576
45.0
45.793904927791445 239.61013793421705
2
85.31522968325604 239.61013793421705
0.25 0.25 0.25 0.25
39.52132475546459
45.0
405.8202775887654 347.94808925086795
3
371.8740832290276 347.94808925086795
0.25 0.25 0.25 0.25
33.94619435973782
45.0
134.91493879313725 122.7140064367021
3
101.29969788404938 122.7140064367021
0.25 0.25 0.25 0.25
33.615240909087866
45.0
217.6867235878214 298.00894869804915
3
215.04526934932642 298.00894869804915
0.25 0.25 0.25 0.25
2.641454238495
45.0
497.2017600750032 132.3329452884687
3
488.78088956992747 132.3329452884687
0.25 0.25 0.25 0.25
8.420870505075756
45.0
234.41958598531696 106.69321128993147
0
234.41958598531696 68.32531384236208
0.25 0.25 0.25 0.25
38.36789744756939
45.0
281.0894165469081 384.4541487653593
0
281.0894165469081 370.5173942856352
0.25 0.25 0.25 0.25
13.936754479724145
45.0
112.32965840007353 463.2676322671304
2
156.67185400465667 463.2676322671304
0.25 0.25 0.25 0.25
44.34219560458313
45.0
106.15151390356378 123.6488032360612
3
76.60578700345971 123.6488032360612
0.25 0.25 0.25 0.25
29.545726900104068
45.0
276.20373937535993 362.7015418850003
0
276.20373937535993 351.790466496916
0.25 0.25 0.25 0.25
10.911075388084335
45.0
386.0691316473548 201.7984000907034
0
386.0691316473548 174.0052896202757
0.25 0.25 0.25 0.25
27.793110470427717
45.0
93.42793853592329 451.90789921675827
3
88.48526468375488 451.90789921675827
0.25 0.25 0.25 0.25
4.9426738521684115
45.0
262.761697890292 367.08194657364186
3
215.70272283394536 367.08194657364186
0.25 0.25 0.25 0.25
47.05897505634664
45.0
357.0231769301897 497.5701098789016
0
357.0231769301897 489.4362298108927
0.25 0.25 0.25 0.25
12.993660310205712
45.0
59.193338698595056 93.82387156899028
1
59.193338698595056 125.43072471286402
0.25 0.25 0.25 0.25
31.606853143873735
45.0
283.4761234508269 254.83861811499358
0
283.4761234508269 223.40029814322878
0.25 0.25 0.25 0.25
31.438319971764805
45.0
363.7333084787776 36.01341520506306
1
363.7333084787776 67.98237186240374
0.25 0.25 0.25 0.25
31.968956657340676
45.0
253.9726361467159 330.99252349160145
3
218.9913193725593 330.99252349160145
0.25 0.25 0.25 0.25
34.9813167741566
45.0
493.8988904312949 258.66889490109395
1
493.8988904312949 280.35494733400736
0.25 0.25 0.25 0.25
21.68605243291339
45.0
234.07393024417303 72.37237663383499
1
234.07393024417303 101.39890869301847
0.25 0.25 0.25 0.25
29.02653205918348
45.0
147.39985781655798 292.6465769923798
2
184.13186640453728 292.6465769923798
0.25 0.25 0.25 0.25
36.73200858797931
45.0
