69804
411.81244244314405 426.1861913905303
0
411.81244244314405 259.9461083896309
0.25 0.25 0.25 0.25
166.2400830008994
45.0
264.2012335756149 368.47889062858076
3
143.18988422325052 368.47889062858076
0.25 0.25 0.25 0.25
121.01134935236436
45.0
157.00318398051206 121.46486389841141
3
54.88614640326773 121.46486389841141
0.25 0.25 0.25 0.25
102.11703757724433
45.0
64.81617445196399 218.17431490020965
1
64.81617445196399 326.7063138792582
0.25 0.25 0.25 0.25
108.53199897904854
45.0
441.2121883303673 3.123998476657647
3
470.85075382898845 3.123998476657647
0.25 0.25 0.25 0.25
87.93705784064427
45.0
361.8535008990479 279.50566257165576
2
459.23483452274206 279.50566257165576
0.25 0.25 0.25 0.25
97.38133362369415
45.0
386.81125452480705 125.77120805821758
1
386.81125452480705 18.441816856278876
0.25 0.25 0.25 0.25
144.21302491449646
45.0
260.58598455177173 444.29474898349133
2
412.7767241592311 444.29474898349133
0.25 0.25 0.25 0.25
152.19073960745934
45.0
459.9038166276496 295.0401933725799
3
405.2296351476001 295.0401933725799
0.25 0.25 0.25 0.25
134.8665482247503
45.0
306.2161102993666 35.63796559565165
1
306.2161102993666 73.45946267367566
0.25 0.25 0.25 0.25
109.09742826932731
45.0
224.70328666792 20.129743257484662
0
224.70328666792 4.0847726504980315
0.25 0.25 0.25 0.25
16.04497060698663
45.0
17.007773980397374 496.2937418263887
0
17.007773980397374 471.5362379004915
0.25 0.25 0.25 0.25
32.17002027311974
45.0
153.0598898005719 477.3278187627765
0
153.0598898005719 492.88443973088044
0.25 0.25 0.25 0.25
29.787741506343107
45.0
40.109917937045175 419.6896803287571
1
40.109917937045175 461.04810833798206
0.25 0.25 0.25 0.25
41.358428009224944
45.0
78.46150043785332 395.0898612768242
3
46.02396980409705 395.0898612768242
0.25 0.25 0.25 0.25
32.43753063375626
45.0
81.39346453090116 135.89472407007236
1
81.39346453090116 179.34913014932283
0.25 0.25 0.25 0.25
43.454406079250475
45.0
309.5337207291998 145.26297493436505
0
309.5337207291998 131.06312443503109
0.25 0.25 0.25 0.25
14.199850499333955
45.0
230.5708895184971 157.828867214787
0
230.5708895184971 139.55463990046655
0.25 0.25 0.25 0.25
18.27422731432044
45.0
399.7945151814781 160.33753262310307
1
399.7945151814781 169.426427097216
0.25 0.25 0.25 0.25
9.088894474112907
45.0
64.47227762380271 476.3981025701104
2
82.91988373358451 476.3981025701104
0.25 0.25 0.25 0.25
18.447606109781802
45.0
482.5545512795252 190.11182544883133
1
482.5545512795252 227.73058799128728
0.25 0.25 0.25 0.25
37.61876254245596
45.0
215.50813921188092 457.3920713995488
3
213.98192428460132 457.3920713995488
0.25 0.25 0.25 0.25
1.52621492727959
45.0
13.209393570675118 316.2029371860375
0
13.209393570675118 270.93677197462364
0.25 0.25 0.25 0.25
45.26616521141388
45.0
480.64264668347084 191.11025413969475
0
480.64264668347084 155.53175291064284
0.25 0.25 0.25 0.25
35.57850122905191
45.0
44.12081898406532 250.63910853956824
3
10.687500799098757 250.63910853956824
0.25 0.25 0.25 0.25
33.433318184966566
45.0
261.3597874761713 75.06280461423381
1
261.3597874761713 90.20093725017955
0.25 0.25 0.25 0.25
15.13813263594574
45.0
359.148310301867 75.3120168296639
3
338.4855166922313 75.3120168296639
0.25 0.25 0.25 0.25
20.66279360963576
45.0
285.96425564461987 37.03913535403511
2
325.4855804000845 37.03913535403511
0.25 0.25 0.25 0.25
39.52132475546459
45.0
118.69035914325976 396.0427194388325
1
118.69035914325976 429.9889137985703
0.25 0.25 0.25 0.25
33.94619435973782
45.0
168.53017970222513 314.2841253814401
2
202.145420611313 314.2841253814401
0.25 0.25 0.25 0.25
33.615240909087866
45.0
270.51580835772114 282.16022326707923
0
270.51580835772114 279.51876902858425
0.25 0.25 0.25 0.25
2.641454238495
45.0
460.693887399618 309.17122589505954
2
469.11475790469376 309.17122589505954
0.25 0.25 0.25 0.25
8.420870505075756
45.0
275.2221497960825 377.70315978611325
2
313.59004724365184 377.70315978611325
0.25 0.25 0.25 0.25
38.36789744756939
45.0
350.7731889455288 239.25348028208913
1
350.7731889455288 253.1902347618133
0.25 0.25 0.25 0.25
13.936754479724145
45.0
198.0657108320084 266.0779963116118
0
198.0657108320084 221.73580070702866
0.25 0.25 0.25 0.25
44.34219560458313
45.0
372.0630560045003 153.19453013616527
3
342.51732910439625 153.19453013616527
0.25 0.25 0.25 0.25
29.545726900104068
45.0
258.43895464077224 482.7233711539279
1
258.43895464077224 493.63444654201226
0.25 0.25 0.25 0.25
10.911075388084335
45.0
135.93113741350535 436.8911637937361
1
135.93113741350535 464.68427426416383
0.25 0.25 0.25 0.25
27.793110470427717
45.0
212.05211098796516 432.1372038080846
2
216.99478484013358 432.1372038080846
0.25 0.25 0.25 0.25
4.9426738521684115
45.0
486.2950493553046 68.21035275019847
1
486.2950493553046 115.2693278065451
0.25 0.25 0.25 0.25
47.05897505634664
45.0
253.07389444854402 86.63276019451564
3
240.0802341383383 86.63276019451564
0.25 0.25 0.25 0.25
12.993660310205712
45.0
312.04816384958497 30.610165281242757
3
280.4413107057112 30.610165281242757
0.25 0.25 0.25 0.25
31.606853143873735
45.0
126.2845235920029 166.54989729617316
0
126.2845235920029 135.11157732440836
0.25 0.25 0.25 0.25
31.438319971764805
45.0
107.98165522005215 291.76506846378845
3
76.01269856271148 291.76506846378845
0.25 0.25 0.25 0.25
31.968956657340676
45.0
326.25156256340495 59.866904897195006
3
291.27024578924835 59.866904897195006
0.25 0.25 0.25 0.25
34.9813167741566
45.0
342.096523400901 23.24978672678007
3
320.4104709679876 23.24978672678007
0.25 0.25 0.25 0.25
21.68605243291339
45.0
263.10046230335655 479.13173249065096
0
263.10046230335655 491.8417354501656
0.25 0.25 0.25 0.25
29.02653205918348
45.0
294.32789216847516 484.5423880568352
0
294.32789216847516 478.7256033551855
0.25 0.25 0.25 0.25
36.73200858797931
45.0
