80624
46.69248207897596 343.5383650474051
2
158.94000123362648 343.5383650474051
0.25 0.25 0.25 0.25
112.24751915465052
45.0
440.5674290594775 291.08486277362124
1
440.5674290594775 448.47781470815596
0.25 0.25 0.25 0.25
157.3929519345347
45.0
131.20956578984064 277.94264556866017
0
131.20956578984064 103.56043527960023
0.25 0.25 0.25 0.25
174.38221028905994
45.0
261.1194306787137 399.76745994295743
0
261.1194306787137 245.19787691691883
0.25 0.25 0.25 0.25
154.5695830260386
45.0
133.9401658588252 192.84578915676812
0
133.9401658588252 87.0442866505748
0.25 0.25 0.25 0.25
105.80150250619332
45.0
480.2746386288733 141.4737481087443
1
480.2746386288733 239.5455579935782
0.25 0.25 0.25 0.25
98.0718098848339
45.0
360.6263191000115 222.75259395296484
2
485.8403834490382 222.75259395296484
0.25 0.25 0.25 0.25
125.21406434902674
45.0
468.3044750698316 308.4459516739465
3
319.01202397858947 308.4459516739465
0.25 0.25 0.25 0.25
149.29245109124213
45.0
409.00507565108853 388.71209894037247
0
409.00507565108853 491.91146801288664
0.25 0.25 0.25 0.25
119.37643304674086
45.0
145.84755963562358 204.38562856376674
0
145.84755963562358 31.78751969414492
0.25 0.25 0.25 0.25
172.59810886962183
45.0
124.89168173965088 145.4448725948405
1
124.89168173965088 264.87024065775114
0.25 0.25 0.25 0.25
119.42536806291066
45.0
3.9234769657420827 63.27638480726796
1
3.9234769657420827 166.62822441660424
0.25 0.25 0.25 0.25
103.35183960933628
45.0
101.72914769551568 308.0064474123435
2
219.63677098069562 308.0064474123435
0.25 0.25 0.25 0.25
117.90762328517994
45.0
123.3346809770303 348.2544939057366
3
14.566850375901822 348.2544939057366
0.25 0.25 0.25 0.25
108.76783060112848
45.0
444.92541492603516 183.3243212150188
0
444.92541492603516 26.784204793889216
0.25 0.25 0.25 0.25
156.5401164211296
45.0
406.7203286314492 216.40348372564165
0
406.7203286314492 92.10754372128369
0.25 0.25 0.25 0.25
124.29594000435796
45.0
227.1213865518226 66.69483195219146
2
325.434966790045 66.69483195219146
0.25 0.25 0.25 0.25
98.31358023822239
45.0
368.11751128785363 452.3606379534963
0
368.11751128785363 282.86443766229604
0.25 0.25 0.25 0.25
169.49620029120024
45.0
111.39459328502721 200.7312592748466
2
258.40560219608085 200.7312592748466
0.25 0.25 0.25 0.25
147.01100891105364
45.0
447.75672912868697 180.96612759651532
3
446.67157109959453 180.96612759651532
0.25 0.25 0.25 0.25
105.57169977171849
45.0
189.5876302211691 2.696130340076479
1
189.5876302211691 154.6853805951963
0.25 0.25 0.25 0.25
151.98925025511983
45.0
174.6467828888807 70.46652004567676
1
174.6467828888807 43.11581609316545
0.25 0.25 0.25 0.25
113.58233613884221
45.0
458.86305757397656 89.48030398583671
3
288.98583862167743 89.48030398583671
0.25 0.25 0.25 0.25
169.87721895229913
45.0
48.652002893452675 219.25586306454738
2
193.9102927164323 219.25586306454738
0.25 0.25 0.25 0.25
145.25828982297963
45.0
42.29681198836161 138.68070898162097
2
61.17460428061662 138.68070898162097
0.25 0.25 0.25 0.25
103.47141626897823
45.0
347.82804808857355 347.75174289804073
1
347.82804808857355 482.1682513127562
0.25 0.25 0.25 0.25
134.41650841471545
45.0
347.86005176552584 136.28253049518378
3
197.1080403084777 136.28253049518378
0.25 0.25 0.25 0.25
150.75201145704813
45.0
341.3961116879575 372.8955898742031
0
341.3961116879575 467.86245445446366
0.25 0.25 0.25 0.25
159.24195567133327
45.0
307.58624627078893 7.883241765720186
2
448.2151082859343 7.883241765720186
0.25 0.25 0.25 0.25
140.6288620151454
45.0
181.9336543480792 57.139457123182524
2
340.7009691652096 57.139457123182524
0.25 0.25 0.25 0.25
158.7673148171304
45.0
59.209679272626175 70.1285591624455
1
59.209679272626175 49.91735113623355
0.25 0.25 0.25 0.25
120.04591029867905
45.0
263.4365301171273 28.249854080303606
2
351.01398017488987 28.249854080303606
0.25 0.25 0.25 0.25
87.57745005776255
45.0
425.35815734316304 22.45367213646523
3
402.1294201820229 22.45367213646523
0.25 0.25 0.25 0.25
172.51242247481406
45.0
14.865643857602407 285.5180751344053
0
14.865643857602407 160.25722975473795
0.25 0.25 0.25 0.25
125.26084537966736
45.0
495.68520852355744 179.13667901348492
1
495.68520852355744 278.5128320813632
0.25 0.25 0.25 0.25
99.37615306787826
45.0
203.43689090425352 109.38453019873907
1
203.43689090425352 36.31305162994357
0.25 0.25 0.25 0.25
145.69758182868264
45.0
415.15758324076626 370.398577378912
1
415.15758324076626 480.29080687363415
0.25 0.25 0.25 0.25
109.89222949472214
45.0
390.8236568745657 403.1724778071198
3
283.498080994041 403.1724778071198
0.25 0.25 0.25 0.25
107.3255758805247
45.0
82.78705230065981 334.372613040789
1
82.78705230065981 484.0506427832297
0.25 0.25 0.25 0.25
149.6780297424407
45.0
456.9640921370965 147.43990916437218
3
445.33933269381384 147.43990916437218
0.25 0.25 0.25 0.25
97.69657516908964
45.0
91.43097503509449 193.7319436257722
0
91.43097503509449 104.76591249512515
0.25 0.25 0.25 0.25
88.96603113064705
45.0
453.4958390205471 222.13420199974155
0
453.4958390205471 67.44113101145376
0.25 0.25 0.25 0.25
154.6930709882878
45.0
103.0121372722619 381.06112590660064
0
103.0121372722619 494.488593098005
0.25 0.25 0.25 0.25
124.45028099539431
45.0
352.09673789533224 19.868233979011848
1
352.09673789533224 132.95917211224958
0.25 0.25 0.25 0.25
113.09093813323773
45.0
174.13397637109554 58.66450955464987
1
174.13397637109554 47.36481489590932
0.25 0.25 0.25 0.25
106.02932445055919
45.0
39.26763431898053 82.65119185875483
2
172.11832850943642 82.65119185875483
0.25 0.25 0.25 0.25
132.8506941904559
45.0
83.89514859357018 437.84217944572435
2
223.0480221420063 437.84217944572435
0.25 0.25 0.25 0.25
139.1528735484361
45.0
441.1935470411844 394.2194959011515
0
441.1935470411844 257.2108103090513
0.25 0.25 0.25 0.25
137.00868559210022
45.0
