80624
393.662711934782 217.6992307258475
3
281.4151927801315 217.6992307258475
0.25 0.25 0.25 0.25
112.24751915465052
45.0
41.14533998796725 88.87724273208053
2
116.24761194656745 88.87724273208053
0.25 0.25 0.25 0.25
157.3929519345347
45.0
253.0572798742604 114.35127192797867
1
253.0572798742604 288.7334822170386
0.25 0.25 0.25 0.25
174.38221028905994
45.0
211.99389773790378 245.19787691691883
1
211.99389773790378 399.76745994295743
0.25 0.25 0.25 0.25
154.5695830260386
45.0
77.66283915356149 278.14669831226536
2
183.4643416597548 278.14669831226536
0.25 0.25 0.25 0.25
105.80150250619332
45.0
147.49540667104952 446.9571112002591
2
245.56721655588342 446.9571112002591
0.25 0.25 0.25 0.25
98.0718098848339
45.0
110.198190401958 151.17708430190146
2
15.01587394706874 151.17708430190146
0.25 0.25 0.25 0.25
125.21406434902674
45.0
323.20493802507394 457.73840276518865
2
472.49738911631607 457.73840276518865
0.25 0.25 0.25 0.25
149.29245109124213
45.0
381.6414200500245 149.9592328468907
3
262.26498700328364 149.9592328468907
0.25 0.25 0.25 0.25
119.37643304674086
45.0
354.0343217229763 450.41815369698963
0
354.0343217229763 376.98373743338857
0.25 0.25 0.25 0.25
172.59810886962183
45.0
110.52588331241739 376.8536551535169
1
110.52588331241739 496.27902321642756
0.25 0.25 0.25 0.25
119.42536806291066
45.0
32.39157045686866 130.31317699399347
0
32.39157045686866 26.961337384657185
0.25 0.25 0.25 0.25
103.35183960933628
45.0
20.60807143772334 272.67247731743805
1
20.60807143772334 390.580100602618
0.25 0.25 0.25 0.25
117.90762328517994
45.0
123.3346809770303 241.08391593150327
2
232.10251157815878 241.08391593150327
0.25 0.25 0.25 0.25
108.76783060112848
45.0
36.06436713586879 372.79311752013007
2
120.4757492852608 372.79311752013007
0.25 0.25 0.25 0.25
156.5401164211296
45.0
339.0553113946985 416.341176226421
3
214.75937139034053 416.341176226421
0.25 0.25 0.25 0.25
124.29594000435796
45.0
362.76009487751173 408.0088716211443
0
362.76009487751173 309.69529138292194
0.25 0.25 0.25 0.25
98.31358023822239
45.0
462.38628842094613 242.6013649585061
1
462.38628842094613 412.09756524970635
0.25 0.25 0.25 0.25
169.49620029120024
45.0
53.2404685302763 171.65419689747114
2
93.77054038077733 171.65419689747114
0.25 0.25 0.25 0.25
147.01100891105364
45.0
346.9621669905274 447.8265248571372
0
346.9621669905274 342.2548250854187
0.25 0.25 0.25 0.25
105.57169977171849
45.0
325.9316220573346 26.83587702351872
2
477.92087231245443 26.83587702351872
0.25 0.25 0.25 0.25
151.98925025511983
45.0
401.8114551665651 134.45712698242772
3
484.6062086945926 134.45712698242772
0.25 0.25 0.25 0.25
113.58233613884221
45.0
7.021341858463529 231.01082020496676
1
7.021341858463529 400.8880391572659
0.25 0.25 0.25 0.25
169.87721895229913
45.0
109.87014891214483 107.61363076328269
2
255.12843873512446 107.61363076328269
0.25 0.25 0.25 0.25
145.25828982297963
45.0
42.296811988361554 274.53388429392305
0
42.296811988361554 171.06246802494482
0.25 0.25 0.25 0.25
103.47141626897823
45.0
399.5865613027272 272.4196755803171
3
465.9969302825573 272.4196755803171
0.25 0.25 0.25 0.25
134.41650841471545
45.0
171.92441839106584 205.44534347728683
2
322.67642984811397 205.44534347728683
0.25 0.25 0.25 0.25
150.75201145704813
45.0
295.5717109973756 423.31418848246324
2
454.81366666870883 423.31418848246324
0.25 0.25 0.25 0.25
159.24195567133327
45.0
114.30033977464723 242.178550476606
1
114.30033977464723 382.8074124917514
0.25 0.25 0.25 0.25
140.6288620151454
45.0
119.02199376070399 151.93167931761752
2
277.7893085778344 151.93167931761752
0.25 0.25 0.25 0.25
158.7673148171304
45.0
458.980127779231 389.4858149809389
0
458.980127779231 490.46827472038206
0.25 0.25 0.25 0.25
120.04591029867905
45.0
298.67621959405983 130.10865546660497
0
298.67621959405983 42.531205408842425
0.25 0.25 0.25 0.25
87.57745005776255
45.0
460.4326921920474 329.5437304676017
3
287.92026971723334 329.5437304676017
0.25 0.25 0.25 0.25
172.51242247481406
45.0
259.12704550492083 406.6053944393951
3
133.86620012525347 406.6053944393951
0.25 0.25 0.25 0.25
125.26084537966736
45.0
5.042912505383555 191.61361765591982
1
5.042912505383555 290.9897707237981
0.25 0.25 0.25 0.25
99.37615306787826
45.0
289.4852543306005 453.52272431521305
0
289.4852543306005 400.77969385610436
0.25 0.25 0.25 0.25
145.69758182868264
45.0
266.1356628225681 260.50634788418984
3
156.243433327846 260.50634788418984
0.25 0.25 0.25 0.25
109.89222949472214
45.0
111.7344054527801 290.7307772719037
1
111.7344054527801 398.0563531524284
0.25 0.25 0.25 0.25
107.3255758805247
45.0
216.5690071842216 114.66147618653312
1
216.5690071842216 35.01655355590759
0.25 0.25 0.25 0.25
149.6780297424407
45.0
359.2675169680068 197.2778948937793
3
261.5709417989172 197.2778948937793
0.25 0.25 0.25 0.25
97.69657516908964
45.0
112.80463259797696 229.72455446458056
2
201.77066372862402 229.72455446458056
0.25 0.25 0.25 0.25
88.96603113064705
45.0
226.96119396198606 252.95493381286303
3
72.26812297369827 252.95493381286303
0.25 0.25 0.25 0.25
154.6930709882878
45.0
390.39123467247 498.88634513485056
3
265.94095367707564 498.88634513485056
0.25 0.25 0.25 0.25
124.45028099539431
45.0
465.18767602856997 468.13240495221817
3
421.7213858381923 468.13240495221817
0.25 0.25 0.25 0.25
113.09093813323773
45.0
386.19262527221395 107.6580594015013
2
492.22194972277316 107.6580594015013
0.25 0.25 0.25 0.25
106.02932445055919
45.0
430.5801297471867 341.1129930965051
3
297.7294355567308 341.1129930965051
0.25 0.25 0.25 0.25
132.8506941904559
45.0
29.327839793918656 371.145176683945
2
109.82503375451745 371.145176683945
0.25 0.25 0.25 0.25
139.1528735484361
45.0
400.2543461858861 249.8847312040512
0
400.2543461858861 112.87604561195099
0.25 0.25 0.25 0.25
137.00868559210022
45.0
