75318
450.7797003841056 391.2103956790643
3
355.80603614928987 391.2103956790643
0.25 0.25 0.25 0.25
94.97366423481571
45.0
217.36422685948185 365.30055661352424
2
354.95875668255985 365.30055661352424
0.25 0.25 0.25 0.25
137.594529823078
45.0
419.99898115407893 427.53040006933554
3
418.9217550080741 427.53040006933554
0.25 0.25 0.25 0.25
161.07926383784695
45.0
358.39749800069956 401.58410202416815
3
270.7217300883927 401.58410202416815
0.25 0.25 0.25 0.25
87.67576791230685
45.0
455.2925720270787 353.14297084718237
1
455.2925720270787 487.9704770517882
0.25 0.25 0.25 0.25
134.82750620460578
45.0
171.60814627732552 149.49975115336673
1
171.60814627732552 249.72886139868788
0.25 0.25 0.25 0.25
100.22911024532115
45.0
336.2054055169825 385.68513110995946
3
236.48039194118087 385.68513110995946
0.25 0.25 0.25 0.25
99.72501357580165
45.0
365.72013648245434 137.26318193289325
2
467.39330416150756 137.26318193289325
0.25 0.25 0.25 0.25
101.6731676790532
45.0
369.69417073355623 399.6635428595331
0
369.69417073355623 499.03293612872733
0.25 0.25 0.25 0.25
101.30352101173958
45.0
223.56689775835756 489.98044954200793
0
223.56689775835756 322.20790144414343
0.25 0.25 0.25 0.25
167.77254809786447
45.0
338.7940806334971 334.25447655874956
2
468.6565480484096 334.25447655874956
0.25 0.25 0.25 0.25
129.8624674149125
45.0
439.39618529923473 386.88928720407455
3
328.6631457552 386.88928720407455
0.25 0.25 0.25 0.25
110.73303954403472
45.0
150.91576107130402 207.8533296317823
2
282.5156165048559 207.8533296317823
0.25 0.25 0.25 0.25
131.5998554335519
45.0
243.7705777421765 329.965154099454
2
407.7025130681693 329.965154099454
0.25 0.25 0.25 0.25
163.9319353259928
45.0
81.50535924389114 187.12108174557767
2
178.0956780057217 187.12108174557767
0.25 0.25 0.25 0.25
96.59031876183057
45.0
452.06422670731774 200.43393325032585
1
452.06422670731774 293.1865949826582
0.25 0.25 0.25 0.25
92.75266173233237
45.0
288.22612000591766 466.8437931193812
0
288.22612000591766 402.5149759234173
0.25 0.25 0.25 0.25
130.64123095720154
45.0
17.41351855737753 469.3576530350898
2
144.79749037483327 469.3576530350898
0.25 0.25 0.25 0.25
162.2110089322108
45.0
462.27389103721816 342.16932492292057
0
462.27389103721816 209.43558087481222
0.25 0.25 0.25 0.25
132.73374404810835
45.0
354.63438589941774 15.482471536108903
3
213.67393209820762 15.482471536108903
0.25 0.25 0.25 0.25
140.96045380121012
45.0
305.9553487784689 440.5545070544956
2
403.0094474782028 440.5545070544956
0.25 0.25 0.25 0.25
97.05409869973388
45.0
103.42504085528637 212.64618827456317
1
103.42504085528637 375.4947232384402
0.25 0.25 0.25 0.25
162.84853496387703
45.0
336.82913207697254 336.708107599297
3
203.4219756575751 336.708107599297
0.25 0.25 0.25 0.25
133.40715641939744
45.0
238.2269701877508 186.73937599097144
2
398.4603058478144 186.73937599097144
0.25 0.25 0.25 0.25
160.23333566006363
45.0
362.4387309104368 15.983978728660134
3
220.96455669886788 15.983978728660134
0.25 0.25 0.25 0.25
141.4741742115689
45.0
339.40701280335026 331.59234361232467
3
242.66194717583562 331.59234361232467
0.25 0.25 0.25 0.25
96.74506562751465
45.0
419.8183889968475 414.07060250346956
0
419.8183889968475 475.4743686417004
0.25 0.25 0.25 0.25
110.45502885483006
45.0
79.35034930163266 185.97539577233917
1
79.35034930163266 357.82541607420217
0.25 0.25 0.25 0.25
171.850020301863
45.0
264.45462974999725 167.5111885232672
0
264.45462974999725 65.5082171312306
0.25 0.25 0.25 0.25
102.00297139203661
45.0
403.1892282709091 227.43509664011776
3
479.62905118765343 227.43509664011776
0.25 0.25 0.25 0.25
117.18172054143747
45.0
408.3609747717454 144.26761853627795
3
436.05179701402153 144.26761853627795
0.25 0.25 0.25 0.25
155.58722821423305
45.0
111.78575208088961 74.94200268622478
2
264.41861631758877 74.94200268622478
0.25 0.25 0.25 0.25
152.63286423669916
45.0
471.0364157276059 175.4680408193227
1
471.0364157276059 266.33667773515594
0.25 0.25 0.25 0.25
90.86863691583322
45.0
68.25608873999904 104.47070096083952
2
167.4877593170615 104.47070096083952
0.25 0.25 0.25 0.25
99.23167057706245
45.0
102.95825794370415 317.56064881819213
0
102.95825794370415 200.03060251152326
0.25 0.25 0.25 0.25
117.53004630666888
45.0
63.12290816748035 287.3771638767417
0
63.12290816748035 167.81909799538704
0.25 0.25 0.25 0.25
119.55806588135466
45.0
295.6303231644333 322.4858461454156
3
201.38635089805993 322.4858461454156
0.25 0.25 0.25 0.25
94.24397226637339
45.0
140.9419198280579 65.51736132199875
2
26.057358294454275 65.51736132199875
0.25 0.25 0.25 0.25
166.99927812251218
45.0
41.71937233238418 475.4140283344601
0
41.71937233238418 370.0009575814697
0.25 0.25 0.25 0.25
105.4130707529904
45.0
316.1334894425498 121.38968159728803
2
316.9155585333017 121.38968159728803
0.25 0.25 0.25 0.25
0.7820690907518968
45.0
399.8574064113585 398.51670287160033
0
399.8574064113585 370.47128918552244
0.25 0.25 0.25 0.25
28.045413686077868
45.0
52.08257711214718 50.86676364143135
0
52.08257711214718 49.51847537321093
0.25 0.25 0.25 0.25
1.3482882682204156
45.0
167.616317493234 95.23119944580807
3
139.0699535726444 95.23119944580807
0.25 0.25 0.25 0.25
28.546363920589595
45.0
195.96220463602242 45.905697548136565
2
231.68067654398638 45.905697548136565
0.25 0.25 0.25 0.25
35.718471907963966
45.0
11.844572598938473 397.55448547658375
3
11.830598600639846 397.55448547658375
0.25 0.25 0.25 0.25
0.013973998298627555
45.0
113.40194090300781 226.39051939063052
0
113.40194090300781 204.6072244638592
0.25 0.25 0.25 0.25
21.7832949267713
45.0
146.9942438969558 48.88990251061493
2
147.12572488177523 48.88990251061493
0.25 0.25 0.25 0.25
0.13148098481943205
45.0
247.29730318664795 432.9400627117302
0
247.29730318664795 428.76260324968547
0.25 0.25 0.25 0.25
4.177459462044758
45.0
