78800
219.16062942767488 25.007363003348225
1
219.16062942767488 30.842093721583026
0.25 0.25 0.25 0.25
5.834730718234804
45.0
87.89328525114371 126.1992090156291
0
87.89328525114371 106.11724964952651
0.25 0.25 0.25 0.25
20.08195936610258
45.0
53.062334198397195 285.1066467615524
3
20.29899123848449 285.1066467615524
0.25 0.25 0.25 0.25
32.763342959912706
45.0
175.26139628924895 227.1135814144267
3
145.64213554665315 227.1135814144267
0.25 0.25 0.25 0.25
29.61926074259581
45.0
334.69950960876633 397.2122095823537
1
334.69950960876633 417.14667466506774
0.25 0.25 0.25 0.25
19.934465082714066
45.0
278.3113049484803 57.460776497264334
3
239.66270262409228 57.460776497264334
0.25 0.25 0.25 0.25
38.64860232438805
45.0
115.51651527039792 21.2881758432465
2
134.50911390135244 21.2881758432465
0.25 0.25 0.25 0.25
18.99259863095451
45.0
483.40050502563884 274.30408770161824
1
483.40050502563884 315.65243829458666
0.25 0.25 0.25 0.25
41.34835059296842
45.0
127.70170129222828 470.86030548310043
3
101.47346061110031 470.86030548310043
0.25 0.25 0.25 0.25
26.228240681127968
45.0
475.62881547056173 193.15014048207863
0
475.62881547056173 184.58320272188982
0.25 0.25 0.25 0.25
8.566937760188814
45.0
123.52125417733151 316.46379204822955
1
123.52125417733151 331.1591409278407
0.25 0.25 0.25 0.25
14.695348879611197
45.0
162.0634138404086 193.36746581935344
0
162.0634138404086 168.99578066231624
0.25 0.25 0.25 0.25
24.371685157037216
45.0
479.4038259225546 263.0099140967038
2
493.8996465062925 263.0099140967038
0.25 0.25 0.25 0.25
14.495820583737935
45.0
249.33106238066807 362.83249689862924
3
209.88210503751742 362.83249689862924
0.25 0.25 0.25 0.25
39.44895734315065
45.0
289.4225778390412 240.42644824255524
3
279.0411868578034 240.42644824255524
0.25 0.25 0.25 0.25
10.381390981237814
45.0
301.704180260806 196.23885012524957
0
301.704180260806 192.8741355055907
0.25 0.25 0.25 0.25
3.3647146196588706
45.0
182.55872003942233 55.475997830532286
0
182.55872003942233 53.69524322762669
0.25 0.25 0.25 0.25
1.7807546029055987
45.0
128.8517955289081 230.54111906694425
2
160.82048183206254 230.54111906694425
0.25 0.25 0.25 0.25
31.968686303154453
45.0
281.6359711772961 183.65446509132596
1
281.6359711772961 221.26161909241506
0.25 0.25 0.25 0.25
37.60715400108909
45.0
372.00341830539793 397.1382534541884
3
358.9789139435786 397.1382534541884
0.25 0.25 0.25 0.25
13.024504361819316
45.0
467.46151504486886 7.067269834379918
3
453.6105756975651 7.067269834379918
0.25 0.25 0.25 0.25
13.850939347303775
45.0
336.3799873526489 230.57094561087612
3
294.0260469913338 230.57094561087612
0.25 0.25 0.25 0.25
42.35394036131512
45.0
330.9989317625696 93.67008609860933
3
322.5858643714526 93.67008609860933
0.25 0.25 0.25 0.25
8.413067391117002
45.0
398.9748393350725 229.31050888185817
1
398.9748393350725 238.35847259587177
0.25 0.25 0.25 0.25
9.047963714013612
45.0
440.7465166474941 457.30200284756705
2
444.50115769868944 457.30200284756705
0.25 0.25 0.25 0.25
3.7546410511953177
45.0
55.52684327707686 285.28417701152256
0
55.52684327707686 274.08432712998257
0.25 0.25 0.25 0.25
11.199849881539997
45.0
58.76289535726717 376.48505548762387
2
69.78404076517234 376.48505548762387
0.25 0.25 0.25 0.25
11.021145407905165
45.0
28.736459950484683 420.14263149083234
2
35.828885884187045 420.14263149083234
0.25 0.25 0.25 0.25
7.092425933702362
45.0
327.8909043848839 115.05019144093987
2
360.6773959921093 115.05019144093987
0.25 0.25 0.25 0.25
32.78649160722542
45.0
73.2227357642667 246.81462213712496
3
53.639126257550856 246.81462213712496
0.25 0.25 0.25 0.25
19.58360950671585
45.0
407.18038812264405 286.53189759060535
1
407.18038812264405 287.7775720202022
0.25 0.25 0.25 0.25
1.2456744295968325
45.0
250.63416094526775 367.39217306766983
2
282.0738164373847 367.39217306766983
0.25 0.25 0.25 0.25
31.43965549211696
45.0
175.89835632396512 474.95830226567824
0
175.89835632396512 457.90044790620374
0.25 0.25 0.25 0.25
17.057854359474494
45.0
383.33182037857625 284.369090497065
2
423.43122361454 284.369090497065
0.25 0.25 0.25 0.25
40.09940323596375
45.0
318.8340850002624 27.03003439204944
3
310.16816028974284 27.03003439204944
0.25 0.25 0.25 0.25
8.66592471051958
45.0
79.71833698837789 474.2787222926042
0
79.71833698837789 472.64230517697223
0.25 0.25 0.25 0.25
1.6364171156319773
45.0
413.6348378560766 272.8483459926636
1
413.6348378560766 302.31792603898214
0.25 0.25 0.25 0.25
29.469580046318516
45.0
51.86276126773023 360.3757911001397
0
51.86276126773023 356.533767601982
0.25 0.25 0.25 0.25
3.8420234981576873
45.0
371.515453680412 157.56269271591776
3
340.83227186572765 157.56269271591776
0.25 0.25 0.25 0.25
30.683181814684335
45.0
483.9924035642697 417.38485874922833
3
437.4259128274133 417.38485874922833
0.25 0.25 0.25 0.25
46.56649073685642
45.0
356.8073498156067 167.477804541659
3
321.361464954913 167.477804541659
0.25 0.25 0.25 0.25
35.44588486069367
45.0
1.3990322011241858 270.4908668151079
2
17.151138369358897 270.4908668151079
0.25 0.25 0.25 0.25
18.550170570483083
45.0
100.58052534415941 11.136371653276857
2
104.41795727490755 11.136371653276857
0.25 0.25 0.25 0.25
3.8374319307481364
45.0
404.8873020681479 359.12346802475275
1
404.8873020681479 360.0338006924082
0.25 0.25 0.25 0.25
0.9103326676554335
45.0
497.99309115088613 444.64150169502557
3
461.90304700758224 444.64150169502557
0.25 0.25 0.25 0.25
36.09004414330391
45.0
247.0743345512626 360.8513569092054
1
247.0743345512626 388.77599465470934
0.25 0.25 0.25 0.25
27.92463774550395
45.0
389.0179917118219 124.16025752323507
0
389.0179917118219 108.08406608646172
0.25 0.25 0.25 0.25
16.076191436773353
45.0
218.56002956041053 309.6197411394461
3
169.82452277326587 309.6197411394461
0.25 0.25 0.25 0.25
48.735506787144665
45.0
