78800
213.32589870944008 77.51993946746146
3
207.4911679912053 77.51993946746146
0.25 0.25 0.25 0.25
5.834730718234804
45.0
288.7128789121695 74.62038464539671
1
288.7128789121695 94.70234401149929
0.25 0.25 0.25 0.25
20.08195936610258
45.0
85.82567715830993 448.92336156111605
1
85.82567715830993 481.6867045210288
0.25 0.25 0.25 0.25
32.763342959912706
45.0
441.8347429726113 315.97136364221416
3
412.2154822300155 315.97136364221416
0.25 0.25 0.25 0.25
29.61926074259581
45.0
243.39997778994157 263.9018840115076
0
243.39997778994157 243.96741892879353
0.25 0.25 0.25 0.25
19.934465082714066
45.0
51.283351436241134 329.02524674661606
0
51.283351436241134 290.376644422228
0.25 0.25 0.25 0.25
38.64860232438805
45.0
257.7277299081037 78.26597173611003
3
238.73513127714918 78.26597173611003
0.25 0.25 0.25 0.25
18.99259863095451
45.0
61.767638451708535 59.92274896801825
3
20.419287858740113 59.92274896801825
0.25 0.25 0.25 0.25
41.34835059296842
45.0
347.73348508521275 470.86030548310043
0
347.73348508521275 444.6320648019725
0.25 0.25 0.25 0.25
26.228240681127968
45.0
424.2271889094289 278.8195180839667
2
432.7941266696177 278.8195180839667
0.25 0.25 0.25 0.25
8.566937760188814
45.0
167.60730081616512 198.5896949246016
3
152.91195193655392 198.5896949246016
0.25 0.25 0.25 0.25
14.695348879611197
45.0
235.17846931152022 315.2258916045395
0
235.17846931152022 290.8542064475023
0.25 0.25 0.25 0.25
24.371685157037216
45.0
448.11707115875566 12.410676994316859
1
448.11707115875566 2.085143589421076
0.25 0.25 0.25 0.25
14.495820583737935
45.0
237.83249215837338 307.79977793493185
0
237.83249215837338 268.3508205917812
0.25 0.25 0.25 0.25
39.44895734315065
45.0
451.04264763001345 209.2822752988418
2
461.42403861125126 209.2822752988418
0.25 0.25 0.25 0.25
10.381390981237814
45.0
278.15117792319404 213.06242322354396
2
281.5158925428529 213.06242322354396
0.25 0.25 0.25 0.25
3.3647146196588706
45.0
161.1896648045551 48.352979418909904
3
159.4089102016495 48.352979418909904
0.25 0.25 0.25 0.25
1.7807546029055987
45.0
222.8037538057909 121.11443026775471
0
222.8037538057909 89.14574396460026
0.25 0.25 0.25 0.25
31.968686303154453
45.0
18.38589316967242 371.69023509677146
2
19.22126083141667 371.69023509677146
0.25 0.25 0.25 0.25
37.60715400108909
45.0
289.3594682873 292.9422185596339
1
289.3594682873 305.9667229214532
0.25 0.25 0.25 0.25
13.024504361819316
45.0
495.1633937394764 463.86466797394854
3
490.9856669132198 463.86466797394854
0.25 0.25 0.25 0.25
13.850939347303775
45.0
425.99093915102316 192.9684580022751
3
383.63699878970806 192.9684580022751
0.25 0.25 0.25 0.25
42.35394036131512
45.0
288.93359480698456 102.08315348972633
2
297.34666219810157 102.08315348972633
0.25 0.25 0.25 0.25
8.413067391117002
45.0
447.20977752669575 57.39919831559967
2
456.2577412407094 57.39919831559967
0.25 0.25 0.25 0.25
9.047963714013612
45.0
421.9733113915174 426.30412456537755
3
418.2186703403221 426.30412456537755
0.25 0.25 0.25 0.25
3.7546410511953177
45.0
302.8683529322029 423.5197260684377
3
291.66850305066293 423.5197260684377
0.25 0.25 0.25 0.25
11.199849881539997
45.0
113.868622396793 343.4216192639083
2
124.88976780469817 343.4216192639083
0.25 0.25 0.25 0.25
11.021145407905165
45.0
64.19858961899648 469.78961302674895
0
64.19858961899648 462.6971870930466
0.25 0.25 0.25 0.25
7.092425933702362
45.0
327.8909043848839 459.32035929643155
1
327.8909043848839 492.10685090365695
0.25 0.25 0.25 0.25
32.78649160722542
45.0
103.02974979617593 305.5654506572725
1
103.02974979617593 325.14906016398834
0.25 0.25 0.25 0.25
19.58360950671585
45.0
397.2149926858695 264.10975785786263
3
395.9693182562727 264.10975785786263
0.25 0.25 0.25 0.25
1.2456744295968325
45.0
376.39278291373563 450.03886972737126
0
376.39278291373563 418.5992142352543
0.25 0.25 0.25 0.25
31.43965549211696
45.0
346.47689991871016 36.77732851855676
1
346.47689991871016 53.83518287803125
0.25 0.25 0.25 0.25
17.057854359474494
45.0
298.35803463280735 126.45655845230355
2
338.4574378687711 126.45655845230355
0.25 0.25 0.25 0.25
40.09940323596375
45.0
282.53337831583775 44.361883813088596
0
282.53337831583775 35.69595910256902
0.25 0.25 0.25 0.25
8.66592471051958
45.0
91.17325679780168 446.4596313268609
3
89.53683968216971 446.4596313268609
0.25 0.25 0.25 0.25
1.6364171156319773
45.0
439.01726191233075 243.37876594634508
1
439.01726191233075 272.8483459926636
0.25 0.25 0.25 0.25
29.469580046318516
45.0
159.43941921614547 406.4800730780319
1
159.43941921614547 410.3220965761896
0.25 0.25 0.25 0.25
3.8420234981576873
45.0
334.1977280573278 382.189580063817
3
303.51454624264346 382.189580063817
0.25 0.25 0.25 0.25
30.683181814684335
45.0
390.8594220905569 299.7890810646745
1
390.8594220905569 346.3555718015309
0.25 0.25 0.25 0.25
46.56649073685642
45.0
139.4350382341047 265.388037687242
0
139.4350382341047 229.94215282654832
0.25 0.25 0.25 0.25
35.44588486069367
45.0
465.15329646320146 251.9406962446248
2
483.70346703368455 251.9406962446248
0.25 0.25 0.25 0.25
18.550170570483083
45.0
135.11741272089264 8.050788000463825
1
135.11741272089264 11.888219931211962
0.25 0.25 0.25 0.25
3.8374319307481364
45.0
407.6183000711142 327.2618246568124
1
407.6183000711142 328.17215732446783
0.25 0.25 0.25 0.25
0.9103326676554335
45.0
436.3342388767876 204.97929288444476
1
436.3342388767876 241.06933702774867
0.25 0.25 0.25 0.25
36.09004414330391
45.0
498.39607426079823 444.62527014571725
3
470.4714365152943 444.62527014571725
0.25 0.25 0.25 0.25
27.92463774550395
45.0
141.49632570169865 20.525465407725125
0
141.49632570169865 4.449273970951772
0.25 0.25 0.25 0.25
16.076191436773353
45.0
390.0564141789512 128.99981994485583
2
438.79192096609586 128.99981994485583
0.25 0.25 0.25 0.25
48.735506787144665
45.0
