78800
312.51632091943185 4.166290587825793
1
312.51632091943185 1.6684401304090102
0.25 0.25 0.25 0.25
5.834730718234804
45.0
148.13916334945145 195.1121408420122
2
168.22112271555403 195.1121408420122
0.25 0.25 0.25 0.25
20.08195936610258
45.0
266.74210316049187 448.92336156111605
2
299.5054461204046 448.92336156111605
0.25 0.25 0.25 0.25
32.763342959912706
45.0
350.8304318292179 447.0745504170192
3
321.2111710866221 447.0745504170192
0.25 0.25 0.25 0.25
29.61926074259581
45.0
426.08690939866517 257.6709540033554
3
406.15244431595113 257.6709540033554
0.25 0.25 0.25 0.25
19.934465082714066
45.0
239.66270262409228 97.13363280028788
2
278.3113049484803 97.13363280028788
0.25 0.25 0.25 0.25
38.64860232438805
45.0
324.43510021089753 21.2881758432465
3
305.44250157994304 21.2881758432465
0.25 0.25 0.25 0.25
18.99259863095451
45.0
400.703803839702 188.1673545897923
0
400.703803839702 146.81900399682388
0.25 0.25 0.25 0.25
41.34835059296842
45.0
318.17839028694715 424.2267317923878
2
344.4066309680751 424.2267317923878
0.25 0.25 0.25 0.25
26.228240681127968
45.0
467.0618777103729 90.34688735981294
1
467.0618777103729 98.91382512000175
0.25 0.25 0.25 0.25
8.566937760188814
45.0
358.6468362511106 331.1591409278407
1
358.6468362511106 345.8544898074519
0.25 0.25 0.25 0.25
14.695348879611197
45.0
472.36130880403306 339.59757676157676
3
447.9896236469958 339.59757676157676
0.25 0.25 0.25 0.25
24.371685157037216
45.0
319.9497995014371 263.0099140967038
1
319.9497995014371 277.5057346804418
0.25 0.25 0.25 0.25
14.495820583737935
45.0
302.95434042344107 361.02480169931624
1
302.95434042344107 400.4737590424669
0.25 0.25 0.25 0.25
39.44895734315065
45.0
19.506412326858012 146.99392941141494
1
19.506412326858012 157.37532039265275
0.25 0.25 0.25 0.25
10.381390981237814
45.0
345.44547031637114 176.05056240729627
0
345.44547031637114 172.68584778763739
0.25 0.25 0.25 0.25
3.3647146196588706
45.0
177.21645623070552 37.66845180147632
1
177.21645623070552 39.44920640438192
0.25 0.25 0.25 0.25
1.7807546029055987
45.0
416.5699722572982 344.8952343898359
0
416.5699722572982 312.9265480866814
0.25 0.25 0.25 0.25
31.968686303154453
45.0
206.42166317511789 70.83300308805866
3
168.81450917402879 70.83300308805866
0.25 0.25 0.25 0.25
37.60715400108909
45.0
33.3663048980958 227.81969675053733
2
46.390809259915116 227.81969675053733
0.25 0.25 0.25 0.25
13.024504361819316
45.0
356.65400026643863 104.02384526550637
2
370.5049396137424 104.02384526550637
0.25 0.25 0.25 0.25
13.850939347303775
45.0
463.4418084365942 362.38421944753554
1
463.4418084365942 404.73815980885064
0.25 0.25 0.25 0.25
42.35394036131512
45.0
440.36880784709075 93.67008609860933
2
448.78187523820776 93.67008609860933
0.25 0.25 0.25 0.25
8.413067391117002
45.0
326.5911296229634 165.97476288376293
1
326.5911296229634 175.02272659777654
0.25 0.25 0.25 0.25
9.047963714013612
45.0
459.5197219034708 434.77415654039504
3
455.76508085227545 434.77415654039504
0.25 0.25 0.25 0.25
3.7546410511953177
45.0
234.7244413817167 184.48552807766265
1
234.7244413817167 195.68537795920264
0.25 0.25 0.25 0.25
11.199849881539997
45.0
224.08007647584455 469.2189088017036
0
224.08007647584455 458.1977633937984
0.25 0.25 0.25 0.25
11.021145407905165
45.0
92.56829335380591 377.5880758886181
1
92.56829335380591 384.6805018223205
0.25 0.25 0.25 0.25
7.092425933702362
45.0
32.760503294595715 212.8147246313144
2
65.54699490182114 212.8147246313144
0.25 0.25 0.25 0.25
32.78649160722542
45.0
34.05551675083497 86.10673947704447
3
14.47190724411912 86.10673947704447
0.25 0.25 0.25 0.25
19.58360950671585
45.0
399.70634154506314 292.76026973858944
2
400.95201597465996 292.76026973858944
0.25 0.25 0.25 0.25
1.2456744295968325
45.0
99.50485923242583 178.754240114968
3
68.06520374030887 178.754240114968
0.25 0.25 0.25 0.25
31.43965549211696
45.0
227.07191940238863 338.4954673898822
2
244.12977376186313 338.4954673898822
0.25 0.25 0.25 0.25
17.057854359474494
45.0
463.5306268505037 324.4684937330287
3
423.43122361454 324.4684937330287
0.25 0.25 0.25 0.25
40.09940323596375
45.0
180.1792896319492 53.02780852360817
1
180.1792896319492 61.69373323412775
0.25 0.25 0.25 0.25
8.66592471051958
45.0
100.99175949159351 484.09722498639593
0
100.99175949159351 482.460807870764
0.25 0.25 0.25 0.25
1.6364171156319773
45.0
232.73020158810107 344.04711340519555
1
232.73020158810107 373.5166934515141
0.25 0.25 0.25 0.25
29.469580046318516
45.0
28.819732193581203 298.9034151296167
1
28.819732193581203 302.7454386277744
0.25 0.25 0.25 0.25
3.8420234981576873
45.0
310.1490900510433 65.51314727186474
3
279.4659082363589 65.51314727186474
0.25 0.25 0.25 0.25
30.683181814684335
45.0
251.1599498799877 231.11889580180272
3
204.59345914313127 231.11889580180272
0.25 0.25 0.25 0.25
46.56649073685642
45.0
73.2402709300573 364.2104683687461
0
73.2402709300573 328.7645835080524
0.25 0.25 0.25 0.25
35.44588486069367
45.0
202.65284407418977 159.18984339220935
2
221.20301464467286 159.18984339220935
0.25 0.25 0.25 0.25
18.550170570483083
45.0
96.74309341341127 49.510690960758225
1
96.74309341341127 53.348122891506364
0.25 0.25 0.25 0.25
3.8374319307481364
45.0
410.34929807408054 360.0338006924082
3
409.4389654064251 360.0338006924082
0.25 0.25 0.25 0.25
0.9103326676554335
45.0
105.01642327277096 83.74106026198655
0
105.01642327277096 47.651016118682634
0.25 0.25 0.25 0.25
36.09004414330391
45.0
115.94595614028879 248.20371465373927
2
143.87059388579274 248.20371465373927
0.25 0.25 0.25 0.25
27.92463774550395
45.0
421.17037458536856 108.08406608646172
1
421.17037458536856 124.16025752323507
0.25 0.25 0.25 0.25
16.076191436773353
45.0
440.29142292957675 495.43823171197516
3
391.55591614243207 495.43823171197516
0.25 0.25 0.25 0.25
48.735506787144665
45.0
