78800
236.66482158237926 25.007363003348225
0
236.66482158237926 19.172632285113423
0.25 0.25 0.25 0.25
5.834730718234804
45.0
52.680430311574355 45.87137155121877
1
52.680430311574355 65.95333091732135
0.25 0.25 0.25 0.25
20.08195936610258
45.0
45.22769468134092 285.1066467615524
2
77.99103764125363 285.1066467615524
0.25 0.25 0.25 0.25
32.763342959912706
45.0
145.64213554665315 167.8750599292351
1
145.64213554665315 197.4943206718309
0.25 0.25 0.25 0.25
29.61926074259581
45.0
274.8961143606242 397.2122095823537
3
254.96164927791014 397.2122095823537
0.25 0.25 0.25 0.25
19.934465082714066
45.0
489.79708110519147 213.079439773452
1
489.79708110519147 251.72804209784005
0.25 0.25 0.25 0.25
38.64860232438805
45.0
153.50171253230695 2.295577212291988
1
153.50171253230695 16.697021418662523
0.25 0.25 0.25 0.25
18.99259863095451
45.0
318.0071026537652 67.56233473677617
2
359.3554532467336 67.56233473677617
0.25 0.25 0.25 0.25
41.34835059296842
45.0
180.15818265448422 392.1755834397166
3
153.92994197335625 392.1755834397166
0.25 0.25 0.25 0.25
26.228240681127968
45.0
475.62881547056173 150.3154516811346
3
467.0618777103729 150.3154516811346
0.25 0.25 0.25 0.25
8.566937760188814
45.0
152.91195193655392 389.9405364462854
2
167.60730081616512 389.9405364462854
0.25 0.25 0.25 0.25
14.695348879611197
45.0
283.92183962559466 95.88072519120459
0
283.92183962559466 71.50904003416737
0.25 0.25 0.25 0.25
24.371685157037216
45.0
464.9080053388166 176.03499059427628
0
464.9080053388166 161.53917001053836
0.25 0.25 0.25 0.25
14.495820583737935
45.0
328.2289770669694 323.3835395554786
3
288.7800197238187 323.3835395554786
0.25 0.25 0.25 0.25
39.44895734315065
45.0
341.32953274523027 344.2403580549334
3
330.94814176399245 344.2403580549334
0.25 0.25 0.25 0.25
10.381390981237814
45.0
291.61003640182946 229.8859963218384
3
288.2453217821706 229.8859963218384
0.25 0.25 0.25 0.25
3.3647146196588706
45.0
168.3126832161775 53.69524322762669
2
170.0934378190831 53.69524322762669
0.25 0.25 0.25 0.25
1.7807546029055987
45.0
94.92900859317308 102.66637385432647
2
126.89769489632754 102.66637385432647
0.25 0.25 0.25 0.25
31.968686303154453
45.0
131.20735517293969 70.83300308805866
1
131.20735517293969 108.44015708914776
0.25 0.25 0.25 0.25
37.60715400108909
45.0
411.07693139085586 371.08924473054975
2
424.1014357526752 371.08924473054975
0.25 0.25 0.25 0.25
13.024504361819316
45.0
435.5819095240047 34.76914852898747
3
421.7309701767009 34.76914852898747
0.25 0.25 0.25 0.25
13.850939347303775
45.0
294.0260469913338 61.15518416561563
3
251.6721066300187 61.15518416561563
0.25 0.25 0.25 0.25
42.35394036131512
45.0
297.34666219810157 1.1263447963223179
3
288.93359480698456 1.1263447963223179
0.25 0.25 0.25 0.25
8.413067391117002
45.0
498.50244018922245 193.11865402580375
3
489.4544764752088 193.11865402580375
0.25 0.25 0.25 0.25
9.047963714013612
45.0
448.2557987498848 476.07520810354373
0
448.2557987498848 472.3205670523484
0.25 0.25 0.25 0.25
3.7546410511953177
45.0
0.47240613062312775 285.28417701152256
2
10.72744375091687 285.28417701152256
0.25 0.25 0.25 0.25
11.199849881539997
45.0
36.72060454145684 387.50620089552905
1
36.72060454145684 398.52734630343423
0.25 0.25 0.25 0.25
11.021145407905165
45.0
71.29101555269884 413.05020555712997
3
64.19858961899648 413.05020555712997
0.25 0.25 0.25 0.25
7.092425933702362
45.0
393.4638875993347 82.26369983371444
2
426.2503792065601 82.26369983371444
0.25 0.25 0.25 0.25
32.78649160722542
45.0
92.80634527098255 207.64740312369327
3
73.2227357642667 207.64740312369327
0.25 0.25 0.25 0.25
19.58360950671585
45.0
413.40876027062814 279.05785101302445
1
413.40876027062814 280.30352544262126
0.25 0.25 0.25 0.25
1.2456744295968325
45.0
313.5134719295017 398.8318285597868
2
344.95312742161866 398.8318285597868
0.25 0.25 0.25 0.25
31.43965549211696
45.0
261.18762812133764 338.4954673898822
1
261.18762812133764 355.5533217493567
0.25 0.25 0.25 0.25
17.057854359474494
45.0
303.1330139066488 324.4684937330287
0
303.1330139066488 284.369090497065
0.25 0.25 0.25 0.25
40.09940323596375
45.0
292.8363108687037 27.03003439204944
0
292.8363108687037 18.36410968152986
0.25 0.25 0.25 0.25
8.66592471051958
45.0
79.71833698837789 482.460807870764
0
79.71833698837789 480.824390755132
0.25 0.25 0.25 0.25
1.6364171156319773
45.0
468.4868419586493 420.19624622425624
3
439.01726191233075 420.19624622425624
0.25 0.25 0.25 0.25
29.469580046318516
45.0
40.33669077325717 352.6917441038243
0
40.33669077325717 348.8497206056666
0.25 0.25 0.25 0.25
3.8420234981576873
45.0
218.09954460699026 341.6617836040238
2
248.7827264216746 341.6617836040238
0.25 0.25 0.25 0.25
30.683181814684335
45.0
483.9924035642697 463.9513494860847
3
437.4259128274133 463.9513494860847
0.25 0.25 0.25 0.25
46.56649073685642
45.0
427.6991195369941 61.140149959578
2
463.1450043976878 61.140149959578
0.25 0.25 0.25 0.25
35.44588486069367
45.0
17.151138369358897 381.79189023800643
1
17.151138369358897 400.3420608084895
0.25 0.25 0.25 0.25
18.550170570483083
45.0
108.25538920565569 14.973803584024994
1
108.25538920565569 18.81123551477313
0.25 0.25 0.25 0.25
3.8374319307481364
45.0
400.3356387298707 359.12346802475275
1
400.3356387298707 360.0338006924082
0.25 0.25 0.25 0.25
0.9103326676554335
45.0
393.7367764192022 300.28132512181
3
357.64673227589833 300.28132512181
0.25 0.25 0.25 0.25
36.09004414330391
45.0
330.8482477877745 360.8513569092054
0
330.8482477877745 332.9267191637014
0.25 0.25 0.25 0.25
27.92463774550395
45.0
485.47514033246193 84.83023115481855
3
469.3989488956886 84.83023115481855
0.25 0.25 0.25 0.25
16.076191436773353
45.0
294.08490256814264 65.94220720372277
1
294.08490256814264 114.67771399086743
0.25 0.25 0.25 0.25
48.735506787144665
45.0
