24588
372.6866844028105 357.37554260139274
1
372.6866844028105 477.4155837438045
0.25 0.25 0.25 0.25
120.04004114241178
45.0
132.80135174465886 43.04101621601225
1
132.80135174465886 51.63523010471833
0.25 0.25 0.25 0.25
94.67624632073058
45.0
20.850386845508694 309.9481060262046
1
20.850386845508694 441.0291136776468
0.25 0.25 0.25 0.25
131.08100765144223
45.0
301.95867919622435 435.6961023875093
0
301.95867919622435 471.33221240768444
0.25 0.25 0.25 0.25
92.97168520480628
45.0
256.3902929877145 263.41208230446136
1
256.3902929877145 415.7821153312524
0.25 0.25 0.25 0.25
152.37003302679102
45.0
414.9707349519715 431.66880570274407
0
414.9707349519715 331.794124203496
0.25 0.25 0.25 0.25
99.87468149924808
45.0
310.78866852944486 499.1589576818566
0
310.78866852944486 405.2752576542821
0.25 0.25 0.25 0.25
93.88370002757449
45.0
373.40508463042124 198.6928671957235
1
373.40508463042124 313.81455182525383
0.25 0.25 0.25 0.25
115.12168462953034
45.0
436.8666239932701 78.91347763680727
1
436.8666239932701 196.47451833348
0.25 0.25 0.25 0.25
117.56104069667273
45.0
122.12092056898928 314.3507217365981
2
210.18158894113424 314.3507217365981
0.25 0.25 0.25 0.25
88.06066837214496
45.0
332.8084432442548 237.38953906094235
2
492.7594826946394 237.38953906094235
0.25 0.25 0.25 0.25
159.9510394503846
45.0
83.69126072990468 230.25907390976084
0
83.69126072990468 82.54460875296184
0.25 0.25 0.25 0.25
147.714465156799
45.0
364.37498094728164 197.44268496488564
3
484.3869243448589 197.44268496488564
0.25 0.25 0.25 0.25
151.23809470785943
45.0
337.1554846140369 119.88357902002372
1
337.1554846140369 26.5231163044038
0.25 0.25 0.25 0.25
146.40669532442752
45.0
468.0603107374196 362.6274961398632
3
435.81158477483996 362.6274961398632
0.25 0.25 0.25 0.25
96.12810448774039
45.0
321.93525808906895 200.4493856490174
1
321.93525808906895 352.1596059259134
0.25 0.25 0.25 0.25
151.71022027689602
45.0
353.84085440770275 256.668085472185
2
470.02223147108157 256.668085472185
0.25 0.25 0.25 0.25
116.18137706337882
45.0
281.83025583447 318.4254668894806
1
281.83025583447 430.7986249280673
0.25 0.25 0.25 0.25
112.37315803858667
45.0
357.2105847833054 18.24085446194266
1
357.2105847833054 190.12422822372187
0.25 0.25 0.25 0.25
171.8833737617792
45.0
292.524939570171 438.28409610434494
2
416.42864225571475 438.28409610434494
0.25 0.25 0.25 0.25
123.90370268554375
45.0
166.46258171259856 231.91012747289952
2
335.3142660680684 231.91012747289952
0.25 0.25 0.25 0.25
168.8516843554698
45.0
324.866028874768 8.333295539639721
1
324.866028874768 126.46680920218779
0.25 0.25 0.25 0.25
118.13351366254807
45.0
367.8981670971625 151.98800258184997
3
223.7018132531977 151.98800258184997
0.25 0.25 0.25 0.25
144.1963538439648
45.0
444.56583742448197 231.78888461888585
3
330.35049597029484 231.78888461888585
0.25 0.25 0.25 0.25
114.21534145418714
45.0
294.5158096770513 44.22456436326854
1
294.5158096770513 116.66404100926894
0.25 0.25 0.25 0.25
160.88860537253748
45.0
34.544230536903285 377.8891699285897
0
34.544230536903285 488.21326595737423
0.25 0.25 0.25 0.25
133.89756411403604
45.0
281.2701674855107 197.7074361464415
2
399.33595582665237 197.7074361464415
0.25 0.25 0.25 0.25
118.06578834114171
45.0
30.377881367279656 84.8375507168181
2
138.01927009839 84.8375507168181
0.25 0.25 0.25 0.25
168.39715146566965
45.0
436.9958285371239 431.7686054263944
3
472.88640823670266 431.7686054263944
0.25 0.25 0.25 0.25
90.11776322617342
45.0
194.22836397235992 445.2992377723592
0
194.22836397235992 398.3401077728687
0.25 0.25 0.25 0.25
156.36065445477212
45.0
91.5262478719352 309.88528385644054
2
22.713521556707292 309.88528385644054
0.25 0.25 0.25 0.25
114.23976942864249
45.0
357.88134110056063 119.95240425257957
1
357.88134110056063 223.6228833597297
0.25 0.25 0.25 0.25
103.67047910715014
45.0
345.0441913558602 273.51544083183137
0
345.0441913558602 113.01660555410771
0.25 0.25 0.25 0.25
160.49883527772366
45.0
169.29281117467409 120.73680631030462
3
38.785079750033844 120.73680631030462
0.25 0.25 0.25 0.25
130.50773142464024
45.0
483.7145046036792 78.87866223492699
1
483.7145046036792 233.12317120741722
0.25 0.25 0.25 0.25
154.24450897249022
45.0
278.6224719632441 125.57994781983894
0
278.6224719632441 0.5114591887442543
0.25 0.25 0.25 0.25
125.06848863109468
45.0
490.3591584805095 313.25570551884704
3
367.3596687762671 313.25570551884704
0.25 0.25 0.25 0.25
122.99948970424242
45.0
6.635249676680701 421.16849882258043
2
124.75967406606458 421.16849882258043
0.25 0.25 0.25 0.25
131.39492374274528
45.0
355.82918652543907 495.5635899820416
0
355.82918652543907 400.43679948767965
0.25 0.25 0.25 0.25
95.12679049436197
45.0
107.69671207800889 101.56661074745193
2
241.26553992458997 101.56661074745193
0.25 0.25 0.25 0.25
133.5688278465811
45.0
276.3304218194117 374.25755038700345
2
392.4130825451183 374.25755038700345
0.25 0.25 0.25 0.25
116.08266072570662
45.0
88.4243183493694 304.7814141339965
2
48.669694594592954 304.7814141339965
0.25 0.25 0.25 0.25
137.09401294396235
45.0
419.3964788499404 244.53123039925424
3
324.71244146173393 244.53123039925424
0.25 0.25 0.25 0.25
94.68403738820648
45.0
94.7892225937212 93.934477969201
1
94.7892225937212 220.25039304611312
0.25 0.25 0.25 0.25
126.31591507691212
45.0
331.9264213546463 171.21547161019961
1
331.9264213546463 0.6636314985024114
0.25 0.25 0.25 0.25
171.87910310870203
45.0
96.9631103279562 152.35079381085484
2
42.73097836363962 152.35079381085484
0.25 0.25 0.25 0.25
139.69408869159582
45.0
88.7638759519887 107.28615901140591
2
224.51545717834222 107.28615901140591
0.25 0.25 0.25 0.25
135.75158122635352
45.0
261.9063333734066 247.07520135388472
1
261.9063333734066 337.07125840574264
0.25 0.25 0.25 0.25
89.99605705185793
45.0
