24588
67.79380930613087 237.33550145898096
1
67.79380930613087 357.37554260139274
0.25 0.25 0.25 0.25
120.04004114241178
45.0
245.90363353826342 463.18471102697094
0
245.90363353826342 442.1390426522985
0.25 0.25 0.25 0.25
94.67624632073058
45.0
249.22751692002674 309.9481060262046
2
380.308524571469 309.9481060262046
0.25 0.25 0.25 0.25
131.08100765144223
45.0
140.21120957493807 29.162323636522046
1
140.21120957493807 63.80936156828423
0.25 0.25 0.25 0.25
92.97168520480628
45.0
189.80006180017733 346.0680498027027
2
342.17009482696835 346.0680498027027
0.25 0.25 0.25 0.25
152.37003302679102
45.0
114.09350544670804 30.916894698232454
1
114.09350544670804 130.79157619748054
0.25 0.25 0.25 0.25
99.87468149924808
45.0
465.83536828127444 64.14324248359037
1
465.83536828127444 158.02694251116486
0.25 0.25 0.25 0.25
93.88370002757449
45.0
166.10817685145733 455.94207891568544
3
50.986492221926994 455.94207891568544
0.25 0.25 0.25 0.25
115.12168462953034
45.0
269.96192834332965 215.72027818315624
2
387.5229690400024 215.72027818315624
0.25 0.25 0.25 0.25
117.56104069667273
45.0
230.12175291959056 226.29005336445312
2
318.1824212917355 226.29005336445312
0.25 0.25 0.25 0.25
88.06066837214496
45.0
452.46571939694695 156.8020124655576
1
452.46571939694695 3.149026984827003
0.25 0.25 0.25 0.25
159.9510394503846
45.0
231.40572588670375 178.88306546304307
3
83.69126072990474 178.88306546304307
0.25 0.25 0.25 0.25
147.714465156799
45.0
30.67264022128063 256.27159915869265
1
30.67264022128063 407.5096938665521
0.25 0.25 0.25 0.25
151.23809470785943
45.0
190.74878928960936 51.369983575396475
3
44.342093965181846 51.369983575396475
0.25 0.25 0.25 0.25
146.40669532442752
45.0
51.29916682387841 214.1411307865791
1
51.29916682387841 310.2692352743195
0.25 0.25 0.25 0.25
96.12810448774039
45.0
473.645478365965 68.76664936685395
1
473.645478365965 82.94357091004207
0.25 0.25 0.25 0.25
151.71022027689602
45.0
283.2918709147333 372.8494625355638
3
167.11049385135448 372.8494625355638
0.25 0.25 0.25 0.25
116.18137706337882
45.0
281.83025583447 430.7986249280673
0
281.83025583447 456.82821703334605
0.25 0.25 0.25 0.25
112.37315803858667
45.0
497.79371597440934 325.52589306161576
3
330.3229102638114 325.52589306161576
0.25 0.25 0.25 0.25
171.8833737617792
45.0
425.19902077136476 66.10109315348006
3
450.8972765430915 66.10109315348006
0.25 0.25 0.25 0.25
123.90370268554375
45.0
158.13068086552212 287.75503172632887
2
10.721003489947691 287.75503172632887
0.25 0.25 0.25 0.25
168.8516843554698
45.0
210.8696487383569 480.867350189832
0
210.8696487383569 400.99913614762
0.25 0.25 0.25 0.25
118.13351366254807
45.0
223.7018132531977 17.16612564563883
1
223.7018132531977 127.03022819832597
0.25 0.25 0.25 0.25
144.1963538439648
45.0
12.295528392266561 197.13440811017847
0
12.295528392266561 82.91906665599132
0.25 0.25 0.25 0.25
114.21534145418714
45.0
237.63230759883913 400.67014287311844
3
76.74370222630165 400.67014287311844
0.25 0.25 0.25 0.25
160.88860537253748
45.0
36.63628237538518 345.8522401327973
1
36.63628237538518 479.7498042468334
0.25 0.25 0.25 0.25
133.89756411403604
45.0
427.12456256133953 371.2469177584496
3
309.05877422019785 371.2469177584496
0.25 0.25 0.25 0.25
118.06578834114171
45.0
377.55509309263664 409.970994886173
3
209.157941626967 409.970994886173
0.25 0.25 0.25 0.25
168.39715146566965
45.0
157.93793434651133 161.4153157478741
1
157.93793434651133 251.53307897404753
0.25 0.25 0.25 0.25
90.11776322617342
45.0
194.22836397235992 477.9877456843966
3
37.8677095175878 477.9877456843966
0.25 0.25 0.25 0.25
156.36065445477212
45.0
291.8478618714378 60.991949287269335
3
177.60809244279528 60.991949287269335
0.25 0.25 0.25 0.25
114.23976942864249
45.0
461.55182020771076 119.95240425257957
3
434.77770068513905 119.95240425257957
0.25 0.25 0.25 0.25
103.67047910715014
45.0
12.960467533245208 113.01660555410771
1
12.960467533245208 273.51544083183137
0.25 0.25 0.25 0.25
160.49883527772366
45.0
483.2458459485272 52.154953744731785
3
386.24642262683255 52.154953744731785
0.25 0.25 0.25 0.25
130.50773142464024
45.0
20.98097768620852 78.87866223492705
1
20.98097768620852 75.36584673756317
0.25 0.25 0.25 0.25
154.24450897249022
45.0
279.718290060759 499.14168656685064
0
279.718290060759 374.07319793575596
0.25 0.25 0.25 0.25
125.06848863109468
45.0
244.36017907202466 174.252133448544
0
244.36017907202466 51.252643744301565
0.25 0.25 0.25 0.25
122.99948970424242
45.0
6.635249676680701 235.80611989114595
0
6.635249676680701 104.41119614840068
0.25 0.25 0.25 0.25
131.39492374274528
45.0
168.5368610027511 495.5635899820416
3
73.41007050838913 495.5635899820416
0.25 0.25 0.25 0.25
95.12679049436197
45.0
39.146089305360135 433.72247151454644
0
39.146089305360135 432.7087006388724
0.25 0.25 0.25 0.25
133.5688278465811
45.0
276.3304218194117 45.32914598446352
1
276.3304218194117 161.41180671017014
0.25 0.25 0.25 0.25
116.08266072570662
45.0
89.01160398685647 283.9365470341165
1
89.01160398685647 421.0305599780788
0.25 0.25 0.25 0.25
137.09401294396235
45.0
54.02370809109199 2.0035295049061403
2
148.70774547929847 2.0035295049061403
0.25 0.25 0.25 0.25
94.68403738820648
45.0
210.57781705533637 72.87983673860708
3
84.26190197842425 72.87983673860708
0.25 0.25 0.25 0.25
126.31591507691212
45.0
183.71088797145975 453.75170352018426
0
183.71088797145975 281.87260041148227
0.25 0.25 0.25 0.25
171.87910310870203
45.0
96.96311032795609 266.73147226393274
2
42.730978363639736 266.73147226393274
0.25 0.25 0.25 0.25
139.69408869159582
45.0
268.7519363115466 41.93063523516983
2
404.50351753790017 41.93063523516983
0.25 0.25 0.25 0.25
135.75158122635352
45.0
18.125210211730035 337.07125840574264
1
18.125210211730035 427.06731545760056
0.25 0.25 0.25 0.25
89.99605705185793
45.0
