47500
10.892668064391444 249.00118068801635
0
10.892668064391444 109.99940554542704
0.25 0.25 0.25 0.25
139.0017751425893
45.0
263.755361157005 397.14298011874575
0
263.755361157005 432.6740360922397
0.25 0.25 0.25 0.25
170.1829837890146
45.0
360.33140906746144 24.200032781134155
1
360.33140906746144 158.4120209384123
0.25 0.25 0.25 0.25
134.21198815727814
45.0
227.51036995698308 90.86691215262698
2
246.74758508211704 90.86691215262698
0.25 0.25 0.25 0.25
19.23721512513395
45.0
16.659380336368606 292.4241818115144
3
6.141426895273794 292.4241818115144
0.25 0.25 0.25 0.25
10.517953441094813
45.0
433.5559370646297 135.29889284526263
0
433.5559370646297 96.79526243806546
0.25 0.25 0.25 0.25
38.50363040719717
45.0
40.97028937119508 293.4439343102394
2
58.2623363081448 293.4439343102394
0.25 0.25 0.25 0.25
17.292046936949724
45.0
388.39049790888 332.4138347796983
0
388.39049790888 295.7727442712887
0.25 0.25 0.25 0.25
36.64109050840961
45.0
275.78990983232467 244.15534851562796
1
275.78990983232467 252.86024182801714
0.25 0.25 0.25 0.25
8.704893312389167
45.0
252.23234331309186 26.90721975601536
2
257.21014164239057 26.90721975601536
0.25 0.25 0.25 0.25
4.977798329298711
45.0
380.6826817170423 337.40393281176745
1
380.6826817170423 387.12335145594693
0.25 0.25 0.25 0.25
49.719418644179505
45.0
25.52496164986769 181.5867058665063
1
25.52496164986769 191.80680673377435
0.25 0.25 0.25 0.25
10.220100867268044
45.0
271.70913524136216 495.8846943714337
0
271.70913524136216 484.4158015709014
0.25 0.25 0.25 0.25
19.699504057664914
45.0
378.2813069727002 220.04281056477595
1
378.2813069727002 250.10749202502018
0.25 0.25 0.25 0.25
30.06468146024424
45.0
262.9949080851144 433.63472138641157
2
299.77882949110085 433.63472138641157
0.25 0.25 0.25 0.25
36.78392140598643
45.0
313.3534683691794 361.29399942025464
0
313.3534683691794 341.2864532164921
0.25 0.25 0.25 0.25
20.007546203762576
45.0
146.72527596393428 453.27560737859335
3
133.84914296239464 453.27560737859335
0.25 0.25 0.25 0.25
12.87613300153964
45.0
324.5620441721784 398.40826483794024
1
324.5620441721784 438.24618658697864
0.25 0.25 0.25 0.25
39.83792174903842
45.0
266.14655662328846 164.31176926657156
0
266.14655662328846 130.15742163917093
0.25 0.25 0.25 0.25
34.15434762740061
45.0
433.80758546171586 496.85451109518954
3
415.0896743231129 496.85451109518954
0.25 0.25 0.25 0.25
18.71791113860298
45.0
470.03055227919776 189.8994575482905
3
459.7255891521008 189.8994575482905
0.25 0.25 0.25 0.25
10.30496312709699
45.0
123.91948355200384 99.76293071248392
3
82.17724026260632 99.76293071248392
0.25 0.25 0.25 0.25
41.74224328939752
45.0
153.8862922288257 191.4508234847903
1
153.8862922288257 196.21464844577363
0.25 0.25 0.25 0.25
4.763824960983315
45.0
5.4147169421410695 367.9071653266926
1
5.4147169421410695 406.1119080034253
0.25 0.25 0.25 0.25
38.20474267673269
45.0
200.8684380890743 479.61792681604754
3
184.3873007111637 479.61792681604754
0.25 0.25 0.25 0.25
16.481137377910578
45.0
406.0831027147149 174.73795979278162
0
406.0831027147149 150.58027968157518
0.25 0.25 0.25 0.25
24.15768011120646
45.0
70.59598171506448 1.9331855175300348
1
70.59598171506448 37.399560765038856
0.25 0.25 0.25 0.25
39.33274628256889
45.0
392.1945988311181 459.34678636355966
3
366.23846222107795 459.34678636355966
0.25 0.25 0.25 0.25
25.956136610040176
45.0
93.41442338566671 291.81274712736854
1
93.41442338566671 323.8709494414805
0.25 0.25 0.25 0.25
32.058202314111966
45.0
364.0484382773328 53.0392198721992
3
347.74854180567604 53.0392198721992
0.25 0.25 0.25 0.25
16.29989647165675
45.0
101.24865881677817 250.29170038912642
3
51.98715012284182 250.29170038912642
0.25 0.25 0.25 0.25
49.26150869393636
45.0
458.22491524936436 167.1338813800328
0
458.22491524936436 144.3516257575892
0.25 0.25 0.25 0.25
22.782255622443582
45.0
121.47705779946115 398.42217216752795
1
121.47705779946115 441.407203201173
0.25 0.25 0.25 0.25
42.98503103364503
45.0
4.549684454107794 215.56257522252355
2
34.435135684793366 215.56257522252355
0.25 0.25 0.25 0.25
29.88545123068557
45.0
387.7842924635828 32.817074770062845
1
387.7842924635828 45.66677747082619
0.25 0.25 0.25 0.25
12.849702700763348
45.0
83.14294193320944 192.9311607170763
2
90.90688198082461 192.9311607170763
0.25 0.25 0.25 0.25
7.76394004761517
45.0
353.4952204479382 491.4062265506561
0
353.4952204479382 483.9238271287088
0.25 0.25 0.25 0.25
7.482399421947273
45.0
495.6925558347285 443.0945659154794
0
495.6925558347285 398.8820184755491
0.25 0.25 0.25 0.25
44.21254743993032
45.0
223.27463822004188 2.991316942675568
1
223.27463822004188 8.938266507160861
0.25 0.25 0.25 0.25
5.946949564485293
45.0
393.500435764803 30.547821906206767
3
363.0606287500965 30.547821906206767
0.25 0.25 0.25 0.25
30.439807014706528
45.0
352.4829745660254 174.85294112149626
3
352.4625839451604 174.85294112149626
0.25 0.25 0.25 0.25
0.020390620864996212
45.0
121.07120300168042 269.7710302970196
2
133.4144352084753 269.7710302970196
0.25 0.25 0.25 0.25
12.343232206794896
45.0
157.48073684792922 346.85881597209385
0
157.48073684792922 304.45649963295455
0.25 0.25 0.25 0.25
42.40231633913932
45.0
13.001264268210036 402.7960739462252
2
28.642120036003007 402.7960739462252
0.25 0.25 0.25 0.25
41.64338430421304
45.0
51.9836528762076 424.89288502408976
2
57.028630641490295 424.89288502408976
0.25 0.25 0.25 0.25
5.044977765282699
45.0
293.93852692814175 263.7604013710127
1
293.93852692814175 276.1861073419228
0.25 0.25 0.25 0.25
12.425705970910151
45.0
167.28516652474462 229.027941267244
2
215.0710284003303 229.027941267244
0.25 0.25 0.25 0.25
47.785861875585695
45.0
311.9907996898195 201.490014564431
0
311.9907996898195 151.84777049501162
0.25 0.25 0.25 0.25
49.64224406941937
45.0
