47500
404.9743246234991 392.03254702118033
3
265.97254948090983 392.03254702118033
0.25 0.25 0.25 0.25
139.0017751425893
45.0
183.49988200777597 304.68685777139984
2
353.68286579679057 304.68685777139984
0.25 0.25 0.25 0.25
170.1829837890146
45.0
8.148117223664258 31.996826243498617
2
142.3601053809424 31.996826243498617
0.25 0.25 0.25 0.25
134.21198815727814
45.0
381.4080909580548 390.0634659757219
1
381.4080909580548 409.30068110085585
0.25 0.25 0.25 0.25
19.23721512513395
45.0
193.6996884855277 96.74009550899365
3
183.18173504443288 96.74009550899365
0.25 0.25 0.25 0.25
10.517953441094813
45.0
10.016002585460754 249.73741122670904
1
10.016002585460754 288.2410416339062
0.25 0.25 0.25 0.25
38.50363040719717
45.0
298.99320468163233 276.1518873732897
0
298.99320468163233 258.85984043634
0.25 0.25 0.25 0.25
17.292046936949724
45.0
409.77161045476123 285.9152821736774
2
446.41270096317083 285.9152821736774
0.25 0.25 0.25 0.25
36.64109050840961
45.0
262.8507446110491 86.63059735516052
3
254.14585129865992 86.63059735516052
0.25 0.25 0.25 0.25
8.704893312389167
45.0
299.7658070500245 7.937368549075639
3
294.78800872072577 7.937368549075639
0.25 0.25 0.25 0.25
4.977798329298711
45.0
380.6826817170423 220.7329265070271
2
430.4021003612218 220.7329265070271
0.25 0.25 0.25 0.25
49.719418644179505
45.0
393.4991739081225 22.81531147885464
0
393.4991739081225 12.595210611586594
0.25 0.25 0.25 0.25
10.220100867268044
45.0
299.5764824309203 402.0618810240196
0
299.5764824309203 382.3623769663547
0.25 0.25 0.25 0.25
19.699504057664914
45.0
370.41579516075984 365.5197950162283
1
370.41579516075984 395.5844764764725
0.25 0.25 0.25 0.25
30.06468146024424
45.0
299.77882949110085 330.1170792068182
1
299.77882949110085 366.90100061280464
0.25 0.25 0.25 0.25
36.78392140598643
45.0
173.67795513096982 41.92788053631044
3
153.67040892720723 41.92788053631044
0.25 0.25 0.25 0.25
20.007546203762576
45.0
352.74340398856856 260.1336123554987
3
339.8672709870289 260.1336123554987
0.25 0.25 0.25 0.25
12.87613300153964
45.0
360.78653810955404 370.66811721590864
0
360.78653810955404 330.83019546687024
0.25 0.25 0.25 0.25
39.83792174903842
45.0
32.64871444273875 469.51432563740354
2
66.80306207013936 469.51432563740354
0.25 0.25 0.25 0.25
34.15434762740061
45.0
96.88518496686234 184.94099954855994
0
96.88518496686234 166.22308840995697
0.25 0.25 0.25 0.25
18.71791113860298
45.0
428.81069977080983 55.93493689602974
2
439.1156628979068 55.93493689602974
0.25 0.25 0.25 0.25
10.30496312709699
45.0
497.7858342110411 97.94909176694375
1
497.7858342110411 139.69133505634127
0.25 0.25 0.25 0.25
41.74224328939752
45.0
172.94159207275902 479.8452542073616
0
172.94159207275902 475.0814292463783
0.25 0.25 0.25 0.25
4.763824960983315
45.0
196.43843032580457 68.94591431778142
3
158.2336876490719 68.94591431778142
0.25 0.25 0.25 0.25
38.20474267673269
45.0
188.89648170795866 292.9760356064866
0
188.89648170795866 276.49489822857606
0.25 0.25 0.25 0.25
16.481137377910578
45.0
24.007887145811807 39.32699456607844
0
24.007887145811807 15.16931445487198
0.25 0.25 0.25 0.25
24.15768011120646
45.0
323.27380234625537 215.27825986615204
1
323.27380234625537 254.61100614872095
0.25 0.25 0.25 0.25
39.33274628256889
45.0
222.7909703524038 447.0574585719928
3
196.83483374236363 447.0574585719928
0.25 0.25 0.25 0.25
25.956136610040176
45.0
265.42153033209416 483.77983667384774
0
265.42153033209416 451.7216343597358
0.25 0.25 0.25 0.25
32.058202314111966
45.0
331.44864533401926 83.06626712999216
3
315.1487488623625 83.06626712999216
0.25 0.25 0.25 0.25
16.29989647165675
45.0
406.635506771551 468.90907356852813
3
357.3739980776146 468.90907356852813
0.25 0.25 0.25 0.25
49.26150869393636
45.0
179.67824217905607 445.56777303842625
1
179.67824217905607 468.35002866086984
0.25 0.25 0.25 0.25
22.782255622443582
45.0
98.78848534713288 160.3832312698575
1
98.78848534713288 203.36826230350255
0.25 0.25 0.25 0.25
42.98503103364503
45.0
452.83145291439143 470.7515269113178
2
482.716904145077 470.7515269113178
0.25 0.25 0.25 0.25
29.88545123068557
45.0
368.0713562219131 35.09388542960485
0
368.0713562219131 22.244182728841505
0.25 0.25 0.25 0.25
12.849702700763348
45.0
64.3719189714788 303.9610023302944
3
56.607978923863634 303.9610023302944
0.25 0.25 0.25 0.25
7.76394004761517
45.0
429.51519631559114 222.03984736055457
0
429.51519631559114 214.5574479386073
0.25 0.25 0.25 0.25
7.482399421947273
45.0
79.07056088436548 68.52345598976444
2
123.2831083242958 68.52345598976444
0.25 0.25 0.25 0.25
44.21254743993032
45.0
312.4788816873213 139.73547260497148
2
318.4258312518066 139.73547260497148
0.25 0.25 0.25 0.25
5.946949564485293
45.0
241.22188005871888 461.2187515974131
3
210.78207304401235 461.2187515974131
0.25 0.25 0.25 0.25
30.439807014706528
45.0
352.23828711564556 174.71020677544135
2
352.25867773651055 174.71020677544135
0.25 0.25 0.25 0.25
0.020390620864996212
45.0
84.04150638129576 47.59285057471134
3
71.69827417450087 47.59285057471134
0.25 0.25 0.25 0.25
12.343232206794896
45.0
121.6798853867026 431.66344865037246
0
121.6798853867026 389.26113231123315
0.25 0.25 0.25 0.25
42.40231633913932
45.0
70.84428103910301 361.15268964201215
1
70.84428103910301 402.7960739462252
0.25 0.25 0.25 0.25
41.64338430421304
45.0
169.9953687962312 378.3529821298857
3
164.95039103094848 378.3529821298857
0.25 0.25 0.25 0.25
5.044977765282699
45.0
169.68146721904031 52.52339986554019
2
182.10717318995046 52.52339986554019
0.25 0.25 0.25 0.25
12.425705970910151
45.0
123.00240403645834 48.39379192679965
3
75.21654216087265 48.39379192679965
0.25 0.25 0.25 0.25
47.785861875585695
45.0
49.81514601934152 485.0332417577214
0
49.81514601934152 465.32451417285927
0.25 0.25 0.25 0.25
49.64224406941937
45.0
