47500
153.95834834019544 419.02012102305525
0
153.95834834019544 441.97810383435547
0.25 0.25 0.25 0.25
139.0017751425893
45.0
412.8404422119322 304.6868577713999
0
412.8404422119322 134.5038739823853
0.25 0.25 0.25 0.25
170.1829837890146
45.0
397.60425933632655 236.42715007105767
1
397.60425933632655 370.6391382283358
0.25 0.25 0.25 0.25
134.21198815727814
45.0
208.27315483184918 447.77511135112377
1
208.27315483184918 467.0123264762577
0.25 0.25 0.25 0.25
19.23721512513395
45.0
78.0022006334847 107.25804895008847
1
78.0022006334847 117.77600239118328
0.25 0.25 0.25 0.25
10.517953441094813
45.0
259.50941026491944 365.2483024483006
3
221.00577985772227 365.2483024483006
0.25 0.25 0.25 0.25
38.50363040719717
45.0
177.94887612298427 429.88331469856536
2
195.240923059934 429.88331469856536
0.25 0.25 0.25 0.25
17.292046936949724
45.0
234.50804073408335 164.4683602001786
2
271.14913124249296 164.4683602001786
0.25 0.25 0.25 0.25
36.64109050840961
45.0
380.24862958099476 96.17216220501203
0
380.24862958099476 87.46726889262285
0.25 0.25 0.25 0.25
8.704893312389167
45.0
404.29957196529733 126.46318634198951
0
404.29957196529733 121.4853880126908
0.25 0.25 0.25 0.25
4.977798329298711
45.0
166.23092336893222 331.79230569535747
2
215.95034201311174 331.79230569535747
0.25 0.25 0.25 0.25
49.719418644179505
45.0
127.77655135915298 222.46710933557853
3
117.55645049188493 222.46710933557853
0.25 0.25 0.25 0.25
10.220100867268044
45.0
240.47797025792556 460.041590572326
2
260.1774743155905 460.041590572326
0.25 0.25 0.25 0.25
19.699504057664914
45.0
58.355257094599736 155.06702479451866
1
58.355257094599736 185.1317062547629
0.25 0.25 0.25 0.25
30.06468146024424
45.0
68.06038456876351 479.1291917248835
3
31.276463162777077 479.1291917248835
0.25 0.25 0.25 0.25
36.78392140598643
45.0
213.3157373503665 1.9127881287852873
2
233.3232835541291 1.9127881287852873
0.25 0.25 0.25 0.25
20.007546203762576
45.0
146.72527596393428 466.151740380133
2
159.60140896547392 466.151740380133
0.25 0.25 0.25 0.25
12.87613300153964
45.0
161.59692936436196 490.18188246302384
2
201.43485111340038 490.18188246302384
0.25 0.25 0.25 0.25
39.83792174903842
45.0
349.5617618947264 325.5595885981927
2
383.716109522127 325.5595885981927
0.25 0.25 0.25 0.25
34.15434762740061
45.0
96.88518496686234 440.7007776793806
3
78.16727382825937 440.7007776793806
0.25 0.25 0.25 0.25
18.71791113860298
45.0
366.98092100822794 97.15478940441767
0
366.98092100822794 86.84982627732069
0.25 0.25 0.25 0.25
10.30496312709699
45.0
43.0494896055863 388.33095584718615
3
1.307246316188781 388.33095584718615
0.25 0.25 0.25 0.25
41.74224328939752
45.0
158.65011718980904 446.4984794804785
1
158.65011718980904 451.2623044414618
0.25 0.25 0.25 0.25
4.763824960983315
45.0
421.5141429068687 236.6920270960801
1
421.5141429068687 274.8967697728128
0.25 0.25 0.25 0.25
38.20474267673269
45.0
190.16967798398474 393.8823542132128
1
190.16967798398474 410.36349159112336
0.25 0.25 0.25 0.25
16.481137377910578
45.0
48.46515318780757 115.15420154169588
1
48.46515318780757 139.31188165290234
0.25 0.25 0.25 0.25
24.15768011120646
45.0
384.7156307399848 57.947274735876405
3
345.3828844574159 57.947274735876405
0.25 0.25 0.25 0.25
39.33274628256889
45.0
326.6155167925645 121.91701043303738
1
326.6155167925645 147.87314704307755
0.25 0.25 0.25 0.25
25.956136610040176
45.0
23.102290494913476 163.57993787092073
2
8.95591181919849 163.57993787092073
0.25 0.25 0.25 0.25
32.058202314111966
45.0
10.849180570772631 164.5657494882759
2
27.149077042429383 164.5657494882759
0.25 0.25 0.25 0.25
16.29989647165675
45.0
194.81964587453274 53.245665613381014
2
244.0811545684691 53.245665613381014
0.25 0.25 0.25 0.25
49.26150869393636
45.0
430.2830540259355 286.09198368132115
0
430.2830540259355 263.30972805887757
0.25 0.25 0.25 0.25
22.782255622443582
45.0
164.46208883310618 140.5119859656577
2
207.44711986675122 140.5119859656577
0.25 0.25 0.25 0.25
42.98503103364503
45.0
337.97038847080944 484.5316362986938
3
308.08493724012385 484.5316362986938
0.25 0.25 0.25 0.25
29.88545123068557
45.0
188.17551841122605 42.004330774975244
3
175.3258157104627 42.004330774975244
0.25 0.25 0.25 0.25
12.849702700763348
45.0
33.31615878101812 195.26584166368207
2
41.08009882863329 195.26584166368207
0.25 0.25 0.25 0.25
7.76394004761517
45.0
293.6360250723601 94.83905718745102
1
293.6360250723601 102.3214566093983
0.25 0.25 0.25 0.25
7.482399421947273
45.0
363.05491351493765 449.54779183074015
0
363.05491351493765 405.33524439080986
0.25 0.25 0.25 0.25
44.21254743993032
45.0
241.11548691349776 80.26597696011854
3
235.16853734901247 80.26597696011854
0.25 0.25 0.25 0.25
5.946949564485293
45.0
180.34226602930588 461.2187515974131
2
210.7820730440124 461.2187515974131
0.25 0.25 0.25 0.25
30.439807014706528
45.0
352.6664901538103 174.7713786380363
3
352.6460995329453 174.7713786380363
0.25 0.25 0.25 0.25
0.020390620864996212
45.0
22.32534534732129 282.1142625038145
1
22.32534534732129 294.45749471060935
0.25 0.25 0.25 0.25
12.343232206794896
45.0
411.89463488276505 204.37129643671722
1
411.89463488276505 246.77361277585652
0.25 0.25 0.25 0.25
42.40231633913932
45.0
304.50495439770134 320.06808203668606
3
262.8615700934883 320.06808203668606
0.25 0.25 0.25 0.25
41.64338430421304
45.0
53.960880194729086 353.12809330347227
0
53.960880194729086 348.0831155381896
0.25 0.25 0.25 0.25
5.044977765282699
45.0
269.08711498632147 22.030835959920722
2
281.5128209572316 22.030835959920722
0.25 0.25 0.25 0.25
12.425705970910151
45.0
75.21654216087265 140.46241629067157
0
75.21654216087265 92.67655441508587
0.25 0.25 0.25 0.25
47.785861875585695
45.0
91.95646757730387 153.16081253311756
3
42.3142235078845 153.16081253311756
0.25 0.25 0.25 0.25
49.64224406941937
45.0
