47500
429.0363262320367 446.0076950249302
0
429.0363262320367 307.0059198823409
0.25 0.25 0.25 0.25
139.0017751425893
45.0
225.69568747595093 291.65346644830834
2
395.87867126496553 291.65346644830834
0.25 0.25 0.25 0.25
170.1829837890146
45.0
116.00046066259813 339.9602696355713
0
116.00046066259813 205.74828147829317
0.25 0.25 0.25 0.25
134.21198815727814
45.0
61.04785692002623 475.2760281483404
0
61.04785692002623 456.03881302320644
0.25 0.25 0.25 0.25
19.23721512513395
45.0
130.5919678389588 423.59107527892627
2
141.1099212800536 423.59107527892627
0.25 0.25 0.25 0.25
10.517953441094813
45.0
65.89686764180695 134.20450225813607
3
27.393237234609778 134.20450225813607
0.25 0.25 0.25 0.25
38.50363040719717
45.0
336.5160208986153 276.1518873732897
3
319.2239739616656 276.1518873732897
0.25 0.25 0.25 0.25
17.292046936949724
45.0
131.90286435001275 358.36436901516726
3
95.26177384160314 358.36436901516726
0.25 0.25 0.25 0.25
36.64109050840961
45.0
301.9045897694922 366.0238548890764
2
310.60948308188136 366.0238548890764
0.25 0.25 0.25 0.25
8.704893312389167
45.0
436.41088149714403 126.46318634198951
2
441.38867982644274 126.46318634198951
0.25 0.25 0.25 0.25
4.977798329298711
45.0
127.73475895757267 486.5621887443059
3
78.01534031339315 486.5621887443059
0.25 0.25 0.25 0.25
49.719418644179505
45.0
76.67604702281275 314.44801714099106
3
66.45594615554471 314.44801714099106
0.25 0.25 0.25 0.25
10.220100867268044
45.0
227.63542018512186 228.32224882125757
2
247.33492424278677 228.32224882125757
0.25 0.25 0.25 0.25
19.699504057664914
45.0
190.02770639929446 197.84364091647194
1
190.02770639929446 227.90832237671617
0.25 0.25 0.25 0.25
30.06468146024424
45.0
175.75882119640957 191.69194251535788
2
212.542742602396 191.69194251535788
0.25 0.25 0.25 0.25
36.78392140598643
45.0
313.3534683691794 418.24568215022873
0
313.3534683691794 398.2381359464662
0.25 0.25 0.25 0.25
20.007546203762576
45.0
492.74299999295573 260.1336123554987
3
494.3808670055046 260.1336123554987
0.25 0.25 0.25 0.25
12.87613300153964
45.0
476.2483470826296 247.1023956947538
0
476.2483470826296 207.26447394571537
0.25 0.25 0.25 0.25
39.83792174903842
45.0
479.6664999682705 198.46611689397218
0
479.6664999682705 164.31176926657156
0.25 0.25 0.25 0.25
34.15434762740061
45.0
285.42374745923956 53.915621578339135
3
266.7058363206366 53.915621578339135
0.25 0.25 0.25 0.25
18.71791113860298
45.0
109.35684283080337 292.94908881926034
3
99.05187970370639 292.94908881926034
0.25 0.25 0.25 0.25
10.30496312709699
45.0
457.8574298671839 110.76212468004383
3
416.1151865777864 110.76212468004383
0.25 0.25 0.25 0.25
41.74224328939752
45.0
215.81601672160897 477.2803211437887
0
215.81601672160897 472.5164961828054
0.25 0.25 0.25 0.25
4.763824960983315
45.0
192.28568684647263 319.7782028544957
3
154.08094416973995 319.7782028544957
0.25 0.25 0.25 0.25
38.20474267673269
45.0
459.2172560830985 245.55211781201777
3
442.73611870518795 245.55211781201777
0.25 0.25 0.25 0.25
16.481137377910578
45.0
425.15333359578597 280.90379567814296
2
449.3110137069924 280.90379567814296
0.25 0.25 0.25 0.25
24.15768011120646
45.0
323.27380234625537 312.72878474302115
1
323.27380234625537 352.06153102559006
0.25 0.25 0.25 0.25
39.33274628256889
45.0
288.3700523909575 225.74155687319808
1
288.3700523909575 251.69769348323825
0.25 0.25 0.25 0.25
25.956136610040176
45.0
381.9382442126743 259.3724204750641
3
349.88004189856235 259.3724204750641
0.25 0.25 0.25 0.25
32.058202314111966
45.0
315.1487488623625 379.0371493053344
0
315.1487488623625 362.73725283367764
0.25 0.25 0.25 0.25
16.29989647165675
45.0
214.0422497982308 143.8003691623644
0
214.0422497982308 94.53886046842806
0.25 0.25 0.25 0.25
49.26150869393636
45.0
134.1137309341688 37.90641922195947
0
134.1137309341688 15.124163599515885
0.25 0.25 0.25 0.25
22.782255622443582
45.0
308.3732525369892 300.6826105969568
0
308.3732525369892 257.69757956331176
0.25 0.25 0.25 0.25
42.98503103364503
45.0
34.435135684793366 454.6461850680082
3
4.549684454107794 454.6461850680082
0.25 0.25 0.25 0.25
29.88545123068557
45.0
452.03280596739967 247.5995739871888
1
452.03280596739967 260.44927668795214
0.25 0.25 0.25 0.25
12.849702700763348
45.0
25.552218733402945 32.22310066376357
1
25.552218733402945 39.98704071137874
0.25 0.25 0.25 0.25
7.76394004761517
45.0
256.2240279626238 147.21585314108194
1
256.2240279626238 154.6982525630292
0.25 0.25 0.25 0.25
7.482399421947273
45.0
310.5686632871533 142.10391600675092
2
354.7812107270836 142.10391600675092
0.25 0.25 0.25 0.25
44.21254743993032
45.0
157.85819301070364 8.902582186295017
1
157.85819301070364 14.849531750780312
0.25 0.25 0.25 0.25
5.946949564485293
45.0
362.981108117545 243.41044122615196
3
332.5413011028385 243.41044122615196
0.25 0.25 0.25 0.25
30.439807014706528
45.0
352.7888338790002 174.28200373727663
2
352.8092244998652 174.28200373727663
0.25 0.25 0.25 0.25
0.020390620864996212
45.0
14.704351273063436 47.59285057471136
1
14.704351273063436 59.93608278150626
0.25 0.25 0.25 0.25
12.343232206794896
45.0
471.95254336124776 296.26706117544825
3
485.6451402996129 296.26706117544825
0.25 0.25 0.25 0.25
42.40231633913932
45.0
29.200896734890023 402.7960739462252
2
70.84428103910307 402.7960739462252
0.25 0.25 0.25 0.25
41.64338430421304
45.0
235.58007974490639 445.0727960852205
3
230.53510197962368 445.0727960852205
0.25 0.25 0.25 0.25
5.044977765282699
45.0
182.10717318995046 40.09769389463007
2
194.5328791608606 40.09769389463007
0.25 0.25 0.25 0.25
12.425705970910151
45.0
163.7820671374452 101.96999247455638
0
163.7820671374452 54.18413059897068
0.25 0.25 0.25 0.25
47.785861875585695
45.0
99.11158618891659 45.408163744560035
1
99.11158618891659 4.234080324859335
0.25 0.25 0.25 0.25
49.64224406941937
45.0
