36987
112.12443675262924 276.86226122434687
1
112.12443675262924 436.35658271657485
0.25 0.25 0.25 0.25
159.49432149222795
45.0
253.15609673180728 97.04470291336088
1
253.15609673180728 227.56647315172648
0.25 0.25 0.25 0.25
130.5217702383656
45.0
405.0486154420288 409.56452047485266
0
405.0486154420288 280.3942907344277
0.25 0.25 0.25 0.25
129.17022974042496
45.0
15.385012387852555 279.9678926057627
1
15.385012387852555 444.94873128622146
0.25 0.25 0.25 0.25
164.98083868045873
45.0
186.21490076181715 143.3246343309902
1
186.21490076181715 292.6735041654226
0.25 0.25 0.25 0.25
149.34886983443243
45.0
32.7910044919353 9.575788537357056
2
70.63595775358095 9.575788537357056
0.25 0.25 0.25 0.25
103.42696224551625
45.0
342.4436120338548 96.98852626550098
1
342.4436120338548 214.59589412714774
0.25 0.25 0.25 0.25
117.60736786164676
45.0
302.6756151242987 57.419606053627504
1
302.6756151242987 159.36372621916172
0.25 0.25 0.25 0.25
101.94412016553422
45.0
151.12013739681115 262.60171171432944
0
151.12013739681115 96.34817634878377
0.25 0.25 0.25 0.25
166.25353536554567
45.0
128.63281529291186 414.791249621078
0
128.63281529291186 480.9804713003339
0.25 0.25 0.25 0.25
104.22827907858807
45.0
371.45027649774886 455.95562160946133
1
371.45027649774886 497.676057855048
0.25 0.25 0.25 0.25
41.720436245586676
45.0
117.45748733529524 437.13714560902577
3
111.52377470548367 437.13714560902577
0.25 0.25 0.25 0.25
5.933712629811566
45.0
265.4513389064445 376.76029206031023
0
265.4513389064445 353.41573413356474
0.25 0.25 0.25 0.25
23.344557926745495
45.0
332.46781381435414 329.5303530418794
1
332.46781381435414 345.20713384879275
0.25 0.25 0.25 0.25
15.67678080691335
45.0
21.533843654567193 491.4379592957885
2
54.26101338273929 491.4379592957885
0.25 0.25 0.25 0.25
32.7271697281721
45.0
52.56026536053338 423.0741883302688
1
52.56026536053338 434.7131601405508
0.25 0.25 0.25 0.25
11.63897181028204
45.0
55.498535769474415 448.39207705477236
0
55.498535769474415 446.5183774037301
0.25 0.25 0.25 0.25
1.873699651042271
45.0
38.78489277053292 88.97107932377453
3
35.61610265794701 88.97107932377453
0.25 0.25 0.25 0.25
3.1687901125859117
45.0
265.17893578969927 27.90193784567198
1
265.17893578969927 74.95360430292621
0.25 0.25 0.25 0.25
47.05166645725423
45.0
136.43511881781166 471.77867593283054
2
171.99817702934968 471.77867593283054
0.25 0.25 0.25 0.25
35.56305821153802
45.0
65.88884633167181 244.6512757007037
0
65.88884633167181 240.48678208051047
0.25 0.25 0.25 0.25
4.164493620193249
45.0
173.83783739799125 181.6982703751088
3
170.73413344657754 181.6982703751088
0.25 0.25 0.25 0.25
3.1037039514137166
45.0
100.73448525453198 424.4931152645706
3
66.30955650234804 424.4931152645706
0.25 0.25 0.25 0.25
34.42492875218393
45.0
134.3655175245324 255.8441449041848
2
139.10677618705728 255.8441449041848
0.25 0.25 0.25 0.25
4.741258662524866
45.0
77.66973207172732 135.21663893565255
3
65.13922558452859 135.21663893565255
0.25 0.25 0.25 0.25
12.530506487198739
45.0
126.00588891236839 52.104694631603564
0
126.00588891236839 16.1709058612415
0.25 0.25 0.25 0.25
35.933788770362064
45.0
341.4345270120227 62.76381563824417
2
373.2908179822706 62.76381563824417
0.25 0.25 0.25 0.25
31.85629097024785
45.0
359.6140243996191 454.572694599511
3
311.54569455766574 454.572694599511
0.25 0.25 0.25 0.25
48.06832984195338
45.0
389.25647799835707 496.64468902431025
3
358.2505969141764 496.64468902431025
0.25 0.25 0.25 0.25
31.005881084180643
45.0
347.36553678414595 494.4713496447702
0
347.36553678414595 469.6425762622588
0.25 0.25 0.25 0.25
24.82877338251145
45.0
0.06160844420249134 319.53903386788636
2
44.23380956143268 319.53903386788636
0.25 0.25 0.25 0.25
44.29541800563517
45.0
232.08599096647725 148.48679990510624
0
232.08599096647725 133.6284990618303
0.25 0.25 0.25 0.25
14.858300843275934
45.0
58.12032581759974 145.5529745255959
2
94.25462805309914 145.5529745255959
0.25 0.25 0.25 0.25
36.1343022354994
45.0
106.47434003324321 381.6635461413654
3
67.7092501938628 381.6635461413654
0.25 0.25 0.25 0.25
38.765089839380416
45.0
335.8090774501465 231.97779445547837
1
335.8090774501465 243.0665842680778
0.25 0.25 0.25 0.25
11.088789812599437
45.0
98.83439901743156 300.2324554044956
3
72.29168465727014 300.2324554044956
0.25 0.25 0.25 0.25
26.54271436016142
45.0
376.8365524544533 486.35369151063674
0
376.8365524544533 458.4072315406143
0.25 0.25 0.25 0.25
27.94645997002241
45.0
250.9391393212616 498.74478901748245
0
250.9391393212616 465.91442622734337
0.25 0.25 0.25 0.25
32.8303627901391
45.0
280.50094022192326 154.51997504505638
3
272.67446192514217 154.51997504505638
0.25 0.25 0.25 0.25
7.826478296781097
45.0
362.9696669583146 357.98428057606014
0
362.9696669583146 353.43861606787243
0.25 0.25 0.25 0.25
4.545664508187736
45.0
455.4191988663936 186.8147997656688
2
459.66482105509505 186.8147997656688
0.25 0.25 0.25 0.25
4.245622188701486
45.0
73.00089107127656 419.00506705557194
1
73.00089107127656 456.4163804021142
0.25 0.25 0.25 0.25
37.41131334654229
45.0
187.69015385871413 375.7766193891044
0
187.69015385871413 367.71221628883876
0.25 0.25 0.25 0.25
8.064403100265638
45.0
306.3920010423561 218.8305345428427
1
306.3920010423561 231.7135135334829
0.25 0.25 0.25 0.25
12.88297899064021
45.0
64.1346616623822 477.0827438013325
2
64.86832133760431 477.0827438013325
0.25 0.25 0.25 0.25
0.7336596752221147
45.0
482.24085065968313 272.91758772194044
2
498.2287738351124 272.91758772194044
0.25 0.25 0.25 0.25
15.98792317542927
45.0
180.68770968036813 209.58671728870812
2
201.02160024514333 209.58671728870812
0.25 0.25 0.25 0.25
20.3338905647752
45.0
218.6995764683486 96.23248318456285
1
218.6995764683486 108.83567740836503
0.25 0.25 0.25 0.25
12.603194223802177
45.0
