36987
258.9767955505563 429.43302117979897
3
99.48247405832834 429.43302117979897
0.25 0.25 0.25 0.25
159.49432149222795
45.0
46.059459204622215 427.0430935225104
0
46.059459204622215 296.5213232841448
0.25 0.25 0.25 0.25
130.5217702383656
45.0
436.69643884732 51.138547223804096
1
436.69643884732 180.30877696422905
0.25 0.25 0.25 0.25
129.17022974042496
45.0
375.26647247655023 100.5686243413925
3
459.752688842991 100.5686243413925
0.25 0.25 0.25 0.25
164.98083868045873
45.0
452.4931549010063 213.83779749025302
0
452.4931549010063 64.48892765582059
0.25 0.25 0.25 0.25
149.34886983443243
45.0
68.29681670715496 423.2836375194221
2
171.7237789526712 423.2836375194221
0.25 0.25 0.25 0.25
103.42696224551625
45.0
420.99215953884163 330.85376928478445
0
420.99215953884163 213.24640142313768
0.25 0.25 0.25 0.25
117.60736786164676
45.0
244.35201015827192 18.53720274294332
3
142.4078899927377 18.53720274294332
0.25 0.25 0.25 0.25
101.94412016553422
45.0
468.75448128754635 257.6441361008774
1
468.75448128754635 423.89767146642305
0.25 0.25 0.25 0.25
166.25353536554567
45.0
141.76923115697167 310.56297054248995
2
245.99751023555973 310.56297054248995
0.25 0.25 0.25 0.25
104.22827907858807
45.0
415.7516525314956 415.5256552579547
3
374.03121628590895 415.5256552579547
0.25 0.25 0.25 0.25
41.720436245586676
45.0
202.96299467452934 325.5143491985116
0
202.96299467452934 319.5806365687
0.25 0.25 0.25 0.25
5.933712629811566
45.0
129.1999821960278 100.44158778942062
0
129.1999821960278 77.09702986267513
0.25 0.25 0.25 0.25
23.344557926745495
45.0
247.5730760414397 97.69261258063389
2
263.24985684835303 97.69261258063389
0.25 0.25 0.25 0.25
15.67678080691335
45.0
189.37143628780046 102.35456913922513
3
156.64426655962836 102.35456913922513
0.25 0.25 0.25 0.25
32.7271697281721
45.0
308.61764518673834 120.46092126293564
3
296.9786733764563 120.46092126293564
0.25 0.25 0.25 0.25
11.63897181028204
45.0
91.0988291392776 420.28658228913827
3
89.22512948823532 420.28658228913827
0.25 0.25 0.25 0.25
1.873699651042271
45.0
18.253329256013487 158.68446180066468
2
21.422119368599397 158.68446180066468
0.25 0.25 0.25 0.25
3.1687901125859117
45.0
277.09394018736066 54.2863906711751
1
277.09394018736066 101.33805712842933
0.25 0.25 0.25 0.25
47.05166645725423
45.0
112.50628866295449 143.2424118751175
0
112.50628866295449 107.67935366357949
0.25 0.25 0.25 0.25
35.56305821153802
45.0
132.52074425476388 94.72950537374692
0
132.52074425476388 90.56501175355366
0.25 0.25 0.25 0.25
4.164493620193249
45.0
62.104495147097516 1.6834411931133553
2
65.20819909851123 1.6834411931133553
0.25 0.25 0.25 0.25
3.1037039514137166
45.0
487.8434359059272 236.28879577358936
0
487.8434359059272 201.86386702140544
0.25 0.25 0.25 0.25
34.42492875218393
45.0
82.21167223675883 450.23575006770335
3
77.47041357423396 450.23575006770335
0.25 0.25 0.25 0.25
4.741258662524866
45.0
436.0810339034212 72.56410649965888
2
448.61154039061995 72.56410649965888
0.25 0.25 0.25 0.25
12.530506487198739
45.0
5.437095028804023 333.4289192243622
2
41.37088379916609 333.4289192243622
0.25 0.25 0.25 0.25
35.933788770362064
45.0
22.871617309544185 323.12279219692834
1
22.871617309544185 354.9790831671762
0.25 0.25 0.25 0.25
31.85629097024785
45.0
102.19942065787302 70.02605586388404
3
54.13109081591964 70.02605586388404
0.25 0.25 0.25 0.25
48.06832984195338
45.0
13.819976095991478 295.22713204748385
2
44.82585718017212 295.22713204748385
0.25 0.25 0.25 0.25
31.005881084180643
45.0
255.37408909567117 133.1703928905254
2
280.2028624781826 133.1703928905254
0.25 0.25 0.25 0.25
24.82877338251145
45.0
493.89417936420205 440.18926197432916
1
493.89417936420205 484.4846799799643
0.25 0.25 0.25 0.25
44.29541800563517
45.0
169.08813180197308 44.478694002174706
0
169.08813180197308 29.62039315889877
0.25 0.25 0.25 0.25
14.858300843275934
45.0
267.0883943018949 205.20820194906133
1
267.0883943018949 241.34250418456074
0.25 0.25 0.25 0.25
36.1343022354994
45.0
467.1096717335721 285.23531695199273
0
467.1096717335721 246.47022711261232
0.25 0.25 0.25 0.25
38.765089839380416
45.0
453.50391611046433 21.29078801608918
2
464.59270592306376 21.29078801608918
0.25 0.25 0.25 0.25
11.088789812599437
45.0
140.0500302240212 220.60431232401135
0
140.0500302240212 194.06159796384992
0.25 0.25 0.25 0.25
26.54271436016142
45.0
210.03910691601732 116.9771529795382
0
210.03910691601732 89.0306930095158
0.25 0.25 0.25 0.25
27.94645997002241
45.0
463.0104323579234 221.01277040054248
3
430.1800695677843 221.01277040054248
0.25 0.25 0.25 0.25
32.8303627901391
45.0
327.4598100026098 158.53915682618734
0
327.4598100026098 150.71267852940625
0.25 0.25 0.25 0.25
7.826478296781097
45.0
353.87833794193915 421.6235836906881
3
349.33267343375144 421.6235836906881
0.25 0.25 0.25 0.25
4.545664508187736
45.0
493.62979856470685 233.51664384138502
2
497.8754207534083 233.51664384138502
0.25 0.25 0.25 0.25
4.245622188701486
45.0
90.20128370453537 441.4551399149007
2
127.61259705107767 441.4551399149007
0.25 0.25 0.25 0.25
37.41131334654229
45.0
115.11052595632333 3.2503263233805537
2
123.17492905658897 3.2503263233805537
0.25 0.25 0.25 0.25
8.064403100265638
45.0
460.9877489300385 445.8517951044306
0
460.9877489300385 432.9688161137904
0.25 0.25 0.25 0.25
12.88297899064021
45.0
95.6820276969331 474.8817647756662
1
95.6820276969331 475.6154244508883
0.25 0.25 0.25 0.25
0.7336596752221147
45.0
389.8557639368827 400.8209731253746
3
373.8678407614534 400.8209731253746
0.25 0.25 0.25 0.25
15.98792317542927
45.0
160.35381911559293 335.229423003375
1
160.35381911559293 355.5633135681502
0.25 0.25 0.25 0.25
20.3338905647752
45.0
478.82376216039916 96.23248318456285
2
491.42695638420133 96.23248318456285
0.25 0.25 0.25 0.25
12.603194223802177
45.0
