22861
292.84033309503184 479.4342291332281
0
292.84033309503184 410.9579137302995
0.25 0.25 0.25 0.25
109.60785713647248
45.0
62.66730038757521 452.2698401864657
0
62.66730038757521 391.8595268501431
0.25 0.25 0.25 0.25
155.8706329633912
45.0
24.013179833047616 355.788673364174
2
148.72350339472308 355.788673364174
0.25 0.25 0.25 0.25
172.7366832277707
45.0
274.4915223713315 30.69174852795652
1
274.4915223713315 56.12630640015084
0.25 0.25 0.25 0.25
25.43455787219432
45.0
418.17031379508967 264.07208462013415
1
418.17031379508967 272.09389894481313
0.25 0.25 0.25 0.25
8.021814324678973
45.0
250.91692766899942 486.5769408176276
0
250.91692766899942 484.2099732576861
0.25 0.25 0.25 0.25
29.213085924686304
45.0
429.4927214766601 99.30741359117997
0
429.4927214766601 56.41033437013516
0.25 0.25 0.25 0.25
42.897079221044805
45.0
445.7776659300037 22.532980646448497
3
424.19496233007953 22.532980646448497
0.25 0.25 0.25 0.25
21.582703599924198
45.0
114.65886047743854 268.86544221191974
1
114.65886047743854 272.4680218278916
0.25 0.25 0.25 0.25
3.602579615971896
45.0
346.36174681225384 129.4310471543174
1
346.36174681225384 163.01494709227188
0.25 0.25 0.25 0.25
33.583899937954456
45.0
59.51427596350338 316.05646690373317
3
31.221139862286858 316.05646690373317
0.25 0.25 0.25 0.25
28.293136101216522
45.0
417.22019498677184 111.42014664409605
3
398.9433768101885 111.42014664409605
0.25 0.25 0.25 0.25
18.276818176583344
45.0
288.0660675461535 256.6725435349316
2
336.6950433727467 256.6725435349316
0.25 0.25 0.25 0.25
48.62897582659318
45.0
161.0737914718505 472.04538898383146
2
176.07291409407384 472.04538898383146
0.25 0.25 0.25 0.25
14.999122622223338
45.0
210.16660554155104 464.2813624923896
3
208.66711321032642 464.2813624923896
0.25 0.25 0.25 0.25
1.4994923312246278
45.0
275.9735696718568 46.59361195061307
2
280.95589949259636 46.59361195061307
0.25 0.25 0.25 0.25
4.9823298207395394
45.0
178.14410320956299 388.25798630576486
3
161.45349375000342 388.25798630576486
0.25 0.25 0.25 0.25
16.690609459559575
45.0
75.56624258963977 333.82037566500264
0
75.56624258963977 314.86827384090293
0.25 0.25 0.25 0.25
18.952101824099728
45.0
307.6780444745988 252.0874991495561
3
267.28873832896187 252.0874991495561
0.25 0.25 0.25 0.25
40.389306145636915
45.0
166.94158920612438 230.72002936888134
0
166.94158920612438 187.27139169999873
0.25 0.25 0.25 0.25
43.448637668882604
45.0
456.1786194101758 180.62983346847267
3
448.8878356473514 180.62983346847267
0.25 0.25 0.25 0.25
7.290783762824448
45.0
30.30360438009666 294.6457085123789
2
38.46157751216623 294.6457085123789
0.25 0.25 0.25 0.25
8.157973132069568
45.0
490.85079864260473 315.82396639866613
3
489.8594014130759 315.82396639866613
0.25 0.25 0.25 0.25
19.28979994431941
45.0
33.81942322780664 86.37463712395237
1
33.81942322780664 105.80562446400299
0.25 0.25 0.25 0.25
19.430987340050628
45.0
312.19958540307914 473.05372922350557
2
323.89168049765647 473.05372922350557
0.25 0.25 0.25 0.25
11.692095094577299
45.0
335.87146823885195 14.079768758705113
1
335.87146823885195 29.33740176227507
0.25 0.25 0.25 0.25
15.257633003569959
45.0
495.4526633237119 168.7504895116895
0
495.4526633237119 150.80153309836095
0.25 0.25 0.25 0.25
17.948956413328542
45.0
373.47205598811445 87.80272315114959
0
373.47205598811445 54.06113131712502
0.25 0.25 0.25 0.25
33.74159183402457
45.0
411.4580423556009 460.78409331642865
0
411.4580423556009 432.88525609577806
0.25 0.25 0.25 0.25
27.89883722065058
45.0
67.62805047919318 392.711358338223
3
18.71320508653669 392.711358338223
0.25 0.25 0.25 0.25
48.91484539265649
45.0
194.62256692418714 458.7339882957519
1
194.62256692418714 474.57727586731
0.25 0.25 0.25 0.25
15.84328757155809
45.0
446.32875752668906 413.47051427043493
2
463.33401065173575 413.47051427043493
0.25 0.25 0.25 0.25
17.00525312504669
45.0
110.6414679622817 356.21283223723765
1
110.6414679622817 395.37340478456736
0.25 0.25 0.25 0.25
39.160572547329735
45.0
234.91957120343386 51.67566453612332
2
238.45632407961534 51.67566453612332
0.25 0.25 0.25 0.25
3.5367528761814926
45.0
67.65866205669869 401.7925784702609
0
67.65866205669869 370.03582731604314
0.25 0.25 0.25 0.25
31.75675115421773
45.0
207.25000215551174 348.03330418700057
3
188.14942423295227 348.03330418700057
0.25 0.25 0.25 0.25
19.10057792255947
45.0
121.22884892469494 81.62088248063878
3
94.84390112639375 81.62088248063878
0.25 0.25 0.25 0.25
26.38494779830119
45.0
259.23407942165056 216.82210438510285
1
259.23407942165056 266.46540053083083
0.25 0.25 0.25 0.25
49.64329614572798
45.0
66.47223267936259 459.8104358675348
1
66.47223267936259 459.9374396474198
0.25 0.25 0.25 0.25
0.12700377988498213
45.0
72.88143772900352 456.66544346428947
3
44.965693544124576 456.66544346428947
0.25 0.25 0.25 0.25
27.91574418487895
45.0
326.4378672645445 414.36617721063146
1
326.4378672645445 461.87558678772325
0.25 0.25 0.25 0.25
47.5094095770918
45.0
326.20815483854096 285.2613378471731
3
297.0561173247214 285.2613378471731
0.25 0.25 0.25 0.25
29.15203751381954
45.0
158.42306688226114 316.7791050937388
3
134.43070036318636 316.7791050937388
0.25 0.25 0.25 0.25
23.992366519074793
45.0
459.3841222703006 55.07171849580775
1
459.3841222703006 92.78853145307451
0.25 0.25 0.25 0.25
37.71681295726676
45.0
25.46070178017574 46.69643566753632
3
1.3171026858587709 46.69643566753632
0.25 0.25 0.25 0.25
24.14359909431697
45.0
451.65895704936696 368.22438775279136
0
451.65895704936696 367.3541300113486
0.25 0.25 0.25 0.25
0.8702577414427481
45.0
493.89423642344144 248.09191173546603
3
483.0061352385975 248.09191173546603
0.25 0.25 0.25 0.25
23.099628337961086
45.0
370.542678277677 468.0641980395239
2
374.1323240723639 468.0641980395239
0.25 0.25 0.25 0.25
3.5896457946868465
45.0
