16037
225.6257445310742 93.68915897860063
1
225.6257445310742 69.63455031015434
0.25 0.25 0.25 0.25
163.32370928875497
45.0
322.0438648875791 413.7853111431052
3
216.12469169205622 413.7853111431052
0.25 0.25 0.25 0.25
105.91917319552289
45.0
125.47180109290116 247.07370665836174
0
125.47180109290116 149.3287944731436
0.25 0.25 0.25 0.25
97.74491218521814
45.0
202.01954732625143 338.2421231980777
3
181.23977188368644 338.2421231980777
0.25 0.25 0.25 0.25
20.77977544256499
45.0
434.8549475058927 414.9068625266467
3
421.8569155371172 414.9068625266467
0.25 0.25 0.25 0.25
12.998031968775559
45.0
116.21557257766307 414.0070640168659
2
125.12955585879207 414.0070640168659
0.25 0.25 0.25 0.25
8.913983281129001
45.0
30.702569544560678 193.6486791339438
2
59.930223091906626 193.6486791339438
0.25 0.25 0.25 0.25
29.22765354734595
45.0
246.51375935872002 493.9597970288439
1
246.51375935872002 494.00163044203003
0.25 0.25 0.25 0.25
0.04183341318609313
45.0
114.24254288922018 375.9349360454416
0
114.24254288922018 367.0550973591074
0.25 0.25 0.25 0.25
8.879838686334224
45.0
222.82715149955098 419.64870899208665
1
222.82715149955098 431.1321420097267
0.25 0.25 0.25 0.25
11.483433017640015
45.0
317.61012190763097 392.4310797658072
1
317.61012190763097 414.6287154203321
0.25 0.25 0.25 0.25
22.197635654524895
45.0
52.22469021672698 47.56639324073797
0
52.22469021672698 16.59148790762471
0.25 0.25 0.25 0.25
30.974905333113263
45.0
56.92344383250265 225.70179734245002
1
56.92344383250265 272.86803197411234
0.25 0.25 0.25 0.25
47.16623463166231
45.0
46.69446929876662 376.0677672638154
2
79.27127336286365 376.0677672638154
0.25 0.25 0.25 0.25
32.57680406409703
45.0
402.3358409046028 76.34867571875031
3
373.81272641753986 76.34867571875031
0.25 0.25 0.25 0.25
28.523114487062905
45.0
339.2388453623019 274.343464788893
3
313.847590393214 274.343464788893
0.25 0.25 0.25 0.25
25.391254969087935
45.0
332.6409176700624 303.7189007523104
1
332.6409176700624 314.4269044472348
0.25 0.25 0.25 0.25
10.708003694924406
45.0
264.33396282717274 251.57298777511917
0
264.33396282717274 221.52617954732153
0.25 0.25 0.25 0.25
30.046808227797644
45.0
403.90054918690583 434.41368132358366
1
403.90054918690583 471.50798848104193
0.25 0.25 0.25 0.25
37.09430715745827
45.0
243.27848768742658 165.19389959813716
0
243.27848768742658 136.76698854977718
0.25 0.25 0.25 0.25
28.426911048359976
45.0
411.2319207569327 387.9512942779326
0
411.2319207569327 354.5092334511323
0.25 0.25 0.25 0.25
33.442060826800336
45.0
136.97331390474835 70.22720764231909
3
127.91257555067213 70.22720764231909
0.25 0.25 0.25 0.25
9.060738354076214
45.0
131.3242532357924 173.31597016796343
3
97.9341004406392 173.31597016796343
0.25 0.25 0.25 0.25
33.39015279515321
45.0
181.79848797314727 289.6141986738483
1
181.79848797314727 290.8397023433116
0.25 0.25 0.25 0.25
1.2255036694633126
45.0
373.0882250187144 111.26832142762476
0
373.0882250187144 66.70584623089599
0.25 0.25 0.25 0.25
44.562475196728776
45.0
49.238452500459 497.84080383622376
0
49.238452500459 453.8022855915416
0.25 0.25 0.25 0.25
44.03851824468217
45.0
277.5628695980082 29.272256642348964
1
277.5628695980082 11.724835797402548
0.25 0.25 0.25 0.25
40.99709243975151
45.0
345.5414252743535 498.6075163944619
0
345.5414252743535 493.61890657359373
0.25 0.25 0.25 0.25
7.773577031944351
45.0
419.03127741662456 460.1843742956213
0
419.03127741662456 441.87161790681444
0.25 0.25 0.25 0.25
18.312756388806857
45.0
78.61824621968483 32.365163079909756
3
78.02529025504984 32.365163079909756
0.25 0.25 0.25 0.25
0.5929559646350002
45.0
395.53846393829053 343.53636986968456
3
383.0831852784604 343.53636986968456
0.25 0.25 0.25 0.25
12.455278659830126
45.0
40.08368609927738 35.229175376830284
1
40.08368609927738 40.722930430491566
0.25 0.25 0.25 0.25
5.493755053661281
45.0
352.2777520270635 174.88267650641114
1
352.2777520270635 182.39691961150123
0.25 0.25 0.25 0.25
7.514243105090079
45.0
230.72031785323583 179.05773584729164
2
231.302536342874 179.05773584729164
0.25 0.25 0.25 0.25
0.5822184896381755
45.0
462.6201714621102 300.71496984766407
3
462.5964594508349 300.71496984766407
0.25 0.25 0.25 0.25
0.023712011275289768
45.0
182.1068513671939 2.329817916258655
3
163.664312420051 2.329817916258655
0.25 0.25 0.25 0.25
18.44253894714291
45.0
256.8170828539874 135.18060259177878
2
262.73403892850587 135.18060259177878
0.25 0.25 0.25 0.25
5.916956074518465
45.0
353.9494617611315 437.7393388867665
1
353.9494617611315 440.61464584438346
0.25 0.25 0.25 0.25
2.875306957616935
45.0
151.76162244821262 43.52689929494461
0
151.76162244821262 10.385444543125743
0.25 0.25 0.25 0.25
33.14145475181887
45.0
119.61536897886803 61.18753763430922
0
119.61536897886803 12.724355125702587
0.25 0.25 0.25 0.25
48.463182508606636
45.0
338.65781796695154 484.8229770052245
2
369.71185952441544 484.8229770052245
0.25 0.25 0.25 0.25
31.054041557463925
45.0
31.34329491685372 475.01379943086295
3
3.1530461899189888 475.01379943086295
0.25 0.25 0.25 0.25
28.19024872693473
45.0
220.7688971766761 176.8659477937183
3
199.14264905162008 176.8659477937183
0.25 0.25 0.25 0.25
21.626248125055998
45.0
109.52876669235401 470.7988603020527
3
103.14785178887331 470.7988603020527
0.25 0.25 0.25 0.25
6.3809149034806945
45.0
371.9590288590289 11.54399272093444
2
417.9843684430487 11.54399272093444
0.25 0.25 0.25 0.25
46.02533958401981
45.0
97.0424838529618 405.28641927871655
1
97.0424838529618 414.11633141226775
0.25 0.25 0.25 0.25
8.829912133551222
45.0
150.97506140898147 99.78146635822603
3
103.18715488805847 99.78146635822603
0.25 0.25 0.25 0.25
47.78790652092301
45.0
86.06037064504113 496.1861518745608
3
76.50613479494197 496.1861518745608
0.25 0.25 0.25 0.25
9.554235850099168
45.0
