29223
226.03115432540687 363.66448312802856
3
75.24576375249308 363.66448312802856
0.25 0.25 0.25 0.25
150.7853905729138
45.0
85.78185896433757 71.74176146383476
2
242.83138410587853 71.74176146383476
0.25 0.25 0.25 0.25
157.04952514154095
45.0
198.1568499892611 351.0878655866119
1
198.1568499892611 441.3062878597235
0.25 0.25 0.25 0.25
90.21842227311163
45.0
147.8514517141027 417.5593913576886
2
26.476449935226867 417.5593913576886
0.25 0.25 0.25 0.25
174.32790164932956
45.0
482.5833112354088 161.02180003995701
3
354.24580644901255 161.02180003995701
0.25 0.25 0.25 0.25
163.17088231557867
45.0
493.9065450790979 43.67559375730801
1
493.9065450790979 55.8135583877464
0.25 0.25 0.25 0.25
99.4891521450544
45.0
468.5211611803334 194.78693624608007
3
306.86671371755597 194.78693624608007
0.25 0.25 0.25 0.25
161.65444746277745
45.0
154.11497724160654 21.442896446902523
2
315.5581009926584 21.442896446902523
0.25 0.25 0.25 0.25
161.44312375105187
45.0
223.9486358833473 418.4849275262434
2
389.0497860480659 418.4849275262434
0.25 0.25 0.25 0.25
165.10115016471863
45.0
33.41604921949127 448.2066119792785
2
55.57954235842942 448.2066119792785
0.25 0.25 0.25 0.25
88.99559157792069
45.0
184.55463007105905 483.1479420431234
3
96.92755431568736 483.1479420431234
0.25 0.25 0.25 0.25
87.62707575537169
45.0
49.951140378554726 186.16112106478136
0
49.951140378554726 25.5662618418325
0.25 0.25 0.25 0.25
160.59485922294886
45.0
43.118325136689464 136.0411808988157
2
191.14758329840106 136.0411808988157
0.25 0.25 0.25 0.25
148.0292581617116
45.0
136.88029865372062 25.101125231423907
1
136.88029865372062 163.91084659592752
0.25 0.25 0.25 0.25
138.80972136450362
45.0
277.56803128564025 395.41113156790993
0
277.56803128564025 285.3317411061996
0.25 0.25 0.25 0.25
110.07939046171032
45.0
128.78567412183622 287.8345845451383
2
5.46159945454059 287.8345845451383
0.25 0.25 0.25 0.25
134.2472735763768
45.0
441.52662239581923 295.4603054248987
0
441.52662239581923 129.44336430069797
0.25 0.25 0.25 0.25
166.01694112420074
45.0
360.4423692083155 36.684906174486116
2
481.21319084814286 36.684906174486116
0.25 0.25 0.25 0.25
120.77082163982737
45.0
254.5162767945064 165.79119009823577
3
134.2101205082784 165.79119009823577
0.25 0.25 0.25 0.25
120.306156286228
45.0
170.10081479091036 92.15828685723064
1
170.10081479091036 15.20497137470116
0.25 0.25 0.25 0.25
107.3632582319318
45.0
454.846456967187 90.66877807779734
3
440.48383049374047 90.66877807779734
0.25 0.25 0.25 0.25
104.66971253907253
45.0
71.36668152198737 8.020823628522948
2
41.65854397650156 8.020823628522948
0.25 0.25 0.25 0.25
113.02522549848894
45.0
101.90440826815865 269.6562875740682
0
101.90440826815865 182.013146711978
0.25 0.25 0.25 0.25
87.64314086209018
45.0
360.7499893294412 224.67095308260127
0
360.7499893294412 126.42422538550136
0.25 0.25 0.25 0.25
98.24672769709991
45.0
40.26007643995865 282.263414399863
1
40.26007643995865 441.0819376703711
0.25 0.25 0.25 0.25
158.81852327050808
45.0
186.39289370858734 367.3577184897127
2
342.41935438871394 367.3577184897127
0.25 0.25 0.25 0.25
156.0264606801266
45.0
249.77872975931515 280.3406619625257
1
249.77872975931515 431.7447797873066
0.25 0.25 0.25 0.25
151.4041178247809
45.0
213.6783598558354 36.380064087355834
2
378.9075606328022 36.380064087355834
0.25 0.25 0.25 0.25
165.2292007769668
45.0
429.4222349739431 29.84625222481037
3
400.11701123864486 29.84625222481037
0.25 0.25 0.25 0.25
170.46075378741202
45.0
226.52334590297417 370.87545733438407
1
226.52334590297417 382.0433952765758
0.25 0.25 0.25 0.25
11.167937942191731
45.0
361.4492314454631 12.123088258331748
2
364.35013312858325 12.123088258331748
0.25 0.25 0.25 0.25
2.9009016831201606
45.0
207.60636605713097 74.14402960748417
2
211.891677263278 74.14402960748417
0.25 0.25 0.25 0.25
4.285311206147052
45.0
398.1144023678603 203.30695038375808
2
414.1508171228646 203.30695038375808
0.25 0.25 0.25 0.25
16.03641475500435
45.0
85.02942054639917 263.0804183806116
1
85.02942054639917 296.2341554657969
0.25 0.25 0.25 0.25
33.153737085185284
45.0
254.587906067331 280.7125889005332
0
254.587906067331 245.5831490608483
0.25 0.25 0.25 0.25
35.12943983968489
45.0
405.96379498515796 457.8483708047379
2
428.908667524517 457.8483708047379
0.25 0.25 0.25 0.25
22.94487253935904
45.0
9.106677699288426 49.647656900012784
2
24.99865635013527 49.647656900012784
0.25 0.25 0.25 0.25
34.105334049423696
45.0
491.861672268254 351.05738678390867
0
491.861672268254 308.81957233148387
0.25 0.25 0.25 0.25
42.23781445242481
45.0
337.45094964623837 52.3007036003214
1
337.45094964623837 61.092205308467065
0.25 0.25 0.25 0.25
8.791501708145667
45.0
164.95068105037842 290.8718156267265
3
158.343238522663 290.8718156267265
0.25 0.25 0.25 0.25
6.607442527715435
45.0
179.59265408794633 225.58466519943659
2
205.10362258021917 225.58466519943659
0.25 0.25 0.25 0.25
25.51096849227284
45.0
172.55067150627997 22.819281529523508
2
193.77780639059867 22.819281529523508
0.25 0.25 0.25 0.25
21.22713488431871
45.0
2.936923993258212 409.5338193734474
0
2.936923993258212 384.887085162802
0.25 0.25 0.25 0.25
24.64673421064537
45.0
418.0946772011814 437.7636843170578
1
418.0946772011814 468.2637166137566
0.25 0.25 0.25 0.25
30.500032296698816
45.0
498.34956935907695 100.25474010421603
3
450.1182569676449 100.25474010421603
0.25 0.25 0.25 0.25
48.23131239143201
45.0
144.03341465160884 470.32958896989624
1
144.03341465160884 497.8471771266406
0.25 0.25 0.25 0.25
27.51758815674436
45.0
341.8548407126629 343.2028994826524
2
355.50695508923894 343.2028994826524
0.25 0.25 0.25 0.25
13.652114376576025
45.0
410.521995181888 83.23795990564844
3
373.2693241035029 83.23795990564844
0.25 0.25 0.25 0.25
37.25267107838505
45.0
