29223
115.0356863046137 323.87456057590794
0
115.0356863046137 173.08917000299414
0.25 0.25 0.25 0.25
150.7853905729138
45.0
186.67336447871205 244.85030891609776
1
186.67336447871205 401.8998340576387
0.25 0.25 0.25 0.25
157.04952514154095
45.0
220.94891497657738 433.7089328639514
3
130.73049270346576 433.7089328639514
0.25 0.25 0.25 0.25
90.21842227311163
45.0
486.9655170781821 114.8709979550068
1
486.9655170781821 59.45690369432276
0.25 0.25 0.25 0.25
174.32790164932956
45.0
72.34272217813924 324.1926823555357
1
72.34272217813924 487.3635646711143
0.25 0.25 0.25 0.25
163.17088231557867
45.0
8.64769419563035 263.0878122452408
2
108.13684634068476 263.0878122452408
0.25 0.25 0.25 0.25
99.4891521450544
45.0
336.9400289408912 397.80257027829384
2
498.59447640366864 397.80257027829384
0.25 0.25 0.25 0.25
161.65444746277745
45.0
414.31870975633274 308.2510501727095
1
414.31870975633274 469.69417392376135
0.25 0.25 0.25 0.25
161.44312375105187
45.0
407.8359840714422 288.8851681910719
3
242.7348339067236 288.8851681910719
0.25 0.25 0.25 0.25
165.10115016471863
45.0
102.47814865060519 317.11403511561286
2
191.47374022852588 317.11403511561286
0.25 0.25 0.25 0.25
88.99559157792069
45.0
236.07953913551947 343.99595722329127
0
236.07953913551947 256.36888146791955
0.25 0.25 0.25 0.25
87.62707575537169
45.0
344.1002673919568 332.05430126637253
0
344.1002673919568 171.45944204342368
0.25 0.25 0.25 0.25
160.59485922294886
45.0
263.5571975623634 344.25140071830026
0
263.5571975623634 196.22214255658866
0.25 0.25 0.25 0.25
148.0292581617116
45.0
222.88496454284086 192.2427970444022
1
222.88496454284086 331.0525184089058
0.25 0.25 0.25 0.25
138.80972136450362
45.0
369.0764500581363 384.43008750866943
3
258.99705959642597 384.43008750866943
0.25 0.25 0.25 0.25
110.07939046171032
45.0
263.03294769821304 408.37275447586285
0
263.03294769821304 457.3799719477604
0.25 0.25 0.25 0.25
134.2472735763768
45.0
242.032908374962 465.37559980389483
3
76.01596725076126 465.37559980389483
0.25 0.25 0.25 0.25
166.01694112420074
45.0
225.10866168279142 431.83549449912675
3
104.33784004296405 431.83549449912675
0.25 0.25 0.25 0.25
120.77082163982737
45.0
367.1685259250346 270.2287781808003
1
367.1685259250346 390.5349344670283
0.25 0.25 0.25 0.25
120.306156286228
45.0
277.46407302284234 331.1235155764063
1
277.46407302284234 438.4867738083381
0.25 0.25 0.25 0.25
107.3632582319318
45.0
10.529518579828476 14.00093446127508
1
10.529518579828476 90.66877807779746
0.25 0.25 0.25 0.25
104.66971253907253
45.0
228.50901457336388 121.04604912701188
2
341.5342400718528 121.04604912701188
0.25 0.25 0.25 0.25
113.02522549848894
45.0
292.9829298204129 341.50718860808445
2
380.62607068250304 341.50718860808445
0.25 0.25 0.25 0.25
87.64314086209018
45.0
30.94436018013971 242.20367611160214
2
67.3023675169602 242.20367611160214
0.25 0.25 0.25 0.25
98.24672769709991
45.0
322.79323870166775 288.3698761655643
1
322.79323870166775 447.18839943607236
0.25 0.25 0.25 0.25
158.81852327050808
45.0
58.710421870106416 164.5628994699074
2
214.73688255023302 164.5628994699074
0.25 0.25 0.25 0.25
156.0264606801266
45.0
34.881675378837656 325.27580933659794
2
186.28579320361857 325.27580933659794
0.25 0.25 0.25 0.25
151.4041178247809
45.0
116.78004169809819 184.359674187924
2
48.449159078868604 184.359674187924
0.25 0.25 0.25 0.25
165.2292007769668
45.0
422.881533963117 356.604300798958
0
422.881533963117 472.93494541363
0.25 0.25 0.25 0.25
170.46075378741202
45.0
260.0271597295494 495.1092873593154
0
260.0271597295494 493.7227746984929
0.25 0.25 0.25 0.25
11.167937942191731
45.0
361.4492314454631 15.023989941451909
2
364.35013312858325 15.023989941451909
0.25 0.25 0.25 0.25
2.9009016831201606
45.0
289.027278973925 125.56776408124885
2
293.31259018007205 125.56776408124885
0.25 0.25 0.25 0.25
4.285311206147052
45.0
269.82308432782565 283.48902415877984
1
269.82308432782565 299.52543891378417
0.25 0.25 0.25 0.25
16.03641475500435
45.0
412.2766357313802 467.39072833616456
2
445.4303728165655 467.39072833616456
0.25 0.25 0.25 0.25
33.153737085185284
45.0
96.70649232951789 473.38133222167255
0
96.70649232951789 491.48922793864256
0.25 0.25 0.25 0.25
35.12943983968489
45.0
48.42022608721106 106.1990509474403
0
48.42022608721106 83.25417840808126
0.25 0.25 0.25 0.25
22.94487253935904
45.0
247.84401604525434 141.0183464815709
0
247.84401604525434 106.91301243214718
0.25 0.25 0.25 0.25
34.105334049423696
45.0
196.19697110128038 226.56446869184325
0
196.19697110128038 184.32665423941845
0.25 0.25 0.25 0.25
42.23781445242481
45.0
425.17850423382805 228.1307377632346
0
425.17850423382805 219.33923605508895
0.25 0.25 0.25 0.25
8.791501708145667
45.0
211.20277874438636 304.08670068215736
3
204.59533621667094 304.08670068215736
0.25 0.25 0.25 0.25
6.607442527715435
45.0
182.6331336052322 205.1459255085225
3
157.12216511295935 205.1459255085225
0.25 0.25 0.25 0.25
25.51096849227284
45.0
45.18786220036775 234.2309975193213
2
66.41499708468646 234.2309975193213
0.25 0.25 0.25 0.25
21.22713488431871
45.0
440.70429179835855 286.3001483202205
0
440.70429179835855 261.6534141095751
0.25 0.25 0.25 0.25
24.64673421064537
45.0
63.404773754938844 318.2360573093518
2
93.90480605163766 318.2360573093518
0.25 0.25 0.25 0.25
30.500032296698816
45.0
67.56861911803483 293.1799896699441
1
67.56861911803483 341.41130206137615
0.25 0.25 0.25 0.25
48.23131239143201
45.0
278.09723405675976 30.048178461986566
2
305.6148222135041 30.048178461986566
0.25 0.25 0.25 0.25
27.51758815674436
45.0
26.752247454889904 288.59444197634826
3
13.10013307831388 288.59444197634826
0.25 0.25 0.25 0.25
13.652114376576025
45.0
410.521995181888 120.49063098403349
0
410.521995181888 83.23795990564844
0.25 0.25 0.25 0.25
37.25267107838505
45.0
