29223
266.11493994545515 101.8836245343216
1
266.11493994545515 48.9017660385922
0.25 0.25 0.25 0.25
150.7853905729138
45.0
71.26766617720338 443.543660897671
0
71.26766617720338 399.4068139607881
0.25 0.25 0.25 0.25
157.04952514154095
45.0
260.5326163720691 280.4410903251695
1
260.5326163720691 370.65951259828114
0.25 0.25 0.25 0.25
90.21842227311163
45.0
421.0996631298633 233.78480534365232
3
404.57243522080717 233.78480534365232
0.25 0.25 0.25 0.25
174.32790164932956
45.0
482.5833112354088 303.2179762490076
1
482.5833112354088 466.38885856458626
0.25 0.25 0.25 0.25
163.17088231557867
45.0
307.11515063079344 249.6833841283992
2
406.6043027758478 249.6833841283992
0.25 0.25 0.25 0.25
99.4891521450544
45.0
336.9400289408912 457.9492007249644
0
336.9400289408912 380.3963518122582
0.25 0.25 0.25 0.25
161.65444746277745
45.0
122.77371974791777 108.65896981046058
1
122.77371974791777 270.10209356151245
0.25 0.25 0.25 0.25
161.44312375105187
45.0
370.2635880246896 78.88952818511794
1
370.2635880246896 86.2116219796007
0.25 0.25 0.25 0.25
165.10115016471863
45.0
55.57954235842945 448.2066119792785
2
33.41604921949124 448.2066119792785
0.25 0.25 0.25 0.25
88.99559157792069
45.0
165.9536729504277 271.79162384146866
1
165.9536729504277 359.4186995968404
0.25 0.25 0.25 0.25
87.62707575537169
45.0
395.40259262798486 98.5977527188096
1
395.40259262798486 61.99710650413925
0.25 0.25 0.25 0.25
160.59485922294886
45.0
411.586455724075 284.0704390605273
0
411.586455724075 136.0411808988157
0.25 0.25 0.25 0.25
148.0292581617116
45.0
361.6946859073445 391.32803886208694
0
361.6946859073445 469.86223977340944
0.25 0.25 0.25 0.25
138.80972136450362
45.0
497.7268122090609 35.6209444343242
3
387.64742174735056 35.6209444343242
0.25 0.25 0.25 0.25
110.07939046171032
45.0
199.97795799627977 93.3182260033991
2
334.2252315726566 93.3182260033991
0.25 0.25 0.25 0.25
134.2472735763768
45.0
105.59438689262208 129.4433643006979
2
60.42255423157866 129.4433643006979
0.25 0.25 0.25 0.25
166.01694112420074
45.0
277.2451658722024 480.23180726620444
0
277.2451658722024 398.99737109396824
0.25 0.25 0.25 0.25
120.77082163982737
45.0
254.51627679450635 286.0973463844638
0
254.51627679450635 165.79119009823577
0.25 0.25 0.25 0.25
120.306156286228
45.0
384.827331254774 444.65800430242837
2
492.1905894867058 444.65800430242837
0.25 0.25 0.25 0.25
107.3632582319318
45.0
408.1493315764617 14.000934461275193
1
408.1493315764617 90.66877807779734
0.25 0.25 0.25 0.25
104.66971253907253
45.0
493.75944597045725 444.08007836543277
0
493.75944597045725 331.05485286694386
0.25 0.25 0.25 0.25
113.02522549848894
45.0
452.4769717165193 116.84172639130071
1
452.4769717165193 204.4848672533909
0.25 0.25 0.25 0.25
87.64314086209018
45.0
344.5098275792591 421.1644084768011
3
246.26309988215917 421.1644084768011
0.25 0.25 0.25 0.25
98.24672769709991
45.0
436.1954933715656 400.09953905912084
0
436.1954933715656 241.28101578861276
0.25 0.25 0.25 0.25
158.81852327050808
45.0
406.2605903079543 119.14603304869996
1
406.2605903079543 36.88042763142664
0.25 0.25 0.25 0.25
156.0264606801266
45.0
84.77597416809493 325.27580933659794
2
236.18009199287584 325.27580933659794
0.25 0.25 0.25 0.25
151.4041178247809
45.0
387.5323559710015 302.70313280477706
0
387.5323559710015 137.47393202781026
0.25 0.25 0.25 0.25
165.2292007769668
45.0
229.65625745123285 95.08545611365733
1
229.65625745123285 265.54620990106935
0.25 0.25 0.25 0.25
170.46075378741202
45.0
237.6912838451659 437.88308498753435
0
237.6912838451659 426.71514704534263
0.25 0.25 0.25 0.25
11.167937942191731
45.0
338.242017980502 2.381420157269055
2
341.14291966362214 2.381420157269055
0.25 0.25 0.25 0.25
2.9009016831201606
45.0
250.4594781186014 9.86436151527839
0
250.4594781186014 5.579050309131337
0.25 0.25 0.25 0.25
4.285311206147052
45.0
457.55786483710074 235.3797798937668
2
473.59427959210507 235.3797798937668
0.25 0.25 0.25 0.25
16.03641475500435
45.0
85.02942054639915 101.61068955642658
3
51.87568346121387 101.61068955642658
0.25 0.25 0.25 0.25
33.153737085185284
45.0
359.9762255863857 421.2303482592728
0
359.9762255863857 386.1009084195879
0.25 0.25 0.25 0.25
35.12943983968489
45.0
360.0740499064399 434.90349826537886
3
337.12917736708084 434.90349826537886
0.25 0.25 0.25 0.25
22.94487253935904
45.0
350.1600181935254 151.9636590482839
3
316.0546841441017 151.9636590482839
0.25 0.25 0.25 0.25
34.105334049423696
45.0
153.95915664885558 353.2779120491177
0
153.95915664885558 311.0400975966929
0.25 0.25 0.25 0.25
42.23781445242481
45.0
434.15746843584094 175.38172751436065
3
425.36596672769525 175.38172751436065
0.25 0.25 0.25 0.25
8.791501708145667
45.0
151.73579599494758 271.04948804358025
2
158.343238522663 271.04948804358025
0.25 0.25 0.25 0.25
6.607442527715435
45.0
154.0816855956735 225.58466519943659
2
179.59265408794633 225.58466519943659
0.25 0.25 0.25 0.25
25.51096849227284
45.0
215.00494127491737 383.6805745629416
1
215.00494127491737 404.90770944726034
0.25 0.25 0.25 0.25
21.22713488431871
45.0
76.87712662519431 360.24035095215663
2
101.52386083583968 360.24035095215663
0.25 0.25 0.25 0.25
24.64673421064537
45.0
368.40509672192695 376.7636197236602
2
398.90512901862576 376.7636197236602
0.25 0.25 0.25 0.25
30.500032296698816
45.0
208.9616950104848 16.64967554142443
1
208.9616950104848 31.581636850007584
0.25 0.25 0.25 0.25
48.23131239143201
45.0
419.20929621905236 497.8471771266406
0
419.20929621905236 474.63523471661506
0.25 0.25 0.25 0.25
27.51758815674436
45.0
287.24638320635876 302.2465563529243
3
273.5942688297827 302.2465563529243
0.25 0.25 0.25 0.25
13.652114376576025
45.0
485.02733733865807 120.49063098403349
0
485.02733733865807 83.23795990564844
0.25 0.25 0.25 0.25
37.25267107838505
45.0
