92666
407.4721084881912 356.2850519869992
1
407.4721084881912 458.0515809845241
0.25 0.25 0.25 0.25
101.76652899752493
45.0
168.68291658777036 396.94270773095883
0
168.68291658777036 248.22733964857673
0.25 0.25 0.25 0.25
148.7153680823821
45.0
309.3731321569672 372.1558802194682
0
309.3731321569672 261.40441328131965
0.25 0.25 0.25 0.25
110.75146693814857
45.0
219.63720113781375 279.75343591760185
1
219.63720113781375 452.93519380706925
0.25 0.25 0.25 0.25
173.1817578894674
45.0
344.4626722457551 65.98298146447422
2
437.029493123943 65.98298146447422
0.25 0.25 0.25 0.25
92.56682087818791
45.0
479.4442828346372 34.25900288522939
1
479.4442828346372 106.88736955941738
0.25 0.25 0.25 0.25
141.14637244464677
45.0
396.44653400453404 453.1540790281746
3
304.2698798898044 453.1540790281746
0.25 0.25 0.25 0.25
92.17665411472969
45.0
270.43048291120454 363.1806901580436
0
270.43048291120454 200.47807476596623
0.25 0.25 0.25 0.25
162.70261539207738
45.0
235.64465520667193 257.6940038727672
3
129.5046358177588 257.6940038727672
0.25 0.25 0.25 0.25
106.1400193889131
45.0
418.4309204325524 292.5732992676309
0
418.4309204325524 119.35503880160942
0.25 0.25 0.25 0.25
173.21826046602146
45.0
334.6827419435082 29.622238297904914
2
451.5581626952396 29.622238297904914
0.25 0.25 0.25 0.25
116.87542075173144
45.0
215.8824341667554 128.3917261050891
2
344.34735128226924 128.3917261050891
0.25 0.25 0.25 0.25
128.46491711551386
45.0
428.55194991511473 484.05290891199354
0
428.55194991511473 389.94097167864106
0.25 0.25 0.25 0.25
126.00611940936535
45.0
108.6545388474517 95.5992139152803
2
230.37066027952858 95.5992139152803
0.25 0.25 0.25 0.25
121.71612143207687
45.0
481.5691289473598 274.2663363370634
0
481.5691289473598 116.98430238861152
0.25 0.25 0.25 0.25
157.2820339484519
45.0
415.858389702086 276.2713011757172
1
415.858389702086 369.5113757798419
0.25 0.25 0.25 0.25
93.24007460412467
45.0
334.7071798556248 154.0088294465864
2
432.0338405525647 154.0088294465864
0.25 0.25 0.25 0.25
97.32666069693988
45.0
92.87259342452944 235.4067776701046
2
188.46202350222285 235.4067776701046
0.25 0.25 0.25 0.25
95.58943007769341
45.0
322.5561331563695 93.4667592762595
1
322.5561331563695 241.89872833723638
0.25 0.25 0.25 0.25
148.43196906097688
45.0
158.60788025176623 330.3768106326262
2
326.10537277162155 330.3768106326262
0.25 0.25 0.25 0.25
167.4974925198553
45.0
288.7246360674492 462.3733564637994
3
164.63195700275844 462.3733564637994
0.25 0.25 0.25 0.25
124.09267906469076
45.0
8.115065621349288 461.6644347787866
0
8.115065621349288 324.0743420490903
0.25 0.25 0.25 0.25
137.5900927296963
45.0
256.2305376808645 86.24668185421106
1
256.2305376808645 258.36155412513335
0.25 0.25 0.25 0.25
172.1148722709223
45.0
217.6228803136816 222.86034132990335
1
217.6228803136816 313.45281008388935
0.25 0.25 0.25 0.25
90.592468753986
45.0
103.93263346788751 308.9952761539547
0
103.93263346788751 217.45779923160657
0.25 0.25 0.25 0.25
91.53747692234813
45.0
364.7486070157192 352.4690969583498
0
364.7486070157192 257.87521908750216
0.25 0.25 0.25 0.25
94.5938778708476
45.0
18.247877492484974 105.96565407001262
1
18.247877492484974 271.0495471970304
0.25 0.25 0.25 0.25
165.08389312701777
45.0
393.4005926924915 177.09643967560487
0
393.4005926924915 27.20767422711623
0.25 0.25 0.25 0.25
149.88876544848864
45.0
374.93545600698485 155.8107116033108
1
374.93545600698485 282.40469256861354
0.25 0.25 0.25 0.25
126.59398096530273
45.0
490.3668817397981 212.28930816087575
3
378.7883379442919 212.28930816087575
0.25 0.25 0.25 0.25
130.84478031591
45.0
27.83682167094787 292.3514686348637
1
27.83682167094787 467.1270580471769
0.25 0.25 0.25 0.25
174.7755894123132
45.0
120.95992783360957 155.96078715675912
2
242.83638527800338 155.96078715675912
0.25 0.25 0.25 0.25
121.87645744439381
45.0
474.33704812775613 65.61999200611376
1
474.33704812775613 79.36916717652775
0.25 0.25 0.25 0.25
144.98915918264152
45.0
312.28248650827015 489.49123922643946
0
312.28248650827015 382.54284232386146
0.25 0.25 0.25 0.25
127.96591844969909
45.0
146.9234735807599 268.866421383795
1
146.9234735807599 364.4339153710266
0.25 0.25 0.25 0.25
95.56749398723159
45.0
53.32925942499399 88.21399877339762
1
53.32925942499399 187.5102558999136
0.25 0.25 0.25 0.25
99.29625712651598
45.0
449.76139773210116 245.45210840134212
1
449.76139773210116 348.34271119058116
0.25 0.25 0.25 0.25
102.89060278923904
45.0
132.5175917730732 350.128367410798
1
132.5175917730732 447.34377673252993
0.25 0.25 0.25 0.25
97.21540932173198
45.0
433.4791744679577 380.3399438004459
3
291.1319766784545 380.3399438004459
0.25 0.25 0.25 0.25
142.3471977895032
45.0
329.4554305736808 9.46501035206822
1
329.4554305736808 80.6366650882941
0.25 0.25 0.25 0.25
90.10167544036231
45.0
233.62599027047685 398.9222667474754
0
233.62599027047685 480.3060231746955
0.25 0.25 0.25 0.25
120.7717100778291
45.0
496.2865452581387 350.74109834205257
3
395.39755949716766 350.74109834205257
0.25 0.25 0.25 0.25
100.88898576097101
45.0
479.5490176451515 444.6080672604106
0
479.5490176451515 292.30282757330707
0.25 0.25 0.25 0.25
152.30523968710355
45.0
21.271211483113348 393.31880572972204
2
143.99736155360745 393.31880572972204
0.25 0.25 0.25 0.25
122.7261500704941
45.0
381.22228543891765 32.75796826620278
1
381.22228543891765 145.6101579791303
0.25 0.25 0.25 0.25
112.85218971292751
45.0
498.86106693961165 286.89320019040906
0
498.86106693961165 159.2233478560679
0.25 0.25 0.25 0.25
127.66985233434119
45.0
22.850830277379842 440.7887961725837
2
92.94207675522509 440.7887961725837
0.25 0.25 0.25 0.25
115.79290703260493
45.0
429.7923417615882 284.1791770299361
0
429.7923417615882 124.54395094766164
0.25 0.25 0.25 0.25
159.63522608227447
45.0
