92666
71.06715239908854 152.75199399194935
2
30.699376598436388 152.75199399194935
0.25 0.25 0.25 0.25
101.76652899752493
45.0
209.69049316444512 74.8960348685456
1
209.69049316444512 73.8193332138365
0.25 0.25 0.25 0.25
148.7153680823821
45.0
250.8577976471015 396.63079323424574
0
250.8577976471015 492.6177398276057
0.25 0.25 0.25 0.25
110.75146693814857
45.0
338.998619867393 184.75277270174325
3
165.8168619779256 184.75277270174325
0.25 0.25 0.25 0.25
173.1817578894674
45.0
27.508805135351963 46.35627922655459
1
27.508805135351963 138.9231001047425
0.25 0.25 0.25 0.25
92.56682087818791
45.0
178.3860078387063 199.35616110482135
3
37.23963539405952 199.35616110482135
0.25 0.25 0.25 0.25
141.14637244464677
45.0
226.03642103710115 214.54317757953044
1
226.03642103710115 306.7198316942601
0.25 0.25 0.25 0.25
92.17665411472969
45.0
404.16428630464065 192.4925408201232
3
433.13309830328194 192.4925408201232
0.25 0.25 0.25 0.25
162.70261539207738
45.0
464.58506237384734 90.15379059472305
1
464.58506237384734 196.29380998363615
0.25 0.25 0.25 0.25
106.1400193889131
45.0
6.624726091747959 171.79191005279822
1
6.624726091747959 345.0101705188197
0.25 0.25 0.25 0.25
173.21826046602146
45.0
444.68426377359447 94.02627016737426
1
444.68426377359447 22.849150584357176
0.25 0.25 0.25 0.25
116.87542075173144
45.0
224.95099102800793 83.23120178275735
3
96.48607391249408 83.23120178275735
0.25 0.25 0.25 0.25
128.46491711551386
45.0
437.39297540059704 137.92873285991027
1
437.39297540059704 263.9348522692756
0.25 0.25 0.25 0.25
126.00611940936535
45.0
56.1124817606817 35.7559288016447
2
65.60363967139517 35.7559288016447
0.25 0.25 0.25 0.25
121.71612143207687
45.0
227.14951311456417 16.010064749448077
2
384.43154706301607 16.010064749448077
0.25 0.25 0.25 0.25
157.2820339484519
45.0
490.9015356937893 138.64743055416324
3
397.6614610896646 138.64743055416324
0.25 0.25 0.25 0.25
93.24007460412467
45.0
351.8336614607612 225.69090191570825
0
351.8336614607612 128.36424121876837
0.25 0.25 0.25 0.25
97.32666069693988
45.0
416.36855124911403 338.3742393793595
3
320.7791211714206 338.3742393793595
0.25 0.25 0.25 0.25
95.58943007769341
45.0
310.1955265143761 242.42096227253245
0
310.1955265143761 93.98899321155557
0.25 0.25 0.25 0.25
148.43196906097688
45.0
166.41719454968063 360.2865413474175
2
333.91468706953594 360.2865413474175
0.25 0.25 0.25 0.25
167.4974925198553
45.0
274.2075011025012 235.96370078184003
3
150.11482203781048 235.96370078184003
0.25 0.25 0.25 0.25
124.09267906469076
45.0
18.866974431968913 12.024805697571708
1
18.866974431968913 149.614898427268
0.25 0.25 0.25 0.25
137.5900927296963
45.0
173.51466214329028 68.90927356770447
2
345.62953441421257 68.90927356770447
0.25 0.25 0.25 0.25
172.1148722709223
45.0
384.8764429970378 215.89465391759535
0
384.8764429970378 125.30218516360935
0.25 0.25 0.25 0.25
90.592468753986
45.0
300.8320796042426 324.8548161566529
1
300.8320796042426 416.392293079001
0.25 0.25 0.25 0.25
91.53747692234813
45.0
473.06772910970926 487.5956314085212
3
432.3383930194432 487.5956314085212
0.25 0.25 0.25 0.25
94.5938778708476
45.0
240.31161804686323 496.75427983423833
0
240.31161804686323 338.1618270387439
0.25 0.25 0.25 0.25
165.08389312701777
45.0
140.61972890470759 272.56985666986105
2
290.5084943531962 272.56985666986105
0.25 0.25 0.25 0.25
149.88876544848864
45.0
386.76280747048975 333.4120834583015
3
486.6432115642075 333.4120834583015
0.25 0.25 0.25 0.25
126.59398096530273
45.0
154.4270725738221 25.25633805175613
3
23.582292257912115 25.25633805175613
0.25 0.25 0.25 0.25
130.84478031591
45.0
271.1045040403435 252.67435566845683
0
271.1045040403435 77.89876625614363
0.25 0.25 0.25 0.25
174.7755894123132
45.0
319.6344658341205 378.4564787306613
3
197.75800838972668 378.4564787306613
0.25 0.25 0.25 0.25
121.87645744439381
45.0
273.90341543341674 485.6633552755477
2
418.89257461605825 485.6633552755477
0.25 0.25 0.25 0.25
144.98915918264152
45.0
375.00180093541064 221.52039581483405
3
247.03588248571157 221.52039581483405
0.25 0.25 0.25 0.25
127.96591844969909
45.0
184.1040685086189 311.4559162714579
2
279.6715624958505 311.4559162714579
0.25 0.25 0.25 0.25
95.56749398723159
45.0
81.47897436435481 323.0458872023467
1
81.47897436435481 422.3421443288627
0.25 0.25 0.25 0.25
99.29625712651598
45.0
402.26945247420144 126.38898650003517
1
402.26945247420144 229.2795892892742
0.25 0.25 0.25 0.25
102.89060278923904
45.0
256.3440455138548 377.9742741934782
2
353.55945483558673 377.9742741934782
0.25 0.25 0.25 0.25
97.21540932173198
45.0
148.7847788889513 196.18807830452212
3
6.437581099448096 196.18807830452212
0.25 0.25 0.25 0.25
142.3471977895032
45.0
149.25207969295627 270.8884665171406
3
59.15040425259396 270.8884665171406
0.25 0.25 0.25 0.25
90.10167544036231
45.0
286.74506159357156 345.80319542438076
1
286.74506159357156 466.57490550220984
0.25 0.25 0.25 0.25
120.7717100778291
45.0
430.9569899360084 118.14440002396209
3
330.0680041750374 118.14440002396209
0.25 0.25 0.25 0.25
100.88898576097101
45.0
48.70620825825779 296.88624710745313
2
201.01144794536134 296.88624710745313
0.25 0.25 0.25 0.25
152.30523968710355
45.0
321.29590993224315 429.70040460181644
0
321.29590993224315 447.57344532768946
0.25 0.25 0.25 0.25
122.7261500704941
45.0
171.1876134294102 468.49701970156525
3
58.335423716482666 468.49701970156525
0.25 0.25 0.25 0.25
112.85218971292751
45.0
245.799228391706 52.91565974912061
1
245.799228391706 180.5855120834618
0.25 0.25 0.25 0.25
127.66985233434119
45.0
201.68489820141735 138.1757389904409
0
201.68489820141735 22.38283195783596
0.25 0.25 0.25 0.25
115.79290703260493
45.0
35.26395052747114 462.05309899848703
2
124.37127555480333 462.05309899848703
0.25 0.25 0.25 0.25
159.63522608227447
45.0
