92666
318.3336736157619 33.320175019175096
2
420.1002026132868 33.320175019175096
0.25 0.25 0.25 0.25
101.76652899752493
45.0
113.43288135267716 181.52712471954385
2
35.28248672970494 181.52712471954385
0.25 0.25 0.25 0.25
148.7153680823821
45.0
19.64447110081555 368.91908266280524
2
91.10699583733302 368.91908266280524
0.25 0.25 0.25 0.25
110.75146693814857
45.0
202.81763259556425 144.79117453494194
1
202.81763259556425 28.39058335452546
0.25 0.25 0.25 0.25
173.1817578894674
45.0
84.99723927125825 65.8372438895531
2
7.56958160692966 65.8372438895531
0.25 0.25 0.25 0.25
92.56682087818791
45.0
238.26297227606926 341.27854289882055
2
379.40934472071604 341.27854289882055
0.25 0.25 0.25 0.25
141.14637244464677
45.0
474.67999285723727 310.63035658479475
1
474.67999285723727 402.8070106995244
0.25 0.25 0.25 0.25
92.17665411472969
45.0
479.3047473879201 104.93038651132522
1
479.3047473879201 267.6330019034026
0.25 0.25 0.25 0.25
162.70261539207738
45.0
101.42517870732571 162.9730732049381
1
101.42517870732571 269.1130925938512
0.25 0.25 0.25 0.25
106.1400193889131
45.0
87.97440878201607 400.29974259645496
2
261.19266924803753 400.29974259645496
0.25 0.25 0.25 0.25
173.21826046602146
45.0
204.09687185453208 328.36971378751633
0
204.09687185453208 211.4942930357849
0.25 0.25 0.25 0.25
116.87542075173144
45.0
372.06668820638015 330.0292685087447
1
372.06668820638015 458.49418562425853
0.25 0.25 0.25 0.25
128.46491711551386
45.0
326.6926963305179 483.7512699883157
0
326.6926963305179 357.74515057895036
0.25 0.25 0.25 0.25
126.00611940936535
45.0
101.5136894996283 164.77327826058718
1
101.5136894996283 286.48939969266405
0.25 0.25 0.25 0.25
121.71612143207687
45.0
485.4057847021793 366.50315443615773
0
485.4057847021793 476.2148116153903
0.25 0.25 0.25 0.25
157.2820339484519
45.0
280.65988178457957 460.32608767991906
0
280.65988178457957 446.4338377159563
0.25 0.25 0.25 0.25
93.24007460412467
45.0
108.06624899333713 278.06888317412756
2
205.392909690277 278.06888317412756
0.25 0.25 0.25 0.25
97.32666069693988
45.0
100.25062505609083 44.227917514717774
1
100.25062505609083 139.81734759241118
0.25 0.25 0.25 0.25
95.58943007769341
45.0
103.73976188809218 23.08235706895897
1
103.73976188809218 125.34961199201791
0.25 0.25 0.25 0.25
148.43196906097688
45.0
316.1354625333578 9.603129526216321
2
483.6329550532131 9.603129526216321
0.25 0.25 0.25 0.25
167.4974925198553
45.0
353.5144617034264 476.8904914287473
3
229.42178263873564 476.8904914287473
0.25 0.25 0.25 0.25
124.09267906469076
45.0
54.87172735228316 370.83100378002416
0
54.87172735228316 233.24091105032787
0.25 0.25 0.25 0.25
137.5900927296963
45.0
330.2777090751854 356.0507635642349
3
497.6074186538923 356.0507635642349
0.25 0.25 0.25 0.25
172.1148722709223
45.0
200.20866178291163 303.00427896542715
0
200.20866178291163 212.41181021144115
0.25 0.25 0.25 0.25
90.592468753986
45.0
103.93263346788751 132.8325684550878
2
195.47011039023565 132.8325684550878
0.25 0.25 0.25 0.25
91.53747692234813
45.0
121.74934705071901 176.80990592885468
2
216.34322492156662 176.80990592885468
0.25 0.25 0.25 0.25
94.5938778708476
45.0
127.84273315874597 105.96565407001262
1
127.84273315874597 271.0495471970304
0.25 0.25 0.25 0.25
165.08389312701777
45.0
487.39392691087824 371.01257294870186
3
362.7173076406332 371.01257294870186
0.25 0.25 0.25 0.25
149.88876544848864
45.0
108.9956463539574 400.648106888671
0
108.9956463539574 472.75791214602623
0.25 0.25 0.25 0.25
126.59398096530273
45.0
163.85701983975184 96.15849499822423
3
33.012239523841856 96.15849499822423
0.25 0.25 0.25 0.25
130.84478031591
45.0
370.36789362755803 418.4735215732974
0
370.36789362755803 243.69793216098418
0.25 0.25 0.25 0.25
174.7755894123132
45.0
220.9132896130078 109.71522339702408
2
342.7897470574016 109.71522339702408
0.25 0.25 0.25 0.25
121.87645744439381
45.0
474.33704812775613 240.4573797457365
0
474.33704812775613 95.46822056309497
0.25 0.25 0.25 0.25
144.98915918264152
45.0
375.00180093541076 281.0140975222265
1
375.00180093541076 408.9800159719256
0.25 0.25 0.25 0.25
127.96591844969909
45.0
471.0336419382753 267.1308561437739
0
471.0336419382753 171.5633621565423
0.25 0.25 0.25 0.25
95.56749398723159
45.0
251.59694068939416 95.25142750823777
1
251.59694068939416 4.044829618278214
0.25 0.25 0.25 0.25
99.29625712651598
45.0
373.363424581811 5.407644181593923
3
270.47282179257195 5.407644181593923
0.25 0.25 0.25 0.25
102.89060278923904
45.0
299.10250363385694 114.17395301096246
2
396.3179129555889 114.17395301096246
0.25 0.25 0.25 0.25
97.21540932173198
45.0
292.5352763734687 320.68719872663735
0
292.5352763734687 178.34000093713414
0.25 0.25 0.25 0.25
142.3471977895032
45.0
202.27305191247893 8.298129959960846
1
202.27305191247893 98.39980540032316
0.25 0.25 0.25 0.25
90.10167544036231
45.0
128.6891399630103 427.1869518516005
0
128.6891399630103 452.0413380705704
0.25 0.25 0.25 0.25
120.7717100778291
45.0
192.156639849238 43.924987092121356
1
192.156639849238 144.81397285309237
0.25 0.25 0.25 0.25
100.88898576097101
45.0
368.145742667745 404.544299125103
3
215.84050298064147 404.544299125103
0.25 0.25 0.25 0.25
152.30523968710355
45.0
3.0804120470661474 252.40185622318074
0
3.0804120470661474 129.67570615268664
0.25 0.25 0.25 0.25
122.7261500704941
45.0
331.0489253913804 129.9404505627827
3
218.1967356784529 129.9404505627827
0.25 0.25 0.25 0.25
112.85218971292751
45.0
288.5168657411648 224.26926886099076
1
288.5168657411648 351.93912119533195
0.25 0.25 0.25 0.25
127.66985233434119
45.0
113.84707435321288 482.9249594660281
0
113.84707435321288 367.13205243342315
0.25 0.25 0.25 0.25
115.79290703260493
45.0
312.3457591856669 410.74510754899563
3
152.71053310339244 410.74510754899563
0.25 0.25 0.25 0.25
159.63522608227447
45.0
