92666
35.73657244859008 254.31412199815043
1
35.73657244859008 356.08065099567534
0.25 0.25 0.25 0.25
101.76652899752493
45.0
303.15582601173384 114.8269097905112
1
303.15582601173384 33.888458291870904
0.25 0.25 0.25 0.25
148.7153680823821
45.0
16.407673544152573 409.5779834608976
0
16.407673544152573 479.6705496009538
0.25 0.25 0.25 0.25
110.75146693814857
45.0
336.90884314822733 144.79117453494206
1
336.90884314822733 28.390583354525347
0.25 0.25 0.25 0.25
173.1817578894674
45.0
452.1686563378021 46.35627922655459
3
455.26452278400996 46.35627922655459
0.25 0.25 0.25 0.25
92.56682087818791
45.0
338.2979103899904 82.93658378447219
2
479.4442828346372 82.93658378447219
0.25 0.25 0.25 0.25
141.14637244464677
45.0
433.14335302803306 310.63035658479475
3
340.9666989133034 310.63035658479475
0.25 0.25 0.25 0.25
92.17665411472969
45.0
221.46490140569998 474.52715211437726
0
221.46490140569998 311.82453672229985
0.25 0.25 0.25 0.25
162.70261539207738
45.0
66.11503457071844 138.78661657245226
1
66.11503457071844 244.92663596136538
0.25 0.25 0.25 0.25
106.1400193889131
45.0
447.6603818975549 158.66460159773814
3
274.44212143153345 158.66460159773814
0.25 0.25 0.25 0.25
173.21826046602146
45.0
250.28696393182815 35.37439568824357
1
250.28696393182815 81.50102506348787
0.25 0.25 0.25 0.25
116.87542075173144
45.0
115.13685397535244 229.28368831734167
0
115.13685397535244 100.81877120182781
0.25 0.25 0.25 0.25
128.46491711551386
45.0
176.53971109638405 11.92261345054554
2
302.5458305057494 11.92261345054554
0.25 0.25 0.25 0.25
126.00611940936535
45.0
48.9716324128583 260.21837114927905
2
72.74448901921858 260.21837114927905
0.25 0.25 0.25 0.25
121.71612143207687
45.0
417.4566334134771 140.2670123474394
1
417.4566334134771 17.015021601012506
0.25 0.25 0.25 0.25
157.2820339484519
45.0
330.0622071309114 497.71547900669924
2
423.3022817350361 497.71547900669924
0.25 0.25 0.25 0.25
93.24007460412467
45.0
15.993804734204048 472.7222045680072
0
15.993804734204048 375.39554387106733
0.25 0.25 0.25 0.25
97.32666069693988
45.0
2.7168366531639663 286.64607194142843
0
2.7168366531639663 191.05664186373502
0.25 0.25 0.25 0.25
95.58943007769341
45.0
450.96433092897723 241.89872833723638
3
400.6037000100459 241.89872833723638
0.25 0.25 0.25 0.25
148.43196906097688
45.0
133.68310465610682 4.618174407084439
2
301.18059717596213 4.618174407084439
0.25 0.25 0.25 0.25
167.4974925198553
45.0
391.0416126847181 97.35388675220109
3
484.8657082505912 97.35388675220109
0.25 0.25 0.25 0.25
124.09267906469076
45.0
457.75469470256417 290.1374198151391
3
404.65521256773957 290.1374198151391
0.25 0.25 0.25 0.25
137.5900927296963
45.0
325.49254638297 151.2466576677788
1
325.49254638297 323.3615299387011
0.25 0.25 0.25 0.25
172.1148722709223
45.0
297.7668179492056 146.47522109834875
3
207.17434919521958 146.47522109834875
0.25 0.25 0.25 0.25
90.592468753986
45.0
195.4701103902357 48.20733767856905
1
195.4701103902357 139.74481460091718
0.25 0.25 0.25 0.25
91.53747692234813
45.0
27.155469179871403 203.81399779597825
1
27.155469179871403 298.4078756668259
0.25 0.25 0.25 0.25
94.5938778708476
45.0
458.0105194127815 59.118239057005155
3
376.90558746020076 59.118239057005155
0.25 0.25 0.25 0.25
165.08389312701777
45.0
210.60385116191742 479.09866160280944
3
60.71508571342878 479.09866160280944
0.25 0.25 0.25 0.25
149.88876544848864
45.0
156.94416329907008 408.9986735339163
0
156.94416329907008 464.40734550078093
0.25 0.25 0.25 0.25
126.59398096530273
45.0
396.85039668523837 311.08981310276425
3
472.3048229988517 311.08981310276425
0.25 0.25 0.25 0.25
130.84478031591
45.0
496.48994656599206 369.8199850994183
0
496.48994656599206 455.40442548826854
0.25 0.25 0.25 0.25
174.7755894123132
45.0
27.137055613919344 255.91414893615735
1
27.137055613919344 377.79060638055114
0.25 0.25 0.25 0.25
121.87645744439381
45.0
214.20695831945432 354.4233712633202
0
214.20695831945432 209.43421208067866
0.25 0.25 0.25 0.25
144.98915918264152
45.0
56.35064960887209 254.5769238741624
0
56.35064960887209 126.6110054244633
0.25 0.25 0.25 0.25
127.96591844969909
45.0
249.18124983189333 215.88842228422638
0
249.18124983189333 120.3209282969948
0.25 0.25 0.25 0.25
95.56749398723159
45.0
464.2643124121065 2.9925991165620474
3
436.43943046137747 2.9925991165620474
0.25 0.25 0.25 0.25
99.29625712651598
45.0
375.7768228352524 474.7821111233309
2
478.66742562449144 474.7821111233309
0.25 0.25 0.25 0.25
102.89060278923904
45.0
7.456275668660936 108.10277241518173
1
7.456275668660936 205.31818173691371
0.25 0.25 0.25 0.25
97.21540932173198
45.0
4.271265320984696 109.92401011534986
2
138.07593246851852 109.92401011534986
0.25 0.25 0.25 0.25
142.3471977895032
45.0
140.37050953694148 260.84001596901874
3
50.26883409657917 260.84001596901874
0.25 0.25 0.25 0.25
90.10167544036231
45.0
283.28716941820676 219.4698510733096
2
404.05887949603584 219.4698510733096
0.25 0.25 0.25 0.25
120.7717100778291
45.0
0.7314740629938399 346.5919443750344
2
101.62045982396485 346.5919443750344
0.25 0.25 0.25 0.25
100.88898576097101
45.0
42.665182651494604 118.50809774593256
2
109.64005703560895 118.50809774593256
0.25 0.25 0.25 0.25
152.30523968710355
45.0
475.79421289299535 166.05730502478104
3
353.06806282250125 166.05730502478104
0.25 0.25 0.25 0.25
122.7261500704941
45.0
233.21202317325714 352.80772312162253
2
346.06421288618463 352.80772312162253
0.25 0.25 0.25 0.25
112.85218971292751
45.0
371.1912146052705 436.89133618021435
3
243.52136227092933 436.89133618021435
0.25 0.25 0.25 0.25
127.66985233434119
45.0
180.77990060342916 293.4753086942626
0
180.77990060342916 177.68240166165765
0.25 0.25 0.25 0.25
115.79290703260493
45.0
452.7610756624905 110.34921420418095
3
293.125849580216 110.34921420418095
0.25 0.25 0.25 0.25
159.63522608227447
45.0
