92666
48.3646665736856 68.44635397834985
1
48.3646665736856 170.21288297587478
0.25 0.25 0.25 0.25
101.76652899752493
45.0
139.12551970503512 33.888458291870904
2
287.8408877874172 33.888458291870904
0.25 0.25 0.25 0.25
148.7153680823821
45.0
94.343793393996 409.5779834608976
0
94.343793393996 298.82651652274905
0.25 0.25 0.25 0.25
110.75146693814857
45.0
163.72708525875981 491.15469031387676
2
336.9088431482272 491.15469031387676
0.25 0.25 0.25 0.25
173.1817578894674
45.0
377.83686511968125 84.07227354962015
3
285.27004424149334 84.07227354962015
0.25 0.25 0.25 0.25
92.56682087818791
45.0
467.4688899471646 235.28233976723914
0
467.4688899471646 94.13596732259236
0.25 0.25 0.25 0.25
141.14637244464677
45.0
13.796722283588878 228.48637284155689
1
13.796722283588878 320.66302695628656
0.25 0.25 0.25 0.25
92.17665411472969
45.0
479.3047473879201 477.9042325905514
0
479.3047473879201 315.20161719847397
0.25 0.25 0.25 0.25
162.70261539207738
45.0
474.01474373702183 436.65330587189544
3
367.8747243481087 436.65330587189544
0.25 0.25 0.25 0.25
106.1400193889131
45.0
219.15254935389814 360.99017980032625
0
219.15254935389814 187.77191933430478
0.25 0.25 0.25 0.25
173.21826046602146
45.0
320.9722926062635 152.249816439975
0
320.9722926062635 35.37439568824357
0.25 0.25 0.25 0.25
116.87542075173144
45.0
372.06668820638015 73.09943427771697
1
372.06668820638015 201.56435139323082
0.25 0.25 0.25 0.25
128.46491711551386
45.0
185.38073658186636 492.1018641869158
2
311.3868559912317 492.1018641869158
0.25 0.25 0.25 0.25
126.00611940936535
45.0
170.68775384493517 43.0571568285103
2
292.40387527701205 43.0571568285103
0.25 0.25 0.25 0.25
121.71612143207687
45.0
473.7644297227655 411.16959576603244
0
473.7644297227655 253.88756181758055
0.25 0.25 0.25 0.25
157.2820339484519
45.0
415.858389702086 206.24668451291643
3
490.9015356937893 206.24668451291643
0.25 0.25 0.25 0.25
93.24007460412467
45.0
237.38051915868482 154.00882944658645
0
237.38051915868482 56.682168749646564
0.25 0.25 0.25 0.25
97.32666069693988
45.0
48.7668942014634 286.64607194142843
2
144.3563242791568 286.64607194142843
0.25 0.25 0.25 0.25
95.58943007769341
45.0
64.71597846125394 422.2135501139717
0
64.71597846125394 429.3544808250515
0.25 0.25 0.25 0.25
148.43196906097688
45.0
186.35701502620816 492.15578660925473
2
353.8545075460635 492.15578660925473
0.25 0.25 0.25 0.25
167.4974925198553
45.0
484.86570825059107 413.5339644715099
3
360.7730291859003 413.5339644715099
0.25 0.25 0.25 0.25
124.09267906469076
45.0
257.1778089992355 216.39871803088704
3
119.58771626953919 216.39871803088704
0.25 0.25 0.25 0.25
137.5900927296963
45.0
358.1817800085038 356.0507635642349
0
358.1817800085038 183.9358912933126
0.25 0.25 0.25 0.25
172.1148722709223
45.0
339.8633070348504 237.06768985233475
3
249.27083828086438 237.06768985233475
0.25 0.25 0.25 0.25
90.592468753986
45.0
86.05456652263808 141.7798623119566
2
5.48291039971005 141.7798623119566
0.25 0.25 0.25 0.25
91.53747692234813
45.0
67.4384086909762 122.74868463733078
0
67.4384086909762 28.154806766483176
0.25 0.25 0.25 0.25
94.5938778708476
45.0
18.247877492484974 398.7826665489341
0
18.247877492484974 233.69877342191634
0.25 0.25 0.25 0.25
165.08389312701777
45.0
362.7173076406332 221.12380750021333
0
362.7173076406332 71.23504205172469
0.25 0.25 0.25 0.25
149.88876544848864
45.0
4.84648688892338 46.36985943760675
1
4.84648688892338 172.96384040290948
0.25 0.25 0.25 0.25
126.59398096530273
45.0
312.76385889660827 404.6062981573241
0
312.76385889660827 464.548921526766
0.25 0.25 0.25 0.25
130.84478031591
45.0
292.899377163003 358.0973525405104
3
118.12378775068981 358.0973525405104
0.25 0.25 0.25 0.25
174.7755894123132
45.0
47.82796572062935 159.0260319366131
1
47.82796572062935 280.9024893810069
0.25 0.25 0.25 0.25
121.87645744439381
45.0
105.61958860280993 19.67271006256533
1
105.61958860280993 164.66186924520684
0.25 0.25 0.25 0.25
144.98915918264152
45.0
136.86187286338566 257.2867499246338
2
264.82779131308473 257.2867499246338
0.25 0.25 0.25 0.25
127.96591844969909
45.0
184.3311599765805 24.75343430976315
1
184.3311599765805 120.32092829699474
0.25 0.25 0.25 0.25
95.56749398723159
45.0
244.88434494318574 201.58511336959407
0
244.88434494318574 102.28885624307809
0.25 0.25 0.25 0.25
99.29625712651598
45.0
241.56679390018178 108.29824697083296
2
344.4573966894208 108.29824697083296
0.25 0.25 0.25 0.25
102.89060278923904
45.0
381.40536161826697 377.9742741934782
2
478.6207709399989 377.9742741934782
0.25 0.25 0.25 0.25
97.21540932173198
45.0
0.7016498475070989 248.70159243137547
2
141.6455479419961 248.70159243137547
0.25 0.25 0.25 0.25
142.3471977895032
45.0
112.17137647211656 179.61991068467097
2
202.27305191247888 179.61991068467097
0.25 0.25 0.25 0.25
90.10167544036231
45.0
475.16941042613513 306.41524177377136
3
354.39770034830605 306.41524177377136
0.25 0.25 0.25 0.25
120.7717100778291
45.0
404.2874171068779 350.74109834205257
3
494.82359713215106 350.74109834205257
0.25 0.25 0.25 0.25
100.88898576097101
45.0
108.80186046121946 377.0137833780687
0
108.80186046121946 224.70854369096514
0.25 0.25 0.25 0.25
152.30523968710355
45.0
230.34191275200715 483.95504419978386
0
230.34191275200715 393.31880572972204
0.25 0.25 0.25 0.25
122.7261500704941
45.0
346.718632807728 82.93132831373997
2
459.5708225206555 82.93132831373997
0.25 0.25 0.25 0.25
112.85218971292751
45.0
182.20583208155298 309.2214838458732
3
54.5359797472118 309.2214838458732
0.25 0.25 0.25 0.25
127.66985233434119
45.0
313.91230797270674 474.9388772405275
2
429.7052150053117 474.9388772405275
0.25 0.25 0.25 0.25
115.79290703260493
45.0
227.96847217296056 7.097368371740345
3
68.33324609068609 7.097368371740345
0.25 0.25 0.25 0.25
159.63522608227447
45.0
