66041
337.8171072768291 120.3974151586965
0
337.8171072768291 20.820289488780844
0.25 0.25 0.25 0.25
99.57712566991566
45.0
334.912412741477 234.05828703396844
3
243.79376468131295 234.05828703396844
0.25 0.25 0.25 0.25
91.11864806016405
45.0
159.06386793930864 20.708314674152035
3
61.74015445747365 20.708314674152035
0.25 0.25 0.25 0.25
97.32371348183499
45.0
250.22181631054036 218.1246959884429
0
250.22181631054036 43.37992819764543
0.25 0.25 0.25 0.25
174.74476779079748
45.0
28.848825798138535 262.6438830920282
0
28.848825798138535 104.78990628871017
0.25 0.25 0.25 0.25
157.85397680331803
45.0
422.00331668165643 297.6132830664095
3
474.3375246397941 297.6132830664095
0.25 0.25 0.25 0.25
103.65915867854946
45.0
216.9619918134112 28.400322917802782
1
216.9619918134112 141.41089809775593
0.25 0.25 0.25 0.25
169.81122101555871
45.0
90.90462282864866 320.8493602634318
1
90.90462282864866 453.8753969471336
0.25 0.25 0.25 0.25
133.0260366837018
45.0
464.71062131226404 143.42894591086716
3
312.010386306036 143.42894591086716
0.25 0.25 0.25 0.25
152.70023500622798
45.0
119.4983818225113 194.99725095050076
1
119.4983818225113 346.72413294024017
0.25 0.25 0.25 0.25
151.7268819897394
45.0
62.24746109977001 203.3376925644958
2
188.7295163035909 203.3376925644958
0.25 0.25 0.25 0.25
126.4820552038209
45.0
498.8211788267653 149.65548308448
0
498.8211788267653 1.9317663846570667
0.25 0.25 0.25 0.25
147.72371669982294
45.0
50.291910423611114 261.62420162082486
2
185.11351052446514 261.62420162082486
0.25 0.25 0.25 0.25
134.82160010085403
45.0
88.64517821231487 432.0245329573537
2
50.80933138122654 432.0245329573537
0.25 0.25 0.25 0.25
139.45450959354142
45.0
133.3321573147691 57.371269409320746
2
7.979631784647779 57.371269409320746
0.25 0.25 0.25 0.25
141.31178909941687
45.0
253.18260392658075 332.77034807736663
0
253.18260392658075 212.93883822065922
0.25 0.25 0.25 0.25
119.83150985670741
45.0
200.30210378741148 26.536264640117253
1
200.30210378741148 68.20077134347508
0.25 0.25 0.25 0.25
94.73703598359234
45.0
205.0799806409276 428.3041510179602
2
342.0984328484833 428.3041510179602
0.25 0.25 0.25 0.25
137.0184522075557
45.0
207.36604012970594 93.28396349505579
1
207.36604012970594 190.16401406492372
0.25 0.25 0.25 0.25
96.88005056986793
45.0
57.32379553647462 463.12303067036635
0
57.32379553647462 357.411245948384
0.25 0.25 0.25 0.25
105.71178472198235
45.0
416.1492901708996 430.16027334315754
3
307.58530385151226 430.16027334315754
0.25 0.25 0.25 0.25
108.56398631938731
45.0
239.11464027752572 320.30088932180627
3
69.19152318047833 320.30088932180627
0.25 0.25 0.25 0.25
169.9231170970474
45.0
381.4201385818251 496.23026630630375
0
381.4201385818251 347.09103711943857
0.25 0.25 0.25 0.25
156.67869657425769
45.0
162.3621195416401 247.0545687566641
2
323.11003573094365 247.0545687566641
0.25 0.25 0.25 0.25
160.74791618930354
45.0
367.35141160256256 372.34367353759063
2
470.69244693619123 372.34367353759063
0.25 0.25 0.25 0.25
103.34103533362868
45.0
449.9013561148097 322.66712618062996
3
436.5764522554823 322.66712618062996
0.25 0.25 0.25 0.25
113.52219162970806
45.0
155.1030237585203 108.93873953366642
3
16.484414047479277 108.93873953366642
0.25 0.25 0.25 0.25
138.61860971104102
45.0
224.93171934026898 33.523286662821704
1
224.93171934026898 103.15797874464673
0.25 0.25 0.25 0.25
136.68126540746843
45.0
322.4260534795212 288.9781645582767
0
322.4260534795212 184.69073652054945
0.25 0.25 0.25 0.25
104.28742803772727
45.0
457.34433946626666 222.61335306992942
1
457.34433946626666 340.0317846177782
0.25 0.25 0.25 0.25
117.41843154784878
45.0
346.3095574266529 200.50853618024428
2
462.546210471736 200.50853618024428
0.25 0.25 0.25 0.25
116.23665304508313
45.0
86.82336091174436 125.71964902380624
2
17.508799278997543 125.71964902380624
0.25 0.25 0.25 0.25
104.3321601907419
45.0
463.159677143336 496.20595371113086
0
463.159677143336 356.5391587608584
0.25 0.25 0.25 0.25
139.66679495027245
45.0
9.27596952796955 222.2477223269957
2
183.68136045767596 222.2477223269957
0.25 0.25 0.25 0.25
174.4053909297064
45.0
299.53135697291566 495.69733472943426
0
299.53135697291566 335.0959298251862
0.25 0.25 0.25 0.25
169.20673544537954
45.0
238.9190004076152 125.68625912332064
1
238.9190004076152 28.691578893737812
0.25 0.25 0.25 0.25
154.37783801705845
45.0
350.5630688686232 362.12066561081394
0
350.5630688686232 255.4687033843189
0.25 0.25 0.25 0.25
106.65196222649504
45.0
164.64897305738583 400.06438038086685
0
164.64897305738583 429.9706347476997
0.25 0.25 0.25 0.25
169.9649848714334
45.0
13.597445873419147 396.87360951460585
2
138.1724221412104 396.87360951460585
0.25 0.25 0.25 0.25
124.57497626779126
45.0
154.40301414764778 306.30727789470683
3
120.27994801672821 306.30727789470683
0.25 0.25 0.25 0.25
34.12306613091956
45.0
396.061820550928 157.68253972193548
2
418.6116701577616 157.68253972193548
0.25 0.25 0.25 0.25
22.54984960683355
45.0
30.216853876897176 158.5236436237671
3
25.67322210540511 158.5236436237671
0.25 0.25 0.25 0.25
4.543631771492068
45.0
354.43643718784017 414.53505770032314
2
387.8539702623066 414.53505770032314
0.25 0.25 0.25 0.25
33.41753307446643
45.0
109.11427926196973 279.07147246651095
1
109.11427926196973 321.3081131360245
0.25 0.25 0.25 0.25
42.23664066951352
45.0
24.372065817834994 117.37648219925948
2
70.93845742968888 117.37648219925948
0.25 0.25 0.25 0.25
46.56639161185389
45.0
240.6330238949826 300.8435064448415
3
233.48520553857475 300.8435064448415
0.25 0.25 0.25 0.25
7.147818356407864
45.0
9.026480006263526 89.44916161274409
2
38.88140067726987 89.44916161274409
0.25 0.25 0.25 0.25
29.854920671006347
45.0
281.73385320152045 61.56561054266679
0
281.73385320152045 41.023767559133915
0.25 0.25 0.25 0.25
20.54184298353287
45.0
