66041
34.85698696623862 377.48821319088177
2
64.72013870367704 377.48821319088177
0.25 0.25 0.25 0.25
99.57712566991566
45.0
150.36998795934431 325.1769350941325
2
241.48863601950836 325.1769350941325
0.25 0.25 0.25 0.25
91.11864806016405
45.0
354.3175646515164 49.85253362603285
1
354.3175646515164 47.471179855802134
0.25 0.25 0.25 0.25
97.32371348183499
45.0
298.69042305532525 480.854375174747
0
298.69042305532525 344.4008570344555
0.25 0.25 0.25 0.25
174.74476779079748
45.0
181.88129018527135 51.91376710861829
1
181.88129018527135 209.76774391193632
0.25 0.25 0.25 0.25
157.85397680331803
45.0
318.34415800310694 401.272441744959
2
422.00331668165643 401.272441744959
0.25 0.25 0.25 0.25
103.65915867854946
45.0
292.47167123326483 462.16601403552113
0
292.47167123326483 368.0227649489202
0.25 0.25 0.25 0.25
169.81122101555871
45.0
308.17348722245674 344.2808231550772
3
175.14745053875492 344.2808231550772
0.25 0.25 0.25 0.25
133.0260366837018
45.0
312.010386306036 463.7263608423592
3
159.31015129980804 463.7263608423592
0.25 0.25 0.25 0.25
152.70023500622798
45.0
487.4091461364462 18.817804967414588
3
360.8639718738143 18.817804967414588
0.25 0.25 0.25 0.25
151.7268819897394
45.0
64.2345941040509 417.21614182404153
2
62.24746109977001 417.21614182404153
0.25 0.25 0.25 0.25
126.4820552038209
45.0
205.73138777358884 263.31318288554235
2
353.4551044734118 263.31318288554235
0.25 0.25 0.25 0.25
147.72371669982294
45.0
376.1839099193411 64.267797874905
1
376.1839099193411 199.08939797575903
0.25 0.25 0.25 0.25
134.82160010085403
45.0
88.64517821231487 289.0664478555635
2
228.0996878058563 289.0664478555635
0.25 0.25 0.25 0.25
139.45450959354142
45.0
7.979631784647779 366.56409788892984
2
133.3321573147691 366.56409788892984
0.25 0.25 0.25 0.25
141.31178909941687
45.0
106.31192564354154 171.5909170743184
2
226.14343550024896 171.5909170743184
0.25 0.25 0.25 0.25
119.83150985670741
45.0
105.56506780381915 15.571131179398577
1
105.56506780381915 79.16590480419376
0.25 0.25 0.25 0.25
94.73703598359234
45.0
342.0984328484833 17.24879439529309
3
205.0799806409276 17.24879439529309
0.25 0.25 0.25 0.25
137.0184522075557
45.0
207.36604012970594 480.8041657745275
0
207.36604012970594 383.9241152046596
0.25 0.25 0.25 0.25
96.88005056986793
45.0
154.09977390749006 171.14767766152775
3
48.387989185507706 171.14767766152775
0.25 0.25 0.25 0.25
105.71178472198235
45.0
41.03077823216381 244.14776769868047
1
41.03077823216381 352.7117540180678
0.25 0.25 0.25 0.25
108.56398631938731
45.0
290.19341359590095 228.54586713390478
0
290.19341359590095 58.62275003685738
0.25 0.25 0.25 0.25
169.9231170970474
45.0
401.9733442894633 93.66146452537708
3
245.2946477152056 93.66146452537708
0.25 0.25 0.25 0.25
156.67869657425769
45.0
390.90663475462816 86.3066525673606
3
230.15871856532462 86.3066525673606
0.25 0.25 0.25 0.25
160.74791618930354
45.0
90.73865893796334 317.6332204615233
2
12.602376395665345 317.6332204615233
0.25 0.25 0.25 0.25
103.34103533362868
45.0
17.512314263349936 471.98821522732646
0
17.512314263349936 414.48959314296553
0.25 0.25 0.25 0.25
113.52219162970806
45.0
399.3714150856438 0.010138154661717635
1
399.3714150856438 138.62874786570273
0.25 0.25 0.25 0.25
138.61860971104102
45.0
361.6129847477374 170.20455207029013
3
224.93171934026898 170.20455207029013
0.25 0.25 0.25 0.25
136.68126540746843
45.0
260.4242343695696 331.85244493554944
1
260.4242343695696 436.13987297327674
0.25 0.25 0.25 0.25
104.28742803772727
45.0
457.34433946626666 457.45021616562695
0
457.34433946626666 340.03178461777816
0.25 0.25 0.25 0.25
117.41843154784878
45.0
346.3095574266529 31.964769909921984
2
462.546210471736 31.964769909921984
0.25 0.25 0.25 0.25
116.23665304508313
45.0
86.82336091174436 456.9517102132262
0
86.82336091174436 352.6195500224843
0.25 0.25 0.25 0.25
104.3321601907419
45.0
257.5067329561191 386.45968668668957
2
397.17352790639154 386.45968668668957
0.25 0.25 0.25 0.25
139.66679495027245
45.0
467.5078576829112 396.6531132567021
3
358.0867513873824 396.6531132567021
0.25 0.25 0.25 0.25
174.4053909297064
45.0
99.84379618298169 319.855517152909
1
99.84379618298169 489.0622525982885
0.25 0.25 0.25 0.25
169.20673544537954
45.0
297.9474855412094 411.18022682550395
2
452.3253235582679 411.18022682550395
0.25 0.25 0.25 0.25
154.37783801705845
45.0
329.48104445189176 321.9883256492693
3
222.82908222539672 321.9883256492693
0.25 0.25 0.25 0.25
106.65196222649504
45.0
164.64897305738583 400.06438038086685
0
164.64897305738583 230.09939550943346
0.25 0.25 0.25 0.25
169.9649848714334
45.0
242.35288637750318 108.22667527189903
1
242.35288637750318 232.80165153969028
0.25 0.25 0.25 0.25
124.57497626779126
45.0
120.27994801672821 250.09286240333913
0
120.27994801672821 215.96979627241956
0.25 0.25 0.25 0.25
34.12306613091956
45.0
333.33998416706925 157.6825397219355
0
333.33998416706925 135.13269011510195
0.25 0.25 0.25 0.25
22.54984960683355
45.0
25.67322210540511 126.71822122332259
0
25.67322210540511 122.17458945183051
0.25 0.25 0.25 0.25
4.543631771492068
45.0
79.99149278022338 314.2824584769239
1
79.99149278022338 347.6999915513903
0.25 0.25 0.25 0.25
33.41753307446643
45.0
17.59564274657083 490.25467581407855
2
59.83228341608435 490.25467581407855
0.25 0.25 0.25 0.25
42.23664066951352
45.0
161.89350062958056 68.88908424815607
3
115.32710901772667 68.88908424815607
0.25 0.25 0.25 0.25
46.56639161185389
45.0
262.0764789642062 250.80877794998645
1
262.0764789642062 257.9565963063943
0.25 0.25 0.25 0.25
7.147818356407864
45.0
20.828440664742814 59.82544174228766
2
9.026480006263533 59.82544174228766
0.25 0.25 0.25 0.25
29.854920671006347
45.0
240.6501672344547 308.18756316092487
2
261.19201021798756 308.18756316092487
0.25 0.25 0.25 0.25
20.54184298353287
45.0
