66041
471.48612798502654 485.5228254624843
0
471.48612798502654 385.9456997925687
0.25 0.25 0.25 0.25
99.57712566991566
45.0
302.91812367967134 320.56667777052354
1
302.91812367967134 411.6853258306876
0.25 0.25 0.25 0.25
91.11864806016405
45.0
300.7918342882162 144.79489333763712
2
398.1155477700512 144.79489333763712
0.25 0.25 0.25 0.25
97.32371348183499
45.0
177.0752735722823 451.5154276183042
3
2.330505781484817 451.5154276183042
0.25 0.25 0.25 0.25
174.74476779079748
45.0
287.6335685454551 367.62172071525436
3
129.77959174213706 367.62172071525436
0.25 0.25 0.25 0.25
157.85397680331803
45.0
340.2023808536844 281.63448054145806
2
443.8615395322339 281.63448054145806
0.25 0.25 0.25 0.25
103.65915867854946
45.0
481.1502183421756 85.00230119785937
3
311.3389973266169 85.00230119785937
0.25 0.25 0.25 0.25
169.81122101555871
45.0
283.5295032374919 385.0576537330462
3
150.50346655379008 385.0576537330462
0.25 0.25 0.25 0.25
133.0260366837018
45.0
239.20277404273168 230.8731691451848
3
86.50253903650369 230.8731691451848
0.25 0.25 0.25 0.25
152.70023500622798
45.0
422.9521458019901 18.817804967414475
3
425.3209722082704 18.817804967414475
0.25 0.25 0.25 0.25
151.7268819897394
45.0
97.81678599147173 338.1598531424896
0
97.81678599147173 211.67779793866873
0.25 0.25 0.25 0.25
126.4820552038209
45.0
373.70382992092243 247.9900010114477
3
225.9801132210995 247.9900010114477
0.25 0.25 0.25 0.25
147.72371669982294
45.0
342.2591121381296 283.9482031336352
1
342.2591121381296 418.76980323448925
0.25 0.25 0.25 0.25
134.82160010085403
45.0
237.9007066651883 316.3884562090225
3
98.44619707164688 316.3884562090225
0.25 0.25 0.25 0.25
139.45450959354142
45.0
268.96825737531753 19.03566186560414
1
268.96825737531753 122.27612723381273
0.25 0.25 0.25 0.25
141.31178909941687
45.0
133.35109406987328 411.2539367877332
2
253.1826039265807 411.2539367877332
0.25 0.25 0.25 0.25
119.83150985670741
45.0
73.97991632886419 121.27330062370959
2
168.71695231245653 121.27330062370959
0.25 0.25 0.25 0.25
94.73703598359234
45.0
53.65557986714657 160.64049235937273
0
53.65557986714657 23.622040151817032
0.25 0.25 0.25 0.25
137.0184522075557
45.0
180.1541621497658 62.08446919373523
1
180.1541621497658 158.96451976360316
0.25 0.25 0.25 0.25
96.88005056986793
45.0
0.2059483166512166 211.2177054460221
2
105.91773303863357 211.2177054460221
0.25 0.25 0.25 0.25
105.71178472198235
45.0
109.80314760870641 384.31202709212926
0
109.80314760870641 275.74804077274194
0.25 0.25 0.25 0.25
108.56398631938731
45.0
178.88640424570684 281.2234841572377
3
8.963287148659447 281.2234841572377
0.25 0.25 0.25 0.25
169.9231170970474
45.0
104.88580089865957 287.1632165649848
1
104.88580089865957 443.8419131392425
0.25 0.25 0.25 0.25
156.67869657425769
45.0
467.04335378865653 86.3066525673606
3
306.295437599353 86.3066525673606
0.25 0.25 0.25 0.25
160.74791618930354
45.0
57.32830560167655 351.0435737978101
0
57.32830560167655 247.70253846418143
0.25 0.25 0.25 0.25
103.34103533362868
45.0
471.6010807821822 165.74548521617686
0
471.6010807821822 52.2232935864688
0.25 0.25 0.25 0.25
113.52219162970806
45.0
125.43329173580742 306.91708959945663
2
13.185317975233602 306.91708959945663
0.25 0.25 0.25 0.25
138.61860971104102
45.0
448.0752690431792 103.15797874464673
1
448.0752690431792 33.523286662821704
0.25 0.25 0.25 0.25
136.68126540746843
45.0
279.5517731022485 122.37500178172326
1
279.5517731022485 226.66242981945052
0.25 0.25 0.25 0.25
104.28742803772727
45.0
165.74159243992995 52.31570127801213
2
283.16002398777874 52.31570127801213
0.25 0.25 0.25 0.25
117.41843154784878
45.0
414.59241400456244 176.5316379466575
1
414.59241400456244 292.7682909917406
0.25 0.25 0.25 0.25
116.23665304508313
45.0
409.20479451045003 3.6985324571604394
1
409.20479451045003 108.03069264790234
0.25 0.25 0.25 0.25
104.3321601907419
45.0
206.158522590884 77.20556886031352
1
206.158522590884 216.87236381058597
0.25 0.25 0.25 0.25
139.66679495027245
45.0
328.21082094819576 300.96845046212354
0
328.21082094819576 126.56305953241713
0.25 0.25 0.25 0.25
174.4053909297064
45.0
392.5359974808797 126.80303849412076
1
392.5359974808797 296.0097739395003
0.25 0.25 0.25 0.25
169.20673544537954
45.0
438.50153511474787 199.41923102096987
3
407.12062686819365 199.41923102096987
0.25 0.25 0.25 0.25
154.37783801705845
45.0
230.16604898398916 388.5079479142197
1
230.16604898398916 495.1599101407147
0.25 0.25 0.25 0.25
106.65196222649504
45.0
334.6139579288191 249.88930473803384
0
334.6139579288191 79.92431986660046
0.25 0.25 0.25 0.25
169.9649848714334
45.0
10.197256015748977 396.87360951460585
0
10.197256015748977 478.5514142176029
0.25 0.25 0.25 0.25
124.57497626779126
45.0
393.26447706408464 386.5851269270173
3
359.1414109331651 386.5851269270173
0.25 0.25 0.25 0.25
34.12306613091956
45.0
305.8624221235938 481.1870515169288
0
305.8624221235938 458.63720191009526
0.25 0.25 0.25 0.25
22.54984960683355
45.0
48.391380962865455 140.3491165377988
1
48.391380962865455 144.89274830929088
0.25 0.25 0.25 0.25
4.543631771492068
45.0
87.09617259210876 280.86492540245746
2
120.51370566657519 280.86492540245746
0.25 0.25 0.25 0.25
33.41753307446643
45.0
53.19826252413179 87.37891749078625
2
95.43490319364531 87.37891749078625
0.25 0.25 0.25 0.25
42.23664066951352
45.0
22.0172265081182 443.3412234822366
2
24.54916510373569 443.3412234822366
0.25 0.25 0.25 0.25
46.56639161185389
45.0
447.9197562308108 179.3305943859078
2
455.06757458721864 179.3305943859078
0.25 0.25 0.25 0.25
7.147818356407864
45.0
20.828440664742843 418.0844897943639
2
50.68336133574919 418.0844897943639
0.25 0.25 0.25 0.25
29.854920671006347
45.0
272.89590735386696 287.645720177392
1
272.89590735386696 308.18756316092487
0.25 0.25 0.25 0.25
20.54184298353287
45.0
