52893
417.6933326416804 433.85480624861805
3
434.10439788438987 433.85480624861805
0.25 0.25 0.25 0.25
148.20226947392976
45.0
483.0865970584284 378.2884636458066
0
483.0865970584284 224.80750081234328
0.25 0.25 0.25 0.25
153.48096283346334
45.0
191.8716355911373 355.83076855558073
3
25.787514050783955 355.83076855558073
0.25 0.25 0.25 0.25
166.08412154035335
45.0
135.14789801810355 464.9202445575762
2
6.509508257256471 464.9202445575762
0.25 0.25 0.25 0.25
141.65740627536002
45.0
38.90947649793338 274.1338006328133
1
38.90947649793338 403.08320447989036
0.25 0.25 0.25 0.25
128.94940384707706
45.0
342.7599726360756 313.1909433406541
2
434.3717421884271 313.1909433406541
0.25 0.25 0.25 0.25
91.61176955235152
45.0
372.6544168786503 465.28025266937937
3
458.0921914445788 465.28025266937937
0.25 0.25 0.25 0.25
169.25339167677092
45.0
397.46034803712485 345.3769127725729
1
397.46034803712485 460.8495302994021
0.25 0.25 0.25 0.25
115.47261752682921
45.0
456.9727202796038 211.9432020673414
1
456.9727202796038 335.77057820462505
0.25 0.25 0.25 0.25
123.82737613728366
45.0
385.8428664352366 309.5171098395454
0
385.8428664352366 182.6662403964384
0.25 0.25 0.25 0.25
126.850869443107
45.0
367.5630458392109 494.12706298517537
0
367.5630458392109 358.84854235379464
0.25 0.25 0.25 0.25
147.02439466102996
45.0
319.6077035501035 463.31124050386006
0
319.6077035501035 418.48719556568653
0.25 0.25 0.25 0.25
118.20156393045335
45.0
165.9271443996369 458.3073888651427
0
165.9271443996369 296.84985662392126
0.25 0.25 0.25 0.25
161.4575322412214
45.0
360.4078948777883 356.7625236973497
0
360.4078948777883 238.58483318917976
0.25 0.25 0.25 0.25
118.17769050816995
45.0
376.4225977683691 372.84881897422156
3
229.6485934961562 372.84881897422156
0.25 0.25 0.25 0.25
146.7740042722129
45.0
243.93958946432497 491.37697584596805
2
336.36985957893904 491.37697584596805
0.25 0.25 0.25 0.25
92.43027011461407
45.0
279.14259608645796 388.2809186143036
0
279.14259608645796 481.3435780113715
0.25 0.25 0.25 0.25
130.37550337432492
45.0
153.24566606543283 225.55429807260163
0
153.24566606543283 80.5003393175856
0.25 0.25 0.25 0.25
145.05395875501603
45.0
475.5120235624769 338.4260374146835
0
475.5120235624769 249.2292936741253
0.25 0.25 0.25 0.25
89.1967437405582
45.0
226.0851070510835 423.38398191295244
0
226.0851070510835 472.9417403179401
0.25 0.25 0.25 0.25
103.67427776910742
45.0
97.12033642981248 118.17038416377204
0
97.12033642981248 20.536012393948113
0.25 0.25 0.25 0.25
97.63437176982393
45.0
474.53250725088606 245.65901789991324
1
474.53250725088606 404.98180607558993
0.25 0.25 0.25 0.25
159.3227881756767
45.0
192.36935200427638 396.34519681374786
3
46.50602974555278 396.34519681374786
0.25 0.25 0.25 0.25
145.8633222587236
45.0
162.43557035343372 379.60714921135246
1
162.43557035343372 478.0343670357461
0.25 0.25 0.25 0.25
98.42721782439361
45.0
484.84723248681416 241.5969906801614
1
484.84723248681416 348.5679591152049
0.25 0.25 0.25 0.25
106.97096843504353
45.0
252.0874214187525 55.26145514047295
1
252.0874214187525 81.6285699338589
0.25 0.25 0.25 0.25
136.89002507433185
45.0
46.595433713489285 226.35005671107297
0
46.595433713489285 101.61467252642805
0.25 0.25 0.25 0.25
124.73538418464491
45.0
296.73981992562517 167.7357614458841
0
296.73981992562517 52.014629055940475
0.25 0.25 0.25 0.25
115.72113238994362
45.0
63.342236505817795 145.76866132029045
0
63.342236505817795 26.08697874000333
0.25 0.25 0.25 0.25
119.68168258028712
45.0
285.09620703360997 263.0332581403638
3
176.96174080617664 263.0332581403638
0.25 0.25 0.25 0.25
108.13446622743332
45.0
378.7543229746891 454.148588502444
3
490.5352008871522 454.148588502444
0.25 0.25 0.25 0.25
130.7104761381587
45.0
412.3570971623866 20.11570471204712
1
412.3570971623866 124.01253164513115
0.25 0.25 0.25 0.25
103.89682693308403
45.0
133.38479670921808 155.93060889829152
2
262.3574958030255 155.93060889829152
0.25 0.25 0.25 0.25
128.9726990938074
45.0
234.00018117817797 287.00221993053003
1
234.00018117817797 460.2189436213225
0.25 0.25 0.25 0.25
173.2167236907925
45.0
27.256702878314684 240.46702607803797
0
27.256702878314684 144.89419731964
0.25 0.25 0.25 0.25
95.57282875839797
45.0
247.12934784750342 141.20488283300688
2
371.0450186534084 141.20488283300688
0.25 0.25 0.25 0.25
123.91567080590501
45.0
260.5617381962766 394.0960826891537
0
260.5617381962766 474.9615353440636
0.25 0.25 0.25 0.25
130.94238196678265
45.0
58.47394692958602 282.60920080110117
2
204.08221336549013 282.60920080110117
0.25 0.25 0.25 0.25
145.6082664359041
45.0
171.61457501609635 130.40821656253667
3
2.4290852703085193 130.40821656253667
0.25 0.25 0.25 0.25
169.18548974578783
45.0
121.2460295492813 311.5744612169135
2
18.90380625074232 311.5744612169135
0.25 0.25 0.25 0.25
140.14983580002362
45.0
355.0632029009041 491.69895241965213
3
208.83305115165325 491.69895241965213
0.25 0.25 0.25 0.25
146.23015174925087
45.0
177.0497644136484 176.0846041656947
2
325.355732555011 176.0846041656947
0.25 0.25 0.25 0.25
148.3059681413626
45.0
156.72001897035102 145.2644814132217
3
49.13001010801722 145.2644814132217
0.25 0.25 0.25 0.25
107.5900088623338
45.0
372.87622598879 309.27009789813314
0
372.87622598879 193.2804088747346
0.25 0.25 0.25 0.25
115.98968902339854
45.0
460.03538733850246 479.61624819860265
3
381.8887251101323 479.61624819860265
0.25 0.25 0.25 0.25
158.07588755136518
45.0
7.131415860783875 215.7202033473092
2
140.03721478545074 215.7202033473092
0.25 0.25 0.25 0.25
132.90579892466687
45.0
470.39173589269035 317.21645352300084
1
470.39173589269035 467.04404787808755
0.25 0.25 0.25 0.25
149.82759435508675
45.0
155.23065530593374 319.3083678667321
0
155.23065530593374 179.74178258771758
0.25 0.25 0.25 0.25
139.56658527901453
45.0
