93209
385.7844525223088 205.58206753020593
286.9472342462242 205.58206753020593
0.05256242028426467 0.3739869554159012 0.2263799868621806 0.34707063743765354
98.8372182760846
45.0
122.33326164327445 442.4528516698301
490.2621832924998 442.4528516698301
0.3273570475087593 0.2249183572310681 0.15410141189249624 0.29362318336767645
132.07107835077463
45.0
244.59485124818718 115.8204975363791
366.1325508093553 115.8204975363791
0.11535351235935101 0.48915378950027555 0.24081644045239184 0.15467625768798157
121.5376995611681
45.0
210.83170027852486 233.76857769175535
80.37436943330272 233.76857769175535
0.09844186537272485 0.07644681688253142 0.42211763001973024 0.4029936877250135
130.45733084522215
45.0
395.48433620391575 493.75948141256475
24.173017058684138 493.75948141256475
0.29376847977224385 0.2609818213159001 0.42071160018514026 0.024538098726715696
128.6886808547684
45.0
33.86577671330349 121.28423909105209
399.32262332340144 121.28423909105209
0.3481277055346029 0.22133830912548075 0.19235391803545807 0.23818006730445812
134.54315338990205
45.0
331.5090993145333 301.67852143559264
207.1141928925236 301.67852143559264
0.3999369078744958 0.006250805311419222 0.193124586930941 0.400687699883144
124.39490642200968
45.0
287.9277124693479 255.7124882937159
182.24733682343307 255.7124882937159
0.12094652846659827 0.32401640243137403 0.292731389399072 0.26230567970295576
105.68037564591484
45.0
282.90372849128687 255.22640175814868
109.42065330818176 255.22640175814868
0.03931718031028422 0.053184900906000476 0.415497813842535 0.4920001049411803
173.48307518310511
45.0
422.0400405976138 184.30368841547843
281.9722132226328 184.30368841547843
0.24632204027650037 0.4022875501920054 0.11927011945076861 0.23212029008072563
140.06782737498108
45.0
305.9880952542113 448.0482313639416
180.4445830654583 448.0482313639416
0.4751106789070798 0.09421549021764071 0.1582746247233001 0.27239920615197943
125.54351218875303
45.0
437.2194584413548 98.96097734113255
77.9832569822122 98.96097734113255
0.35659732212106676 0.3230960372036999 0.127877932523953 0.19242870815128035
140.7637985408574
45.0
404.31306090816605 198.65622827475892
32.51354853592329 198.65622827475892
0.30440705880223373 0.36697264025620757 0.27114886088779333 0.057471440053765345
128.20048762775724
45.0
135.8638746761767 457.6966607176613
480.27807734780475 457.6966607176613
0.3449571515076677 0.08379534716590832 0.014676355409193315 0.5565711459172306
155.58579732837194
45.0
286.3289949013837 41.116538528395836
384.69220465117337 41.116538528395836
0.1306680225629657 0.2728708856360691 0.5621783255639713 0.034282766236993986
98.36320974978969
45.0
96.84875224246855 418.2926736743699
475.35126668653174 418.2926736743699
0.3038652869381307 0.08646477373843349 0.30269575691204986 0.30697418241138597
121.4974855559368
45.0
469.3118875294682 279.775579905707
366.0742178290931 279.775579905707
0.328792803945434 0.19137530592361504 0.04537115689991236 0.4344607332310386
103.23766970037515
45.0
310.36371607926037 239.41016325856697
174.78438871807862 239.41016325856697
0.1144466067958917 0.41101181907648465 0.03255606291552096 0.4419855112121027
135.57932736118175
45.0
135.75972266778183 190.73904620337294
29.049622730671317 190.73904620337294
0.25685370036413985 0.15866199595387895 0.26835449170384906 0.31612981197813206
106.71009993711051
45.0
398.91757181891785 419.92867633626867
72.58454453148227 419.92867633626867
0.04035750354116777 0.29662791582182324 0.6440935352132072 0.018921045423801852
173.6669727125644
45.0
299.8728792676176 331.82328582782833
271.9961921080931 331.82328582782833
0.2055228498247479 0.14716460863837455 0.32889496428739934 0.31841757724947817
27.876687159524487
45.0
210.84128687236972 144.35740586536903
224.23030850444454 144.35740586536903
0.3300410362207227 0.30718457274319166 0.2817975692581035 0.08097682177798207
13.38902163207482
45.0
273.81572733168457 348.664251794832
254.668970809421 348.664251794832
0.15717360060789545 0.09071445748155556 0.40126044264198435 0.3508514992685646
19.14675652226356
45.0
215.49293439667736 258.9037011115185
185.13129907659803 258.9037011115185
0.3800702974505559 0.2071160837411787 0.14479679785937546 0.26801682094888984
30.361635320079337
45.0
373.5097624335756 192.88011651252248
332.46037883748824 192.88011651252248
0.024671719546312497 0.39230684939473776 0.22168367088742857 0.3613377601715211
41.04938359608734
45.0
42.53477226365078 249.40987362157307
63.16890521199048 249.40987362157307
0.21784239140670003 0.2234901145968672 0.48596688915660075 0.07270060483983203
20.634132948339694
45.0
194.39282081705835 168.21470304735286
225.3989177996447 168.21470304735286
0.36316611377734087 0.18356177324195358 0.3126576398581064 0.14061447312259917
31.00609698258634
45.0
246.80887842165265 293.46042541187927
233.35128616555423 293.46042541187927
0.0308661491176478 0.5407194890551499 0.08443572206323233 0.3439786397639701
13.457592256098433
45.0
246.99060395936712 384.964402552685
230.83239930852474 384.964402552685
0.12120876655105793 0.4216619724692108 0.12624695014124437 0.330882310838487
16.15820465084239
45.0
228.91782326496661 485.46731714517324
263.048000877987 485.46731714517324
0.15316585926531623 0.21386841447156946 0.6328265425845595 0.00013918367855484212
34.13017761302042
45.0
339.64182261472484 424.35184470666434
300.97474590276937 424.35184470666434
0.07659633466135608 0.30577576570345577 0.25979622602747 0.35783167360771817
38.66707671195549
45.0
51.2434523864581 320.7035005898079
6.979804416595073 320.7035005898079
0.21280543773283442 0.27202571677035897 0.039646071361147034 0.4755227741356596
44.26364796986303
45.0
103.88838508373759 153.46596069539177
94.94651335465055 153.46596069539177
0.29795394705794026 0.2661143664372987 0.11056772701725884 0.32536395948750213
8.941871729087037
45.0
84.5856828935465 17.667199974558912
108.12954665939546 17.667199974558912
0.42383700633432864 0.1308284245017345 0.38760353748580306 0.05773103167813375
23.54386376584896
45.0
443.894147076858 75.37586639330289
401.49160203658937 75.37586639330289
0.11840604063196711 0.36226725591783226 0.01618911089907468 0.503137592551126
42.402545040268656
45.0
461.2013420954919 20.405518201943572
441.80013786337804 20.405518201943572
0.2350100331372082 0.2503614972992069 0.06591688266415503 0.44871158689942986
19.401204232113876
45.0
124.8426082615818 458.30415181263425
76.63337437169221 458.30415181263425
0.18885865095825757 0.36924001622658514 0.054785508985941186 0.3871158238292161
48.20923388988959
45.0
203.351729473634 294.5707430478871
170.2452866346075 294.5707430478871
0.3433890274347825 0.31695410831782317 0.10169193563158949 0.23796492861580487
33.10644283902651
45.0
85.04719974766026 117.7466185576402
49.86350685178106 117.7466185576402
0.12311790790344956 0.46406393307688637 0.06583421006544761 0.34698394895421647
35.1836928958792
45.0
3.2332040808871625 18.727094098898533
46.132552712287 18.727094098898533
0.35923366121380373 0.21269155144660037 0.26574498592979384 0.16232980140980205
42.89934863139984
45.0
134.95916315938064 290.67872925270444
173.76063488270628 290.67872925270444
0.32980270930881855 0.23777385640552967 0.3952015856014366 0.03722184868421513
38.80147172332564
45.0
360.81575756591906 174.00145226500322
381.7153908410796 174.00145226500322
0.26461153104838525 0.19656249959313443 0.37322587579200656 0.16560009356647376
20.899633275160546
45.0
190.62020536097017 132.38020463608592
183.3238194142282 132.38020463608592
0.06572251423719914 0.35576188591227703 0.2135944404412306 0.3649211594092932
7.296385946741967
45.0
303.13610444981083 220.72660673018203
296.57777329877985 220.72660673018203
0.2572920353880956 0.246776278835733 0.26173801835896454 0.23419366741720682
6.558331151030966
45.0
292.94607720488705 34.56339536812634
281.7994839899547 34.56339536812634
0.14419404860671733 0.34869951239383923 0.21251246827415196 0.2945939707252914
11.146593214932372
45.0
323.86368997813946 302.3049075975059
325.2136962036962 302.3049075975059
0.24131264814617095 0.49769922557585233 0.08777419803142039 0.17321392824655635
1.3500062255567324
45.0
127.97690593131676 303.39707376577337
120.77791177366828 303.39707376577337
0.485267439048017 0.13839749025356413 0.10136990021094404 0.2749651704874747
7.1989941576484915
45.0
129.52195772602445 71.6379502176793
86.36375518569436 71.6379502176793
0.06744631732210776 0.29867958654401516 0.14317633937243443 0.4906977567614427
43.15820254033009
45.0
