57494
324.50672155068776 251.46058219114389
324.50672155068776 125.62634557204045
0.28073711695960984 0.11802019816534641 0.3809950203576462 0.22024766451739758
125.83423661910344
45.0
20.45124157460704 17.446137071781436
20.45124157460704 393.74666875923856
0.2260281706039533 0.14550046848170098 0.2765668565877763 0.3519045043265695
123.69946831254286
45.0
403.97100928149143 92.3704699372289
403.97100928149143 485.8012504835059
0.3779481832432615 0.3254533984098689 0.22316410339200995 0.07343431495485968
106.56921945372304
45.0
356.1522384636443 252.13753584530843
356.1522384636443 262.0492048272943
0.04419987105790219 0.15896984114756718 0.38010444419017014 0.41672584360436044
9.911668981985883
45.0
209.94806040948606 349.4447204433426
209.94806040948606 312.51323450478736
0.38592331550717246 0.18952423196641796 0.20976746447274686 0.21478498805366264
36.93148593855521
45.0
185.67043430167274 10.291591156975528
185.67043430167274 476.215085260284
0.35785477656510833 0.17975763733160752 0.2869775311421642 0.17541005496111994
34.07650589669151
45.0
427.41006168137125 350.8993508869269
427.41006168137125 337.55707631245167
0.27885826576368433 0.261350486644619 0.2168025830331159 0.24298866455858076
13.342274574475276
45.0
428.71044432228405 372.80418148238107
428.71044432228405 327.8258324091578
0.10328226101319397 0.31218011883156005 0.3037140127218223 0.2808236074334237
44.97834907322329
45.0
46.542196390751386 219.25239307692954
46.542196390751386 202.5374526138829
0.3401795534934228 0.15102798398924328 0.4514163282652193 0.05737613425211466
16.714940463046656
45.0
246.33525775608302 455.813829022506
246.33525775608302 436.5014808903743
0.37270254238255945 0.4277876149208713 0.04654451379294525 0.1529653289036239
19.312348132131707
45.0
305.9808428350705 112.08436986769307
305.9808428350705 101.43117897270194
0.2998184430505873 0.23483260933144282 0.22785659043026113 0.23749235718770872
10.653190894991122
45.0
451.1805910183612 220.98545479669247
451.1805910183612 177.75792674518834
0.26221900494057254 0.10979041535919772 0.05783707630558177 0.570153503394648
43.22752805150411
45.0
122.61166891309765 96.34163347812037
122.61166891309765 87.7487162754889
0.09077470685518707 0.2954111052465333 0.2915021841813408 0.32231200371693874
8.592917202631467
45.0
423.206070390829 49.88938831275031
423.206070390829 31.65891081511202
0.3388847288619798 0.4217709885981918 0.027758841607640496 0.21158544093218798
18.230477497638294
45.0
242.16302576030523 203.6288642125755
242.16302576030523 154.41967233754986
0.35595588057706645 0.2820028114044482 0.008221052790406382 0.35382025522807903
49.20919187502566
45.0
480.3501520107883 27.13008400005903
480.3501520107883 8.893220453775996
0.37638158663653165 0.2090785682805026 0.29039052012197636 0.12414932496098938
18.236863546283033
45.0
87.42076361600299 336.66749209319795
87.42076361600299 324.064529707433
0.07900254056636798 0.3910797078331158 0.25620063150405353 0.2737171200964627
12.602962385764943
45.0
236.24214207796064 284.7319271914488
236.24214207796064 242.75237345189151
0.09357511880915281 0.28350574926850464 0.2730407208745459 0.3498784110477966
41.979553739557275
45.0
167.61081618627261 168.3759126258073
167.61081618627261 136.63184639930628
0.2510857800283135 0.17834210032959047 0.37383256472921594 0.19673955491288
31.744066226501026
45.0
302.54534427488517 259.31665517517115
302.54534427488517 217.341828360303
0.24808729036297206 0.3767668287125993 0.02426894645197134 0.3508769344724573
41.97482681486816
45.0
159.74980267383427 424.1250584775676
159.74980267383427 405.7584456664656
0.4328944312013764 0.11292077376263918 0.3589489752081307 0.09523581982785366
18.36661281110202
45.0
230.18369463262903 304.99758195904025
230.18369463262903 273.9429053538043
0.26599894092306314 0.08136226616765428 0.41360200349937615 0.23903678940990636
31.054676605235937
45.0
101.21810273748193 454.886373541489
101.21810273748193 411.4084935167042
0.268300303016133 0.28256995514125766 0.16472349008634307 0.28440625175626627
43.4778800247848
45.0
309.12722454863723 207.85108300620016
309.12722454863723 203.07668724498143
0.35208283594000317 0.2183109885754146 0.3269047553544033 0.10270142013017892
4.774395761218736
45.0
48.87373396420932 195.41629581597408
48.87373396420932 151.35578620446532
0.503319177322057 0.2206956428540443 0.12715918300207196 0.14882599682182665
44.06050961150876
45.0
431.45431874885566 363.99052716281756
431.45431874885566 344.8902166414666
0.10439244494427058 0.7271199380715545 0.12233473976038806 0.04615287722378688
19.10031052135091
45.0
246.29111046596722 229.9015050417781
246.29111046596722 227.2842970635773
0.28222342854598337 0.029371604179424412 0.47928332438871546 0.20912164288587679
2.6172079782007973
45.0
235.33966917453694 105.99181648700119
235.33966917453694 64.11614181985937
0.2715112296974027 0.31673983164853076 0.34230867331933196 0.06944026533473452
41.875674667141816
45.0
300.014451889215 416.1229049680125
300.014451889215 372.96840156986633
0.05940482063803947 0.28951069726122103 0.33301618981035025 0.31806829229038935
43.1545033981462
45.0
265.36812669747576 326.93235430054
265.36812669747576 282.1345434555206
0.1779993471451826 0.342274349699245 0.22423513430826975 0.25549116884730266
44.79781084501942
45.0
397.2527104806819 128.48337885917022
397.2527104806819 126.72137626724074
0.22349003093421002 0.21227379478983066 0.22483340374360297 0.3394027705323564
1.7620025919294735
45.0
257.56617179912246 127.9974919523137
257.56617179912246 111.55927145487456
0.2792165087438117 0.41554608303353585 0.26626103401751866 0.038976374205133744
16.438220497439133
45.0
470.7475964502363 471.6500048430845
470.7475964502363 444.19975753932874
0.2632793749593287 0.27543980786002015 0.36440127526772736 0.09687954191292383
27.45024730375573
45.0
200.61393059285245 246.081131244125
200.61393059285245 199.52446899531228
0.305253392382955 0.19278932632602852 0.33206766214166084 0.16988961914935566
46.55666224881272
45.0
31.384268080236403 199.3119589711049
31.384268080236403 192.64526317321554
0.26899260131870634 0.1889972505229094 0.07156492415939002 0.4704452239989942
6.666695797889366
45.0
58.12009973705086 168.42498687959693
58.12009973705086 205.72948138435817
0.041078169097746337 0.030521158035968176 0.5263585419394299 0.40204213092685565
37.30449450476123
45.0
217.66660161477873 146.49656325967436
217.66660161477873 142.72948714454608
0.13492174380223956 0.3311981477836357 0.011434487475936504 0.5224456209381882
3.767076115128287
45.0
157.55394616349355 230.20882737644945
157.55394616349355 185.1408110281696
0.3407717255253068 0.3806380735713802 0.07159454687553302 0.20699565402777978
45.06801634827986
45.0
76.8424957879011 413.9307698881487
76.8424957879011 408.71629860450855
0.33324006585992727 0.18476813116261478 0.27092518399305066 0.21106661898440732
5.214471283640165
45.0
313.74751196677215 366.51569260174534
313.74751196677215 340.70184600691243
0.16419359471601852 0.2973455659267547 0.16820082996230576 0.370260009394921
25.813846594832924
45.0
469.8932878536886 77.62631349298792
469.8932878536886 28.51881124632019
0.16346888264010417 0.14574491030322842 0.2806016759689631 0.4101845310877043
49.10750224666773
45.0
100.68071750877161 288.3703474701286
100.68071750877161 244.7863585651289
0.31690037573156277 0.15029343763285294 0.27050403240862203 0.26230215422696224
43.58398890499971
45.0
428.658195588608 81.95089982308346
428.658195588608 73.63918865786285
0.11420991716897996 0.24782013794006585 0.3917054004131773 0.24626454447777696
8.31171116522062
45.0
40.06708199488582 363.7263860870725
40.06708199488582 337.705725994424
0.34300877040609756 0.051278736634547836 0.30481216749915657 0.3009003254601979
26.020660092648534
45.0
204.29901743264253 290.3236241695018
204.29901743264253 276.94569361222767
0.1406535344024483 0.3052871112182435 0.2451137683960426 0.3089455859832656
13.377930557274126
45.0
162.09664463518618 434.7892228308126
162.09664463518618 410.698112949962
0.4437755758066033 0.14708847408426115 0.33720036829723926 0.07193558181189633
24.091109880850563
45.0
144.4533410369532 31.074146535923507
144.4533410369532 9.871998743064864
0.44441978881215455 0.3307300495677073 0.1558979470964877 0.06895221452365037
21.202147792858643
45.0
164.73871875376324 394.1224474068515
164.73871875376324 359.86331789283804
0.19686045211937808 0.30605153391273315 0.28804569717460893 0.20904231679327984
34.259129514013466
45.0
