66041
64.72013870367704 423.357535469287
0
64.72013870367704 477.0653388607974
0.25 0.25 0.25 0.25
99.57712566991566
45.0
485.15541979999944 234.05828703396844
0
485.15541979999944 142.9396389738044
0.25 0.25 0.25 0.25
91.11864806016405
45.0
451.6412781333514 144.79489333763712
3
451.03500838481364 144.79489333763712
0.25 0.25 0.25 0.25
97.32371348183499
45.0
298.69042305532525 5.088678547139466
2
473.43519084612274 5.088678547139466
0.25 0.25 0.25 0.25
174.74476779079748
45.0
291.68064022468275 51.91376710861829
2
449.53461702800075 51.91376710861829
0.25 0.25 0.25 0.25
157.85397680331803
45.0
7.366681967458618 391.409240897942
2
96.29247671109084 391.409240897942
0.25 0.25 0.25 0.25
103.65915867854946
45.0
47.1507707978526 292.3547930199624
0
47.1507707978526 122.5435720044037
0.25 0.25 0.25 0.25
169.81122101555871
45.0
356.95669619605223 344.2808231550772
3
223.93065951235045 344.2808231550772
0.25 0.25 0.25 0.25
133.0260366837018
45.0
451.4907887251039 74.52730086727118
3
395.80897626866806 74.52730086727118
0.25 0.25 0.25 0.25
152.70023500622798
45.0
209.1370898840749 170.544686957154
3
57.410207894335485 170.544686957154
0.25 0.25 0.25 0.25
151.7268819897394
45.0
188.7295163035909 456.3018029721376
2
315.2115715074118 456.3018029721376
0.25 0.25 0.25 0.25
126.4820552038209
45.0
89.71604562605705 115.5894661857194
1
89.71604562605705 32.13425051410354
0.25 0.25 0.25 0.25
147.72371669982294
45.0
241.36230981848706 205.37540232680306
3
106.54070971763304 205.37540232680306
0.25 0.25 0.25 0.25
134.82160010085403
45.0
367.5541973993977 428.5209574491049
0
367.5541973993977 289.0664478555635
0.25 0.25 0.25 0.25
139.45450959354142
45.0
290.6032099834815 492.1241130116533
0
290.6032099834815 366.56409788892984
0.25 0.25 0.25 0.25
141.31178909941687
45.0
226.14343550024896 171.5909170743184
2
345.97494535695637 171.5909170743184
0.25 0.25 0.25 0.25
119.83150985670741
45.0
105.56506780381915 79.16590480419376
1
105.56506780381915 173.9029407877861
0.25 0.25 0.25 0.25
94.73703598359234
45.0
205.0799806409276 17.24879439529309
1
205.0799806409276 154.2672466028488
0.25 0.25 0.25 0.25
137.0184522075557
45.0
13.60593898997007 422.3157836556045
2
83.27411157989786 422.3157836556045
0.25 0.25 0.25 0.25
96.88005056986793
45.0
154.09977390749006 431.1651846076513
2
259.8115586294724 431.1651846076513
0.25 0.25 0.25 0.25
105.71178472198235
45.0
149.59476455155112 461.2757403374551
0
149.59476455155112 430.16027334315754
0.25 0.25 0.25 0.25
108.56398631938731
45.0
290.19341359590095 58.62275003685738
1
290.19341359590095 228.54586713390478
0.25 0.25 0.25 0.25
169.9231170970474
45.0
245.2946477152056 219.6959286231383
1
245.2946477152056 376.37462519739597
0.25 0.25 0.25 0.25
156.67869657425769
45.0
69.41080237602108 282.56707162084297
2
91.33711381328246 282.56707162084297
0.25 0.25 0.25 0.25
160.74791618930354
45.0
12.602376395665345 475.6847088712193
2
115.94341172929403 475.6847088712193
0.25 0.25 0.25 0.25
103.34103533362868
45.0
96.00987736635813 244.94383196791034
2
17.512314263349936 244.94383196791034
0.25 0.25 0.25 0.25
113.52219162970806
45.0
122.13419566356174 138.62874786570273
1
122.13419566356174 277.24735757674375
0.25 0.25 0.25 0.25
138.61860971104102
45.0
498.2942501552059 443.567082885227
0
498.2942501552059 419.7516517073045
0.25 0.25 0.25 0.25
136.68126540746843
45.0
156.13680633184234 331.85244493554944
1
156.13680633184234 436.13987297327674
0.25 0.25 0.25 0.25
104.28742803772727
45.0
457.34433946626666 105.19492152208059
3
425.2372289858846 105.19492152208059
0.25 0.25 0.25 0.25
117.41843154784878
45.0
421.21713648318087 84.27188313516115
3
304.98048343809774 84.27188313516115
0.25 0.25 0.25 0.25
116.23665304508313
45.0
17.508799278997543 334.38396940529003
0
17.508799278997543 230.05180921454814
0.25 0.25 0.25 0.25
104.3321601907419
45.0
463.159677143336 194.5399284624931
1
463.159677143336 334.20672341276554
0.25 0.25 0.25 0.25
139.66679495027245
45.0
467.5078576829112 126.56305953241713
1
467.5078576829112 300.96845046212354
0.25 0.25 0.25 0.25
174.4053909297064
45.0
407.7764101531569 341.73101195633194
3
238.56967470777738 341.73101195633194
0.25 0.25 0.25 0.25
169.20673544537954
45.0
143.56964752415095 28.691578893737812
2
297.9474855412094 28.691578893737812
0.25 0.25 0.25 0.25
154.37783801705845
45.0
457.2150310951182 215.33636342277427
1
457.2150310951182 321.9883256492693
0.25 0.25 0.25 0.25
106.65196222649504
45.0
164.64897305738583 429.9706347476997
0
164.64897305738583 400.06438038086685
0.25 0.25 0.25 0.25
169.9649848714334
45.0
366.92786264529445 140.92327726368347
3
242.35288637750318 140.92327726368347
0.25 0.25 0.25 0.25
124.57497626779126
45.0
120.27994801672821 352.4620607960978
3
86.15688188580864 352.4620607960978
0.25 0.25 0.25 0.25
34.12306613091956
45.0
310.7901345602357 67.4831412946013
1
310.7901345602357 90.03299090143484
0.25 0.25 0.25 0.25
22.54984960683355
45.0
39.30411741988131 126.71822122332259
0
39.30411741988131 122.17458945183051
0.25 0.25 0.25 0.25
4.543631771492068
45.0
146.82655892915625 147.19479310459178
3
113.40902585468982 147.19479310459178
0.25 0.25 0.25 0.25
33.41753307446643
45.0
102.06892408559787 448.01803514456503
1
102.06892408559787 490.25467581407855
0.25 0.25 0.25 0.25
42.23664066951352
45.0
348.15906707699605 115.45547586000995
2
394.7254586888499 115.45547586000995
0.25 0.25 0.25 0.25
46.56639161185389
45.0
283.5199340334298 250.80877794998645
3
276.37211567702195 250.80877794998645
0.25 0.25 0.25 0.25
7.147818356407864
45.0
50.68336133574916 179.24512442631303
2
80.53828200675551 179.24512442631303
0.25 0.25 0.25 0.25
29.854920671006347
45.0
261.19201021798756 308.18756316092487
0
261.19201021798756 287.645720177392
0.25 0.25 0.25 0.25
20.54184298353287
45.0
