66041
333.58836397598566 319.5516664985279
0
333.58836397598566 219.97454082861222
0.25 0.25 0.25 0.25
99.57712566991566
45.0
122.98595622114772 312.65360132701585
3
31.86730816098367 312.65360132701585
0.25 0.25 0.25 0.25
91.11864806016405
45.0
61.740154457473665 76.61539880768295
1
61.740154457473665 173.93911228951794
0.25 0.25 0.25 0.25
97.32371348183499
45.0
50.79911252626971 480.854375174747
2
123.94565526452777 480.854375174747
0.25 0.25 0.25 0.25
174.74476779079748
45.0
238.80450104459086 474.52430248142764
3
80.95052424127283 474.52430248142764
0.25 0.25 0.25 0.25
157.85397680331803
45.0
370.6783659612446 80.43176486229368
3
267.0192072826951 80.43176486229368
0.25 0.25 0.25 0.25
103.65915867854946
45.0
66.01809689120489 198.2115439333615
0
66.01809689120489 28.400322917802782
0.25 0.25 0.25 0.25
169.81122101555871
45.0
90.90462282864863 211.2547864713754
1
90.90462282864863 344.2808231550772
0.25 0.25 0.25 0.25
133.0260366837018
45.0
367.6921987624719 394.82471579876324
3
479.6075662313001 394.82471579876324
0.25 0.25 0.25 0.25
152.70023500622798
45.0
425.3209722082704 346.7241329402401
1
425.3209722082704 498.4510149299795
0.25 0.25 0.25 0.25
151.7268819897394
45.0
188.7295163035909 76.85563736067482
2
315.2115715074118 76.85563736067482
0.25 0.25 0.25 0.25
126.4820552038209
45.0
58.00767107376589 475.3054006135724
0
58.00767107376589 327.58168391374943
0.25 0.25 0.25 0.25
147.72371669982294
45.0
297.6111091125088 14.305002931927277
1
297.6111091125088 149.1266030327813
0.25 0.25 0.25 0.25
134.82160010085403
45.0
367.5541973993977 404.70252460389474
0
367.5541973993977 455.84296580256387
0.25 0.25 0.25 0.25
139.45450959354142
45.0
279.7857336793995 361.6298002163185
0
279.7857336793995 497.0584106842647
0.25 0.25 0.25 0.25
141.31178909941687
45.0
226.1434355002489 229.25153364214455
0
226.1434355002489 109.42002378543714
0.25 0.25 0.25 0.25
119.83150985670741
45.0
31.27936399928896 173.9029407877861
2
126.0163999828813 173.9029407877861
0.25 0.25 0.25 0.25
94.73703598359234
45.0
479.116885056039 154.2672466028488
1
479.116885056039 291.2856988104045
0.25 0.25 0.25 0.25
137.0184522075557
45.0
180.1541621497658 325.43573308573656
1
180.1541621497658 422.3157836556045
0.25 0.25 0.25 0.25
96.88005056986793
45.0
105.91773303863351 203.10552372424283
1
105.91773303863351 308.8173084462252
0.25 0.25 0.25 0.25
105.71178472198235
45.0
393.2251670453853 321.59628702377023
3
498.21084663522737 321.59628702377023
0.25 0.25 0.25 0.25
108.56398631938731
45.0
479.65523327523283 78.16145261914181
3
350.42164962771983 78.16145261914181
0.25 0.25 0.25 0.25
169.9231170970474
45.0
461.9011648439172 219.6959286231383
1
461.9011648439172 376.37462519739597
0.25 0.25 0.25 0.25
156.67869657425769
45.0
55.8246109491036 318.0795744850218
2
104.92330524019994 318.0795744850218
0.25 0.25 0.25 0.25
160.74791618930354
45.0
219.28444706292277 372.34367353759063
3
115.94341172929408 372.34367353759063
0.25 0.25 0.25 0.25
103.34103533362868
45.0
39.21203893072243 450.28849055995397
0
39.21203893072243 436.189317810338
0.25 0.25 0.25 0.25
113.52219162970806
45.0
122.13419566356174 168.27820357909218
2
16.484414047479277 168.27820357909218
0.25 0.25 0.25 0.25
138.61860971104102
45.0
455.06310800748497 170.20455207029013
3
318.3818426000165 170.20455207029013
0.25 0.25 0.25 0.25
136.68126540746843
45.0
426.7134815172485 355.2852709512687
0
426.7134815172485 250.99784291354146
0.25 0.25 0.25 0.25
104.28742803772727
45.0
400.57845553562754 364.47880466931457
3
482.00311291652366 364.47880466931457
0.25 0.25 0.25 0.25
117.41843154784878
45.0
142.61395298726643 380.6747290451714
2
258.85060603234956 380.6747290451714
0.25 0.25 0.25 0.25
116.23665304508313
45.0
191.15552110248632 352.6195500224843
0
191.15552110248632 248.28738983174242
0.25 0.25 0.25 0.25
104.3321601907419
45.0
95.50750265775378 496.20595371113086
0
95.50750265775378 364.1272513385967
0.25 0.25 0.25 0.25
139.66679495027245
45.0
467.5078576829112 443.0854588349406
3
358.0867513873824 443.0854588349406
0.25 0.25 0.25 0.25
174.4053909297064
45.0
269.0505316283612 473.8218399260113
2
438.25726707374076 473.8218399260113
0.25 0.25 0.25 0.25
169.20673544537954
45.0
143.56964752415095 434.44193515743757
0
143.56964752415095 280.0640971403791
0.25 0.25 0.25 0.25
154.37783801705845
45.0
116.17711999890162 255.4687033843189
0
116.17711999890162 148.81674115782386
0.25 0.25 0.25 0.25
106.65196222649504
45.0
5.316011814047556 249.8893047380339
2
164.64897305738583 249.8893047380339
0.25 0.25 0.25 0.25
169.9649848714334
45.0
262.74739840900156 357.37662780748155
1
262.74739840900156 481.9516040752728
0.25 0.25 0.25 0.25
124.57497626779126
45.0
359.1414109331651 306.30727789470683
2
393.26447706408464 306.30727789470683
0.25 0.25 0.25 0.25
34.12306613091956
45.0
355.8898337739028 225.6649035942349
2
378.43968338073637 225.6649035942349
0.25 0.25 0.25 0.25
22.54984960683355
45.0
125.63312107823066 117.63095768033844
1
125.63312107823066 122.17458945183051
0.25 0.25 0.25 0.25
4.543631771492068
45.0
120.51370566657519 485.21234307627765
2
153.93123874104162 485.21234307627765
0.25 0.25 0.25 0.25
33.41753307446643
45.0
102.06892408559787 256.32548016884033
3
59.83228341608435 256.32548016884033
0.25 0.25 0.25 0.25
42.23664066951352
45.0
139.61062519261134 350.20844025852887
3
93.04423358075745 350.20844025852887
0.25 0.25 0.25 0.25
46.56639161185389
45.0
304.9633891026534 265.1044146628022
1
304.9633891026534 272.25223301921005
0.25 0.25 0.25 0.25
7.147818356407864
45.0
9.026480006263526 29.97052107128131
2
38.88140067726987 29.97052107128131
0.25 0.25 0.25 0.25
29.854920671006347
45.0
14.689894415593162 246.56203421032623
0
14.689894415593162 226.02019122679337
0.25 0.25 0.25 0.25
20.54184298353287
45.0
