6314
371.0956056894174 53.80124378599294
1
371.0956056894174 189.9394668410664
0.25 0.25 0.25 0.25
136.13822305507347
45.0
183.39483250918627 59.34624329773527
3
22.212140585864688 59.34624329773527
0.25 0.25 0.25 0.25
161.18269192332158
45.0
177.00559364210133 343.0727684666515
0
177.00559364210133 168.80785661499183
0.25 0.25 0.25 0.25
174.26491185165966
45.0
371.0796660548443 255.48991064383637
1
371.0796660548443 372.64528859670975
0.25 0.25 0.25 0.25
117.15537795287338
45.0
483.3731179900926 331.2985997634357
1
483.3731179900926 480.5312442641509
0.25 0.25 0.25 0.25
149.23264450071525
45.0
385.52218709252384 260.7219295729872
0
385.52218709252384 139.57110718761407
0.25 0.25 0.25 0.25
121.15082238537315
45.0
39.89450743655361 254.02442142044555
0
39.89450743655361 130.83270430401205
0.25 0.25 0.25 0.25
123.19171711643351
45.0
344.4499285031858 114.57880964450976
0
344.4499285031858 11.297885916110204
0.25 0.25 0.25 0.25
103.28092372839956
45.0
11.268991301106439 439.45757133859433
0
11.268991301106439 407.09442467912106
0.25 0.25 0.25 0.25
153.4480039822846
45.0
419.84910345159915 67.44385021274536
1
419.84910345159915 215.99425815233587
0.25 0.25 0.25 0.25
148.5504079395905
45.0
489.04134302653625 295.9704693436186
3
364.3069201564531 295.9704693436186
0.25 0.25 0.25 0.25
146.65173681701066
45.0
354.84834870421184 353.8988424669669
0
354.84834870421184 181.12430597805042
0.25 0.25 0.25 0.25
172.7745364889165
45.0
224.10053372784853 252.9370502335621
3
54.10588513365724 252.9370502335621
0.25 0.25 0.25 0.25
169.9946485941913
45.0
349.73619175976773 230.44952465016053
0
349.73619175976773 66.12731886218387
0.25 0.25 0.25 0.25
164.32220578797666
45.0
51.80143858858774 486.7469916932936
2
152.67555469965612 486.7469916932936
0.25 0.25 0.25 0.25
100.87411611106837
45.0
190.95189321500038 39.58879314618275
3
33.71033974482043 39.58879314618275
0.25 0.25 0.25 0.25
157.24155347017995
45.0
25.413284693171533 312.34567224637533
2
158.83071316034912 312.34567224637533
0.25 0.25 0.25 0.25
133.4174284671776
45.0
48.86106621099995 422.02811423756384
2
199.52382993356412 422.02811423756384
0.25 0.25 0.25 0.25
150.66276372256416
45.0
420.85391913394005 272.1459367106863
3
406.01235653418473 272.1459367106863
0.25 0.25 0.25 0.25
173.13372433187524
45.0
89.81074965387126 417.2769184039403
0
89.81074965387126 433.19882008747675
0.25 0.25 0.25 0.25
149.524261508583
45.0
434.27547261677034 496.19667943468664
3
457.0075364092453 496.19667943468664
0.25 0.25 0.25 0.25
108.71699097398435
45.0
68.57752053571244 136.8873228668632
2
207.4670933409178 136.8873228668632
0.25 0.25 0.25 0.25
138.88957280520538
45.0
469.9649107534815 212.67512089035165
3
364.9596378267587 212.67512089035165
0.25 0.25 0.25 0.25
165.07545141975982
45.0
353.5500916335361 477.97050774521085
0
353.5500916335361 359.5759589094678
0.25 0.25 0.25 0.25
162.45353334532143
45.0
298.679516915337 18.188674226644082
2
438.9858208481171 18.188674226644082
0.25 0.25 0.25 0.25
140.30630393278014
45.0
302.0721243300786 305.8440599243777
3
159.1738562466061 305.8440599243777
0.25 0.25 0.25 0.25
142.89826808347252
45.0
154.64775580242224 422.6864149199723
0
154.64775580242224 262.3969874523374
0.25 0.25 0.25 0.25
160.28942746763494
45.0
481.3425782362374 209.05498701515057
3
361.7864669183575 209.05498701515057
0.25 0.25 0.25 0.25
119.55611131787987
45.0
411.6102493251799 177.69059059347816
3
254.0765777044795 177.69059059347816
0.25 0.25 0.25 0.25
157.5336716207004
45.0
93.29505887693927 36.53583500423258
2
13.643728218291244 36.53583500423258
0.25 0.25 0.25 0.25
106.93878709523051
45.0
66.38724872010431 6.9568371794242125
2
219.13092442936158 6.9568371794242125
0.25 0.25 0.25 0.25
152.74367570925727
45.0
403.9596344006277 70.39656140382519
3
457.4692167385243 70.39656140382519
0.25 0.25 0.25 0.25
138.571148860848
45.0
160.13004806186214 424.5612878486562
3
48.44694190506476 424.5612878486562
0.25 0.25 0.25 0.25
111.68310615679738
45.0
109.09808994501054 126.77845600348724
1
109.09808994501054 231.9986878159939
0.25 0.25 0.25 0.25
105.22023181250665
45.0
379.419790680059 371.64257340719803
0
379.419790680059 204.44394814891677
0.25 0.25 0.25 0.25
167.19862525828125
45.0
407.4440702028006 169.03210061249263
3
269.1166424663242 169.03210061249263
0.25 0.25 0.25 0.25
138.3274277364764
45.0
343.06821287228905 446.89381916131913
3
186.7215958342715 446.89381916131913
0.25 0.25 0.25 0.25
156.34661703801754
45.0
428.55873805810734 406.6070453376683
3
401.29645754414537 406.6070453376683
0.25 0.25 0.25 0.25
170.14480439774735
45.0
83.68544086179772 62.067713139488674
1
83.68544086179772 31.62467792187013
0.25 0.25 0.25 0.25
93.6923910613588
45.0
486.62581624733195 70.62917640025415
3
347.0697666958397 70.62917640025415
0.25 0.25 0.25 0.25
139.55604955149224
45.0
282.17500526945037 111.34582770995834
1
282.17500526945037 51.04364676547044
0.25 0.25 0.25 0.25
162.38947447542878
45.0
163.4430183643037 4.858985657153795
3
65.61630312693268 4.858985657153795
0.25 0.25 0.25 0.25
97.82671523737102
45.0
205.04108603456154 442.29760505272986
2
379.6755693741105 442.29760505272986
0.25 0.25 0.25 0.25
174.63448333954898
45.0
422.3647039451763 140.58448841095674
3
302.5641884890503 140.58448841095674
0.25 0.25 0.25 0.25
119.800515456126
45.0
13.055305555868898 134.15478805682102
1
13.055305555868898 250.46981828242937
0.25 0.25 0.25 0.25
116.31503022560835
45.0
323.3469627396912 97.88613688495013
3
171.5087253904013 97.88613688495013
0.25 0.25 0.25 0.25
151.8382373492899
45.0
46.310299348233286 346.1025190797044
1
46.310299348233286 460.2720039799668
0.25 0.25 0.25 0.25
114.1694849002624
45.0
87.26585716585964 133.8004040721314
2
39.23812568725447 133.8004040721314
0.25 0.25 0.25 0.25
126.50398285311411
45.0
