13424
188.27713764517225 398.2209662850337
0
188.27713764517225 237.43040232223265
0.25 0.25 0.25 0.25
160.79056396280103
45.0
370.4358644463501 58.59516049129854
2
460.66138695827294 58.59516049129854
0.25 0.25 0.25 0.25
90.22552251192286
45.0
22.87289398416641 391.01997258643746
0
22.87289398416641 436.48329456105364
0.25 0.25 0.25 0.25
172.49673285250887
45.0
48.23368936497866 30.425501201467227
1
48.23368936497866 115.06287623107141
0.25 0.25 0.25 0.25
145.48837743253864
45.0
155.65565884360018 337.2296750463729
2
18.74047159994086 337.2296750463729
0.25 0.25 0.25 0.25
174.39613044354104
45.0
317.4379280395211 6.32806388570188
3
227.6224047308583 6.32806388570188
0.25 0.25 0.25 0.25
89.8155233086628
45.0
447.65618423967896 34.97863169677902
3
412.8529341574699 34.97863169677902
0.25 0.25 0.25 0.25
139.4908816028511
45.0
93.23453438724607 84.05752166849976
2
256.74988355483714 84.05752166849976
0.25 0.25 0.25 0.25
163.51534916759107
45.0
173.18640997591098 425.3877873524432
0
173.18640997591098 451.38597205241257
0.25 0.25 0.25 0.25
123.22624059514425
45.0
242.74318578542034 42.30498638193393
1
242.74318578542034 118.24401710077186
0.25 0.25 0.25 0.25
160.54900348270579
45.0
457.56573181051704 196.8838736764487
3
409.9958441298943 196.8838736764487
0.25 0.25 0.25 0.25
132.4384240595887
45.0
258.0525724597595 75.79066279877708
1
258.0525724597595 247.74833044654676
0.25 0.25 0.25 0.25
171.95766764776968
45.0
142.09025448294727 253.61114217908695
3
34.13164252099645 253.61114217908695
0.25 0.25 0.25 0.25
107.95861196195082
45.0
491.44393727932754 55.96366041795403
3
393.938374236811 55.96366041795403
0.25 0.25 0.25 0.25
114.61768848386143
45.0
73.35001891502799 144.3096885437966
2
202.40658563728496 144.3096885437966
0.25 0.25 0.25 0.25
129.05656672225697
45.0
146.85353274676618 307.426502210428
0
146.85353274676618 184.98446163278822
0.25 0.25 0.25 0.25
122.44204057763976
45.0
146.3018462569339 145.78578530786262
2
7.188823502371747 145.78578530786262
0.25 0.25 0.25 0.25
153.49066975930566
45.0
91.65946091813316 192.05724997690868
2
38.13141601112852 192.05724997690868
0.25 0.25 0.25 0.25
129.79087692926169
45.0
91.39506359704552 491.22967129855647
2
211.42242530466896 491.22967129855647
0.25 0.25 0.25 0.25
120.02736170762344
45.0
490.8234213868092 160.6985087345893
3
329.69912131413935 160.6985087345893
0.25 0.25 0.25 0.25
161.1243000726698
45.0
485.3223785430413 72.31072668830714
1
485.3223785430413 37.876983582142714
0.25 0.25 0.25 0.25
110.18771027044986
45.0
453.4534801462589 245.690607202364
0
453.4534801462589 154.7047420602516
0.25 0.25 0.25 0.25
90.98586514211239
45.0
44.872627476818536 97.91106250225698
1
44.872627476818536 38.44492544203064
0.25 0.25 0.25 0.25
136.35598794428762
45.0
79.76845013157423 420.2839631486122
2
13.759733610466839 420.2839631486122
0.25 0.25 0.25 0.25
93.52818374204107
45.0
23.486445880294895 337.1269283251941
2
75.90208326055166 337.1269283251941
0.25 0.25 0.25 0.25
99.38852914084656
45.0
27.30253399985031 345.9368163763221
0
27.30253399985031 480.40253016423753
0.25 0.25 0.25 0.25
173.66065345944037
45.0
271.75025692893524 414.2760702115942
0
271.75025692893524 244.0219937633314
0.25 0.25 0.25 0.25
170.25407644826277
45.0
236.03559118409476 232.84231083602822
2
333.1740259330943 232.84231083602822
0.25 0.25 0.25 0.25
97.13843474899953
45.0
160.89844813339718 361.4157220912882
0
160.89844813339718 495.2369115851767
0.25 0.25 0.25 0.25
143.3473663235351
45.0
112.55130980803003 439.1402874259928
0
112.55130980803003 430.82079866403
0.25 0.25 0.25 0.25
8.319488761962829
45.0
437.14953396638646 72.78949265093908
2
482.1003041366664 72.78949265093908
0.25 0.25 0.25 0.25
44.95077017027996
45.0
343.0171527230476 136.93681695344668
0
343.0171527230476 118.84304503211229
0.25 0.25 0.25 0.25
18.0937719213344
45.0
458.82293538229976 483.700689753555
0
458.82293538229976 459.87229768035263
0.25 0.25 0.25 0.25
23.82839207320239
45.0
446.34864359404077 421.5174626677431
2
456.8560226247138 421.5174626677431
0.25 0.25 0.25 0.25
10.507379030672997
45.0
349.14203494700956 335.2188909694539
3
323.71895003103907 335.2188909694539
0.25 0.25 0.25 0.25
25.423084915970485
45.0
494.40814971603425 270.50697346850393
3
493.4946007486536 270.50697346850393
0.25 0.25 0.25 0.25
0.9135489673805952
45.0
60.75645770650494 376.1604149048508
2
66.78575677611344 376.1604149048508
0.25 0.25 0.25 0.25
6.029299069608507
45.0
432.4269744470281 467.53188701446146
0
432.4269744470281 465.5829118391081
0.25 0.25 0.25 0.25
1.9489751753533846
45.0
435.26277623268675 179.82590358722246
3
412.9148655821996 179.82590358722246
0.25 0.25 0.25 0.25
22.347910650487137
45.0
478.0726044913657 59.37968824859577
1
478.0726044913657 69.8359172683615
0.25 0.25 0.25 0.25
10.456229019765729
45.0
488.43013045377904 323.74797874579065
0
488.43013045377904 293.05348393489453
0.25 0.25 0.25 0.25
30.694494810896096
45.0
122.22693029828157 313.45846041329946
3
107.78860154844895 313.45846041329946
0.25 0.25 0.25 0.25
14.438328749832625
45.0
436.2928779541969 149.85871501126832
1
436.2928779541969 174.98026756797094
0.25 0.25 0.25 0.25
25.12155255670261
45.0
376.8099538283352 154.7110235303002
0
376.8099538283352 139.35925345545024
0.25 0.25 0.25 0.25
15.351770074849941
45.0
55.316454963193365 336.3293561711913
0
55.316454963193365 294.9617751448201
0.25 0.25 0.25 0.25
41.36758102637121
45.0
148.00229338070304 134.47194034302973
2
155.4471755734811 134.47194034302973
0.25 0.25 0.25 0.25
7.444882192778074
45.0
395.77449376748405 132.66212656205772
3
360.85065121421394 132.66212656205772
0.25 0.25 0.25 0.25
34.9238425532701
45.0
470.35332826702086 454.45654178676637
2
486.382873976434 454.45654178676637
0.25 0.25 0.25 0.25
16.029545709413107
45.0
