13424
474.6016493475804 350.71113823575206
3
364.6077866896186 350.71113823575206
0.25 0.25 0.25 0.25
160.79056396280103
45.0
268.6620455059584 73.6336652289956
1
268.6620455059584 163.85918774091846
0.25 0.25 0.25 0.25
90.22552251192286
45.0
252.1597774907448 229.0061645934915
2
424.6565103432537 229.0061645934915
0.25 0.25 0.25 0.25
172.49673285250887
45.0
279.5803495556396 260.55125366361005
0
279.5803495556396 115.06287623107141
0.25 0.25 0.25 0.25
145.48837743253864
45.0
100.38303672098942 244.47610972388037
2
74.01309372255162 244.47610972388037
0.25 0.25 0.25 0.25
174.39613044354104
45.0
490.90178173844413 83.48745942296092
3
419.28269495289305 83.48745942296092
0.25 0.25 0.25 0.25
89.8155233086628
45.0
376.9646978995521 57.38459234598753
3
237.47381629670102 57.38459234598753
0.25 0.25 0.25 0.25
139.4908816028511
45.0
420.2652327224281 65.14961667404617
3
416.21941810998084 65.14961667404617
0.25 0.25 0.25 0.25
163.51534916759107
45.0
87.45614645322348 150.5551556844626
2
210.68238704836773 150.5551556844626
0.25 0.25 0.25 0.25
123.22624059514425
45.0
128.785887351401 476.04800316994874
0
128.785887351401 363.4029933473455
0.25 0.25 0.25 0.25
160.54900348270579
45.0
72.18796442783773 77.86908872302976
1
72.18796442783773 54.569335336558936
0.25 0.25 0.25 0.25
132.4384240595887
45.0
194.56056068652342 363.3626901566164
3
22.602893038753734 363.3626901566164
0.25 0.25 0.25 0.25
171.95766764776968
45.0
289.74419336485596 178.22330566871634
2
397.7028053268068 178.22330566871634
0.25 0.25 0.25 0.25
107.95861196195082
45.0
310.87988210770254 4.464364643598486
3
196.26219362384109 4.464364643598486
0.25 0.25 0.25 0.25
114.61768848386143
45.0
442.87624797399997 144.30968854379663
1
442.87624797399997 273.3662552660536
0.25 0.25 0.25 0.25
129.05656672225697
45.0
269.29557332440595 80.36329490137321
1
269.29557332440595 42.07874567626655
0.25 0.25 0.25 0.25
122.44204057763976
45.0
457.90447890457165 299.2764550671683
3
304.413809145266 299.2764550671683
0.25 0.25 0.25 0.25
153.49066975930566
45.0
15.005430049946199 115.40321910872171
2
114.78544687931549 115.40321910872171
0.25 0.25 0.25 0.25
129.79087692926169
45.0
268.6870215258248 91.36647983667362
2
388.7143832334482 91.36647983667362
0.25 0.25 0.25 0.25
120.02736170762344
45.0
229.9365226221959 288.56860924327793
3
68.8122225495261 288.56860924327793
0.25 0.25 0.25 0.25
161.1243000726698
45.0
404.48991118650883 80.62133425425833
1
404.48991118650883 29.566376016191526
0.25 0.25 0.25 0.25
110.18771027044986
45.0
273.58892442740387 209.23871850819796
0
273.58892442740387 118.25285336608557
0.25 0.25 0.25 0.25
90.98586514211239
45.0
408.4325069196948 370.6230383908322
3
272.07651897540717 370.6230383908322
0.25 0.25 0.25 0.25
136.35598794428762
45.0
144.48661271116356 233.2275956645301
1
144.48661271116356 326.75577940657115
0.25 0.25 0.25 0.25
93.52818374204107
45.0
222.263504161988 457.98130480157846
0
222.263504161988 358.5927756607319
0.25 0.25 0.25 0.25
99.38852914084656
45.0
62.43027794630564 480.40253016423753
0
62.43027794630564 306.74187670479716
0.25 0.25 0.25 0.25
173.66065345944037
45.0
101.49618048067242 393.9453946505665
0
101.49618048067242 435.8005289011707
0.25 0.25 0.25 0.25
170.25407644826277
45.0
55.379713062903775 252.84986290896938
0
55.379713062903775 155.71142815996984
0.25 0.25 0.25 0.25
97.13843474899953
45.0
447.5931807804674 205.1106146733608
1
447.5931807804674 348.4579809968959
0.25 0.25 0.25 0.25
143.3473663235351
45.0
29.356422188401723 439.1402874259928
2
37.67591095036455 439.1402874259928
0.25 0.25 0.25 0.25
8.319488761962829
45.0
437.14953396638646 252.59257333205892
3
392.1987637961065 252.59257333205892
0.25 0.25 0.25 0.25
44.95077017027996
45.0
107.7981177457005 98.2822180239005
2
125.89188966703489 98.2822180239005
0.25 0.25 0.25 0.25
18.0937719213344
45.0
422.03510425168827 492.47091817324264
2
445.86349632489066 492.47091817324264
0.25 0.25 0.25 0.25
23.82839207320239
45.0
427.56280803788314 400.50270460639706
1
427.56280803788314 411.01008363707007
0.25 0.25 0.25 0.25
10.507379030672997
45.0
44.06501595536367 386.0650608013949
2
69.48810087133415 386.0650608013949
0.25 0.25 0.25 0.25
25.423084915970485
45.0
499.1970075123014 254.97664102303344
0
499.1970075123014 254.06309205565285
0.25 0.25 0.25 0.25
0.9135489673805952
45.0
211.48893444671756 490.7170972274123
1
211.48893444671756 496.7463962970208
0.25 0.25 0.25 0.25
6.029299069608507
45.0
436.32492479773487 471.4298373651682
0
436.32492479773487 469.48086218981484
0.25 0.25 0.25 0.25
1.9489751753533846
45.0
479.9585975336611 133.04484551959746
3
457.6106868831739 133.04484551959746
0.25 0.25 0.25 0.25
22.347910650487137
45.0
436.24768841230286 143.0295204067216
2
446.7039174320686 143.0295204067216
0.25 0.25 0.25 0.25
10.456229019765729
45.0
242.87417196661013 78.19202025862188
0
242.87417196661013 47.497525447725785
0.25 0.25 0.25 0.25
30.694494810896096
45.0
165.54191654777946 154.63684416514047
2
179.9802452976121 154.63684416514047
0.25 0.25 0.25 0.25
14.438328749832625
45.0
411.1713253974943 426.1957931349972
0
411.1713253974943 401.07424057829456
0.25 0.25 0.25 0.25
25.12155255670261
45.0
285.4511045249665 62.600403081200554
0
285.4511045249665 47.248633006350616
0.25 0.25 0.25 0.25
15.351770074849941
45.0
427.6246842005344 377.69693719756253
0
427.6246842005344 336.3293561711913
0.25 0.25 0.25 0.25
41.36758102637121
45.0
140.55741118792497 82.35776499358326
0
140.55741118792497 74.91288280080519
0.25 0.25 0.25 0.25
7.444882192778074
45.0
116.3837533413232 216.57629897064328
1
116.3837533413232 251.50014152391338
0.25 0.25 0.25 0.25
34.9238425532701
45.0
470.35332826702086 417.3070925379286
3
454.32378255760773 417.3070925379286
0.25 0.25 0.25 0.25
16.029545709413107
45.0
