42372
411.12095313861533 37.39660371610478
1
411.12095313861533 3.9180612923154854
0.25 0.25 0.25 0.25
41.31466500842026
45.0
381.7330746008367 270.04623885452077
1
381.7330746008367 291.06222437998764
0.25 0.25 0.25 0.25
21.015985525466878
45.0
107.47952123406833 75.7002286747919
1
107.47952123406833 121.0794498603735
0.25 0.25 0.25 0.25
45.379221185581606
45.0
257.60326295642284 179.3913975976845
2
300.7342744721208 179.3913975976845
0.25 0.25 0.25 0.25
43.13101151569795
45.0
495.5463356529961 98.07913159893462
0
495.5463356529961 66.9084249736823
0.25 0.25 0.25 0.25
31.170706625252322
45.0
170.67746111722153 290.5955426648143
3
167.11935943373217 290.5955426648143
0.25 0.25 0.25 0.25
3.5581016834893617
45.0
53.481989104292154 210.6168373068012
3
14.016873683279414 210.6168373068012
0.25 0.25 0.25 0.25
39.46511542101274
45.0
425.33219825757106 58.18777401837292
1
425.33219825757106 59.58696140937019
0.25 0.25 0.25 0.25
1.3991873909972696
45.0
155.11778293934896 275.15036566410544
2
158.6728929798944 275.15036566410544
0.25 0.25 0.25 0.25
3.555110040545456
45.0
333.3439879601695 325.0535942139563
2
355.39123832347445 325.0535942139563
0.25 0.25 0.25 0.25
22.047250363304943
45.0
236.37233731252192 127.91787877324202
1
236.37233731252192 163.82011885066746
0.25 0.25 0.25 0.25
35.90224007742544
45.0
46.61137548035546 439.90145272076734
1
46.61137548035546 469.43208862376173
0.25 0.25 0.25 0.25
29.530635902994405
45.0
167.93696712361134 238.20269751497955
3
156.32908611516442 238.20269751497955
0.25 0.25 0.25 0.25
11.607881008446913
45.0
411.2819883294162 267.6735914762236
0
411.2819883294162 237.8079168957504
0.25 0.25 0.25 0.25
29.865674580473183
45.0
304.99635545232053 450.54552690890586
3
271.70793891369885 450.54552690890586
0.25 0.25 0.25 0.25
33.288416538621654
45.0
384.4343411177872 482.02098101363583
0
384.4343411177872 461.5854100786206
0.25 0.25 0.25 0.25
20.4355709350152
45.0
289.4927917062008 223.3937487163924
0
289.4927917062008 213.35987294952872
0.25 0.25 0.25 0.25
10.03387576686367
45.0
465.5483340675038 245.33219891732915
0
465.5483340675038 200.11326169876395
0.25 0.25 0.25 0.25
45.218937218565216
45.0
132.58582851541357 471.74050965214735
2
163.22380717010833 471.74050965214735
0.25 0.25 0.25 0.25
30.63797865469477
45.0
250.58228069862642 422.2811940797
3
232.5201078160157 422.2811940797
0.25 0.25 0.25 0.25
18.062172882610717
45.0
76.5563474463026 117.44835506758284
0
76.5563474463026 91.89646551092352
0.25 0.25 0.25 0.25
25.55188955665931
45.0
55.90921130616811 191.57387549204884
3
25.974435859898094 191.57387549204884
0.25 0.25 0.25 0.25
29.934775446270017
45.0
259.343549056431 420.8724202768048
2
294.79693838443865 420.8724202768048
0.25 0.25 0.25 0.25
35.45338932800763
45.0
245.28730063756169 25.754837911055283
0
245.28730063756169 9.179670771079572
0.25 0.25 0.25 0.25
16.57516713997571
45.0
476.22287843809625 333.95299994211643
1
476.22287843809625 370.60820290052857
0.25 0.25 0.25 0.25
36.65520295841215
45.0
198.86990203357308 382.3859725366984
2
203.60694445651853 382.3859725366984
0.25 0.25 0.25 0.25
4.737042422945448
45.0
75.92640684912828 376.0823607833015
3
47.23480451653708 376.0823607833015
0.25 0.25 0.25 0.25
28.691602332591202
45.0
424.0483391258711 122.61414168746342
2
459.5811793045831 122.61414168746342
0.25 0.25 0.25 0.25
35.53284017871196
45.0
472.0717098046407 430.0517435391407
3
495.1686329493543 430.0517435391407
0.25 0.25 0.25 0.25
32.75965724600497
45.0
471.4823378873497 464.7516977128329
0
471.4823378873497 420.54635583229253
0.25 0.25 0.25 0.25
44.20534188054034
45.0
119.2037407843402 31.456428482939486
0
119.2037407843402 14.224920455999836
0.25 0.25 0.25 0.25
17.23150802693965
45.0
319.4275755238514 308.22273935608837
1
319.4275755238514 324.35235258091734
0.25 0.25 0.25 0.25
16.129613224828947
45.0
130.8453759876238 429.5246952204109
3
108.32283123888693 429.5246952204109
0.25 0.25 0.25 0.25
22.522544748736873
45.0
277.75993741595596 84.0814543528928
2
323.1286802591445 84.0814543528928
0.25 0.25 0.25 0.25
45.36874284318857
45.0
108.39256407958902 365.30119449954213
0
108.39256407958902 346.5971473947149
0.25 0.25 0.25 0.25
18.70404710482722
45.0
419.56753577227255 204.6870114479722
1
419.56753577227255 228.44580623187034
0.25 0.25 0.25 0.25
23.75879478389813
45.0
173.3973736568804 306.32176486063065
3
130.88947043891994 306.32176486063065
0.25 0.25 0.25 0.25
42.50790321796045
45.0
307.76234653179966 326.734301828841
0
307.76234653179966 291.82355039775706
0.25 0.25 0.25 0.25
34.910751431083945
45.0
100.63107611788041 194.12329034463448
0
100.63107611788041 160.26207092399125
0.25 0.25 0.25 0.25
33.86121942064324
45.0
123.97924920378505 74.65120701211787
0
123.97924920378505 47.910086393015234
0.25 0.25 0.25 0.25
26.741120619102627
45.0
426.19181927949927 17.65629055540991
1
426.19181927949927 65.42577298767603
0.25 0.25 0.25 0.25
47.769482432266116
45.0
242.732888857352 314.49300536896976
0
242.732888857352 294.57280119303215
0.25 0.25 0.25 0.25
19.920204175937616
45.0
343.29876427961744 85.79811069057106
3
308.83305819977096 85.79811069057106
0.25 0.25 0.25 0.25
34.46570607984646
45.0
387.1004749435123 153.20273459588807
0
387.1004749435123 126.75454428659414
0.25 0.25 0.25 0.25
26.448190309293924
45.0
413.7013175997053 130.34746534389467
2
421.8231763096699 130.34746534389467
0.25 0.25 0.25 0.25
8.12185870996463
45.0
357.4080254191698 485.97838749533685
0
357.4080254191698 447.2944241040151
0.25 0.25 0.25 0.25
38.68396339132178
45.0
113.52943606176332 187.3882103265922
0
113.52943606176332 185.9666517686542
0.25 0.25 0.25 0.25
1.4215585579380074
45.0
2.993233156698139 78.0048154512956
1
2.993233156698139 127.84903501265859
0.25 0.25 0.25 0.25
49.844219561363
45.0
