42372
93.1030667603415 367.9139237834669
3
51.78840175192124 367.9139237834669
0.25 0.25 0.25 0.25
41.31466500842026
45.0
234.62117592256857 3.161572976548605
2
255.63716144803544 3.161572976548605
0.25 0.25 0.25 0.25
21.015985525466878
45.0
300.9334694361661 213.49502614874123
1
300.9334694361661 258.87424733432283
0.25 0.25 0.25 0.25
45.379221185581606
45.0
335.8785508488714 173.64342966684643
2
379.0095623645693 173.64342966684643
0.25 0.25 0.25 0.25
43.13101151569795
45.0
379.77083784599466 35.73771834842998
1
379.77083784599466 66.9084249736823
0.25 0.25 0.25 0.25
31.170706625252322
45.0
120.86403754837056 247.89832246294176
3
117.3059358648812 247.89832246294176
0.25 0.25 0.25 0.25
3.5581016834893617
45.0
236.14593331747858 105.10408606130073
0
236.14593331747858 65.638970640288
0.25 0.25 0.25 0.25
39.46511542101274
45.0
386.1549513096475 58.18777401837292
1
386.1549513096475 59.58696140937019
0.25 0.25 0.25 0.25
1.3991873909972696
45.0
215.55465362862174 264.48503554246906
3
211.99954358807628 264.48503554246906
0.25 0.25 0.25 0.25
3.555110040545456
45.0
223.10773614364473 435.28984603048104
3
201.06048578033977 435.28984603048104
0.25 0.25 0.25 0.25
22.047250363304943
45.0
368.7030218357981 379.23355931522013
2
404.60526191322356 379.23355931522013
0.25 0.25 0.25 0.25
35.90224007742544
45.0
333.2452705567623 351.30954501178417
1
333.2452705567623 380.84018091477856
0.25 0.25 0.25 0.25
29.530635902994405
45.0
214.36849115739903 75.69236339672268
1
214.36849115739903 87.3002444051696
0.25 0.25 0.25 0.25
11.607881008446913
45.0
156.16582869957426 341.8376794815549
2
186.03150328004745 341.8376794815549
0.25 0.25 0.25 0.25
29.865674580473183
45.0
304.99635545232053 216.5703077048775
1
304.99635545232053 249.85872424349915
0.25 0.25 0.25 0.25
33.288416538621654
45.0
486.6121957928633 298.10084259849884
3
492.9522332721215 298.10084259849884
0.25 0.25 0.25 0.25
20.4355709350152
45.0
289.4927917062008 123.05499104775566
0
289.4927917062008 113.02111528089199
0.25 0.25 0.25 0.25
10.03387576686367
45.0
489.232728713931 252.07611048688818
0
489.232728713931 206.85717326832298
0.25 0.25 0.25 0.25
45.218937218565216
45.0
265.7078939956184 497.62151169315786
0
265.7078939956184 471.74050965214735
0.25 0.25 0.25 0.25
30.63797865469477
45.0
178.33358916818352 324.84838556375024
1
178.33358916818352 342.91055844636094
0.25 0.25 0.25 0.25
18.062172882610717
45.0
255.41957434291783 419.1413256222628
1
255.41957434291783 444.6932151789221
0.25 0.25 0.25 0.25
25.55188955665931
45.0
325.3221903225982 299.534941921361
3
295.3874148763282 299.534941921361
0.25 0.25 0.25 0.25
29.934775446270017
45.0
330.2503277124463 349.96564162078954
3
294.79693838443865 349.96564162078954
0.25 0.25 0.25 0.25
35.45338932800763
45.0
129.26113065773166 42.330005051030994
1
129.26113065773166 58.905172191006706
0.25 0.25 0.25 0.25
16.57516713997571
45.0
366.25726956285985 262.8397675153501
1
366.25726956285985 299.49497047376224
0.25 0.25 0.25 0.25
36.65520295841215
45.0
222.55511414830033 425.01935434320717
2
227.29215657124578 425.01935434320717
0.25 0.25 0.25 0.25
4.737042422945448
45.0
420.2256348402226 279.6184112256044
2
448.91723717281377 279.6184112256044
0.25 0.25 0.25 0.25
28.691602332591202
45.0
220.62325908700913 450.991776167993
1
220.62325908700913 486.524616346705
0.25 0.25 0.25 0.25
35.53284017871196
45.0
373.7927380666258 406.14997023083447
2
406.5523953126308 406.14997023083447
0.25 0.25 0.25 0.25
32.75965724600497
45.0
454.75947463492173 21.50706297311087
1
454.75947463492173 65.71240485365121
0.25 0.25 0.25 0.25
44.20534188054034
45.0
414.97300805078896 295.94222402891387
2
432.2045160777286 295.94222402891387
0.25 0.25 0.25 0.25
17.23150802693965
45.0
287.16834907419343 465.962675496306
0
287.16834907419343 449.83306227147705
0.25 0.25 0.25 0.25
16.129613224828947
45.0
378.59336822372944 277.68222304600954
1
378.59336822372944 300.20476779474643
0.25 0.25 0.25 0.25
22.522544748736873
45.0
457.34725133885854 462.2311172152216
0
457.34725133885854 416.86237437203306
0.25 0.25 0.25 0.25
45.36874284318857
45.0
145.80065828924347 223.2097691942589
0
145.80065828924347 204.50572208943169
0.25 0.25 0.25 0.25
18.70404710482722
45.0
84.81378972141997 204.6870114479722
0
84.81378972141997 180.92821666407406
0.25 0.25 0.25 0.25
23.75879478389813
45.0
3.365760785038603 373.8046866267366
1
3.365760785038603 416.3125898446971
0.25 0.25 0.25 0.25
42.50790321796045
45.0
447.86239345061273 222.00204753558916
2
482.7731448816967 222.00204753558916
0.25 0.25 0.25 0.25
34.910751431083945
45.0
439.2432703243128 60.929882401214286
2
473.104489744956 60.929882401214286
0.25 0.25 0.25 0.25
33.86121942064324
45.0
188.0400275351933 326.4656022744215
2
214.78114815429592 326.4656022744215
0.25 0.25 0.25 0.25
26.741120619102627
45.0
142.73405576349097 110.03612434235389
2
190.50353819575707 110.03612434235389
0.25 0.25 0.25 0.25
47.769482432266116
45.0
342.3339097370401 426.54434034384127
0
342.3339097370401 406.62413616790366
0.25 0.25 0.25 0.25
19.920204175937616
45.0
449.9069992413037 189.9275379482006
1
449.9069992413037 224.39324402804706
0.25 0.25 0.25 0.25
34.46570607984646
45.0
62.518760314484354 349.31288128069644
2
88.96695062377827 349.31288128069644
0.25 0.25 0.25 0.25
26.448190309293924
45.0
291.8734369502361 57.250736954213025
1
291.8734369502361 65.37259566417765
0.25 0.25 0.25 0.25
8.12185870996463
45.0
178.38441388496906 55.597099983167965
3
139.70045049364728 55.597099983167965
0.25 0.25 0.25 0.25
38.68396339132178
45.0
113.52943606176332 198.7606787900962
2
114.95099461970133 198.7606787900962
0.25 0.25 0.25 0.25
1.4215585579380074
45.0
202.3701114021501 482.9897894876797
2
252.21433096351308 482.9897894876797
0.25 0.25 0.25 0.25
49.844219561363
45.0
