42372
225.49510158351598 37.39660371610478
1
225.49510158351598 3.9180612923154854
0.25 0.25 0.25 0.25
41.31466500842026
45.0
113.88327278795833 417.1581375327889
1
113.88327278795833 438.17412305825576
0.25 0.25 0.25 0.25
21.015985525466878
45.0
299.27633551896156 343.0041540366679
0
299.27633551896156 297.62493285108627
0.25 0.25 0.25 0.25
45.379221185581606
45.0
456.45312671158626 114.53894787325383
0
456.45312671158626 71.40793635755588
0.25 0.25 0.25 0.25
43.13101151569795
45.0
413.478932463173 83.87033216872723
1
413.478932463173 115.04103879397955
0.25 0.25 0.25 0.25
31.170706625252322
45.0
259.6300032044554 240.78211909596305
1
259.6300032044554 244.3402207794524
0.25 0.25 0.25 0.25
3.5581016834893617
45.0
156.56447447242135 91.73197158661924
0
156.56447447242135 52.2668561656065
0.25 0.25 0.25 0.25
39.46511542101274
45.0
397.3484504376257 115.55445704926098
3
395.9492630466284 115.55445704926098
0.25 0.25 0.25 0.25
1.3991873909972696
45.0
208.44443354753082 61.84376323137802
2
211.99954358807628 61.84376323137802
0.25 0.25 0.25 0.25
3.555110040545456
45.0
289.2494872335596 418.2531350776615
2
311.29673759686455 418.2531350776615
0.25 0.25 0.25 0.25
22.047250363304943
45.0
133.92833924815818 236.36724416892477
2
169.8305793255836 236.36724416892477
0.25 0.25 0.25 0.25
35.90224007742544
45.0
341.9177345102994 463.42339816663053
3
312.387098607305 463.42339816663053
0.25 0.25 0.25 0.25
29.530635902994405
45.0
471.46410661679687 342.67362659100166
3
459.85622560835 342.67362659100166
0.25 0.25 0.25 0.25
11.607881008446913
45.0
8.595479938879862 282.10633032060855
0
8.595479938879862 252.24065574013537
0.25 0.25 0.25 0.25
29.865674580473183
45.0
302.30134776962007 349.3327734516906
2
335.58976430824174 349.3327734516906
0.25 0.25 0.25 0.25
33.288416538621654
45.0
370.3388076620302 69.73943423177474
2
390.7743785970454 69.73943423177474
0.25 0.25 0.25 0.25
20.4355709350152
45.0
362.7091331399379 82.91948798030097
2
372.74300890680155 82.91948798030097
0.25 0.25 0.25 0.25
10.03387576686367
45.0
289.8559663848084 189.74649931563306
3
244.63702916624322 189.74649931563306
0.25 0.25 0.25 0.25
45.218937218565216
45.0
62.778483761184496 305.2622523201497
3
32.14050510648973 305.2622523201497
0.25 0.25 0.25 0.25
30.63797865469477
45.0
496.5472989448238 476.4677127275321
3
478.4851260622131 476.4677127275321
0.25 0.25 0.25 0.25
18.062172882610717
45.0
258.89588163320445 83.49045409540503
2
284.4477711898638 83.49045409540503
0.25 0.25 0.25 0.25
25.55188955665931
45.0
115.77876219870825 35.751917805021655
0
115.77876219870825 5.817142358751639
0.25 0.25 0.25 0.25
29.934775446270017
45.0
237.0039015356757 172.69869498075138
2
272.45729086368334 172.69869498075138
0.25 0.25 0.25 0.25
35.45338932800763
45.0
36.49054074202549 7.395496368896147
1
36.49054074202549 23.97066350887186
0.25 0.25 0.25 0.25
16.57516713997571
45.0
15.741402691405995 116.21895568170156
0
15.741402691405995 79.56375272328941
0.25 0.25 0.25 0.25
36.65520295841215
45.0
37.81045965342781 472.3897785726614
0
37.81045965342781 467.65273614971596
0.25 0.25 0.25 0.25
4.737042422945448
45.0
235.4751371686833 45.87951092418311
3
206.7835348360921 45.87951092418311
0.25 0.25 0.25 0.25
28.691602332591202
45.0
7.426218014737422 344.3932556318571
1
7.426218014737422 379.92609581056905
0.25 0.25 0.25 0.25
35.53284017871196
45.0
128.92576271843723 207.93111876110765
2
161.6854199644422 207.93111876110765
0.25 0.25 0.25 0.25
32.75965724600497
45.0
29.428919081946425 155.31430454905043
2
14.776422798593913 155.31430454905043
0.25 0.25 0.25 0.25
44.20534188054034
45.0
398.3140344613496 330.97777452029345
2
415.54554248828924 330.97777452029345
0.25 0.25 0.25 0.25
17.23150802693965
45.0
367.7803952589429 211.44506000711462
3
351.65078203411394 211.44506000711462
0.25 0.25 0.25 0.25
16.129613224828947
45.0
229.51533999216616 187.5920440510621
0
229.51533999216616 165.06949930232523
0.25 0.25 0.25 0.25
22.522544748736873
45.0
408.43417758142743 367.7183166291412
0
408.43417758142743 322.34957378595266
0.25 0.25 0.25 0.25
45.36874284318857
45.0
41.239812759028766 384.00524160436936
3
22.535765654201544 384.00524160436936
0.25 0.25 0.25 0.25
18.70404710482722
45.0
295.3269268209502 56.659731174907236
1
295.3269268209502 80.41852595880536
0.25 0.25 0.25 0.25
23.75879478389813
45.0
251.6816585227241 243.62418441161924
0
251.6816585227241 201.11628119365878
0.25 0.25 0.25 0.25
42.50790321796045
45.0
342.6730979628836 326.734301828841
0
342.6730979628836 291.82355039775706
0.25 0.25 0.25 0.25
34.910751431083945
45.0
136.39745982662225 397.2906068684939
2
170.2586792472655 397.2906068684939
0.25 0.25 0.25 0.25
33.86121942064324
45.0
295.00451001160377 246.24224041711363
1
295.00451001160377 272.98336103621625
0.25 0.25 0.25 0.25
26.741120619102627
45.0
50.354221976547024 125.65215674138851
3
2.5847395442809074 125.65215674138851
0.25 0.25 0.25 0.25
47.769482432266116
45.0
182.97227632953917 4.230261446032067
1
182.97227632953917 24.150465621969683
0.25 0.25 0.25 0.25
19.920204175937616
45.0
66.58406827194102 432.17652787603066
3
32.11836219209456 432.17652787603066
0.25 0.25 0.25 0.25
34.46570607984646
45.0
201.96314277845477 306.8606446984826
1
201.96314277845477 333.3088350077765
0.25 0.25 0.25 0.25
26.448190309293924
45.0
251.26414340041302 447.099955032515
0
251.26414340041302 438.9780963225504
0.25 0.25 0.25 0.25
8.12185870996463
45.0
487.8561210155432 225.88472424231267
1
487.8561210155432 264.56868763363445
0.25 0.25 0.25 0.25
38.68396339132178
45.0
159.01930991577944 151.84924637814223
0
159.01930991577944 150.42768782020423
0.25 0.25 0.25 0.25
1.4215585579380074
45.0
12.340059474918618 280.2515477964656
1
12.340059474918618 330.0957673578286
0.25 0.25 0.25 0.25
49.844219561363
45.0
