60327
294.8837102195266 214.20325715988153
206.18958073227756 214.20325715988153
0.10792423298926163 0.24158556662332276 0.3963461173184079 0.2541440830690078
88.69412948724906
45.0
48.03016602960736 428.9474734586597
459.4063143903568 428.9474734586597
0.3470765360942887 0.3391304461729178 0.2532013281392794 0.06059168959351406
88.62385163925055
45.0
30.289112805678883 202.03420536485132
413.06123277565985 202.03420536485132
0.4237631509501444 0.4480506243489988 0.05334271031318164 0.0748435143876752
117.22788003001901
45.0
135.1550002973231 195.13719906011613
24.638420600731365 195.13719906011613
0.07264062785458558 0.4069468697352368 0.05432685866795359 0.46608564374222394
110.51657969659173
45.0
52.7541246967794 26.873653363170263
388.25942623457985 26.873653363170263
0.09626148156450026 0.41134322533079304 0.3918554809108335 0.10053981219387331
164.49469846219955
45.0
84.61463084301681 454.43213121099114
455.3669607744475 454.43213121099114
0.04343476599487144 0.0830066776553321 0.4566919495031 0.41686660684669646
129.24767006856933
45.0
393.67537829964033 296.8241325013046
228.95041629649683 296.8241325013046
0.04177724537804022 0.5159728753256712 0.00958611404510985 0.43266376525117883
164.7249620031435
45.0
45.65876346226901 268.8777089941453
419.0593538613866 268.8777089941453
0.22156359653860502 0.40457278092840104 0.18615539750088592 0.18770822503210802
126.59940960088242
45.0
410.9084038907072 322.71990164581007
253.85128151313802 322.71990164581007
0.244015711285016 0.13716801664451428 0.17633110860155451 0.4424851634689152
157.05712237756916
45.0
36.771190779763174 192.64150851178434
436.6168851433314 192.64150851178434
0.31256815624026135 0.21455720587331029 0.2577863371223524 0.21508830076407592
100.15430563643181
45.0
77.204540334061 141.43564928711675
409.02483106389803 141.43564928711675
0.027501387718417834 0.5308607443040055 0.08817489761419757 0.35346297036337904
168.17970927016296
45.0
278.2655503311272 132.45932571755264
148.49722704719824 132.45932571755264
0.21758937399464132 0.3279350301971867 0.3329934425413978 0.12148215326677429
129.76832328392896
45.0
449.4319072829474 459.179944301325
353.6606167660458 459.179944301325
0.053096211845341815 0.507216585465946 0.107378366729237 0.3323088359594754
95.77129051690163
45.0
192.65828796387325 409.3089246425767
25.71471855745955 409.3089246425767
0.10611333097999116 0.39803742916357776 0.25549391417582396 0.24035532568060713
166.9435694064137
45.0
218.9630445333509 48.456190049040515
98.60545382226496 48.456190049040515
0.22853136976079266 0.29439420130481736 0.21322475001792235 0.26384967891646754
120.35759071108595
45.0
376.63756204897527 495.4760326842641
283.31611690005167 495.4760326842641
0.541494286498298 0.17411108140210957 0.004454147751734944 0.2799404843478575
93.32144514892362
45.0
354.6328489586873 383.5765671688128
254.63835329152988 383.5765671688128
0.11471862441076722 0.01224438640288653 0.5663593294810637 0.3066776597052825
99.99449566715742
45.0
90.44206591499142 190.92297623621292
465.8123964365958 190.92297623621292
0.057172390996753454 0.4131678712185026 0.29936052976271355 0.23029920802203038
124.62966947839558
45.0
376.8551551691005 257.13785796989407
286.15722209241255 257.13785796989407
0.24338282121428106 0.11153646992678196 0.3352742696437046 0.3098064392152324
90.69793307668796
45.0
477.2070626992156 103.31998195440514
349.2672928529988 103.31998195440514
0.0011976349500849332 0.5020630622777507 0.29052844608145006 0.20621085669071437
127.93976984621682
45.0
338.63180799099916 463.98926474603155
201.9840064462732 463.98926474603155
0.07488676144954265 0.11696279714924634 0.3332367793670508 0.47491366203416013
136.64780154472595
45.0
452.5456733621849 421.86941162248866
333.9162281196009 421.86941162248866
0.2089171645931813 0.13462972298459058 0.13577965719344867 0.5206734552287794
118.62944524258403
45.0
321.9845273962519 173.8297960456357
212.94817193877134 173.8297960456357
0.2024185129034581 0.32750214385700493 0.12950648424440453 0.3405728589951324
109.03635545748057
45.0
31.355804228331067 125.53777142650029
370.3564179348175 125.53777142650029
0.014774340514437316 0.6217394603692453 0.20484400972441041 0.158642189391907
160.99938629351357
45.0
169.78942383274264 173.01334325415505
8.966861411454943 173.01334325415505
0.07146049440550413 0.3021417306647656 0.29007091268933394 0.3363268622403962
160.8225624212877
45.0
442.9553612343189 253.1562829023914
310.03386319229264 253.1562829023914
0.49084082072016816 0.29909437924053967 0.02894717713418661 0.18111762290510555
132.92149804202626
45.0
265.19368990747324 407.8620410915741
101.91849771003012 407.8620410915741
0.1253731250855486 0.2402954376068012 0.1729661594167946 0.4613652778908557
163.27519219744312
45.0
463.95620178627223 198.35708764356033
336.40216394775746 198.35708764356033
0.1996144146802326 0.08274857609771398 0.09716052422766792 0.6204764849943855
127.55403783851474
45.0
6.07435679495552 458.9840056706443
138.70202029519788 458.9840056706443
0.5796542745322041 0.05159916263391631 0.3439628072377582 0.024783755596121417
132.62766350024236
45.0
380.1953437213988 112.97676886570186
282.86288026002956 112.97676886570186
0.11397203760671856 0.07431751178912181 0.41207162082110776 0.39963882978305176
97.33246346136924
45.0
124.58184818057339 48.03474081798129
6.902417865006214 48.03474081798129
0.42144101377810195 0.3690257042833337 0.045033866821143485 0.1644994151174208
117.67943031556717
45.0
196.12339849822598 179.6391208553717
21.80074584739316 179.6391208553717
0.29583147619176237 0.017790191473711327 0.25980789354984585 0.42657043878468043
174.32265265083282
45.0
73.87701671024115 369.5543628529733
486.0674685896905 369.5543628529733
0.14585311689142608 0.46347145520890987 0.27679974080688263 0.11387568709278131
87.80954812055064
45.0
453.793400891783 193.94558223605884
351.96476967166933 193.94558223605884
0.25970497715966523 0.3236122287484209 0.2837541846983828 0.13292860939353107
101.82863122011368
45.0
304.4006452793217 374.5823657670593
159.37346702584512 374.5823657670593
0.1519691899775446 0.2555752833941755 0.27460907919788236 0.31784644743039736
145.02717825347656
45.0
247.18744263691156 226.6064109642661
144.67840345549746 226.6064109642661
0.3159934027437284 0.091409583806663 0.3203525969802307 0.2722444164693779
102.50903918141408
45.0
106.04513627413462 462.645904857775
479.86552298255594 462.645904857775
0.37851209523553436 0.21479952376854117 0.3201208118215588 0.08656756917436567
126.1796132915787
45.0
291.02824862333796 341.2532681582569
120.42560197583609 341.2532681582569
0.2669070832944487 0.30352883789853385 0.2772490294808344 0.15231504932618317
170.60264664750187
45.0
340.0813270644636 390.8949273793963
251.51604653918554 390.8949273793963
0.2239615093673543 0.037054231663061245 0.35855864139257787 0.3804256175770065
88.56528052527806
45.0
114.01051905665531 343.1805522006601
9.055702576880151 343.1805522006601
0.3125120652268021 0.02526598527453502 0.31356691982546653 0.34865502967319634
104.95481647977516
45.0
278.21394230448925 282.44886023169147
133.0876803478774 282.44886023169147
0.31303489796705425 0.365921227969533 0.1287390310499708 0.19230484301344192
145.12626195661184
45.0
71.75117378782454 162.90916549983123
474.43077440332786 162.90916549983123
0.07675882061378227 0.3732639033200887 0.21770639989217952 0.3322708761739495
97.32039938449671
45.0
138.61800933322036 143.35490535737358
470.71702834960735 143.35490535737358
0.37128613554931283 0.06434371212598364 0.2822802019848272 0.28208995033987627
167.90098098361298
45.0
400.6868051242774 285.47767707919706
281.8542341607938 285.47767707919706
0.48953407272417604 0.11357083838514086 0.2036261926707778 0.19326889621990517
118.83257096348356
45.0
57.88029600505956 356.7430075870525
437.5883110492921 356.7430075870525
0.3641251852715358 0.398213881374662 0.10202021440860735 0.13564071894519475
120.29198495576743
45.0
295.8688530605149 218.86911976475125
156.6654259039414 218.86911976475125
0.38059439006318385 0.2526577640888626 0.15602907782939013 0.21071876801856343
139.20342715657347
45.0
138.0499181333586 153.50842028819622
12.8499803719385 153.50842028819622
0.2227616699595008 0.2493329741595348 0.1956474884271519 0.3322578674538125
125.1999377614201
45.0
83.6913363881755 229.5598411437282
476.7890926740182 229.5598411437282
0.5400485941660158 0.3143096693509355 0.10504939040487277 0.04059234607817586
106.90224371415731
45.0
