51898
2.201233669461061 0.7314307405821125
1
2.201233669461061 107.07646891975133
0.25 0.25 0.25 0.25
106.34503817916922
45.0
73.1737282336029 27.401674032928895
1
73.1737282336029 110.42738392269916
0.25 0.25 0.25 0.25
137.82905795562806
45.0
292.87776327323354 423.72985049068063
0
292.87776327323354 425.4938001921437
0.25 0.25 0.25 0.25
150.7763493171757
45.0
133.7016579053145 448.15634795841106
1
133.7016579053145 487.9106748443726
0.25 0.25 0.25 0.25
39.754326885961504
45.0
341.51808975546453 180.73846899907352
3
338.04004689899773 180.73846899907352
0.25 0.25 0.25 0.25
3.478042856466812
45.0
387.76904293021977 348.81933120730315
0
387.76904293021977 345.70305944925025
0.25 0.25 0.25 0.25
3.1162717580528962
45.0
32.33757789515345 193.46784806616478
2
76.86983699777488 193.46784806616478
0.25 0.25 0.25 0.25
44.53225910262143
45.0
359.40917123201217 193.02767255673024
2
370.33289838445984 193.02767255673024
0.25 0.25 0.25 0.25
10.923727152447688
45.0
394.31003505154945 232.32717927482827
0
394.31003505154945 193.37668053776633
0.25 0.25 0.25 0.25
38.95049873706192
45.0
383.3720963184906 178.10590439445923
1
383.3720963184906 212.72997282235207
0.25 0.25 0.25 0.25
34.62406842789284
45.0
270.55215065212064 482.70555294283906
2
315.01584271051325 482.70555294283906
0.25 0.25 0.25 0.25
44.46369205839262
45.0
411.5967978897763 453.94075256310464
0
411.5967978897763 420.3207890385885
0.25 0.25 0.25 0.25
33.61996352451616
45.0
296.81477583729645 126.51444426102628
2
327.5126377649778 126.51444426102628
0.25 0.25 0.25 0.25
30.697861927681352
45.0
242.38726687446083 471.1218693822176
0
242.38726687446083 446.5673523145746
0.25 0.25 0.25 0.25
24.554517067642994
45.0
78.75752804828376 15.815303623974792
1
78.75752804828376 26.594339218384018
0.25 0.25 0.25 0.25
10.779035594409226
45.0
149.79456834140535 499.6925447589982
2
180.7783928596209 499.6925447589982
0.25 0.25 0.25 0.25
30.98382451821557
45.0
484.57355683612184 109.96992062585875
0
484.57355683612184 75.50951735863924
0.25 0.25 0.25 0.25
34.460403267219505
45.0
236.30010779996354 179.73385548236433
2
271.9935118434047 179.73385548236433
0.25 0.25 0.25 0.25
35.69340404344116
45.0
469.9382659917794 178.27376384424537
0
469.9382659917794 131.3624927127136
0.25 0.25 0.25 0.25
46.911271131531784
45.0
409.84137690112 123.39228287257481
3
394.7176641434223 123.39228287257481
0.25 0.25 0.25 0.25
15.123712757697666
45.0
489.12192624038994 148.62588656040035
3
486.32921699528424 148.62588656040035
0.25 0.25 0.25 0.25
2.7927092451056734
45.0
169.3579252497138 415.9674402311383
1
169.3579252497138 446.67885471392054
0.25 0.25 0.25 0.25
30.711414482782217
45.0
460.95389228437347 362.10291631325896
1
460.95389228437347 387.8210342992577
0.25 0.25 0.25 0.25
25.718117985998745
45.0
144.73445240744726 81.91395168652184
1
144.73445240744726 116.91540049879063
0.25 0.25 0.25 0.25
35.001448812268784
45.0
237.896942352245 30.30864623067646
1
237.896942352245 67.91400867777736
0.25 0.25 0.25 0.25
37.6053624471009
45.0
137.43511783375595 373.87074654790933
2
161.37300617318004 373.87074654790933
0.25 0.25 0.25 0.25
23.937888339424106
45.0
14.720894298445998 294.0808850933894
2
30.900836465103964 294.0808850933894
0.25 0.25 0.25 0.25
45.62173076354996
45.0
408.36806167895685 18.167218057543238
1
408.36806167895685 26.366697330362697
0.25 0.25 0.25 0.25
8.19947927281946
45.0
310.4261219352275 345.02806301985765
1
310.4261219352275 374.89370558367904
0.25 0.25 0.25 0.25
29.865642563821392
45.0
324.38516774383027 274.1100163715214
0
324.38516774383027 229.2063987254179
0.25 0.25 0.25 0.25
44.9036176461035
45.0
17.846987856191234 294.9742033485337
2
47.90145424120532 294.9742033485337
0.25 0.25 0.25 0.25
30.054466385014088
45.0
271.99868609673797 361.2398149593595
1
271.99868609673797 389.47672753192705
0.25 0.25 0.25 0.25
28.2369125725676
45.0
146.77120791335244 27.93751255658865
1
146.77120791335244 64.31163817514224
0.25 0.25 0.25 0.25
36.374125618553585
45.0
97.2212515328647 458.709556660642
3
91.787312424493 458.709556660642
0.25 0.25 0.25 0.25
5.43393910837171
45.0
378.87502521853395 218.571048971672
1
378.87502521853395 232.9761093443896
0.25 0.25 0.25 0.25
14.405060372717598
45.0
444.8751251236086 478.8360429186025
2
474.6016360381044 478.8360429186025
0.25 0.25 0.25 0.25
29.72651091449579
45.0
150.46748657290132 375.3580866812004
1
150.46748657290132 416.8741058299879
0.25 0.25 0.25 0.25
41.5160191487875
45.0
424.1750137395818 440.3702442794979
1
424.1750137395818 469.3485935163578
0.25 0.25 0.25 0.25
28.978349236859902
45.0
386.863584522164 76.85110362241056
3
372.2853148988642 76.85110362241056
0.25 0.25 0.25 0.25
14.57826962329976
45.0
129.50204111207196 383.93968389799016
1
129.50204111207196 412.8245934198096
0.25 0.25 0.25 0.25
28.88490952181947
45.0
395.75877499028604 341.9289208233796
0
395.75877499028604 309.3232292764278
0.25 0.25 0.25 0.25
32.6056915469518
45.0
258.34126920554803 192.1194594753323
0
258.34126920554803 172.33295541649983
0.25 0.25 0.25 0.25
19.786504058832467
45.0
184.5821638854576 145.21848141645668
3
152.31558338271827 145.21848141645668
0.25 0.25 0.25 0.25
32.26658050273932
45.0
172.85981762883864 389.25664486903594
3
147.48803777004667 389.25664486903594
0.25 0.25 0.25 0.25
25.37177985879196
45.0
3.5311709274792094 462.34003616379755
2
50.797537874321364 462.34003616379755
0.25 0.25 0.25 0.25
47.266366946842155
45.0
492.7975265455003 498.6097598079269
0
492.7975265455003 484.8588283602777
0.25 0.25 0.25 0.25
16.531411831795428
45.0
136.2264202981287 141.24402752781606
3
107.47964505108531 141.24402752781606
0.25 0.25 0.25 0.25
28.746775247043377
45.0
309.55055252555405 211.53330365512932
3
278.52507344655805 211.53330365512932
0.25 0.25 0.25 0.25
31.025479078996
45.0
