83352
18.691252764115802 297.99858123327533
2
130.45438366317785 297.99858123327533
0.25 0.25 0.25 0.25
111.76313089906205
45.0
251.95411584820607 310.70266311153904
1
251.95411584820607 435.4915478474047
0.25 0.25 0.25 0.25
124.7888847358657
45.0
498.1639338534244 141.7877554333911
3
376.8668937870109 141.7877554333911
0.25 0.25 0.25 0.25
121.2970400664135
45.0
392.2367085902895 311.86371921445163
3
239.34138011097264 311.86371921445163
0.25 0.25 0.25 0.25
152.89532847931687
45.0
396.84768346775104 358.7774658604577
3
466.5729717758006 358.7774658604577
0.25 0.25 0.25 0.25
136.5793447564484
45.0
60.888318138143404 314.0549752928088
1
60.888318138143404 441.1963113897493
0.25 0.25 0.25 0.25
127.1413360969405
45.0
297.02795712819386 452.4457122952458
3
137.62824386464888 452.4457122952458
0.25 0.25 0.25 0.25
159.39971326354498
45.0
276.5436314627071 42.18273229542373
2
384.8773127133113 42.18273229542373
0.25 0.25 0.25 0.25
108.33368125060422
45.0
428.89495409783444 296.8394435321467
1
428.89495409783444 442.85908954652007
0.25 0.25 0.25 0.25
146.01964601437336
45.0
131.28747816787234 332.3731542957763
1
131.28747816787234 420.03548222308257
0.25 0.25 0.25 0.25
87.66232792730626
45.0
381.20325384312537 174.77402582929938
3
464.7699695389964 174.77402582929938
0.25 0.25 0.25 0.25
154.02677661787823
45.0
87.47600031005611 284.2003371495923
2
182.11227247203226 284.2003371495923
0.25 0.25 0.25 0.25
94.63627216197615
45.0
381.22853890188026 145.41095748817324
3
210.23241190892188 145.41095748817324
0.25 0.25 0.25 0.25
170.99612699295838
45.0
392.1489322923602 441.4897434148164
3
442.95236701035674 441.4897434148164
0.25 0.25 0.25 0.25
164.89870069728303
45.0
323.8788845607688 309.9402074074752
3
150.81452973307196 309.9402074074752
0.25 0.25 0.25 0.25
173.06435482769686
45.0
361.31199207377165 381.7302322831083
2
491.384652283287 381.7302322831083
0.25 0.25 0.25 0.25
130.07266020951536
45.0
87.42791955229977 418.7658825620874
2
0.8999780207350625 418.7658825620874
0.25 0.25 0.25 0.25
88.32789757303483
45.0
331.42604228595474 165.9918435362087
2
454.7547720363053 165.9918435362087
0.25 0.25 0.25 0.25
123.3287297503506
45.0
404.3299668086215 47.21416299221005
1
404.3299668086215 51.30633210140101
0.25 0.25 0.25 0.25
98.52049509361106
45.0
353.1857435093416 100.03985111475447
1
353.1857435093416 224.00658443251314
0.25 0.25 0.25 0.25
123.96673331775867
45.0
321.977437940496 229.10468092799613
2
418.927061704175 229.10468092799613
0.25 0.25 0.25 0.25
96.94962376367903
45.0
93.22431515922955 172.96643889990435
1
93.22431515922955 284.4357573150675
0.25 0.25 0.25 0.25
111.46931841516317
45.0
476.83282720247587 97.72764134549787
3
433.43455166526127 97.72764134549787
0.25 0.25 0.25 0.25
89.73262113226288
45.0
394.56689918478105 39.99376829309739
1
394.56689918478105 177.06338878811025
0.25 0.25 0.25 0.25
137.06962049501286
45.0
11.1816381946457 369.0406242954513
2
83.6238158655799 369.0406242954513
0.25 0.25 0.25 0.25
94.8054540602256
45.0
324.0981992711713 330.96176812607587
0
324.0981992711713 156.44229419955332
0.25 0.25 0.25 0.25
174.51947392652255
45.0
376.6551544350108 90.42506849930072
3
242.22482507083802 90.42506849930072
0.25 0.25 0.25 0.25
134.43032936417276
45.0
177.2805479626614 480.34389168775976
2
277.76434456909556 480.34389168775976
0.25 0.25 0.25 0.25
100.48379660643418
45.0
164.1250951366894 345.88678129812877
3
2.025098730164075 345.88678129812877
0.25 0.25 0.25 0.25
162.09999640652532
45.0
231.97823179100533 202.8845832604568
2
352.2599774628009 202.8845832604568
0.25 0.25 0.25 0.25
120.28174567179558
45.0
165.67947900112242 368.32498754628
3
70.71892481968524 368.32498754628
0.25 0.25 0.25 0.25
94.96055418143717
45.0
79.82746103447897 93.71535342018254
2
242.39992994903335 93.71535342018254
0.25 0.25 0.25 0.25
162.57246891455438
45.0
406.66217348399533 479.9690083536361
0
406.66217348399533 320.43238220177267
0.25 0.25 0.25 0.25
159.53662615186346
45.0
437.5410526496288 89.5046761906674
1
437.5410526496288 2.5190787327765634
0.25 0.25 0.25 0.25
92.02375492344396
45.0
301.69727603013297 428.5498898240278
3
188.6042314204252 428.5498898240278
0.25 0.25 0.25 0.25
113.09304460970775
45.0
4.265774358450244 305.1557567172596
0
4.265774358450244 165.74304075879638
0.25 0.25 0.25 0.25
139.4127159584632
45.0
245.94100695907946 311.2705324515123
3
152.33333348638405 311.2705324515123
0.25 0.25 0.25 0.25
93.6076734726954
45.0
376.52056392661143 423.37769740259773
0
376.52056392661143 471.9965630297912
0.25 0.25 0.25 0.25
104.62573956761102
45.0
140.20586391831188 44.77430952690786
2
228.85005676468404 44.77430952690786
0.25 0.25 0.25 0.25
88.64419284637218
45.0
123.05720555138052 283.4950562365799
1
123.05720555138052 441.70021855348443
0.25 0.25 0.25 0.25
158.20516231690456
45.0
393.3189206354088 451.1975285529968
3
219.9271774181525 451.1975285529968
0.25 0.25 0.25 0.25
173.3917432172563
45.0
225.45047327185375 399.4113031257259
0
225.45047327185375 435.9476121678907
0.25 0.25 0.25 0.25
164.64108470638337
45.0
175.02730296179342 491.8623045493176
0
175.02730296179342 380.42329565990804
0.25 0.25 0.25 0.25
127.71439979077437
45.0
90.5831536365124 292.2790610230969
2
209.88791953624673 292.2790610230969
0.25 0.25 0.25 0.25
119.30476589973432
45.0
2.494016243266941 163.3846953564512
2
99.05337155938776 163.3846953564512
0.25 0.25 0.25 0.25
101.5473878026547
45.0
352.7817008130887 126.44904626779305
1
352.7817008130887 13.284498127265238
0.25 0.25 0.25 0.25
139.7335443950583
45.0
481.86024672825977 329.83605676597085
3
412.6652067120759 329.83605676597085
0.25 0.25 0.25 0.25
105.47454655966426
45.0
186.67193438664015 60.31389451923246
3
75.42477434219916 60.31389451923246
0.25 0.25 0.25 0.25
111.24716004444099
45.0
