55672
199.02756956888595 268.2477345609643
0
199.02756956888595 219.90929359675113
0.25 0.25 0.25 0.25
48.33844096421318
45.0
116.94896132306158 118.92450700915492
3
99.50770934788909 118.92450700915492
0.25 0.25 0.25 0.25
17.441251975172488
45.0
20.60795104227753 51.91703913488156
1
20.60795104227753 83.392676813457
0.25 0.25 0.25 0.25
31.475637678575442
45.0
492.8184337042509 364.0352051430258
1
492.8184337042509 398.639234641392
0.25 0.25 0.25 0.25
34.60402949836626
45.0
255.51764558332104 217.0806495632409
0
255.51764558332104 180.42500834974533
0.25 0.25 0.25 0.25
36.65564121349557
45.0
257.4039191830738 310.2999824704837
0
257.4039191830738 307.55926472171797
0.25 0.25 0.25 0.25
2.740717748765731
45.0
161.45289711550868 302.4023653245492
2
177.17206552996743 302.4023653245492
0.25 0.25 0.25 0.25
15.719168414458757
45.0
462.0162121725162 384.5125504520358
1
462.0162121725162 395.6098805075553
0.25 0.25 0.25 0.25
11.09733005551956
45.0
410.69208392731434 350.9730335360372
1
410.69208392731434 393.57187842132646
0.25 0.25 0.25 0.25
42.59884488528931
45.0
282.10620475987264 113.02458563652945
2
305.0158249069155 113.02458563652945
0.25 0.25 0.25 0.25
22.90962014704288
45.0
3.828576963156493 2.2878816139252223
2
37.41947068882994 2.2878816139252223
0.25 0.25 0.25 0.25
33.590893725673446
45.0
461.0164347195067 40.910301318343855
1
461.0164347195067 54.85238236309425
0.25 0.25 0.25 0.25
13.942081044750394
45.0
44.91104413644605 141.57331004660358
0
44.91104413644605 128.9180397908746
0.25 0.25 0.25 0.25
12.655270255729
45.0
11.162791534842114 36.696252290163784
1
11.162791534842114 59.791453787192566
0.25 0.25 0.25 0.25
23.095201497028782
45.0
252.55438223275917 317.62447486027145
0
252.55438223275917 279.32005108009963
0.25 0.25 0.25 0.25
38.3044237801718
45.0
458.11704314571574 259.22695273296705
0
458.11704314571574 246.78373897211276
0.25 0.25 0.25 0.25
12.443213760854283
45.0
22.96032765363961 174.01946090921854
1
22.96032765363961 200.16346727671674
0.25 0.25 0.25 0.25
26.1440063674982
45.0
203.18531462578227 214.84860617361946
3
196.46445758198396 214.84860617361946
0.25 0.25 0.25 0.25
6.7208570437983175
45.0
61.58690670067193 282.79860002178145
3
53.94903820574558 282.79860002178145
0.25 0.25 0.25 0.25
7.637868494926348
45.0
353.8746671329199 109.7259205206674
3
345.4330809650858 109.7259205206674
0.25 0.25 0.25 0.25
8.441586167834103
45.0
440.66931130854596 32.99105283372886
1
440.66931130854596 52.306099206328405
0.25 0.25 0.25 0.25
19.315046372599546
45.0
277.6000818167093 48.3021636056261
3
261.67920413955915 48.3021636056261
0.25 0.25 0.25 0.25
15.920877677150152
45.0
451.4130728690104 302.30288530874395
0
451.4130728690104 262.7578143378712
0.25 0.25 0.25 0.25
39.54507097087273
45.0
73.19951761080469 389.4268201490149
3
64.83195217008112 389.4268201490149
0.25 0.25 0.25 0.25
8.367565440723562
45.0
261.8547913624096 296.31311410103365
1
261.8547913624096 316.07075401263455
0.25 0.25 0.25 0.25
19.757639911600926
45.0
169.07873198498766 481.7361172302383
0
169.07873198498766 437.35813662526874
0.25 0.25 0.25 0.25
44.37798060496954
45.0
489.619674084675 242.71078234702634
3
493.15356114715684 242.71078234702634
0.25 0.25 0.25 0.25
17.22676476816814
45.0
57.60332526637455 374.0687959902744
2
65.93655081364062 374.0687959902744
0.25 0.25 0.25 0.25
8.333225547266077
45.0
24.44874951725921 448.7888619676652
2
66.84295411009703 448.7888619676652
0.25 0.25 0.25 0.25
42.394204592837816
45.0
293.121172146411 289.40138921365974
1
293.121172146411 318.06658784099216
0.25 0.25 0.25 0.25
28.665198627332444
45.0
250.15919869256743 382.3726430581653
3
233.8395003065233 382.3726430581653
0.25 0.25 0.25 0.25
16.319698386044124
45.0
122.40292941417809 215.09576987166258
0
122.40292941417809 184.8383559853706
0.25 0.25 0.25 0.25
30.257413886291978
45.0
34.684840828695854 119.61842110604053
1
34.684840828695854 132.15307464569096
0.25 0.25 0.25 0.25
12.534653539650431
45.0
216.25682213839679 115.10927522400243
0
216.25682213839679 111.28374701972265
0.25 0.25 0.25 0.25
3.825528204279771
45.0
242.26853087591323 271.84033511863373
3
214.23805965538992 271.84033511863373
0.25 0.25 0.25 0.25
28.030471220523307
45.0
311.4027750927248 330.40977463218564
3
290.0237554513674 330.40977463218564
0.25 0.25 0.25 0.25
21.379019641357445
45.0
469.4557965122634 410.3810026743684
0
469.4557965122634 408.77345691787156
0.25 0.25 0.25 0.25
1.6075457564968532
45.0
392.7931655362139 104.71218923063614
3
368.0558798599087 104.71218923063614
0.25 0.25 0.25 0.25
24.737285676305216
45.0
329.306473747507 242.88430237141415
2
351.8074998992307 242.88430237141415
0.25 0.25 0.25 0.25
22.501026151723707
45.0
94.25499419778797 14.261843764337073
3
89.96801525807462 14.261843764337073
0.25 0.25 0.25 0.25
4.286978939713343
45.0
398.91835118781927 499.86905330385713
0
398.91835118781927 470.5615326023269
0.25 0.25 0.25 0.25
29.307520701530205
45.0
382.6396467662252 348.5595948023276
2
401.55529550506344 348.5595948023276
0.25 0.25 0.25 0.25
18.915648738838247
45.0
126.78048725309121 147.55074905431303
1
126.78048725309121 153.52203949232637
0.25 0.25 0.25 0.25
5.971290438013332
45.0
209.73182575585508 156.56764331653346
0
209.73182575585508 132.47296801257244
0.25 0.25 0.25 0.25
24.094675303961026
45.0
494.86759476281645 295.5899434181754
1
494.86759476281645 321.99377484392664
0.25 0.25 0.25 0.25
26.403831425751278
45.0
293.9247154700057 447.77473629626365
3
250.4781355708297 447.77473629626365
0.25 0.25 0.25 0.25
43.44657989917603
45.0
38.486288294406904 73.13001521462883
3
19.01180120932338 73.13001521462883
0.25 0.25 0.25 0.25
19.474487085083524
45.0
37.804293720859775 41.80365809390052
1
37.804293720859775 72.53905625332689
0.25 0.25 0.25 0.25
30.73539815942637
45.0
