55672
473.9509551056882 26.555529739898418
1
473.9509551056882 21.78291122431476
0.25 0.25 0.25 0.25
48.33844096421318
45.0
361.12648897547626 153.8070109594999
1
361.12648897547626 171.2482629346724
0.25 0.25 0.25 0.25
17.441251975172488
45.0
381.35493306478924 231.36369997229744
1
381.35493306478924 262.8393376508729
0.25 0.25 0.25 0.25
31.475637678575442
45.0
285.1942567140535 189.6292668308343
3
250.59022721568724 189.6292668308343
0.25 0.25 0.25 0.25
34.60402949836626
45.0
377.92594228172317 416.36293830180324
3
341.2703010682276 416.36293830180324
0.25 0.25 0.25 0.25
36.65564121349557
45.0
186.14525771516514 304.8185469729522
1
186.14525771516514 307.55926472171797
0.25 0.25 0.25 0.25
2.740717748765731
45.0
161.45289711550868 320.3375927284408
2
177.17206552996743 320.3375927284408
0.25 0.25 0.25 0.25
15.719168414458757
45.0
149.5772358842998 395.6098805075553
2
160.67456593981936 395.6098805075553
0.25 0.25 0.25 0.25
11.09733005551956
45.0
368.09323904202506 393.57187842132646
3
325.4943941567358 393.57187842132646
0.25 0.25 0.25 0.25
42.59884488528931
45.0
221.90543847507075 253.52933671615668
2
244.81505862211364 253.52933671615668
0.25 0.25 0.25 0.25
22.90962014704288
45.0
432.8530414705982 95.33375102074243
3
399.2621477449248 95.33375102074243
0.25 0.25 0.25 0.25
33.590893725673446
45.0
307.6535432272522 84.5684280844097
3
293.7114621825018 84.5684280844097
0.25 0.25 0.25 0.25
13.942081044750394
45.0
94.29692867657295 230.16020183670653
0
94.29692867657295 217.50493158097754
0.25 0.25 0.25 0.25
12.655270255729
45.0
312.1700294235607 129.0770582782789
0
312.1700294235607 105.98185678125013
0.25 0.25 0.25 0.25
23.095201497028782
45.0
207.09870312930258 214.552476346601
0
207.09870312930258 176.24805256642918
0.25 0.25 0.25 0.25
38.3044237801718
45.0
395.9009743414443 22.805891276735608
1
395.9009743414443 35.24910503758989
0.25 0.25 0.25 0.25
12.443213760854283
45.0
153.68035949113062 375.00467280824375
0
153.68035949113062 348.86066644074555
0.25 0.25 0.25 0.25
26.1440063674982
45.0
149.41845827539584 53.54803712245999
2
156.13931531919414 53.54803712245999
0.25 0.25 0.25 0.25
6.7208570437983175
45.0
61.58690670067193 298.07433701163416
1
61.58690670067193 305.7122055065605
0.25 0.25 0.25 0.25
7.637868494926348
45.0
168.15977144056995 25.31005884232637
2
176.60135760840404 25.31005884232637
0.25 0.25 0.25 0.25
8.441586167834103
45.0
440.66931130854596 82.89922540186842
1
440.66931130854596 102.21427177446796
0.25 0.25 0.25 0.25
19.315046372599546
45.0
38.786916659457106 382.64059482577915
3
22.866038982306954 382.64059482577915
0.25 0.25 0.25 0.25
15.920877677150152
45.0
440.0398471408289 25.430908186419344
2
479.58491811170165 25.430908186419344
0.25 0.25 0.25 0.25
39.54507097087273
45.0
257.28595730672293 489.83760543769785
3
248.91839186599938 489.83760543769785
0.25 0.25 0.25 0.25
8.367565440723562
45.0
261.8547913624096 98.73671498502438
0
261.8547913624096 78.97907507342345
0.25 0.25 0.25 0.25
19.757639911600926
45.0
206.63866676906804 30.106096115096875
2
251.01664737403757 30.106096115096875
0.25 0.25 0.25 0.25
44.37798060496954
45.0
303.65914869730716 70.44313466534487
2
320.8859134654753 70.44313466534487
0.25 0.25 0.25 0.25
17.22676476816814
45.0
107.60267854997103 442.6002419698721
1
107.60267854997103 450.9334675171382
0.25 0.25 0.25 0.25
8.333225547266077
45.0
424.42659077584926 0.08647832544328082
1
424.42659077584926 42.307726267394536
0.25 0.25 0.25 0.25
42.394204592837816
45.0
477.55723883492965 423.9466245130161
3
493.77756253773794 423.9466245130161
0.25 0.25 0.25 0.25
28.665198627332444
45.0
341.8483416563291 470.75007146743746
2
358.16804004237326 470.75007146743746
0.25 0.25 0.25 0.25
16.319698386044124
45.0
364.46224050451394 425.392325323342
3
334.20482661822194 425.392325323342
0.25 0.25 0.25 0.25
30.257413886291978
45.0
2.91911979025544 441.6687050061943
2
9.615533749394992 441.6687050061943
0.25 0.25 0.25 0.25
12.534653539650431
45.0
59.41016576292593 118.93480342828221
3
55.58463755864616 118.93480342828221
0.25 0.25 0.25 0.25
3.825528204279771
45.0
130.14664599382 496.08410488282004
3
102.11617477329668 496.08410488282004
0.25 0.25 0.25 0.25
28.030471220523307
45.0
33.47551975507804 6.8406164857335625
1
33.47551975507804 14.538403155623882
0.25 0.25 0.25 0.25
21.379019641357445
45.0
469.4557965122634 355.7244469534756
1
469.4557965122634 357.33199270997244
0.25 0.25 0.25 0.25
1.6075457564968532
45.0
3.003405284669462 104.71218923063614
2
21.733880391635754 104.71218923063614
0.25 0.25 0.25 0.25
24.737285676305216
45.0
75.71199698351957 62.87609315762457
1
75.71199698351957 85.37711930934827
0.25 0.25 0.25 0.25
22.501026151723707
45.0
89.96801525807462 58.61679821078975
2
94.25499419778797 58.61679821078975
0.25 0.25 0.25 0.25
4.286978939713343
45.0
343.84760593273165 86.28136072674707
3
314.54008523120143 86.28136072674707
0.25 0.25 0.25 0.25
29.307520701530205
45.0
231.31445685551932 272.89699984697467
2
250.23010559435758 272.89699984697467
0.25 0.25 0.25 0.25
18.915648738838247
45.0
94.15725895340202 177.40720124437973
3
88.1859685153887 177.40720124437973
0.25 0.25 0.25 0.25
5.971290438013332
45.0
402.4892281875433 252.94634453237757
2
426.5839034915043 252.94634453237757
0.25 0.25 0.25 0.25
24.094675303961026
45.0
230.8292805053038 295.5899434181754
2
257.2331119310551 295.5899434181754
0.25 0.25 0.25 0.25
26.403831425751278
45.0
358.50264533658617 421.15686168725676
1
358.50264533658617 464.6034415864328
0.25 0.25 0.25 0.25
43.44657989917603
45.0
435.70256040833794 469.4209155770396
1
435.70256040833794 488.8954026621231
0.25 0.25 0.25 0.25
19.474487085083524
45.0
146.60809523569844 287.68684336931153
2
177.34349339512482 287.68684336931153
0.25 0.25 0.25 0.25
30.73539815942637
45.0
