55672
183.92030932040905 56.77005023685223
2
232.25875028462224 56.77005023685223
0.25 0.25 0.25 0.25
48.33844096421318
45.0
221.59647317409653 334.5480443453297
2
239.03772514926902 334.5480443453297
0.25 0.25 0.25 0.25
17.441251975172488
45.0
265.1926467564671 51.91703913488156
2
296.66828443504255 51.91703913488156
0.25 0.25 0.25 0.25
31.475637678575442
45.0
476.09439225000403 87.2029691560958
3
441.4903627516378 87.2029691560958
0.25 0.25 0.25 0.25
34.60402949836626
45.0
74.38312533813914 280.09424475461265
1
74.38312533813914 316.74988596810823
0.25 0.25 0.25 0.25
36.65564121349557
45.0
328.6625806509832 293.85567597788923
3
325.92186290221747 293.85567597788923
0.25 0.25 0.25 0.25
2.740717748765731
45.0
492.7253977663988 176.64901800887918
1
492.7253977663988 192.36818642333793
0.25 0.25 0.25 0.25
15.719168414458757
45.0
428.7242220059576 360.2488582710149
3
417.62689195043805 360.2488582710149
0.25 0.25 0.25 0.25
11.09733005551956
45.0
376.31369164623925 263.6296341568617
3
333.71484676094997 263.6296341568617
0.25 0.25 0.25 0.25
42.59884488528931
45.0
374.2494930344845 230.6197165691138
2
397.15911318152735 230.6197165691138
0.25 0.25 0.25 0.25
22.90962014704288
45.0
466.4439351962716 464.83358200315024
3
432.85304147059816 464.83358200315024
0.25 0.25 0.25 0.25
33.590893725673446
45.0
14.869841287494 485.0589431601426
1
14.869841287494 499.001024204893
0.25 0.25 0.25 0.25
13.942081044750394
45.0
5.7100368864699504 394.67871516118373
1
5.7100368864699504 407.33398541691275
0.25 0.25 0.25 0.25
12.655270255729
45.0
27.35165740410808 194.255762680124
3
4.2564559070792995 194.255762680124
0.25 0.25 0.25 0.25
23.095201497028782
45.0
359.29769014220886 27.11533916127489
1
359.29769014220886 65.41976294144669
0.25 0.25 0.25 0.25
38.3044237801718
45.0
305.4618953980527 172.124456406987
1
305.4618953980527 184.5676701678413
0.25 0.25 0.25 0.25
12.443213760854283
45.0
401.87153226139986 383.1715118492042
2
428.01553862889807 383.1715118492042
0.25 0.25 0.25 0.25
26.1440063674982
45.0
149.41845827539584 120.75660756044316
0
149.41845827539584 114.03575051664484
0.25 0.25 0.25 0.25
6.7208570437983175
45.0
107.41411767023004 359.17728497104497
0
107.41411767023004 351.5394164761186
0.25 0.25 0.25 0.25
7.637868494926348
45.0
379.1994256364222 151.9338513598379
2
387.64101180425627 151.9338513598379
0.25 0.25 0.25 0.25
8.441586167834103
45.0
189.5737084647517 399.9769339131203
0
189.5737084647517 380.66188754052075
0.25 0.25 0.25 0.25
19.315046372599546
45.0
70.62867201375741 127.90655199137683
0
70.62867201375741 111.98567431422669
0.25 0.25 0.25 0.25
15.920877677150152
45.0
5.044066461228823 172.29444666794424
2
44.58913743210155 172.29444666794424
0.25 0.25 0.25 0.25
39.54507097087273
45.0
269.87066545886125 297.3836003010555
3
261.5031000181377 297.3836003010555
0.25 0.25 0.25 0.25
8.367565440723562
45.0
229.97914703085456 158.00963471982718
3
210.22150711925363 158.00963471982718
0.25 0.25 0.25 0.25
19.757639911600926
45.0
281.51911988559687 405.8234948691525
0
281.51911988559687 361.445514264183
0.25 0.25 0.25 0.25
44.37798060496954
45.0
92.55644097056016 259.9375471151945
2
109.7832057387283 259.9375471151945
0.25 0.25 0.25 0.25
17.22676476816814
45.0
74.2697763609067 174.07138285588874
0
74.2697763609067 165.73815730862268
0.25 0.25 0.25 0.25
8.333225547266077
45.0
16.976365380636267 67.41397728301149
0
16.976365380636267 25.019772690173674
0.25 0.25 0.25 0.25
42.394204592837816
45.0
477.55723883492965 60.07980019500019
3
448.89204020759723 60.07980019500019
0.25 0.25 0.25 0.25
28.665198627332444
45.0
386.3090383631537 25.619816592938008
0
386.3090383631537 9.300118206893885
0.25 0.25 0.25 0.25
16.319698386044124
45.0
363.2210345188581 32.04594480154621
0
363.2210345188581 1.7885309152542348
0.25 0.25 0.25 0.25
30.257413886291978
45.0
316.2854582815163 156.143956766269
0
316.2854582815163 143.60930322661858
0.25 0.25 0.25 0.25
12.534653539650431
45.0
139.74625805280124 7.994485504168769
0
139.74625805280124 4.168957299888998
0.25 0.25 0.25 0.25
3.825528204279771
45.0
223.33502359422852 148.6167331892159
2
251.36549481475183 148.6167331892159
0.25 0.25 0.25 0.25
28.030471220523307
45.0
116.17761773442408 199.25179325795057
1
116.17761773442408 220.630812899308
0.25 0.25 0.25 0.25
21.379019641357445
45.0
469.4557965122634 375.01499603143776
1
469.4557965122634 376.6225417879346
0.25 0.25 0.25 0.25
1.6075457564968532
45.0
293.84402283099314 451.034188698909
3
269.10673715468795 451.034188698909
0.25 0.25 0.25 0.25
24.737285676305216
45.0
14.292107623375244 187.92740074380941
0
14.292107623375244 165.42637459208572
0.25 0.25 0.25 0.25
22.501026151723707
45.0
137.12478359492147 48.55767528204382
1
137.12478359492147 52.84465422175716
0.25 0.25 0.25 0.25
4.286978939713343
45.0
47.22810276945678 144.89640212980748
1
47.22810276945678 174.20392283133768
0.25 0.25 0.25 0.25
29.307520701530205
45.0
439.3865929827399 216.1500536304599
1
439.3865929827399 235.06570236929815
0.25 0.25 0.25 0.25
18.915648738838247
45.0
84.98145418699792 85.3295780282069
2
90.95274462501125 85.3295780282069
0.25 0.25 0.25 0.25
5.971290438013332
45.0
199.87765441148235 421.60907166010475
3
175.78297910752133 421.60907166010475
0.25 0.25 0.25 0.25
24.094675303961026
45.0
75.75188612934434 189.97461771517033
3
49.348054703593064 189.97461771517033
0.25 0.25 0.25 0.25
26.403831425751278
45.0
468.43969738566136 99.47343478390393
3
424.99311748648535 99.47343478390393
0.25 0.25 0.25 0.25
43.44657989917603
45.0
195.20755672659539 238.46177814670756
0
195.20755672659539 218.98729106162403
0.25 0.25 0.25 0.25
19.474487085083524
45.0
189.2821648807062 148.2779918332501
0
189.2821648807062 117.54259367382373
0.25 0.25 0.25 0.25
30.73539815942637
45.0
