67911
21.002362730888137 252.4976176309758
0
21.002362730888137 98.02511953437457
0.25 0.25 0.25 0.25
154.47249809660124
45.0
376.5502121608422 134.42056930799018
3
477.67199066835497 134.42056930799018
0.25 0.25 0.25 0.25
145.7777971708028
45.0
3.471511906264851 248.34782332703486
1
3.471511906264851 363.75832792587954
0.25 0.25 0.25 0.25
115.41050459884467
45.0
466.49902918905786 244.6012779817803
3
340.37130517790644 244.6012779817803
0.25 0.25 0.25 0.25
126.12772401115141
45.0
315.981980755104 324.33828426700927
1
315.981980755104 482.0255039285478
0.25 0.25 0.25 0.25
157.68721966153853
45.0
325.4716733586456 232.8156070754259
1
325.4716733586456 325.41128991959647
0.25 0.25 0.25 0.25
92.59568284417057
45.0
212.28856695839167 74.77850084583585
1
212.28856695839167 75.3586039743264
0.25 0.25 0.25 0.25
150.13710482016225
45.0
411.3114697529736 432.1196820538165
0
411.3114697529736 292.13507593340535
0.25 0.25 0.25 0.25
139.98460612041114
45.0
217.3689665345851 220.29565122138254
0
217.3689665345851 111.62594571997289
0.25 0.25 0.25 0.25
108.66970550140965
45.0
67.06731555859153 354.52560615967514
0
67.06731555859153 470.7139621082025
0.25 0.25 0.25 0.25
174.76043173212236
45.0
57.21298930947734 102.36767127789909
2
190.05486392295646 102.36767127789909
0.25 0.25 0.25 0.25
132.84187461347912
45.0
369.38927087371576 390.12222887963776
3
469.3122548312389 390.12222887963776
0.25 0.25 0.25 0.25
161.2984742950454
45.0
389.7621711868409 270.6928241527503
1
389.7621711868409 420.40242936067193
0.25 0.25 0.25 0.25
149.70960520792167
45.0
402.1404870669478 358.30963309737865
3
492.2522432546241 358.30963309737865
0.25 0.25 0.25 0.25
105.60726967842814
45.0
105.58621527721692 173.7182795346114
2
241.8040258902718 173.7182795346114
0.25 0.25 0.25 0.25
136.21781061305487
45.0
138.82050791151437 138.98569446334022
1
138.82050791151437 257.5668788907105
0.25 0.25 0.25 0.25
118.58118442737025
45.0
375.4132622159674 324.6820460008845
0
375.4132622159674 156.16367294904583
0.25 0.25 0.25 0.25
168.51837305183867
45.0
0.6344735909104031 99.72324263536906
2
90.70456826951387 99.72324263536906
0.25 0.25 0.25 0.25
90.07009467860347
45.0
264.7664256544093 157.22756512431792
1
264.7664256544093 249.21468813552866
0.25 0.25 0.25 0.25
91.98712301121074
45.0
8.934688962211226 340.113480855572
0
8.934688962211226 169.07345322902228
0.25 0.25 0.25 0.25
171.04002762654972
45.0
133.21745416377433 13.166597497317753
2
304.9395569474625 13.166597497317753
0.25 0.25 0.25 0.25
171.72210278368817
45.0
106.08579999814796 431.062022148781
0
106.08579999814796 259.07936728221523
0.25 0.25 0.25 0.25
171.9826548665658
45.0
292.91288697431014 327.2990930291917
1
292.91288697431014 445.6334449647585
0.25 0.25 0.25 0.25
118.33435193556683
45.0
403.38063252072584 248.15782333203526
3
437.97484305167563 248.15782333203526
0.25 0.25 0.25 0.25
158.64452442759853
45.0
419.86520146405246 210.09164354549088
0
419.86520146405246 84.73443087223774
0.25 0.25 0.25 0.25
125.35721267325314
45.0
332.86505030653416 276.58955590674657
2
450.9129307996459 276.58955590674657
0.25 0.25 0.25 0.25
118.0478804931117
45.0
311.97676138978477 184.15176765790665
1
311.97676138978477 278.79561530413037
0.25 0.25 0.25 0.25
94.64384764622372
45.0
167.9216248679818 250.3935885447192
2
272.59835410501455 250.3935885447192
0.25 0.25 0.25 0.25
104.67672923703275
45.0
24.088574646430658 404.78252157599877
2
102.16755380960403 404.78252157599877
0.25 0.25 0.25 0.25
126.25612845603469
45.0
108.60415848694967 294.2698478592399
0
108.60415848694967 289.8985014098478
0.25 0.25 0.25 0.25
4.3713464493920995
45.0
128.50960863274474 62.51700400006289
2
178.21758025579868 62.51700400006289
0.25 0.25 0.25 0.25
49.70797162305393
45.0
262.41330598818763 129.76066369138886
1
262.41330598818763 132.45001073229787
0.25 0.25 0.25 0.25
2.6893470409090128
45.0
491.3003401726226 412.1984727924645
3
487.410067982312 412.1984727924645
0.25 0.25 0.25 0.25
3.8902721903106063
45.0
351.3251082991383 468.7722659893593
1
351.3251082991383 484.42172696988314
0.25 0.25 0.25 0.25
15.649460980523845
45.0
195.01232329343122 348.9658362411056
3
174.8832820131032 348.9658362411056
0.25 0.25 0.25 0.25
20.129041280327996
45.0
395.3347976329059 305.4564415966168
2
403.40652888664386 305.4564415966168
0.25 0.25 0.25 0.25
8.071731253737923
45.0
395.3293197107079 183.27502618384477
3
381.97807783502077 183.27502618384477
0.25 0.25 0.25 0.25
13.351241875687158
45.0
425.91301064972987 441.4382314331013
1
425.91301064972987 445.4694826410755
0.25 0.25 0.25 0.25
4.031251207974218
45.0
386.5684901888735 227.34298965366804
3
370.5094757634751 227.34298965366804
0.25 0.25 0.25 0.25
16.05901442539841
45.0
63.50052587353782 488.24765586736527
0
63.50052587353782 487.0754587172047
0.25 0.25 0.25 0.25
24.676885415430057
45.0
2.0810348444492774 280.88120350693566
2
19.7473907601412 280.88120350693566
0.25 0.25 0.25 0.25
21.82842560459048
45.0
178.58382186047731 83.6170349194727
0
178.58382186047731 77.74716028260161
0.25 0.25 0.25 0.25
5.869874636871087
45.0
58.824463441871615 150.1342862878716
2
62.19531836030744 150.1342862878716
0.25 0.25 0.25 0.25
3.3708549184358283
45.0
409.74602167277976 308.1990526677432
3
385.89023612593076 308.1990526677432
0.25 0.25 0.25 0.25
23.855785546849017
45.0
474.43224120148886 364.7922942179748
3
498.1425323115374 364.7922942179748
0.25 0.25 0.25 0.25
27.42522648697373
45.0
408.514883838565 403.03438668694054
1
408.514883838565 451.22407986210555
0.25 0.25 0.25 0.25
48.189693175165
45.0
184.1582889760922 38.893597727019646
3
147.51473821599998 38.893597727019646
0.25 0.25 0.25 0.25
36.64355076009222
45.0
281.07352443297674 489.11726580220875
3
273.1734180237242 489.11726580220875
0.25 0.25 0.25 0.25
7.900106409252566
45.0
