61902
49.99248796462996 371.63041663512945
143.19014868674358 371.63041663512945
0.05207959552587881 0.14914654915220096 0.367894614530938 0.4308792407909822
93.19766072211362
45.0
36.48117351684027 432.5939256031495
383.64813536032693 432.5939256031495
0.27991657554289395 0.1358227892665793 0.009562255917119811 0.574698379273407
152.83303815651334
45.0
96.48709678307131 253.11269049956132
96.48709678307131 161.71908947486213
0.5227873035697055 0.46905631662072067 0.002205161167471292 0.005951218642102558
91.3936010246992
45.0
356.9285121186651 17.52599013905945
356.9285121186651 41.416943131766374
0.17932874751207878 0.27274778558570417 0.240748590405989 0.3071748764962281
23.890952992706925
45.0
486.74245396940285 239.42980506578988
486.74245396940285 237.75080850710566
0.49323874035336446 0.12797428123496887 0.0910607101710529 0.2877262682406137
1.678996558684226
45.0
411.4938187436941 59.61525385638957
411.4938187436941 96.74122270186373
0.3587567727746787 0.3585991092250002 0.00387741362274225 0.2787667043775789
37.12596884547416
45.0
165.9995058697849 98.60950498882923
165.9995058697849 142.27333090995424
0.3587865730687989 0.2503105918139723 0.26198617798421886 0.12891665713300993
43.66382592112502
45.0
113.6328375205918 77.06568025800067
113.6328375205918 31.949828129298112
0.5273952792278284 0.3373329479242159 0.012625660333490746 0.12264611251446508
45.11585212870255
45.0
284.7292580889242 404.8144883171099
316.23012081285674 404.8144883171099
0.2552421252766665 0.0852077830687027 0.27007117633621885 0.3894789153184119
31.50086272393254
45.0
125.78276004365335 178.29784303979005
125.78276004365335 226.59871377630012
0.12434547818142216 0.32681678879769943 0.1363925439757266 0.41244518904515165
48.30087073651006
45.0
433.3570963635141 227.645398922612
482.4860250664272 227.645398922612
0.043433024140365664 0.16894454970066952 0.2477112215094379 0.5399112046495269
49.128928702913136
45.0
147.84728906041147 235.1739386094548
147.84728906041147 237.32493913907354
0.4206121948034702 0.28940458321064716 0.1870216234768342 0.10296159850904844
2.1510005296187296
45.0
120.80481243963197 46.57771502438089
120.80481243963197 88.01583473979053
0.3572838774547583 0.27445961175237316 0.014740156680566698 0.3535163541123017
41.43811971540964
45.0
70.86282340575245 384.76136888699136
70.86282340575245 405.5731865913007
0.20308669324249476 0.5531399051061723 0.23469717650357996 0.009076225147753114
20.811817704309345
45.0
57.78801010221733 240.4320517604167
57.78801010221733 287.29005478438364
0.4045599208717652 0.3262455949486419 0.116199434739192 0.1529950494404009
46.85800302396693
45.0
441.4131612142571 412.41380366466854
441.4131612142571 445.1778930852529
0.3123122708847113 0.32037357233953534 0.23588756849866788 0.13142658827708545
32.76408942058433
45.0
110.75761460449209 140.92238177358755
136.37813547356114 140.92238177358755
0.14837778696847448 0.2000142557450043 0.31186080180193343 0.3397471554845878
25.620520869069047
45.0
42.15136666843091 467.05738689182317
42.15136666843091 479.16478031710153
0.17000521058392 0.3279350544969883 0.16179596157669837 0.3402637733423933
12.107393425278362
45.0
429.0767234420831 256.5674877306068
429.0767234420831 269.7305993182681
0.23546970122144384 0.27442335498923887 0.2961950503216401 0.19391189346767707
13.163111587661291
45.0
49.09198193156942 206.89175876177785
49.09198193156942 226.09327533631426
0.17324522194389969 0.2756581277594421 0.23411201047159644 0.31698463982506186
19.201516574536413
45.0
200.74039890464644 449.7996792654938
200.74039890464644 464.5636339972048
0.07593556446385485 0.4607461749567349 0.22896791612114625 0.23435034445826405
14.763954731711031
45.0
448.43993808403724 155.28553446631247
448.43993808403724 176.77842503580013
0.018431093450126574 0.4662797959158461 0.40070706292828284 0.1145820477057444
21.492890569487642
45.0
433.3989047784021 480.8547716822278
446.3608634635805 480.8547716822278
0.11455251861770852 0.15038008241032716 0.4063868369512488 0.3286805620207155
12.96195868517841
45.0
161.5884901480058 478.64985767253484
199.3103159546704 478.64985767253484
0.10564911431063952 0.3022418282704939 0.1531054811151153 0.4390035763037513
37.72182580666457
45.0
149.1679310959871 392.57488095781946
149.1679310959871 390.11611215719137
0.5930655048134608 0.01148263912228199 0.04174499197958288 0.3537068640846743
2.458768800628097
45.0
36.13749060296596 192.3625171919428
83.72454186457054 192.3625171919428
0.04368940559300167 0.2391343763193943 0.3556458394725131 0.3615303786150909
47.58705126160458
45.0
60.694604424310334 216.2011961082409
101.19849346427304 216.2011961082409
0.39998463338196416 0.008506727138508367 0.5398046891618458 0.051703950317681616
40.50388903996271
45.0
169.44968479017206 350.4526015503411
169.44968479017206 391.6724945848353
0.2943282139155142 0.20100104664818957 0.2864650655726051 0.21820567386369116
41.21989303449419
45.0
80.14102235178906 417.0245478912046
80.14102235178906 434.7454398457145
0.40122047500149627 0.127487043207771 0.2868798977462735 0.18441258404445923
17.72089195450992
45.0
34.73606132210144 212.42809096359105
46.20330062942524 212.42809096359105
0.2577941904948771 0.15711878473824445 0.3689870159966546 0.21610000877022373
11.467239307323801
45.0
234.61553704690465 136.19230621510957
234.61553704690465 181.72192468069562
0.31858136362663897 0.25720955495781367 0.3278347190691721 0.09637436234637538
45.52961846558604
45.0
434.501255128324 461.91653975478886
472.3939280705214 461.91653975478886
0.30690196597248387 0.06697321974899548 0.3169159726044016 0.3092088416741191
37.89267294219741
45.0
293.3490093835646 336.9231822126384
293.3490093835646 379.6684894306865
0.3111211706438955 0.21076680063649228 0.16418493917897473 0.31392708954063747
42.745307218048126
45.0
154.80843691857132 493.5128417310994
202.41008983116072 493.5128417310994
0.3137776270544503 0.08435123650378754 0.3010801988469975 0.30079093759476466
47.60165291258941
45.0
201.24157444797785 264.94693197379434
207.52564683670641 264.94693197379434
0.024062338248112308 0.08396552574817623 0.5275511138226893 0.3644210221810222
6.284072388728551
45.0
430.91291075718675 103.93635019711715
430.91291075718675 117.74810145508543
0.269880118591496 0.48159476737084245 0.0976186435874348 0.15090647045022665
13.811751257968286
45.0
95.63612066561882 18.67459729245104
142.6476561121259 18.67459729245104
0.3057560822350518 0.08507839229171972 0.3234128432494185 0.28575268222380995
47.01153544650708
45.0
313.226022410562 410.01544106703886
313.226022410562 417.30450996321173
0.25207037835531165 0.3633708787351907 0.11844728633118701 0.26611145657831065
7.2890688961728785
45.0
76.74638359510351 461.0460366200905
89.60014168288247 461.0460366200905
0.2056129211706032 0.22028836799949422 0.3209660402292874 0.2531326706006151
12.853758087778955
45.0
438.3355704820001 440.5945532580581
452.0834451472629 440.5945532580581
0.27853838974239914 0.11340071788295783 0.2448587796751233 0.3632021126995198
13.747874665262833
45.0
154.63090869512104 339.9597915262478
186.13211339956615 339.9597915262478
0.28702550063953436 0.06766205932270193 0.22732845064949625 0.41798398938826753
31.5012047044451
45.0
349.89521806721734 125.75842828926113
375.91049558812966 125.75842828926113
0.1584543611321324 0.20806475915104447 0.1388368443454379 0.4946440353713853
26.015277520912296
45.0
204.1555123100793 151.12053604165706
247.49704869196947 151.12053604165706
0.14625670611276823 0.19839107557182847 0.31901414899787867 0.3363380693175246
43.34153638189017
45.0
245.15704993965636 280.85047381152486
245.15704993965636 290.17065075537397
0.015951765276429997 0.4277161736577079 0.34067635826721276 0.21565570279864923
9.32017694384909
45.0
399.49947554596145 441.3962300562654
399.49947554596145 483.3974596181285
0.30271171360785143 0.22988831949747507 0.17892108425858813 0.28847888263608534
42.00122956186313
45.0
478.48818768854346 146.2030022127337
491.17461256818433 146.2030022127337
0.27929985820694564 0.02184258727387404 0.2070157131069618 0.4918418414122185
12.686424879640896
45.0
281.35839183987935 463.70507448518225
281.35839183987935 477.00344524323555
0.3206391886973165 0.2584708128785948 0.30032730620764003 0.12056269221644854
13.298370758053279
45.0
269.13943442962716 2.9570788022043644
286.8376376148818 2.9570788022043644
0.13368709144600055 0.16476738426113915 0.5840946598838559 0.11745086440900444
17.698203185254663
45.0
