37892
252.7686014428568 382.7551833010666
0
252.7686014428568 243.99084073646836
0.25 0.25 0.25 0.25
138.76434256459825
45.0
308.8059801539108 113.1999257705607
0
308.8059801539108 19.18065202022362
0.25 0.25 0.25 0.25
94.01927375033708
45.0
308.7427982144575 491.5427630108985
0
308.7427982144575 358.2764577644929
0.25 0.25 0.25 0.25
133.26630524640566
45.0
454.4621092483096 484.04294531345295
3
364.6737589040318 484.04294531345295
0.25 0.25 0.25 0.25
89.78835034427783
45.0
250.9793176265385 295.0439828675947
0
250.9793176265385 121.16995313280279
0.25 0.25 0.25 0.25
173.87402973479192
45.0
499.5547698341464 84.16635369828481
3
389.2686359790158 84.16635369828481
0.25 0.25 0.25 0.25
110.28613385513057
45.0
429.8064888937349 87.66397342415911
1
429.8064888937349 212.99047372979777
0.25 0.25 0.25 0.25
125.32650030563866
45.0
326.25856449489595 125.59496742948997
3
233.8191725464073 125.59496742948997
0.25 0.25 0.25 0.25
92.43939194848869
45.0
292.31501022523855 354.37081797193036
2
424.83894872657265 354.37081797193036
0.25 0.25 0.25 0.25
132.5239385013341
45.0
198.1913408291134 52.826281804967095
3
86.95827690457264 52.826281804967095
0.25 0.25 0.25 0.25
111.23306392454074
45.0
414.8148834666679 474.47222374615467
3
421.92988132677965 474.47222374615467
0.25 0.25 0.25 0.25
163.2552352065524
45.0
238.80499261386916 284.5763496035441
0
238.80499261386916 134.88965409086222
0.25 0.25 0.25 0.25
149.68669551268187
45.0
259.8305598852601 241.44031660259157
0
259.8305598852601 114.13636152632331
0.25 0.25 0.25 0.25
127.30395507626825
45.0
46.096627661539856 406.37855885881766
0
46.096627661539856 468.6409177899591
0.25 0.25 0.25 0.25
124.98052335122327
45.0
154.1089543748243 352.2561445563242
2
317.99598746894037 352.2561445563242
0.25 0.25 0.25 0.25
163.88703309411608
45.0
308.3303574391692 65.99885406611202
1
308.3303574391692 71.70830844975188
0.25 0.25 0.25 0.25
137.7071625158639
45.0
345.3108991055635 438.86724274876826
0
345.3108991055635 392.3163289094134
0.25 0.25 0.25 0.25
168.8164283418183
45.0
341.9758667057347 329.23255717360735
0
341.9758667057347 224.66100653495906
0.25 0.25 0.25 0.25
104.57155063864829
45.0
434.30628843118916 292.0982719461235
1
434.30628843118916 458.35454714338584
0.25 0.25 0.25 0.25
166.25627519726237
45.0
366.0731311761236 448.09345503325017
0
366.0731311761236 336.3401674615116
0.25 0.25 0.25 0.25
111.75328757173855
45.0
306.7571199425847 428.95573498182955
2
461.86556878394435 428.95573498182955
0.25 0.25 0.25 0.25
155.10844884135963
45.0
197.28527630460508 183.6049325836342
0
197.28527630460508 28.089073652591424
0.25 0.25 0.25 0.25
155.51585893104277
45.0
99.03564201440952 56.91469548657608
2
252.17388941550212 56.91469548657608
0.25 0.25 0.25 0.25
153.1382474010926
45.0
87.9845889591806 175.84622724421766
0
87.9845889591806 86.05061690803564
0.25 0.25 0.25 0.25
89.79561033618202
45.0
481.2113772540396 386.0128561205622
0
481.2113772540396 489.37210256813995
0.25 0.25 0.25 0.25
124.61504131129787
45.0
430.877199754931 170.30826964766916
0
430.877199754931 38.51962875286091
0.25 0.25 0.25 0.25
131.78864089480825
45.0
411.09318883869526 162.79579465206928
1
411.09318883869526 262.45549418055884
0.25 0.25 0.25 0.25
99.65969952848958
45.0
25.092753538473488 111.27725206640925
0
25.092753538473488 22.726635497878675
0.25 0.25 0.25 0.25
88.55061656853057
45.0
193.95768201189355 120.03323735190453
1
193.95768201189355 226.29541250445772
0.25 0.25 0.25 0.25
106.26217515255318
45.0
105.07121011753705 458.28528664925466
3
92.68256691451106 458.28528664925466
0.25 0.25 0.25 0.25
12.388643203025996
45.0
121.60282437975944 243.8645692855377
2
149.35280804803904 243.8645692855377
0.25 0.25 0.25 0.25
27.749983668279597
45.0
176.16822940043818 35.01932770556799
2
199.40979179297233 35.01932770556799
0.25 0.25 0.25 0.25
23.241562392534163
45.0
271.11097100522113 69.8922560107994
0
271.11097100522113 22.493551929675732
0.25 0.25 0.25 0.25
47.39870408112367
45.0
59.90632810051885 22.824294366081695
1
59.90632810051885 9.05768274049473
0.25 0.25 0.25 0.25
31.881977106576425
45.0
223.36627676624744 282.3924565799061
1
223.36627676624744 293.1259791643943
0.25 0.25 0.25 0.25
10.733522584488265
45.0
298.7868214195205 110.42875103463751
2
332.59490287756284 110.42875103463751
0.25 0.25 0.25 0.25
33.808081458042345
45.0
235.79532619567718 391.0397483719123
0
235.79532619567718 343.84274759203026
0.25 0.25 0.25 0.25
47.19700077988202
45.0
429.4249500838174 72.49900092170887
2
471.253824140793 72.49900092170887
0.25 0.25 0.25 0.25
41.82887405697558
45.0
96.73345255040354 123.82370054722479
1
96.73345255040354 162.62782283683669
0.25 0.25 0.25 0.25
38.8041222896119
45.0
202.8378546186277 77.93838618658927
2
226.73461214989996 77.93838618658927
0.25 0.25 0.25 0.25
23.896757531272268
45.0
18.878783762382866 272.57993453364384
2
52.682213797545565 272.57993453364384
0.25 0.25 0.25 0.25
33.8034300351627
45.0
296.02923490476377 180.93641596664366
2
315.2568563514047 180.93641596664366
0.25 0.25 0.25 0.25
19.227621446640896
45.0
484.97152868931965 353.54769280456634
1
484.97152868931965 357.1969112443745
0.25 0.25 0.25 0.25
3.6492184398081715
45.0
499.98310158212405 434.96468454554093
3
485.7719834650334 434.96468454554093
0.25 0.25 0.25 0.25
14.244914952842574
45.0
468.55495565294217 490.19885934771304
0
468.55495565294217 493.9292843075706
0.25 0.25 0.25 0.25
15.871856344716367
45.0
301.8606698070148 208.41706254381086
2
329.5535257418069 208.41706254381086
0.25 0.25 0.25 0.25
27.692855934792092
45.0
173.7966327285726 320.6850280949862
2
220.92819370597667 320.6850280949862
0.25 0.25 0.25 0.25
47.13156097740406
45.0
129.75956809088342 6.669535907927724
2
137.29342731321566 6.669535907927724
0.25 0.25 0.25 0.25
7.533859222332229
45.0
