34881
436.50615384515436 247.43683710906953
3
318.9665894795237 247.43683710906953
0.25 0.25 0.25 0.25
117.53956436563067
45.0
210.72808822401598 61.0769607940386
3
102.2075762018249 61.0769607940386
0.25 0.25 0.25 0.25
108.52051202219107
45.0
143.2505672365118 15.164087636590665
1
143.2505672365118 105.26887036027262
0.25 0.25 0.25 0.25
90.10478272368195
45.0
169.07241093378784 111.44005949879474
1
169.07241093378784 31.932323600358302
0.25 0.25 0.25 0.25
143.37238309915304
45.0
230.2661429762676 143.09281951101968
0
230.2661429762676 18.875175858505997
0.25 0.25 0.25 0.25
124.21764365251369
45.0
197.22131609631123 382.9751042001054
2
360.1580520559114 382.9751042001054
0.25 0.25 0.25 0.25
162.93673595960018
45.0
311.5315559801488 195.03354518996946
3
160.6245423907942 195.03354518996946
0.25 0.25 0.25 0.25
150.90701358935462
45.0
240.4675050014739 247.01135835781201
1
240.4675050014739 398.5059864195657
0.25 0.25 0.25 0.25
151.4946280617537
45.0
171.6729528517377 355.886982225266
2
305.5740365953657 355.886982225266
0.25 0.25 0.25 0.25
133.90108374362802
45.0
11.067805536172841 415.91781960214917
2
151.9551766531605 415.91781960214917
0.25 0.25 0.25 0.25
163.02298218933333
45.0
326.42250771637805 464.45573579004974
2
473.8983510562416 464.45573579004974
0.25 0.25 0.25 0.25
147.47584333986356
45.0
118.15512651661012 382.37442700121824
2
274.1089670933244 382.37442700121824
0.25 0.25 0.25 0.25
155.95384057671427
45.0
64.12355922751419 386.1566349921602
1
64.12355922751419 495.7695861978175
0.25 0.25 0.25 0.25
109.61295120565728
45.0
206.4108090686393 32.23891858609329
3
34.07161899412097 32.23891858609329
0.25 0.25 0.25 0.25
172.33919007451834
45.0
106.34279737472724 431.2899868985703
2
21.972237874134834 431.2899868985703
0.25 0.25 0.25 0.25
128.31503524886207
45.0
344.03576770082975 356.475980148457
2
491.9446955789952 356.475980148457
0.25 0.25 0.25 0.25
147.90892787816546
45.0
136.0995910325496 43.99518802143615
1
136.0995910325496 93.31755360057946
0.25 0.25 0.25 0.25
137.3127416220156
45.0
22.048471483022723 430.90912981980114
0
22.048471483022723 467.35528038550876
0.25 0.25 0.25 0.25
101.73558979469014
45.0
79.51984491113942 287.23206138655223
2
61.20325613980111 287.23206138655223
0.25 0.25 0.25 0.25
140.72310105094053
45.0
499.81259373538654 157.99154879718947
3
362.2759955350425 157.99154879718947
0.25 0.25 0.25 0.25
137.91141072957095
45.0
72.35889882214965 371.7966378666207
2
47.079434503787 371.7966378666207
0.25 0.25 0.25 0.25
119.43833332593665
45.0
372.9875369932251 263.84642274780856
1
372.9875369932251 355.1484216959561
0.25 0.25 0.25 0.25
91.30199894814751
45.0
416.5319149576403 244.3201608814208
3
437.0951553301012 244.3201608814208
0.25 0.25 0.25 0.25
146.37292971225855
45.0
392.66995631567136 222.75466460575728
0
392.66995631567136 93.8816288569488
0.25 0.25 0.25 0.25
128.8730357488085
45.0
225.11998316801885 390.9078587883429
2
321.9291850226248 390.9078587883429
0.25 0.25 0.25 0.25
96.80920185460594
45.0
465.8154256308717 120.17020726563374
1
465.8154256308717 288.7304185509445
0.25 0.25 0.25 0.25
168.56021128531074
45.0
348.51919438012715 492.35568158133185
3
203.11856726381484 492.35568158133185
0.25 0.25 0.25 0.25
145.4006271163123
45.0
477.3413724016914 386.7531246218598
3
356.76592860871875 386.7531246218598
0.25 0.25 0.25 0.25
120.57544379297264
45.0
390.08846804512143 415.0520482000818
2
496.6614141424658 415.0520482000818
0.25 0.25 0.25 0.25
106.57294609734437
45.0
473.13203873235 451.42800447942716
3
320.80274363648346 451.42800447942716
0.25 0.25 0.25 0.25
152.3292950958665
45.0
153.19344394373934 405.8355805697872
0
153.19344394373934 274.46187568919754
0.25 0.25 0.25 0.25
131.37370488058968
45.0
16.130489449236507 285.34016279868905
1
16.130489449236507 458.518328555728
0.25 0.25 0.25 0.25
173.17816575703893
45.0
391.45782449352396 259.8397838124254
0
391.45782449352396 142.7961375289442
0.25 0.25 0.25 0.25
117.04364628348122
45.0
273.2378439742857 474.63780490798865
0
273.2378439742857 365.39616597996775
0.25 0.25 0.25 0.25
109.24163892802092
45.0
28.70789614002183 185.2465210776312
2
78.46812994325808 185.2465210776312
0.25 0.25 0.25 0.25
107.17602608327991
45.0
147.0184537267512 237.07592836369832
0
147.0184537267512 122.50701378566548
0.25 0.25 0.25 0.25
114.56891457803285
45.0
379.8682102731052 0.8637364751833729
1
379.8682102731052 154.6081428328257
0.25 0.25 0.25 0.25
155.47187930800908
45.0
103.17828272561742 430.7582475826705
3
6.489116091828947 430.7582475826705
0.25 0.25 0.25 0.25
96.68916663378847
45.0
316.2107564343525 447.81179566268656
3
212.88350312032583 447.81179566268656
0.25 0.25 0.25 0.25
103.32725331402666
45.0
465.63943001898394 116.30585587864024
1
465.63943001898394 274.28138732562286
0.25 0.25 0.25 0.25
157.97553144698261
45.0
249.8363383110883 386.0287695361437
0
249.8363383110883 445.21406150930125
0.25 0.25 0.25 0.25
168.75716895455503
45.0
120.74690869184474 418.9474753265272
0
120.74690869184474 322.6697066658537
0.25 0.25 0.25 0.25
96.27776866067347
45.0
257.9876791165609 266.89520025267836
3
123.78199084468508 266.89520025267836
0.25 0.25 0.25 0.25
134.20568827187583
45.0
474.31747927219544 70.781410948852
3
299.87178418183004 70.781410948852
0.25 0.25 0.25 0.25
174.4456950903654
45.0
254.95995263753184 349.75794875716144
0
254.95995263753184 487.27854623485234
0.25 0.25 0.25 0.25
162.96350500798619
45.0
471.2301912992481 461.7781175925966
0
471.2301912992481 324.8815898675176
0.25 0.25 0.25 0.25
136.89652772507898
45.0
236.82590614152667 255.01084554945982
1
236.82590614152667 413.3603779045038
0.25 0.25 0.25 0.25
158.349532355044
45.0
122.82156089882847 417.49621747167464
2
254.80233973556892 417.49621747167464
0.25 0.25 0.25 0.25
131.98077883674046
45.0
