3902
146.52362624722724 283.40655168691524
3
104.56975957392481 283.40655168691524
0.25 0.25 0.25 0.25
41.95386667330243
45.0
391.7532996490669 65.19271844383027
3
350.0616118507301 65.19271844383027
0.25 0.25 0.25 0.25
41.691687798336766
45.0
50.71154996872986 136.005856339518
1
50.71154996872986 158.41059089733832
0.25 0.25 0.25 0.25
22.404734557820312
45.0
141.8617274081506 436.5644778287472
2
168.44092513804247 436.5644778287472
0.25 0.25 0.25 0.25
26.579197729891874
45.0
452.480229152529 57.2665225278663
1
452.480229152529 71.40117655246657
0.25 0.25 0.25 0.25
14.134654024600268
45.0
70.12886781233637 99.56820958062815
1
70.12886781233637 106.64610775200605
0.25 0.25 0.25 0.25
7.0778981713779
45.0
51.58120936964734 1.5386071231431653
3
47.73838735510339 1.5386071231431653
0.25 0.25 0.25 0.25
3.842822014543945
45.0
76.00585136511077 158.53865814485923
3
34.13856327158765 158.53865814485923
0.25 0.25 0.25 0.25
41.86728809352312
45.0
137.96553766632337 44.8738899817823
2
143.34678776812595 44.8738899817823
0.25 0.25 0.25 0.25
5.381250101802587
45.0
25.071662191659755 73.17340633266988
2
41.62484612888662 73.17340633266988
0.25 0.25 0.25 0.25
16.553183937226862
45.0
346.54962754284094 97.6305565446919
2
392.25312088000123 97.6305565446919
0.25 0.25 0.25 0.25
45.7034933371603
45.0
488.2323357205504 381.36212839463224
2
498.0917918959591 381.36212839463224
0.25 0.25 0.25 0.25
9.85945617540867
45.0
370.65788985530577 417.7635017191494
1
370.65788985530577 435.2641830185858
0.25 0.25 0.25 0.25
17.500681299436383
45.0
207.76157829527818 417.78163444124834
1
207.76157829527818 435.1711175994395
0.25 0.25 0.25 0.25
17.389483158191183
45.0
140.59288041381285 411.21101143804106
1
140.59288041381285 453.73972873180287
0.25 0.25 0.25 0.25
42.528717293761815
45.0
482.55463577706917 127.24197052074163
0
482.55463577706917 116.48750127897225
0.25 0.25 0.25 0.25
10.754469241769387
45.0
247.50874674702777 467.20916929200416
2
250.06965815466373 467.20916929200416
0.25 0.25 0.25 0.25
2.5609114076359574
45.0
177.43964720710682 418.99707112483975
2
183.173898774542 418.99707112483975
0.25 0.25 0.25 0.25
5.734251567435189
45.0
114.68625289516203 221.21080101676438
1
114.68625289516203 252.98662945621797
0.25 0.25 0.25 0.25
31.775828439453583
45.0
251.1402488343648 83.33536110762753
0
251.1402488343648 58.22952433642564
0.25 0.25 0.25 0.25
25.10583677120189
45.0
456.9122288749094 335.45568682195074
3
422.8162411900624 335.45568682195074
0.25 0.25 0.25 0.25
34.095987684846975
45.0
258.95890601576093 454.5738040343036
0
258.95890601576093 428.46542957088195
0.25 0.25 0.25 0.25
26.10837446342162
45.0
448.6448535836852 117.32829093018552
3
400.3429538171413 117.32829093018552
0.25 0.25 0.25 0.25
48.301899766543926
45.0
106.04630683716582 226.83468087939843
1
106.04630683716582 233.86221674017406
0.25 0.25 0.25 0.25
7.027535860775624
45.0
186.1786974304307 213.5125499935778
1
186.1786974304307 229.68043197031682
0.25 0.25 0.25 0.25
16.167881976739025
45.0
348.240063494911 100.51682047468178
1
348.240063494911 137.3786360311684
0.25 0.25 0.25 0.25
36.86181555648663
45.0
352.7552642635064 21.665359368234768
3
312.21719080711114 21.665359368234768
0.25 0.25 0.25 0.25
40.53807345639523
45.0
295.480643033957 185.32309220595835
1
295.480643033957 232.0341696400593
0.25 0.25 0.25 0.25
46.71107743410096
45.0
95.616209352811 292.7538658330259
2
139.63459956676076 292.7538658330259
0.25 0.25 0.25 0.25
44.01839021394976
45.0
298.8126354445162 24.973423616035568
3
258.2412646814532 24.973423616035568
0.25 0.25 0.25 0.25
40.57137076306302
45.0
319.6950158414945 150.54993880006145
1
319.6950158414945 176.93224569894835
0.25 0.25 0.25 0.25
26.38230689888689
45.0
199.85553211354272 328.1083075746936
1
199.85553211354272 362.46398244498175
0.25 0.25 0.25 0.25
34.35567487028817
45.0
472.6184371916546 240.22364631359576
2
496.82106387863314 240.22364631359576
0.25 0.25 0.25 0.25
24.202626686978512
45.0
201.11570948598154 94.10041352963763
1
201.11570948598154 125.94135363451248
0.25 0.25 0.25 0.25
31.840940104874843
45.0
190.5912494084218 366.11765864112635
3
177.5599411546191 366.11765864112635
0.25 0.25 0.25 0.25
13.031308253802687
45.0
178.6931166746139 353.02953079040265
0
178.6931166746139 344.3228922434464
0.25 0.25 0.25 0.25
8.706638546956214
45.0
398.3988583582652 487.84630704906886
0
398.3988583582652 457.2772472965651
0.25 0.25 0.25 0.25
30.56905975250374
45.0
466.9719011015318 69.80946115525623
3
493.9123125135945 69.80946115525623
0.25 0.25 0.25 0.25
39.11578638487374
45.0
351.14478788476384 452.5977856455701
3
326.0423510171696 452.5977856455701
0.25 0.25 0.25 0.25
25.102436867594253
45.0
173.6119468867198 99.7762438721005
2
215.08523328165757 99.7762438721005
0.25 0.25 0.25 0.25
41.47328639493777
45.0
283.7857153552196 96.34994294462507
3
240.9930761501425 96.34994294462507
0.25 0.25 0.25 0.25
42.792639205077116
45.0
361.61280410175266 343.7709143778947
3
349.87265141717575 343.7709143778947
0.25 0.25 0.25 0.25
11.740152684576888
45.0
239.7147157354753 303.4276084532681
1
239.7147157354753 326.7343606140364
0.25 0.25 0.25 0.25
23.306752160768333
45.0
87.40397885203893 79.6038922428618
1
87.40397885203893 107.01480086941314
0.25 0.25 0.25 0.25
27.410908626551333
45.0
487.3819045636235 402.065947635004
1
487.3819045636235 408.94835415826196
0.25 0.25 0.25 0.25
6.882406523257928
45.0
191.63683238714057 477.558472651471
1
191.63683238714057 493.60834465987364
0.25 0.25 0.25 0.25
16.049872008402616
45.0
148.67427345854176 356.41837007522906
0
148.67427345854176 311.29233730150065
0.25 0.25 0.25 0.25
45.12603277372843
45.0
165.76549198620012 463.59889958138325
2
177.9904418018584 463.59889958138325
0.25 0.25 0.25 0.25
12.224949815658276
45.0
