3902
147.15344046588976 241.45268501361284
2
189.1073071391922 241.45268501361284
0.25 0.25 0.25 0.25
41.95386667330243
45.0
58.219797262372715 435.10753513621097
3
16.52810946403595 435.10753513621097
0.25 0.25 0.25 0.25
41.691687798336766
45.0
16.502653704731067 158.41059089733832
2
5.902080853089245 158.41059089733832
0.25 0.25 0.25 0.25
22.404734557820312
45.0
221.5993205978262 197.35169825972048
3
195.02012286793433 197.35169825972048
0.25 0.25 0.25 0.25
26.579197729891874
45.0
325.2683429311267 13.406747595135043
1
325.2683429311267 0.7279064294652251
0.25 0.25 0.25 0.25
14.134654024600268
45.0
41.81727512682478 85.41241323787236
0
41.81727512682478 78.33451506649446
0.25 0.25 0.25 0.25
7.0778981713779
45.0
51.58120936964734 29.203968993208395
2
55.42403138419129 29.203968993208395
0.25 0.25 0.25 0.25
3.842822014543945
45.0
364.26195377521753 451.60967479952114
1
364.26195377521753 493.4769628930443
0.25 0.25 0.25 0.25
41.86728809352312
45.0
105.67803705550783 12.586389370966776
0
105.67803705550783 7.205139269164189
0.25 0.25 0.25 0.25
5.381250101802587
45.0
58.17803006611348 6.960670583762436
3
41.62484612888662 6.960670583762436
0.25 0.25 0.25 0.25
16.553183937226862
45.0
392.25312088000123 234.7410365561728
2
437.95661421716153 234.7410365561728
0.25 0.25 0.25 0.25
45.7034933371603
45.0
468.513423369733 381.36212839463224
1
468.513423369733 391.22158457004093
0.25 0.25 0.25 0.25
9.85945617540867
45.0
388.15857115474216 470.2655456174586
1
388.15857115474216 487.766226916895
0.25 0.25 0.25 0.25
17.500681299436383
45.0
0.9122196030160126 278.6657691757189
2
16.47726355517517 278.6657691757189
0.25 0.25 0.25 0.25
17.389483158191183
45.0
310.7077495888601 156.03870767547016
2
353.2364668826219 156.03870767547016
0.25 0.25 0.25 0.25
42.528717293761815
45.0
471.80016653529975 73.4696243118947
0
471.80016653529975 62.71515507012532
0.25 0.25 0.25 0.25
10.754469241769387
45.0
242.38692393175586 462.08734647673225
2
244.94783533939182 462.08734647673225
0.25 0.25 0.25 0.25
2.5609114076359574
45.0
165.97114407223643 373.1230585853582
0
165.97114407223643 367.388807017923
0.25 0.25 0.25 0.25
5.734251567435189
45.0
400.66870885024423 125.8833156984036
3
368.89288041079067 125.8833156984036
0.25 0.25 0.25 0.25
31.775828439453583
45.0
125.61106497835533 92.40549629078566
0
125.61106497835533 67.29965951958377
0.25 0.25 0.25 0.25
25.10583677120189
45.0
286.43229045067443 28.591797658327877
1
286.43229045067443 62.68778534317485
0.25 0.25 0.25 0.25
34.095987684846975
45.0
363.39240386944743 440.9926981120099
2
389.50077833286906 440.9926981120099
0.25 0.25 0.25 0.25
26.10837446342162
45.0
110.53155521787778 392.79979443202683
1
110.53155521787778 441.1016941985707
0.25 0.25 0.25 0.25
48.301899766543926
45.0
35.77094822940956 297.1100394871547
1
35.77094822940956 304.13757534793035
0.25 0.25 0.25 0.25
7.027535860775624
45.0
105.33928754673563 326.6877238307509
3
89.17140556999661 326.6877238307509
0.25 0.25 0.25 0.25
16.167881976739025
45.0
421.9636946078843 46.93044175126475
1
421.9636946078843 83.79225730775138
0.25 0.25 0.25 0.25
36.86181555648663
45.0
150.06489698153018 143.27957973742048
1
150.06489698153018 183.81765319381572
0.25 0.25 0.25 0.25
40.53807345639523
45.0
388.9027979021589 185.32309220595835
2
435.61387533625987 185.32309220595835
0.25 0.25 0.25 0.25
46.71107743410096
45.0
288.1263276518922 59.39325587857222
0
288.1263276518922 15.374865664622462
0.25 0.25 0.25 0.25
44.01839021394976
45.0
339.38400620757926 308.9730189574767
1
339.38400620757926 349.54438972053975
0.25 0.25 0.25 0.25
40.57137076306302
45.0
161.40117444817315 256.07916639560904
1
161.40117444817315 282.46147329449593
0.25 0.25 0.25 0.25
26.38230689888689
45.0
349.835265811068 190.6856080935409
1
349.835265811068 225.04128296382908
0.25 0.25 0.25 0.25
34.35567487028817
45.0
327.4026770697834 337.0341530615098
3
303.2000503828049 337.0341530615098
0.25 0.25 0.25 0.25
24.202626686978512
45.0
169.2747693811067 383.51368804348505
0
169.2747693811067 351.6727479386102
0.25 0.25 0.25 0.25
31.840940104874843
45.0
359.9982567078568 327.02373387971824
1
359.9982567078568 340.05504213352094
0.25 0.25 0.25 0.25
13.031308253802687
45.0
248.3462250502636 457.50919335387755
0
248.3462250502636 448.8025548069213
0.25 0.25 0.25 0.25
8.706638546956214
45.0
490.1060376157764 298.17027468340495
0
490.1060376157764 267.6012149309012
0.25 0.25 0.25 0.25
30.56905975250374
45.0
271.39296917716314 204.00104353885996
2
310.50875556203687 204.00104353885996
0.25 0.25 0.25 0.25
39.11578638487374
45.0
401.3496616199523 352.1880381751932
1
401.3496616199523 377.2904750427874
0.25 0.25 0.25 0.25
25.102436867594253
45.0
7.7188013069687145 187.3639431834697
2
33.75448508796906 187.3639431834697
0.25 0.25 0.25 0.25
41.47328639493777
45.0
58.55539828539727 326.08243725323683
1
58.55539828539727 368.87507645831397
0.25 0.25 0.25 0.25
42.792639205077116
45.0
385.0931094709065 249.84969290127944
2
396.8332621554834 249.84969290127944
0.25 0.25 0.25 0.25
11.740152684576888
45.0
379.55522870008525 303.4276084532681
2
402.8619808608536 303.4276084532681
0.25 0.25 0.25 0.25
23.306752160768333
45.0
334.10215649100087 57.45065088989486
1
334.10215649100087 84.86155951644619
0.25 0.25 0.25 0.25
27.410908626551333
45.0
494.26431108688143 491.53723243735726
3
487.3819045636235 491.53723243735726
0.25 0.25 0.25 0.25
6.882406523257928
45.0
368.1854244795695 474.2919113233211
3
352.1355524711669 474.2919113233211
0.25 0.25 0.25 0.25
16.049872008402616
45.0
419.4304701009123 463.0774988298573
2
464.5565028746407 463.0774988298573
0.25 0.25 0.25 0.25
45.12603277372843
45.0
202.44034143317495 450.826451709009
0
202.44034143317495 438.60150189335076
0.25 0.25 0.25 0.25
12.224949815658276
45.0
