16349
417.7374911120228 494.1933486850715
0
417.7374911120228 360.18264985818735
0.25 0.25 0.25 0.25
134.01069882688415
45.0
103.99189610428797 307.2795069323415
2
277.47326804191664 307.2795069323415
0.25 0.25 0.25 0.25
173.48137193762867
45.0
389.0553119455527 457.863767861435
3
300.6085201854586 457.863767861435
0.25 0.25 0.25 0.25
88.44679176009416
45.0
102.27852321387145 13.971158572760118
1
102.27852321387145 124.3950257644769
0.25 0.25 0.25 0.25
110.42386719171678
45.0
405.26459559667853 380.5755183793608
3
253.67956919526117 380.5755183793608
0.25 0.25 0.25 0.25
151.58502640141737
45.0
344.46592535590554 52.36340055119341
3
236.27888772153096 52.36340055119341
0.25 0.25 0.25 0.25
108.18703763437459
45.0
5.420756926872855 177.65801329906162
2
152.31848137213035 177.65801329906162
0.25 0.25 0.25 0.25
146.8977244452575
45.0
434.36769963420704 50.232810173999326
3
286.7127315194797 50.232810173999326
0.25 0.25 0.25 0.25
147.65496811472732
45.0
286.46944733387926 329.7631968735903
2
433.6237648643091 329.7631968735903
0.25 0.25 0.25 0.25
147.15431753042986
45.0
165.16338555720503 227.2805915437011
1
165.16338555720503 371.4215014024106
0.25 0.25 0.25 0.25
144.14090985870953
45.0
121.35864079267245 180.65004648293294
2
39.96964761173223 180.65004648293294
0.25 0.25 0.25 0.25
161.32828840440467
45.0
383.6204437675982 117.73259582417936
3
469.52546702714847 117.73259582417936
0.25 0.25 0.25 0.25
146.85408920525336
45.0
350.4514096232482 229.7174075102389
3
179.53079944682236 229.7174075102389
0.25 0.25 0.25 0.25
170.92061017642584
45.0
205.00371186674775 314.7889874916657
1
205.00371186674775 443.3143177957767
0.25 0.25 0.25 0.25
128.52533030411095
45.0
338.4647245713029 269.4412465588971
2
478.69355155684195 269.4412465588971
0.25 0.25 0.25 0.25
140.22882698553906
45.0
200.04372823491042 303.4505280388737
3
42.87255306545285 303.4505280388737
0.25 0.25 0.25 0.25
157.17117516945757
45.0
257.33152064015434 136.95247698079152
2
384.0822377325976 136.95247698079152
0.25 0.25 0.25 0.25
126.75071709244325
45.0
142.610793579777 19.90635307704281
1
142.610793579777 114.05932350406374
0.25 0.25 0.25 0.25
94.15297042702093
45.0
110.04535385738711 378.2638534340714
2
198.4261476112257 378.2638534340714
0.25 0.25 0.25 0.25
88.38079375383859
45.0
497.16794614028765 49.887291981785154
1
497.16794614028765 115.82851610665759
0.25 0.25 0.25 0.25
165.71580808844274
45.0
48.98396498123287 208.28461258771534
2
216.46609679216 208.28461258771534
0.25 0.25 0.25 0.25
167.48213181092711
45.0
329.6984419964084 117.51767773126373
0
329.6984419964084 11.143968185332284
0.25 0.25 0.25 0.25
106.37370954593145
45.0
485.4803375909139 396.3331484783307
1
485.4803375909139 484.79945781911374
0.25 0.25 0.25 0.25
88.46630934078303
45.0
165.87036903510727 76.56534151516229
2
264.25410405540225 76.56534151516229
0.25 0.25 0.25 0.25
98.38373502029498
45.0
498.78735154567255 210.11516717652162
1
498.78735154567255 340.73854473452343
0.25 0.25 0.25 0.25
130.6233775580018
45.0
63.70681253212189 7.558731583569113
1
63.70681253212189 168.71548376149124
0.25 0.25 0.25 0.25
161.15675217792213
45.0
461.07814250525826 213.96439525200864
3
351.2687991110505 213.96439525200864
0.25 0.25 0.25 0.25
109.80934339420779
45.0
95.19068780632597 61.349244892795355
1
95.19068780632597 162.25686535546413
0.25 0.25 0.25 0.25
100.90762046266877
45.0
113.08374817208346 400.5472191965067
1
113.08374817208346 488.66277505352576
0.25 0.25 0.25 0.25
88.11555585701905
45.0
186.69463875860538 189.57589239897595
2
311.90376693440214 189.57589239897595
0.25 0.25 0.25 0.25
125.20912817579678
45.0
211.8484186607261 87.56887715395659
3
115.24688657801222 87.56887715395659
0.25 0.25 0.25 0.25
96.60153208271389
45.0
183.65453788258841 160.9838974666711
2
327.09298983989265 160.9838974666711
0.25 0.25 0.25 0.25
143.43845195730424
45.0
430.34781763446404 122.27542541310396
3
257.0082067086776 122.27542541310396
0.25 0.25 0.25 0.25
173.33961092578642
45.0
111.67494760070991 179.43234562364808
0
111.67494760070991 70.53208626059615
0.25 0.25 0.25 0.25
108.90025936305193
45.0
64.84824886623392 171.71935412031132
1
64.84824886623392 259.68343403384256
0.25 0.25 0.25 0.25
87.96407991353124
45.0
181.3966279641539 139.13342197816812
1
181.3966279641539 286.4528580333814
0.25 0.25 0.25 0.25
147.3194360552133
45.0
283.9899430484236 250.64197539766943
3
187.21870572920253 250.64197539766943
0.25 0.25 0.25 0.25
96.77123731922106
45.0
98.22114969078984 280.4048538981558
2
73.3913300264669 280.4048538981558
0.25 0.25 0.25 0.25
171.61247971725675
45.0
418.51543868853344 85.12423335365264
1
418.51543868853344 57.8621663961861
0.25 0.25 0.25 0.25
142.98639974983874
45.0
176.24820929760554 349.8865278682491
1
176.24820929760554 494.57600962524293
0.25 0.25 0.25 0.25
144.68948175699379
45.0
2.007767392354026 423.1591663669692
2
151.99148432255447 423.1591663669692
0.25 0.25 0.25 0.25
153.9992517149085
45.0
190.73950337772243 383.1920646882254
3
77.65592067436356 383.1920646882254
0.25 0.25 0.25 0.25
113.08358270335886
45.0
57.15329104576679 171.18853875087328
2
78.64555025113276 171.18853875087328
0.25 0.25 0.25 0.25
135.79884129689955
45.0
84.30101000311129 218.45714074201328
0
84.30101000311129 109.70288466022544
0.25 0.25 0.25 0.25
108.75425608178784
45.0
97.01634653209086 248.83851598379587
2
266.83101170157465 248.83851598379587
0.25 0.25 0.25 0.25
169.8146651694838
45.0
165.89509153849679 270.0077932623436
3
68.46423928198254 270.0077932623436
0.25 0.25 0.25 0.25
97.43085225651424
45.0
130.39569758333914 130.38798555318044
2
0.846264603220277 130.38798555318044
0.25 0.25 0.25 0.25
131.24196218655942
45.0
99.25474242054094 332.24945983231873
0
99.25474242054094 229.962714078047
0.25 0.25 0.25 0.25
102.28674575427175
45.0
