29405
141.27418982558842 134.8719676088349
1
141.27418982558842 150.3695759327846
0.25 0.25 0.25 0.25
15.49760832394973
45.0
393.8306688103468 43.3421551094268
2
424.6329183671566 43.3421551094268
0.25 0.25 0.25 0.25
30.80224955680976
45.0
297.66971527442917 368.2487326860162
3
287.1537285145801 368.2487326860162
0.25 0.25 0.25 0.25
10.515986759849067
45.0
376.7940931395036 31.588100826299808
2
419.27920254358537 31.588100826299808
0.25 0.25 0.25 0.25
42.485109404081726
45.0
223.7417263185986 92.53744191988446
0
223.7417263185986 43.227288590878516
0.25 0.25 0.25 0.25
49.31015332900594
45.0
226.04540293380592 410.5753611837078
0
226.04540293380592 380.51919299319644
0.25 0.25 0.25 0.25
30.056168190511347
45.0
329.5499640955894 271.6987292411164
1
329.5499640955894 276.4291853740589
0.25 0.25 0.25 0.25
4.730456132942484
45.0
406.56513550291004 469.92022245957963
3
388.4294505793343 469.92022245957963
0.25 0.25 0.25 0.25
18.135684923575727
45.0
163.56292251552603 46.75287453516157
2
205.78505467177587 46.75287453516157
0.25 0.25 0.25 0.25
42.22213215624984
45.0
240.84561302158122 246.8386110624526
3
220.38605631656964 246.8386110624526
0.25 0.25 0.25 0.25
20.45955670501157
45.0
396.1471910179723 187.44073191528776
2
431.0540053520366 187.44073191528776
0.25 0.25 0.25 0.25
34.906814334064265
45.0
294.77579517546593 491.03001796213573
0
294.77579517546593 477.5101304663149
0.25 0.25 0.25 0.25
13.519887495820843
45.0
388.4904215687945 109.46154103832137
1
388.4904215687945 126.70107240189523
0.25 0.25 0.25 0.25
17.239531363573867
45.0
457.9707864269865 263.2870091051437
1
457.9707864269865 287.39019487711846
0.25 0.25 0.25 0.25
24.10318577197476
45.0
211.98931163149436 241.41668529098072
1
211.98931163149436 258.6176007477511
0.25 0.25 0.25 0.25
17.20091545677039
45.0
353.5635625643334 128.5306380499006
2
397.14840644279985 128.5306380499006
0.25 0.25 0.25 0.25
43.58484387846648
45.0
98.94107232665276 112.94684732999842
0
98.94107232665276 88.06190337312776
0.25 0.25 0.25 0.25
24.884943956870657
45.0
479.2342578564592 467.43609783014506
0
479.2342578564592 452.8165022267117
0.25 0.25 0.25 0.25
14.61959560343334
45.0
345.07068782883687 369.45067121549584
1
345.07068782883687 372.61265947761774
0.25 0.25 0.25 0.25
3.161988262121879
45.0
486.8866878710203 279.05522924468664
3
482.4271140322271 279.05522924468664
0.25 0.25 0.25 0.25
30.686198096752644
45.0
151.2481618360375 392.5324216408556
1
151.2481618360375 403.30100245931084
0.25 0.25 0.25 0.25
10.768580818455225
45.0
287.06821615169235 429.67188044224605
2
300.6508421711568 429.67188044224605
0.25 0.25 0.25 0.25
13.582626019464428
45.0
499.81152826242743 349.9873128809752
3
482.44154031573447 349.9873128809752
0.25 0.25 0.25 0.25
17.369987946692966
45.0
319.40617533530167 68.56820433520444
1
319.40617533530167 97.55244272147016
0.25 0.25 0.25 0.25
28.98423838626572
45.0
145.26783762489094 279.6454121633868
3
138.10855116819891 279.6454121633868
0.25 0.25 0.25 0.25
7.1592864566920325
45.0
135.46960760927362 27.345906456459296
1
135.46960760927362 44.075700667512976
0.25 0.25 0.25 0.25
16.72979421105368
45.0
155.40306039110288 9.27966860717919
2
185.59326412338987 9.27966860717919
0.25 0.25 0.25 0.25
30.190203732286975
45.0
210.9992581242176 341.2443482475392
0
210.9992581242176 327.2220812414397
0.25 0.25 0.25 0.25
14.022267006099536
45.0
448.5100795400857 344.1868828666811
2
498.25321474366666 344.1868828666811
0.25 0.25 0.25 0.25
49.74313520358096
45.0
490.70079324740254 228.45010445051832
0
490.70079324740254 190.60660755725576
0.25 0.25 0.25 0.25
37.843496893262554
45.0
308.777598887562 400.86104996868187
3
267.23711746514067 400.86104996868187
0.25 0.25 0.25 0.25
41.54048142242136
45.0
235.59641782363892 379.023253175808
0
235.59641782363892 371.57876239007044
0.25 0.25 0.25 0.25
7.4444907857375675
45.0
150.93502181681532 103.00040099347821
2
189.13664361724756 103.00040099347821
0.25 0.25 0.25 0.25
38.20162180043222
45.0
447.99192424635885 46.208252378825684
2
495.0470875475033 46.208252378825684
0.25 0.25 0.25 0.25
47.055163301144425
45.0
151.54600998888586 440.735399122006
2
198.4525035214403 440.735399122006
0.25 0.25 0.25 0.25
46.906493532554435
45.0
317.39499848543267 404.5236213282553
3
294.71158172686984 404.5236213282553
0.25 0.25 0.25 0.25
22.683416758562846
45.0
355.6467663624501 151.9563687407536
3
328.2352472921175 151.9563687407536
0.25 0.25 0.25 0.25
27.41151907033259
45.0
70.37945217352765 362.376785106508
2
108.22094915459164 362.376785106508
0.25 0.25 0.25 0.25
37.84149698106398
45.0
3.398544004989425 484.80106040185706
2
18.585718779854812 484.80106040185706
0.25 0.25 0.25 0.25
15.187174774865387
45.0
221.41970636874888 280.9329230889337
2
228.76864481848725 280.9329230889337
0.25 0.25 0.25 0.25
7.348938449738368
45.0
376.2106099403128 493.6893407677118
2
405.40944039811853 493.6893407677118
0.25 0.25 0.25 0.25
29.198830457805723
45.0
361.5994344278355 126.95009516846622
2
392.58022484033893 126.95009516846622
0.25 0.25 0.25 0.25
30.980790412503463
45.0
129.14017689617145 21.09985998726573
3
99.07302713385997 21.09985998726573
0.25 0.25 0.25 0.25
30.067149762311494
45.0
255.17245155895117 345.5324118619346
2
279.4446003362744 345.5324118619346
0.25 0.25 0.25 0.25
24.272148777323217
45.0
426.34274700185335 220.97775091238947
1
426.34274700185335 223.96027547537668
0.25 0.25 0.25 0.25
2.9825245629872157
45.0
299.1504376514092 431.98559792300364
3
277.29334431336736 431.98559792300364
0.25 0.25 0.25 0.25
21.85709333804186
45.0
235.95032811259335 227.91014168133626
3
230.68313647932865 227.91014168133626
0.25 0.25 0.25 0.25
5.267191633264689
45.0
94.19823922381772 24.85050581988351
1
94.19823922381772 49.45762240749483
0.25 0.25 0.25 0.25
24.607116587611323
45.0
