54403
275.73594824034103 323.3897925634402
3
168.00496185474412 323.3897925634402
0.25 0.25 0.25 0.25
107.73098638559689
45.0
432.28145129104837 62.67443721061136
3
475.90995693334264 62.67443721061136
0.25 0.25 0.25 0.25
91.80859177560896
45.0
1.9613209194123442 379.73761154430997
0
1.9613209194123442 208.78312067158978
0.25 0.25 0.25 0.25
170.95449087272019
45.0
188.86420511875508 49.733065680490654
1
188.86420511875508 220.546211707461
0.25 0.25 0.25 0.25
170.81314602697034
45.0
276.58839623529553 56.45896273831289
1
276.58839623529553 86.35351909446581
0.25 0.25 0.25 0.25
142.8124818327787
45.0
284.8107967032056 218.3846760089654
3
127.8298185757589 218.3846760089654
0.25 0.25 0.25 0.25
156.9809781274467
45.0
199.77623325807895 474.1703905168097
3
68.6352883399164 474.1703905168097
0.25 0.25 0.25 0.25
131.14094491816255
45.0
133.54058381883286 101.54005791020327
1
133.54058381883286 248.79759206927315
0.25 0.25 0.25 0.25
147.25753415906988
45.0
397.29471911270423 25.46500605468455
3
282.1254436014334 25.46500605468455
0.25 0.25 0.25 0.25
115.1692755112708
45.0
173.26391506042532 56.27390683823393
1
173.26391506042532 84.53939808334607
0.25 0.25 0.25 0.25
140.81330492158
45.0
389.11643475593075 61.800275673526144
1
389.11643475593075 31.821264643968192
0.25 0.25 0.25 0.25
93.62154031749434
45.0
33.51726944472853 194.91141849841392
0
33.51726944472853 51.397888373669616
0.25 0.25 0.25 0.25
143.5135301247443
45.0
55.55825508358467 14.691982959640342
1
55.55825508358467 90.60508489582656
0.25 0.25 0.25 0.25
105.2970678554669
45.0
360.52048090282085 426.2310927293147
3
205.65467640532165 426.2310927293147
0.25 0.25 0.25 0.25
154.8658044974992
45.0
486.80677269885155 122.31056096171537
3
396.32465268728856 122.31056096171537
0.25 0.25 0.25 0.25
90.48212001156296
45.0
438.29482301334156 464.3371286206468
3
443.661087387389 464.3371286206468
0.25 0.25 0.25 0.25
118.0440895992694
45.0
3.5659850442518746 70.30863427350147
1
3.5659850442518746 237.81654612370812
0.25 0.25 0.25 0.25
167.50791185020665
45.0
278.4686285133894 192.97928936600542
1
278.4686285133894 346.04315407058266
0.25 0.25 0.25 0.25
153.06386470457724
45.0
44.79131668802626 453.8260799170537
2
120.69928467516363 453.8260799170537
0.25 0.25 0.25 0.25
165.49060136318988
45.0
169.02623328733523 39.798467332016344
1
169.02623328733523 134.82566521843285
0.25 0.25 0.25 0.25
174.6241325504492
45.0
372.84912967244145 441.7282087507273
0
372.84912967244145 302.59279400758237
0.25 0.25 0.25 0.25
139.1354147431449
45.0
488.32991739151873 422.15876781649365
3
334.86641956767903 422.15876781649365
0.25 0.25 0.25 0.25
153.46349782383967
45.0
414.5900493672498 463.88450759323393
0
414.5900493672498 372.0217589204266
0.25 0.25 0.25 0.25
164.09373348633946
45.0
15.981863819554746 325.2147422324076
2
134.63213511741765 325.2147422324076
0.25 0.25 0.25 0.25
118.6502712978629
45.0
95.69895739639274 68.98755161947183
1
95.69895739639274 23.49940714485112
0.25 0.25 0.25 0.25
92.48695876432295
45.0
369.716795187044 375.1882583163622
3
216.3830601645591 375.1882583163622
0.25 0.25 0.25 0.25
153.3337350224849
45.0
385.94609987044396 117.45727536343166
2
494.84635582489284 117.45727536343166
0.25 0.25 0.25 0.25
108.9002559544489
45.0
7.844204821182245 247.58610818235908
2
135.62120416397178 247.58610818235908
0.25 0.25 0.25 0.25
127.77699934278954
45.0
384.92285519787856 248.09589856361123
1
384.92285519787856 418.50412176428085
0.25 0.25 0.25 0.25
170.40822320066962
45.0
284.5075377335076 489.62278172029374
0
284.5075377335076 470.1800890263621
0.25 0.25 0.25 0.25
40.19712925334412
45.0
13.5772919791237 419.48656118186403
2
52.43218366261066 419.48656118186403
0.25 0.25 0.25 0.25
38.85489168348696
45.0
88.5806980725313 482.13555889918337
2
95.96540923069425 482.13555889918337
0.25 0.25 0.25 0.25
7.384711158162949
45.0
131.00938495658818 367.4499192415072
0
131.00938495658818 343.71271187619124
0.25 0.25 0.25 0.25
23.737207365315964
45.0
65.36085097736358 258.2964686599338
3
22.380473504009338 258.2964686599338
0.25 0.25 0.25 0.25
42.980377473354245
45.0
488.63886549718234 424.43864789441324
0
488.63886549718234 418.06467638782686
0.25 0.25 0.25 0.25
6.37397150658639
45.0
489.82174354628364 348.97335327118606
3
453.83897669219255 348.97335327118606
0.25 0.25 0.25 0.25
35.98276685409107
45.0
461.6523376048323 198.33437822813175
1
461.6523376048323 224.13480618134173
0.25 0.25 0.25 0.25
25.80042795320997
45.0
56.54767938491965 491.32663601383297
3
54.044659302753004 491.32663601383297
0.25 0.25 0.25 0.25
2.5030200821666404
45.0
239.2852598222155 438.35731364756055
2
243.34847758881958 438.35731364756055
0.25 0.25 0.25 0.25
4.063217766604072
45.0
466.41110810317696 434.2584116103185
1
466.41110810317696 467.50559936630634
0.25 0.25 0.25 0.25
33.24718775598783
45.0
347.1708768576183 298.6864690985274
0
347.1708768576183 286.65745199445917
0.25 0.25 0.25 0.25
12.029017104068252
45.0
15.340630090271715 481.7507198927506
2
27.79608473914523 481.7507198927506
0.25 0.25 0.25 0.25
12.455454648873515
45.0
376.83353491715934 204.43209685990325
2
378.0814662669234 204.43209685990325
0.25 0.25 0.25 0.25
1.2479313497641142
45.0
316.5739457005038 256.6522137812415
2
360.53970493360407 256.6522137812415
0.25 0.25 0.25 0.25
43.965759233100236
45.0
48.304366965952596 269.8467596894484
2
65.0141974590374 269.8467596894484
0.25 0.25 0.25 0.25
16.70983049308481
45.0
452.67523422777685 231.62983539550117
2
495.30540757337053 231.62983539550117
0.25 0.25 0.25 0.25
42.63017334559367
45.0
465.7872813280727 126.18167731404857
1
465.7872813280727 139.95174573372458
0.25 0.25 0.25 0.25
13.770068419676013
45.0
260.1439657400785 336.36748179454975
1
260.1439657400785 363.8724453437741
0.25 0.25 0.25 0.25
27.504963549224303
45.0
