54403
47.45701091644966 292.57500322051317
1
47.45701091644966 400.3059896061101
0.25 0.25 0.25 0.25
107.73098638559689
45.0
190.58967207481706 478.2826039113438
2
282.398263850426 478.2826039113438
0.25 0.25 0.25 0.25
91.80859177560896
45.0
433.721315989785 157.32923019894767
3
395.32419313749483 157.32923019894767
0.25 0.25 0.25 0.25
170.95449087272019
45.0
480.73274484905164 366.4804815726093
3
348.454109123978 366.4804815726093
0.25 0.25 0.25 0.25
170.81314602697034
45.0
419.40087806807423 371.9784827600231
3
276.58839623529553 371.9784827600231
0.25 0.25 0.25 0.25
142.8124818327787
45.0
459.3413782772211 276.49880724428544
3
302.3604001497744 276.49880724428544
0.25 0.25 0.25 0.25
156.9809781274467
45.0
330.91717817624146 394.6886645650278
0
330.91717817624146 263.5477196468653
0.25 0.25 0.25 0.25
131.14094491816255
45.0
363.081335476979 162.17227129444726
3
215.82380131790913 162.17227129444726
0.25 0.25 0.25 0.25
147.25753415906988
45.0
88.31037218032913 480.5432713928086
2
203.47964769159992 480.5432713928086
0.25 0.25 0.25 0.25
115.1692755112708
45.0
440.5836593546452 366.16600792650604
0
440.5836593546452 225.35270300492607
0.25 0.25 0.25 0.25
140.81330492158
45.0
142.77586365659755 406.4494934510658
0
142.77586365659755 499.92896623143986
0.25 0.25 0.25 0.25
93.62154031749434
45.0
387.8338991830841 226.4397501293987
3
244.3203690583398 226.4397501293987
0.25 0.25 0.25 0.25
143.5135301247443
45.0
155.03588062734914 195.90215275129353
0
155.03588062734914 90.60508489582662
0.25 0.25 0.25 0.25
105.2970678554669
45.0
289.71530788781604 89.98856679933715
2
444.58111238531524 89.98856679933715
0.25 0.25 0.25 0.25
154.8658044974992
45.0
29.699492768229305 27.131761077344976
2
120.18161277979226 27.131761077344976
0.25 0.25 0.25 0.25
90.48212001156296
45.0
445.0443462009213 417.61878178008374
0
445.0443462009213 299.57469218081434
0.25 0.25 0.25 0.25
118.0440895992694
45.0
498.9577505063681 422.1201590746384
3
333.53433764342526 422.1201590746384
0.25 0.25 0.25 0.25
167.50791185020665
45.0
268.2988696728934 41.70138711110843
1
268.2988696728934 194.76525181568567
0.25 0.25 0.25 0.25
153.06386470457724
45.0
30.67853304630472 215.1927173565666
0
30.67853304630472 49.70211599337671
0.25 0.25 0.25 0.25
165.49060136318988
45.0
169.02623328733523 39.798467332016344
2
5.597899263113959 39.798467332016344
0.25 0.25 0.25 0.25
174.6241325504492
45.0
485.9324476176007 280.0009617629829
1
485.9324476176007 419.1363765061278
0.25 0.25 0.25 0.25
139.1354147431449
45.0
329.89189127759494 419.40320606958255
0
329.89189127759494 265.93970824574285
0.25 0.25 0.25 0.25
153.46349782383967
45.0
436.7538162283739 372.0217589204266
3
272.66008274203443 372.0217589204266
0.25 0.25 0.25 0.25
164.09373348633946
45.0
170.52084915907426 285.0912263205762
1
170.52084915907426 403.7414976184391
0.25 0.25 0.25 0.25
118.6502712978629
45.0
280.67287492503857 219.2483763330129
0
280.67287492503857 126.76141756868996
0.25 0.25 0.25 0.25
92.48695876432295
45.0
56.38788043437788 4.815356886001894
1
56.38788043437788 148.518378136483
0.25 0.25 0.25 0.25
153.3337350224849
45.0
267.45543585624944 11.340677000977195
1
267.45543585624944 97.5595789534717
0.25 0.25 0.25 0.25
108.9002559544489
45.0
46.75722519470702 346.8668990469562
2
174.53422453749656 346.8668990469562
0.25 0.25 0.25 0.25
127.77699934278954
45.0
103.85247520011251 373.60544335624536
0
103.85247520011251 455.98633344308496
0.25 0.25 0.25 0.25
170.40822320066962
45.0
405.09892549354 47.45435993350835
2
445.2960547468841 47.45435993350835
0.25 0.25 0.25 0.25
40.19712925334412
45.0
92.76019930067608 2.3099364341686197
3
53.905307617189116 2.3099364341686197
0.25 0.25 0.25 0.25
38.85489168348696
45.0
162.4278096541608 482.13555889918337
1
162.4278096541608 489.5202700573463
0.25 0.25 0.25 0.25
7.384711158162949
45.0
344.64425124443176 296.23829714555933
1
344.64425124443176 319.9755045108753
0.25 0.25 0.25 0.25
23.737207365315964
45.0
278.4821688094704 257.46806102031724
2
321.46254628282463 257.46806102031724
0.25 0.25 0.25 0.25
42.980377473354245
45.0
488.63886549718234 386.194818854895
1
488.63886549718234 392.5687903614814
0.25 0.25 0.25 0.25
6.37397150658639
45.0
345.89067612991926 420.93888697936825
1
345.89067612991926 456.92165383345935
0.25 0.25 0.25 0.25
35.98276685409107
45.0
460.9463785355378 240.27289697643778
1
460.9463785355378 266.07332492964775
0.25 0.25 0.25 0.25
25.80042795320997
45.0
13.996337988086749 481.14014308233396
0
13.996337988086749 478.6371230001673
0.25 0.25 0.25 0.25
2.5030200821666404
45.0
206.77951768938283 462.7366202471849
3
202.71629992277875 462.7366202471849
0.25 0.25 0.25 0.25
4.063217766604072
45.0
300.8585776049081 333.01127409776655
1
300.8585776049081 366.2584618537544
0.25 0.25 0.25 0.25
33.24718775598783
45.0
94.56151767218483 2.0389585031790176
2
106.5905347762531 2.0389585031790176
0.25 0.25 0.25 0.25
12.029017104068252
45.0
196.402098940578 195.2752629686598
0
196.402098940578 182.8198083197863
0.25 0.25 0.25 0.25
12.455454648873515
45.0
396.80043651338474 201.93623416037502
2
398.0483678631488 201.93623416037502
0.25 0.25 0.25 0.25
1.2479313497641142
45.0
375.66573966779447 226.9711377828611
0
375.66573966779447 183.00537854976085
0.25 0.25 0.25 0.25
43.965759233100236
45.0
349.0813158414793 169.58777673093954
0
349.0813158414793 152.87794623785473
0.25 0.25 0.25 0.25
16.70983049308481
45.0
186.77736595612822 80.61515506447199
2
229.4075393017219 80.61515506447199
0.25 0.25 0.25 0.25
42.63017334559367
45.0
245.04128185873083 470.4333878059491
2
258.81135027840685 470.4333878059491
0.25 0.25 0.25 0.25
13.770068419676013
45.0
289.95530524440755 106.50646117283057
0
289.95530524440755 79.00149762360627
0.25 0.25 0.25 0.25
27.504963549224303
45.0
