49639
467.46477188669076 39.64318074376716
1
467.46477188669076 131.6201184397852
0.25 0.25 0.25 0.25
91.97693769601803
45.0
453.88607668848834 445.03831673120305
3
365.4710274822155 445.03831673120305
0.25 0.25 0.25 0.25
88.41504920627283
45.0
484.0560938844635 86.12460576850157
3
352.30328644342103 86.12460576850157
0.25 0.25 0.25 0.25
163.64061967211552
45.0
441.18260793853574 127.89004965971466
1
441.18260793853574 14.936144463179573
0.25 0.25 0.25 0.25
142.82619412289424
45.0
434.763814802111 477.8884531321263
3
404.68877810847687 477.8884531321263
0.25 0.25 0.25 0.25
160.54740708941208
45.0
457.2836317270321 61.102076214615806
3
399.4383930736974 61.102076214615806
0.25 0.25 0.25 0.25
143.27797519927054
45.0
446.7135314841514 421.3485192993654
3
431.7288816141149 421.3485192993654
0.25 0.25 0.25 0.25
121.55758690173369
45.0
420.725403300414 300.5270334374298
3
262.6422005394889 300.5270334374298
0.25 0.25 0.25 0.25
158.08320276092508
45.0
483.2367314913929 422.27104020114837
0
483.2367314913929 454.5774707800879
0.25 0.25 0.25 0.25
123.15148901876378
45.0
122.94202304808863 346.1508530999651
2
31.91078450938153 346.1508530999651
0.25 0.25 0.25 0.25
154.85280755747016
45.0
31.27529959993464 343.9310963322939
2
104.03715357797665 343.9310963322939
0.25 0.25 0.25 0.25
135.3124531779113
45.0
100.08354248272676 198.71249333414298
1
100.08354248272676 331.4613810688403
0.25 0.25 0.25 0.25
132.74888773469732
45.0
423.4677936552366 162.57142098446363
0
423.4677936552366 62.49631483699869
0.25 0.25 0.25 0.25
100.07510614746494
45.0
398.1230347116169 467.4698214061525
0
398.1230347116169 378.87887378808273
0.25 0.25 0.25 0.25
153.65130480576474
45.0
419.51543891459085 21.127208646648484
3
324.85121181474483 21.127208646648484
0.25 0.25 0.25 0.25
94.664227099846
45.0
287.60187392440923 223.34109103427815
2
459.4050540709036 223.34109103427815
0.25 0.25 0.25 0.25
171.80318014649438
45.0
449.9138879421855 429.814473693326
0
449.9138879421855 285.6188631879097
0.25 0.25 0.25 0.25
144.1956105054163
45.0
95.7299227743809 165.46781421577873
0
95.7299227743809 39.96326836165045
0.25 0.25 0.25 0.25
125.50454585412828
45.0
19.25776901830301 275.46363502961333
2
182.04413104487074 275.46363502961333
0.25 0.25 0.25 0.25
162.78636202656773
45.0
7.2871325542944305 477.7630314214571
0
7.2871325542944305 358.8286031553205
0.25 0.25 0.25 0.25
163.4083654232225
45.0
161.68168552712095 103.78293534784507
1
161.68168552712095 199.59020765853168
0.25 0.25 0.25 0.25
95.80727231068661
45.0
221.93176170370307 3.625223415556235
2
327.3442140664217 3.625223415556235
0.25 0.25 0.25 0.25
105.41245236271865
45.0
365.1099585772308 226.484261994631
0
365.1099585772308 138.8073490831328
0.25 0.25 0.25 0.25
87.67691291149819
45.0
266.52951075334283 316.9683432471897
3
153.00383021282352 316.9683432471897
0.25 0.25 0.25 0.25
113.52568054051932
45.0
111.03335244380617 295.53072673170226
1
111.03335244380617 448.5144355310606
0.25 0.25 0.25 0.25
152.98370879935834
45.0
326.26124236046815 384.35800926539434
2
498.63639742297755 384.35800926539434
0.25 0.25 0.25 0.25
172.37515506250944
45.0
49.44266342984871 352.1768833752461
1
49.44266342984871 442.0739394749522
0.25 0.25 0.25 0.25
89.89705609970612
45.0
281.86847921394894 241.19643276741306
3
177.4301448269789 241.19643276741306
0.25 0.25 0.25 0.25
104.43833438697006
45.0
348.4269820253731 259.06036838488416
1
348.4269820253731 378.2747755122547
0.25 0.25 0.25 0.25
119.21440712737052
45.0
207.63694810690026 320.57599890801396
0
207.63694810690026 168.08097434902345
0.25 0.25 0.25 0.25
152.4950245589905
45.0
472.6418834096929 230.93632235753375
3
430.5069399391018 230.93632235753375
0.25 0.25 0.25 0.25
96.85117665120531
45.0
484.4469583779821 269.73459945304796
3
314.3570426352703 269.73459945304796
0.25 0.25 0.25 0.25
170.0899157427118
45.0
47.26822952173089 417.50277883414884
0
47.26822952173089 295.47170819204206
0.25 0.25 0.25 0.25
122.0310706421068
45.0
251.3286679876129 325.8217983781183
1
251.3286679876129 485.7895415208591
0.25 0.25 0.25 0.25
159.9677431427408
45.0
430.0020283139438 397.2653074868167
0
430.0020283139438 453.71097409776735
0.25 0.25 0.25 0.25
149.023718415416
45.0
25.686548902135655 121.89209510255534
2
147.29241348645525 121.89209510255534
0.25 0.25 0.25 0.25
172.9789623885909
45.0
330.9505233399957 458.4980368821731
2
440.665167891274 458.4980368821731
0.25 0.25 0.25 0.25
109.71464455127827
45.0
342.1677729275589 444.93679987882456
0
342.1677729275589 453.93229123509036
0.25 0.25 0.25 0.25
101.13090888608507
45.0
403.8604165683822 109.61016332923792
0
403.8604165683822 18.09080634412439
0.25 0.25 0.25 0.25
91.51935698511353
45.0
496.2517649853872 249.31982932631172
3
349.87503468575414 249.31982932631172
0.25 0.25 0.25 0.25
153.87320032885867
45.0
323.94685258110127 484.18158841109266
0
323.94685258110127 388.27485828048805
0.25 0.25 0.25 0.25
127.54355330841933
45.0
71.65195876626058 19.93585329039402
1
71.65195876626058 72.54985941789937
0.25 0.25 0.25 0.25
92.48571270829339
45.0
415.9620217109331 129.1000502503366
1
415.9620217109331 260.88128330370864
0.25 0.25 0.25 0.25
131.78123305337203
45.0
364.0336282931571 478.4964473779768
2
466.385346309724 478.4964473779768
0.25 0.25 0.25 0.25
102.35171801656693
45.0
482.41416067389616 389.5407746201531
0
482.41416067389616 475.8700181392403
0.25 0.25 0.25 0.25
134.58920724060658
45.0
318.49331461803473 214.04194501002883
2
449.9080358736444 214.04194501002883
0.25 0.25 0.25 0.25
131.41472125560966
45.0
83.19600027099756 368.7402241545617
2
47.9742574166049 368.7402241545617
0.25 0.25 0.25 0.25
131.17025768760246
45.0
121.15331343914897 169.1697402804823
1
121.15331343914897 335.60127943005034
0.25 0.25 0.25 0.25
166.43153914956804
45.0
