35136
128.35377539589075 493.90499574297087
0
128.35377539589075 367.1553512527445
0.25 0.25 0.25 0.25
126.74964449022636
45.0
114.5750608540626 210.01660521218997
2
283.56554658907504 210.01660521218997
0.25 0.25 0.25 0.25
168.99048573501244
45.0
383.46510711561564 38.36088585081433
3
235.05707489936123 38.36088585081433
0.25 0.25 0.25 0.25
148.4080322162544
45.0
224.49832686671778 60.24285713013634
1
224.49832686671778 61.56504327914092
0.25 0.25 0.25 0.25
1.3221861490045783
45.0
157.39063529800288 203.85854061820788
1
157.39063529800288 248.93236780480592
0.25 0.25 0.25 0.25
45.073827186598045
45.0
355.7140764600415 106.02713266599037
1
355.7140764600415 114.95435577196696
0.25 0.25 0.25 0.25
8.927223105976594
45.0
73.78544506246593 128.0100132857501
1
73.78544506246593 142.34625711563183
0.25 0.25 0.25 0.25
14.33624382988173
45.0
381.6059145345163 161.0707841429045
1
381.6059145345163 161.43933354742035
0.25 0.25 0.25 0.25
0.3685494045158555
45.0
258.83416309169866 84.14333059078282
1
258.83416309169866 120.59147320781574
0.25 0.25 0.25 0.25
36.448142617032914
45.0
56.062171412265904 190.5893169721878
1
56.062171412265904 192.57348954516578
0.25 0.25 0.25 0.25
1.984172572977988
45.0
232.2516296835425 391.58456892750945
0
232.2516296835425 362.7584182863209
0.25 0.25 0.25 0.25
28.826150641188562
45.0
72.42580822300965 360.33521834136457
3
66.97880572390059 360.33521834136457
0.25 0.25 0.25 0.25
5.447002499109055
45.0
290.29568791009154 474.17185581547074
1
290.29568791009154 495.67558761206857
0.25 0.25 0.25 0.25
21.50373179659784
45.0
199.96872471076125 258.08687765108294
3
189.00294047555911 258.08687765108294
0.25 0.25 0.25 0.25
10.965784235202142
45.0
279.94781776294747 139.6555232445311
0
279.94781776294747 133.2443875066325
0.25 0.25 0.25 0.25
6.411135737898599
45.0
198.9472937435342 435.61719864111643
2
235.79226184460686 435.61719864111643
0.25 0.25 0.25 0.25
36.84496810107266
45.0
396.2042059011202 55.20540598645468
2
429.87485874816974 55.20540598645468
0.25 0.25 0.25 0.25
33.67065284704957
45.0
469.2532301034736 490.7746911291539
0
469.2532301034736 484.4717323450227
0.25 0.25 0.25 0.25
24.75357652582343
45.0
373.90837870248237 166.70702668508562
2
406.96603860562107 166.70702668508562
0.25 0.25 0.25 0.25
33.057659903138685
45.0
384.9693472243596 202.5329712465703
1
384.9693472243596 243.94195801971168
0.25 0.25 0.25 0.25
41.40898677314137
45.0
447.69113240022 264.82024015869763
0
447.69113240022 230.27657353352015
0.25 0.25 0.25 0.25
34.54366662517748
45.0
104.38335221054422 478.7880251883178
1
104.38335221054422 485.27460518708847
0.25 0.25 0.25 0.25
6.486579998770664
45.0
330.2913953227476 361.5964898514088
2
380.10973115531 361.5964898514088
0.25 0.25 0.25 0.25
49.818335832562425
45.0
421.71025332323813 328.22905963627363
2
436.04401948926534 328.22905963627363
0.25 0.25 0.25 0.25
14.333766166027212
45.0
142.5811251739292 361.9079837607267
2
159.21298466164768 361.9079837607267
0.25 0.25 0.25 0.25
16.631859487718486
45.0
342.53442489650763 246.8282730247046
1
342.53442489650763 267.8765117655172
0.25 0.25 0.25 0.25
21.048238740812593
45.0
465.28072082154654 179.3049908201994
0
465.28072082154654 131.02670279692757
0.25 0.25 0.25 0.25
48.278288023271855
45.0
324.2528817989837 456.26959616798837
3
316.0630340575061 456.26959616798837
0.25 0.25 0.25 0.25
8.18984774147758
45.0
33.8094162575059 341.4357280179645
2
53.57553562603579 341.4357280179645
0.25 0.25 0.25 0.25
19.766119368529882
45.0
271.01344395607373 88.3182626656441
1
271.01344395607373 101.55220658904776
0.25 0.25 0.25 0.25
13.233943923403658
45.0
10.64503612769974 127.61125623552573
2
33.33247220592339 127.61125623552573
0.25 0.25 0.25 0.25
22.687436078223648
45.0
202.00192892647524 227.17325128058275
1
202.00192892647524 252.99402985456683
0.25 0.25 0.25 0.25
25.82077857398409
45.0
105.04554321152331 478.5608331196954
0
105.04554321152331 448.3834794146983
0.25 0.25 0.25 0.25
30.177353704997117
45.0
29.88486587899313 489.3313666510118
1
29.88486587899313 495.28452933823
0.25 0.25 0.25 0.25
5.953162687218172
45.0
462.3287618333567 473.3303080101548
2
495.34599203027364 473.3303080101548
0.25 0.25 0.25 0.25
33.01723019691697
45.0
460.85177039983176 297.5790316114768
2
472.8867848110416 297.5790316114768
0.25 0.25 0.25 0.25
12.035014411209827
45.0
114.06326454298187 117.31971810812365
3
67.87591217044351 117.31971810812365
0.25 0.25 0.25 0.25
46.18735237253835
45.0
51.1268809643081 469.86427776581036
1
51.1268809643081 484.03696069797047
0.25 0.25 0.25 0.25
14.17268293216013
45.0
497.16319036332925 36.21129846125399
0
497.16319036332925 24.79014173518908
0.25 0.25 0.25 0.25
11.421156726064908
45.0
59.21276260854788 333.77997928128
3
31.325869322321598 333.77997928128
0.25 0.25 0.25 0.25
27.88689328622628
45.0
194.0606124253577 177.5871023453152
0
194.0606124253577 160.55731594445984
0.25 0.25 0.25 0.25
17.029786400855357
45.0
248.6060590022031 451.7801394537256
2
276.90859892289086 451.7801394537256
0.25 0.25 0.25 0.25
28.302539920687753
45.0
225.23088810699866 267.6166734361819
0
225.23088810699866 254.53011478978206
0.25 0.25 0.25 0.25
13.086558646399826
45.0
347.49528555062494 95.18191192881211
2
387.12979245942654 95.18191192881211
0.25 0.25 0.25 0.25
39.63450690880158
45.0
59.953156340823035 21.890976752577586
1
59.953156340823035 48.85911008474606
0.25 0.25 0.25 0.25
26.96813333216847
45.0
386.21644380331975 193.5407632145612
2
426.499408323091 193.5407632145612
0.25 0.25 0.25 0.25
40.282964519771255
45.0
464.27015610593793 61.18273406830123
1
464.27015610593793 80.37981348387811
0.25 0.25 0.25 0.25
19.197079415576884
45.0
52.48009281405051 416.62064514580976
3
43.79166821997533 416.62064514580976
0.25 0.25 0.25 0.25
8.688424594075178
45.0
