35136
437.8416880635874 153.84038262997194
3
435.4086674461862 153.84038262997194
0.25 0.25 0.25 0.25
126.74964449022636
45.0
156.4038040842866 41.02611947717776
2
325.39428981929905 41.02611947717776
0.25 0.25 0.25 0.25
168.99048573501244
45.0
344.6088816018347 56.166501847988116
3
196.20084938558028 56.166501847988116
0.25 0.25 0.25 0.25
148.4080322162544
45.0
303.82949580699153 53.631926385113445
2
305.1516819559961 53.631926385113445
0.25 0.25 0.25 0.25
1.3221861490045783
45.0
247.5382896711989 142.03310964192409
0
247.5382896711989 96.95928245532605
0.25 0.25 0.25 0.25
45.073827186598045
45.0
453.91353062578435 126.08066808940109
1
453.91353062578435 135.00789119537768
0.25 0.25 0.25 0.25
8.927223105976594
45.0
202.8116395314015 386.0624022236211
2
217.14788336128325 386.0624022236211
0.25 0.25 0.25 0.25
14.33624382988173
45.0
385.6599579841909 169.17887104225312
0
385.6599579841909 168.81032163773727
0.25 0.25 0.25 0.25
0.3685494045158555
45.0
19.59731411257988 328.0385435998812
2
16.850828504453034 328.0385435998812
0.25 0.25 0.25 0.25
36.448142617032914
45.0
31.241421798765607 319.56053421575666
2
33.2255943717436 319.56053421575666
0.25 0.25 0.25 0.25
1.984172572977988
45.0
228.96678057547456 247.45381572156657
1
228.96678057547456 276.27996636275515
0.25 0.25 0.25 0.25
28.826150641188562
45.0
241.28288569539055 443.57269169071026
3
235.8358831962815 443.57269169071026
0.25 0.25 0.25 0.25
5.447002499109055
45.0
21.575511910819245 205.29873689979718
2
43.079243707417085 205.29873689979718
0.25 0.25 0.25 0.25
21.50373179659784
45.0
471.05774823317466 334.8473672974979
3
460.0919639979725 334.8473672974979
0.25 0.25 0.25 0.25
10.965784235202142
45.0
94.02488136388806 242.23369505090878
0
94.02488136388806 235.82255931301017
0.25 0.25 0.25 0.25
6.411135737898599
45.0
411.3156409577817 190.74725907711866
2
448.16060905885433 190.74725907711866
0.25 0.25 0.25 0.25
36.84496810107266
45.0
31.39469569903737 122.5467116805538
2
2.2759571480121963 122.5467116805538
0.25 0.25 0.25 0.25
33.67065284704957
45.0
446.629101351993 144.2246197676261
2
471.3826778778164 144.2246197676261
0.25 0.25 0.25 0.25
24.75357652582343
45.0
80.6286570356202 147.35231825484078
2
113.68631693875888 147.35231825484078
0.25 0.25 0.25 0.25
33.057659903138685
45.0
343.56036045121823 463.35552677463295
2
384.9693472243596 463.35552677463295
0.25 0.25 0.25 0.25
41.40898677314137
45.0
411.3811336448956 335.6739055391995
2
445.9248002700731 335.6739055391995
0.25 0.25 0.25 0.25
34.54366662517748
45.0
253.57469218226925 430.39985482889307
2
260.0612721810399 430.39985482889307
0.25 0.25 0.25 0.25
6.486579998770664
45.0
134.65133534124956 308.14487067009475
1
134.65133534124956 357.96320650265716
0.25 0.25 0.25 0.25
49.818335832562425
45.0
348.9494880203266 202.12028850673312
1
348.9494880203266 216.45405467276032
0.25 0.25 0.25 0.25
14.333766166027212
45.0
26.15810875989979 29.270794006356994
0
26.15810875989979 12.638934518638507
0.25 0.25 0.25 0.25
16.631859487718486
45.0
257.54903902805256 467.62611999183594
3
236.50080028723997 467.62611999183594
0.25 0.25 0.25 0.25
21.048238740812593
45.0
58.68254150288041 0.03588721582086407
1
58.68254150288041 48.24240080745099
0.25 0.25 0.25 0.25
48.278288023271855
45.0
315.3938175760022 349.80157552877967
1
315.3938175760022 357.99142327025726
0.25 0.25 0.25 0.25
8.18984774147758
45.0
432.5053607921875 460.9030782967368
2
452.2714801607174 460.9030782967368
0.25 0.25 0.25 0.25
19.766119368529882
45.0
32.80245333480775 333.98345903163505
2
46.03639725821141 333.98345903163505
0.25 0.25 0.25 0.25
13.233943923403658
45.0
237.51939690993618 466.16998485072054
2
260.2068329881598 466.16998485072054
0.25 0.25 0.25 0.25
22.687436078223648
45.0
375.737014558984 178.94884151778282
0
375.737014558984 153.12806294379874
0.25 0.25 0.25 0.25
25.82077857398409
45.0
15.663871608465172 223.81295756542806
0
15.663871608465172 193.63560386043093
0.25 0.25 0.25 0.25
30.177353704997117
45.0
178.4758281736428 334.5491367833387
3
172.52266548642464 334.5491367833387
0.25 0.25 0.25 0.25
5.953162687218172
45.0
52.07095745841863 328.5663108083435
3
19.053727261501663 328.5663108083435
0.25 0.25 0.25 0.25
33.01723019691697
45.0
286.4129269647618 461.7206801643266
0
286.4129269647618 449.6856657531168
0.25 0.25 0.25 0.25
12.035014411209827
45.0
84.62999292802277 117.31971810812371
1
84.62999292802277 163.50707048066207
0.25 0.25 0.25 0.25
46.18735237253835
45.0
62.25458249297294 313.9647655120491
3
48.081899560812815 313.9647655120491
0.25 0.25 0.25 0.25
14.17268293216013
45.0
400.0463991020866 324.2039248791112
0
400.0463991020866 312.7827681530463
0.25 0.25 0.25 0.25
11.421156726064908
45.0
107.13023257270889 82.79793970524358
0
107.13023257270889 54.911046419017296
0.25 0.25 0.25 0.25
27.88689328622628
45.0
453.0712708071459 111.91926646922579
3
436.0414844062905 111.91926646922579
0.25 0.25 0.25 0.25
17.029786400855357
45.0
317.44473941155206 123.75099332886056
3
289.1421994908643 123.75099332886056
0.25 0.25 0.25 0.25
28.302539920687753
45.0
251.4040053997983 431.39247769662154
2
264.49056404619813 431.39247769662154
0.25 0.25 0.25 0.25
13.086558646399826
45.0
131.04809644669655 76.90725736889172
0
131.04809644669655 37.27275046009014
0.25 0.25 0.25 0.25
39.63450690880158
45.0
373.7160436836393 32.045289911759355
2
400.6841770158078 32.045289911759355
0.25 0.25 0.25 0.25
26.96813333216847
45.0
90.10501743965388 403.62959158772617
0
90.10501743965388 363.3466270679549
0.25 0.25 0.25 0.25
40.282964519771255
45.0
111.6422263613684 34.80266300958317
0
111.6422263613684 15.605583594006287
0.25 0.25 0.25 0.25
19.197079415576884
45.0
278.379132260005 425.30906973988493
1
278.379132260005 433.9974943339601
0.25 0.25 0.25 0.25
8.688424594075178
45.0
