83119
192.05186478643586 394.89979009894137
0
192.05186478643586 494.85574995420575
0.25 0.25 0.25 0.25
110.24445994685291
45.0
105.14238310920825 352.8962045262428
2
233.43476045985784 352.8962045262428
0.25 0.25 0.25 0.25
128.2923773506496
45.0
116.55379041936783 57.84931330602478
2
251.54302556270716 57.84931330602478
0.25 0.25 0.25 0.25
134.98923514333933
45.0
272.6388953618471 27.287112582249733
2
446.67975815769864 27.287112582249733
0.25 0.25 0.25 0.25
174.04086279585152
45.0
186.9240561874145 415.954931640995
0
186.9240561874145 450.52555819934
0.25 0.25 0.25 0.25
133.51951015966497
45.0
442.5155911515542 359.89851970642
1
442.5155911515542 483.1320380553126
0.25 0.25 0.25 0.25
123.23351834889256
45.0
221.97399242231546 255.36237753307654
1
221.97399242231546 428.1917642543084
0.25 0.25 0.25 0.25
172.82938672123186
45.0
461.74428002442323 283.9511621693607
3
372.40398329054426 283.9511621693607
0.25 0.25 0.25 0.25
89.34029673387894
45.0
285.3086476356959 353.15745669309445
0
285.3086476356959 254.02127698072584
0.25 0.25 0.25 0.25
99.1361797123686
45.0
307.52108933205926 498.49413652082904
0
307.52108933205926 364.1540689422012
0.25 0.25 0.25 0.25
137.35179453696975
45.0
66.15412976149167 39.19346199186333
2
236.85459401445505 39.19346199186333
0.25 0.25 0.25 0.25
170.70046425296337
45.0
142.6672995796746 1.865841580967782
1
142.6672995796746 124.49568052332675
0.25 0.25 0.25 0.25
126.36152210429454
45.0
386.63203715573263 468.59271423895973
3
266.6899896391225 468.59271423895973
0.25 0.25 0.25 0.25
119.94204751661017
45.0
98.63101238542521 77.95270556499094
2
239.29738496546142 77.95270556499094
0.25 0.25 0.25 0.25
140.6663725800362
45.0
191.93395696489233 23.401550868367593
3
98.94822733895286 23.401550868367593
0.25 0.25 0.25 0.25
92.98572962593947
45.0
228.93749175694674 156.34148184284595
2
359.82952318696937 156.34148184284595
0.25 0.25 0.25 0.25
130.89203143002263
45.0
203.62452071909294 151.19078661078768
3
103.2818575375149 151.19078661078768
0.25 0.25 0.25 0.25
100.34266318157805
45.0
417.5986218355283 475.5470736198514
0
417.5986218355283 357.56709526808083
0.25 0.25 0.25 0.25
166.88583111206776
45.0
401.07954270486573 93.92531448493196
1
401.07954270486573 52.71889126017845
0.25 0.25 0.25 0.25
146.6442057451104
45.0
166.03856047214742 144.56576631401072
3
28.99750934108812 144.56576631401072
0.25 0.25 0.25 0.25
137.0410511310593
45.0
89.02097058277016 264.096434764007
0
89.02097058277016 124.47314118084708
0.25 0.25 0.25 0.25
139.6232935831599
45.0
138.85674043277544 236.2087824033233
3
43.340069348532 236.2087824033233
0.25 0.25 0.25 0.25
95.51667108424344
45.0
39.59367798185008 243.2586408110194
0
39.59367798185008 79.70826562206321
0.25 0.25 0.25 0.25
163.5503751889562
45.0
79.11726079902067 147.7662253907345
1
79.11726079902067 292.2938974930678
0.25 0.25 0.25 0.25
144.5276721023333
45.0
53.23653095861599 450.16262573762697
2
91.46979409664169 450.16262573762697
0.25 0.25 0.25 0.25
144.70632505525768
45.0
201.35492027440264 191.39278346988775
2
351.27033512802734 191.39278346988775
0.25 0.25 0.25 0.25
149.9154148536247
45.0
309.86762828953033 485.9905050463701
0
309.86762828953033 322.82358401466837
0.25 0.25 0.25 0.25
163.16692103170175
45.0
455.76663043998155 164.05174334822516
3
431.8554645561078 164.05174334822516
0.25 0.25 0.25 0.25
112.37790500391071
45.0
124.22599817665719 353.5377140856249
0
124.22599817665719 204.93448685311978
0.25 0.25 0.25 0.25
148.6032272325051
45.0
441.84352869060825 359.4009515230534
0
441.84352869060825 325.20023491063284
0.25 0.25 0.25 0.25
34.200716612420514
45.0
268.9899731352307 348.1529351359653
2
302.8439691800216 348.1529351359653
0.25 0.25 0.25 0.25
33.853996044790925
45.0
248.66173202169762 303.7886236348677
0
248.66173202169762 256.24865282888493
0.25 0.25 0.25 0.25
47.53997080598276
45.0
250.40036845877384 104.97886252020314
2
285.55535067710736 104.97886252020314
0.25 0.25 0.25 0.25
35.15498221833351
45.0
122.93748404089776 417.64127476189174
1
122.93748404089776 457.50948207698707
0.25 0.25 0.25 0.25
39.86820731509532
45.0
356.7999549635455 364.5014823691831
0
356.7999549635455 340.22494916065875
0.25 0.25 0.25 0.25
24.276533208524352
45.0
214.71031735559492 447.59594546631814
0
214.71031735559492 440.52993329304473
0.25 0.25 0.25 0.25
7.066012173273423
45.0
197.57801266762044 170.16389078696454
3
174.235631367633 170.16389078696454
0.25 0.25 0.25 0.25
23.342381299987423
45.0
425.8259984748537 222.5454616094771
2
440.15858110781943 222.5454616094771
0.25 0.25 0.25 0.25
14.332582632965762
45.0
96.47262777699603 275.30445848737077
1
96.47262777699603 283.13684650644063
0.25 0.25 0.25 0.25
7.832388019069869
45.0
221.37364348674356 218.977254532554
3
176.29785544863603 218.977254532554
0.25 0.25 0.25 0.25
45.07578803810755
45.0
309.5241613101526 199.08708652185067
2
335.19671902204453 199.08708652185067
0.25 0.25 0.25 0.25
25.67255771189195
45.0
50.60096232184136 85.25389020715659
1
50.60096232184136 90.43674691416271
0.25 0.25 0.25 0.25
5.182856707006117
45.0
459.1120026720538 67.80747302971876
0
459.1120026720538 38.875445415768354
0.25 0.25 0.25 0.25
28.93202761395041
45.0
128.89951413534038 342.9961863273038
3
102.67083682287284 342.9961863273038
0.25 0.25 0.25 0.25
26.22867731246754
45.0
112.14054061587704 330.45957351937057
1
112.14054061587704 367.97728473395387
0.25 0.25 0.25 0.25
37.517711214583315
45.0
37.47914383751514 113.53460320922903
2
38.93841497120468 113.53460320922903
0.25 0.25 0.25 0.25
1.459271133689538
45.0
497.6946735492503 51.39351290672719
0
497.6946735492503 8.070836227818589
0.25 0.25 0.25 0.25
43.3226766789086
45.0
2.03743394816728 230.7287874470618
2
12.226533801394567 230.7287874470618
0.25 0.25 0.25 0.25
14.263967749561846
45.0
