83119
207.65158574308342 210.92153298359025
3
97.4071257962305 210.92153298359025
0.25 0.25 0.25 0.25
110.24445994685291
45.0
480.23874935831236 61.722663006236644
3
351.9463720076628 61.722663006236644
0.25 0.25 0.25 0.25
128.2923773506496
45.0
78.90909841704104 233.87197468878855
2
213.89833356038037 233.87197468878855
0.25 0.25 0.25 0.25
134.98923514333933
45.0
142.84320934110548 328.1838170942583
2
31.197653454746046 328.1838170942583
0.25 0.25 0.25 0.25
174.04086279585152
45.0
394.184952414348 109.74515181274157
1
394.184952414348 243.26466197240654
0.25 0.25 0.25 0.25
133.51951015966497
45.0
82.99372878289293 322.9751775514973
1
82.99372878289293 446.2086959003899
0.25 0.25 0.25 0.25
123.23351834889256
45.0
61.78435528108918 230.43827212140923
0
61.78435528108918 57.60888540017737
0.25 0.25 0.25 0.25
172.82938672123186
45.0
160.5811800155081 128.2368496453709
2
249.92147674938704 128.2368496453709
0.25 0.25 0.25 0.25
89.34029673387894
45.0
5.176514251217867 400.4644191475795
2
93.95966546115073 400.4644191475795
0.25 0.25 0.25 0.25
99.1361797123686
45.0
264.0421297053901 211.93411040446983
2
401.39392424235984 211.93411040446983
0.25 0.25 0.25 0.25
137.35179453696975
45.0
226.8412277088747 356.3916049800099
0
226.8412277088747 185.69114072704653
0.25 0.25 0.25 0.25
170.70046425296337
45.0
351.88661200314766 441.95886899200815
0
351.88661200314766 315.5973468877136
0.25 0.25 0.25 0.25
126.36152210429454
45.0
252.09300820969082 381.87022616573995
0
252.09300820969082 261.9281786491298
0.25 0.25 0.25 0.25
119.94204751661017
45.0
290.0494763528735 433.4109186912807
0
290.0494763528735 292.7445461112445
0.25 0.25 0.25 0.25
140.6663725800362
45.0
213.1633567656247 93.5442546089729
3
120.17762713968524 93.5442546089729
0.25 0.25 0.25 0.25
92.98572962593947
45.0
153.221879642601 414.36289531742545
0
153.221879642601 283.47086388740286
0.25 0.25 0.25 0.25
130.89203143002263
45.0
324.52697479535345 350.52252929710255
1
324.52697479535345 450.86519247868057
0.25 0.25 0.25 0.25
100.34266318157805
45.0
236.79483588867697 158.87023813700137
3
69.90900477660921 158.87023813700137
0.25 0.25 0.25 0.25
166.88583111206776
45.0
266.7101700396137 333.5948672008724
2
413.3543757847241 333.5948672008724
0.25 0.25 0.25 0.25
146.6442057451104
45.0
82.23402459069132 341.21931697828944
0
82.23402459069132 204.17826584723014
0.25 0.25 0.25 0.25
137.0410511310593
45.0
372.0691818249659 154.7734459854727
3
488.3075245918742 154.7734459854727
0.25 0.25 0.25 0.25
139.6232935831599
45.0
440.09337884179763 5.5079416918414665
3
464.38995007395897 5.5079416918414665
0.25 0.25 0.25 0.25
95.51667108424344
45.0
385.3921772260253 158.6331050319443
3
221.8418020370691 158.6331050319443
0.25 0.25 0.25 0.25
163.5503751889562
45.0
67.4235560826875 89.29770180906866
1
67.4235560826875 55.22997029326464
0.25 0.25 0.25 0.25
144.5276721023333
45.0
367.9381688203532 392.1867738203115
0
367.9381688203532 247.4804487650538
0.25 0.25 0.25 0.25
144.70632505525768
45.0
404.061644958412 7.930535359109911
3
254.1462301047873 7.930535359109911
0.25 0.25 0.25 0.25
149.9154148536247
45.0
225.87373305037255 29.329601305138908
3
62.7068120186708 29.329601305138908
0.25 0.25 0.25 0.25
163.16692103170175
45.0
431.8554645561078 72.10521169479273
3
455.76663043998155 72.10521169479273
0.25 0.25 0.25 0.25
112.37790500391071
45.0
452.7290927861875 325.602258735727
1
452.7290927861875 474.2054859682321
0.25 0.25 0.25 0.25
148.6032272325051
45.0
45.145722123083885 316.4341624855521
0
45.145722123083885 282.2334458731316
0.25 0.25 0.25 0.25
34.200716612420514
45.0
202.35173813450643 310.6928710587897
2
236.20573417929737 310.6928710587897
0.25 0.25 0.25 0.25
33.853996044790925
45.0
156.9030165584561 76.5311428129944
2
204.44298736443886 76.5311428129944
0.25 0.25 0.25 0.25
47.53997080598276
45.0
391.0202973321078 339.2372266068853
0
391.0202973321078 304.0822443885518
0.25 0.25 0.25 0.25
35.15498221833351
45.0
199.30299160248165 341.19967725431786
1
199.30299160248165 381.0678845694132
0.25 0.25 0.25 0.25
39.86820731509532
45.0
381.07648817206984 30.257996856361434
2
405.3530213805942 30.257996856361434
0.25 0.25 0.25 0.25
24.276533208524352
45.0
38.06001302375924 454.66195763959155
1
38.06001302375924 461.72796981286496
0.25 0.25 0.25 0.25
7.066012173273423
45.0
388.0394589669795 152.90705151339978
0
388.0394589669795 129.56467021341234
0.25 0.25 0.25 0.25
23.342381299987423
45.0
86.86619200431085 465.41850477287926
1
86.86619200431085 479.751087405845
0.25 0.25 0.25 0.25
14.332582632965762
45.0
216.82289298579872 333.07614055913587
3
208.99050496672885 333.07614055913587
0.25 0.25 0.25 0.25
7.832388019069869
45.0
311.5252195629586 59.81013685772548
3
266.4494315248511 59.81013685772548
0.25 0.25 0.25 0.25
45.07578803810755
45.0
179.9316219869067 236.11664381652642
0
179.9316219869067 210.44408610463447
0.25 0.25 0.25 0.25
25.67255771189195
45.0
206.08666353202506 85.25389020715662
2
211.26952023903118 85.25389020715662
0.25 0.25 0.25 0.25
5.182856707006117
45.0
426.4898804206823 295.687919463372
0
426.4898804206823 266.7558918494216
0.25 0.25 0.25 0.25
28.93202761395041
45.0
397.8068115124828 289.80233129815065
0
397.8068115124828 263.5736539856831
0.25 0.25 0.25 0.25
26.22867731246754
45.0
399.3040275387943 57.6957414202118
0
399.3040275387943 20.178030205628488
0.25 0.25 0.25 0.25
37.517711214583315
45.0
37.47914383751514 209.8464980327379
1
37.47914383751514 211.30576916642744
0.25 0.25 0.25 0.25
1.459271133689538
45.0
152.14547663437864 85.73138990020337
3
108.82279995547003 85.73138990020337
0.25 0.25 0.25 0.25
43.3226766789086
45.0
431.4787239656931 430.4243359409278
2
445.742691715255 430.4243359409278
0.25 0.25 0.25 0.25
14.263967749561846
45.0
