83119
317.8960456899364 282.1666905388239
0
317.8960456899364 171.922230591971
0.25 0.25 0.25 0.25
110.24445994685291
45.0
355.34908868299675 163.6760215516896
1
355.34908868299675 291.9683989023392
0.25 0.25 0.25 0.25
128.2923773506496
45.0
103.74762556713097 126.81697613749441
2
31.24160957620836 126.81697613749441
0.25 0.25 0.25 0.25
134.98923514333933
45.0
116.74816270037928 193.93877129329616
2
57.29270009547224 193.93877129329616
0.25 0.25 0.25 0.25
174.04086279585152
45.0
383.0143428344503 175.10858069508683
1
383.0143428344503 308.6280908547518
0.25 0.25 0.25 0.25
133.51951015966497
45.0
476.64645012613187 99.29962979977537
1
476.64645012613187 23.933888549117185
0.25 0.25 0.25 0.25
123.23351834889256
45.0
37.09239078535967 45.55667048445349
1
37.09239078535967 127.27271623677836
0.25 0.25 0.25 0.25
172.82938672123186
45.0
198.15126896739244 396.25773984700777
3
108.8109722335135 396.25773984700777
0.25 0.25 0.25 0.25
89.34029673387894
45.0
212.087076552269 60.66366790900781
3
112.9508968399004 60.66366790900781
0.25 0.25 0.25 0.25
99.1361797123686
45.0
87.73633585097298 67.71100005492713
1
87.73633585097298 205.06279459189687
0.25 0.25 0.25 0.25
137.35179453696975
45.0
406.2740926389163 229.59910996072287
3
423.0254431081204 229.59910996072287
0.25 0.25 0.25 0.25
170.70046425296337
45.0
77.37921412584566 348.2738773907825
2
48.98230797844887 348.2738773907825
0.25 0.25 0.25 0.25
126.36152210429454
45.0
388.0808492404785 185.3473751691294
1
388.0808492404785 305.28942268573957
0.25 0.25 0.25 0.25
119.94204751661017
45.0
213.3725166541404 341.398567052801
0
213.3725166541404 200.73219447276483
0.25 0.25 0.25 0.25
140.6663725800362
45.0
283.3060605062293 372.5014434867913
0
283.3060605062293 279.5157138608518
0.25 0.25 0.25 0.25
92.98572962593947
45.0
425.52266539316633 320.09039243706366
3
294.63063396314374 320.09039243706366
0.25 0.25 0.25 0.25
130.89203143002263
45.0
485.06759428883174 151.1907866107877
0
485.06759428883174 50.848123429209664
0.25 0.25 0.25 0.25
100.34266318157805
45.0
407.62562701796446 149.66533143015533
1
407.62562701796446 316.5511625422231
0.25 0.25 0.25 0.25
166.88583111206776
45.0
360.47309782284685 266.4789821030806
3
213.82889207773644 266.4789821030806
0.25 0.25 0.25 0.25
146.6442057451104
45.0
108.0435417899713 414.50483052620166
0
108.0435417899713 448.4541183427391
0.25 0.25 0.25 0.25
137.0410511310593
45.0
394.70612674284655 475.4321871766848
3
255.08283315968663 475.4321871766848
0.25 0.25 0.25 0.25
139.6232935831599
45.0
147.69327281995487 472.0754137293758
3
52.17660173571143 472.0754137293758
0.25 0.25 0.25 0.25
95.51667108424344
45.0
474.1515569499302 83.84210956689299
1
474.1515569499302 79.70826562206321
0.25 0.25 0.25 0.25
163.5503751889562
45.0
270.41975176668666 61.707076870067056
1
270.41975176668666 206.23474897240035
0.25 0.25 0.25 0.25
144.5276721023333
45.0
65.58124332303402 186.63852640071926
0
65.58124332303402 41.93220134546158
0.25 0.25 0.25 0.25
144.70632505525768
45.0
155.33042215404137 105.05464038234999
3
5.415007300416676 105.05464038234999
0.25 0.25 0.25 0.25
149.9154148536247
45.0
4.5322600359164085 406.81747925382615
0
4.5322600359164085 430.01559971447205
0.25 0.25 0.25 0.25
163.16692103170175
45.0
17.656155459535057 343.2029732152611
2
94.72174954437565 343.2029732152611
0.25 0.25 0.25 0.25
112.37790500391071
45.0
111.93886289901934 52.049376984354694
2
36.664364333485764 52.049376984354694
0.25 0.25 0.25 0.25
148.6032272325051
45.0
236.63922901608507 325.20023491063284
2
270.8399456285056 325.20023491063284
0.25 0.25 0.25 0.25
34.200716612420514
45.0
358.6160703720694 9.612974688056148
1
358.6160703720694 24.241021356734777
0.25 0.25 0.25 0.25
33.853996044790925
45.0
272.61733376975076 360.11035457452897
0
272.61733376975076 312.5703837685462
0.25 0.25 0.25 0.25
47.53997080598276
45.0
378.5553250262197 418.5118843097899
1
378.5553250262197 453.66686652812336
0.25 0.25 0.25 0.25
35.15498221833351
45.0
318.9076135477676 303.28127403244093
3
279.03940623267226 303.28127403244093
0.25 0.25 0.25 0.25
39.86820731509532
45.0
60.56324803186992 8.970792659684768
1
60.56324803186992 15.305740548839584
0.25 0.25 0.25 0.25
24.276533208524352
45.0
129.9181712763137 412.2658845999511
0
129.9181712763137 405.1998724266777
0.25 0.25 0.25 0.25
7.066012173273423
45.0
129.2153255322035 220.57104928639905
2
152.55770683219095 220.57104928639905
0.25 0.25 0.25 0.25
23.342381299987423
45.0
402.18300992955744 351.5387053061688
0
402.18300992955744 337.2061226732031
0.25 0.25 0.25 0.25
14.332582632965762
45.0
57.3106876816467 290.9692345255105
0
57.3106876816467 283.13684650644063
0.25 0.25 0.25 0.25
7.832388019069869
45.0
147.56532397975104 345.8719554852424
2
192.64111201785857 345.8719554852424
0.25 0.25 0.25 0.25
45.07578803810755
45.0
462.32975681771813 6.293375173284964
1
462.32975681771813 19.379182538606987
0.25 0.25 0.25 0.25
25.67255771189195
45.0
19.503822079804657 100.80246032817499
2
24.686678786810774 100.80246032817499
0.25 0.25 0.25 0.25
5.182856707006117
45.0
37.752554951062166 440.34805753312406
1
37.752554951062166 469.2800851470745
0.25 0.25 0.25 0.25
28.93202761395041
45.0
240.43474763767756 369.22486363977134
1
240.43474763767756 395.4535409522389
0.25 0.25 0.25 0.25
26.22867731246754
45.0
112.14054061587704 357.8374311368782
0
112.14054061587704 320.3197199222949
0.25 0.25 0.25 0.25
37.517711214583315
45.0
25.804974767998832 135.42367021457207
2
27.26424590168837 135.42367021457207
0.25 0.25 0.25 0.25
1.459271133689538
45.0
194.4359367968902 177.78310655835065
1
194.4359367968902 221.10578323725926
0.25 0.25 0.25 0.25
43.3226766789086
45.0
116.14917594466203 45.297206702757734
3
101.88520819510019 45.297206702757734
0.25 0.25 0.25 0.25
14.263967749561846
45.0
