83119
359.17043494782877 245.65602776046907
3
248.92597500097585 245.65602776046907
0.25 0.25 0.25 0.25
110.24445994685291
45.0
23.149994241441448 318.3074177075358
0
23.149994241441448 190.01504035688623
0.25 0.25 0.25 0.25
128.2923773506496
45.0
135.99401787301292 226.17108473785413
2
270.98325301635225 226.17108473785413
0.25 0.25 0.25 0.25
134.98923514333933
45.0
187.0883861162145 453.5301433347811
0
187.0883861162145 279.48928053892956
0.25 0.25 0.25 0.25
174.04086279585152
45.0
74.5296593419666 109.74515181274157
1
74.5296593419666 23.774358346923407
0.25 0.25 0.25 0.25
133.51951015966497
45.0
192.09539392292595 184.09074905293244
1
192.09539392292595 307.324267401825
0.25 0.25 0.25 0.25
123.23351834889256
45.0
419.4953436392773 78.2441809936634
3
246.66595691804542 78.2441809936634
0.25 0.25 0.25 0.25
172.82938672123186
45.0
53.98414735429765 324.17417904046033
1
53.98414735429765 413.5144757743393
0.25 0.25 0.25 0.25
89.34029673387894
45.0
13.814717127531793 474.4847925111101
2
112.9508968399004 474.4847925111101
0.25 0.25 0.25 0.25
99.1361797123686
45.0
225.08813038794273 62.76947866946966
1
225.08813038794273 200.1212732064394
0.25 0.25 0.25 0.25
137.35179453696975
45.0
138.76248631483222 424.5023597314664
2
31.937977938131155 424.5023597314664
0.25 0.25 0.25 0.25
170.70046425296337
45.0
395.3903437882633 431.6796089036973
3
478.2481341074422 431.6796089036973
0.25 0.25 0.25 0.25
126.36152210429454
45.0
252.09300820969088 417.26048658341267
0
252.09300820969088 297.3184390668025
0.25 0.25 0.25 0.25
119.94204751661017
45.0
290.0494763528735 175.26074744810396
2
430.7158489329097 175.26074744810396
0.25 0.25 0.25 0.25
140.6663725800362
45.0
206.0792395934044 464.3701231466639
3
113.09350996746493 464.3701231466639
0.25 0.25 0.25 0.25
92.98572962593947
45.0
415.00594250264623 498.11867530726715
3
284.11391107262364 498.11867530726715
0.25 0.25 0.25 0.25
130.89203143002263
45.0
120.41501661641695 447.43856066290016
0
120.41501661641695 347.09589748132214
0.25 0.25 0.25 0.25
100.34266318157805
45.0
402.36568032833816 158.87023813700137
3
430.7484885595941 158.87023813700137
0.25 0.25 0.25 0.25
166.88583111206776
45.0
466.5108586859384 306.00083621111503
3
319.866652940828 306.00083621111503
0.25 0.25 0.25 0.25
146.6442057451104
45.0
178.56243363916576 478.26036810934875
0
178.56243363916576 341.21931697828944
0.25 0.25 0.25 0.25
137.0410511310593
45.0
21.110135829128183 456.6569780696732
2
160.73342941228807 456.6569780696732
0.25 0.25 0.25 0.25
139.6232935831599
45.0
204.22674751574516 45.175440234836415
1
204.22674751574516 140.69211131907986
0.25 0.25 0.25 0.25
95.51667108424344
45.0
460.1831726910766 79.70826562206321
1
460.1831726910766 243.2586408110194
0.25 0.25 0.25 0.25
163.5503751889562
45.0
221.6317881219791 257.21278334406827
1
221.6317881219791 401.7404554464016
0.25 0.25 0.25 0.25
144.5276721023333
45.0
78.52551870983785 405.1310492071153
0
78.52551870983785 260.4247241518576
0.25 0.25 0.25 0.25
144.70632505525768
45.0
294.4158224068327 457.676779919984
0
294.4158224068327 392.40780522639125
0.25 0.25 0.25 0.25
149.9154148536247
45.0
246.87220686016173 213.49499614663017
0
246.87220686016173 50.328075114928424
0.25 0.25 0.25 0.25
163.16692103170175
45.0
354.7898704712672 28.87154827392169
1
354.7898704712672 83.50635672998902
0.25 0.25 0.25 0.25
112.37790500391071
45.0
424.7936374362896 285.37966810819125
1
424.7936374362896 433.98289534069636
0.25 0.25 0.25 0.25
148.6032272325051
45.0
361.1313898746734 145.43057942344956
3
326.93067326225287 145.43057942344956
0.25 0.25 0.25 0.25
34.200716612420514
45.0
491.41782119389717 378.40086314837146
3
474.7281827613119 378.40086314837146
0.25 0.25 0.25 0.25
33.853996044790925
45.0
347.06289978238715 314.2309968429082
1
347.06289978238715 361.770967648891
0.25 0.25 0.25 0.25
47.53997080598276
45.0
241.76938259789532 47.467577794783274
2
276.92436481622883 47.467577794783274
0.25 0.25 0.25 0.25
35.15498221833351
45.0
202.6738986710884 138.5638235562244
2
242.54210598618374 138.5638235562244
0.25 0.25 0.25 0.25
39.86820731509532
45.0
182.20208405337365 358.1665344800283
2
206.478617261898 358.1665344800283
0.25 0.25 0.25 0.25
24.276533208524352
45.0
25.534096535701565 440.52993329304473
1
25.534096535701565 447.59594546631814
0.25 0.25 0.25 0.25
7.066012173273423
45.0
107.93088336713028 403.5877037868389
2
131.2732646671177 403.5877037868389
0.25 0.25 0.25 0.25
23.342381299987423
45.0
142.45513012314137 107.10393894873548
3
128.1225474901756 107.10393894873548
0.25 0.25 0.25 0.25
14.332582632965762
45.0
240.32005704300832 364.40569263541533
2
248.1524450620782 364.40569263541533
0.25 0.25 0.25 0.25
7.832388019069869
45.0
221.37364348674356 444.3561947230917
2
266.4494315248511 444.3561947230917
0.25 0.25 0.25 0.25
45.07578803810755
45.0
410.9846413939342 441.49710551166197
2
436.6571991058262 441.49710551166197
0.25 0.25 0.25 0.25
25.67255771189195
45.0
97.24667268489645 188.9110243472791
2
102.42952939190258 188.9110243472791
0.25 0.25 0.25 0.25
5.182856707006117
45.0
21.441493825376426 266.7558918494216
2
50.37352143932684 266.7558918494216
0.25 0.25 0.25 0.25
28.93202761395041
45.0
392.3637699877769 54.48073589016087
1
392.3637699877769 80.70941320262841
0.25 0.25 0.25 0.25
26.22867731246754
45.0
150.48343788620616 379.5385903610387
3
112.96572667162285 379.5385903610387
0.25 0.25 0.25 0.25
37.517711214583315
45.0
28.723517035377906 190.87597329477407
3
27.26424590168837 190.87597329477407
0.25 0.25 0.25 0.25
1.459271133689538
45.0
241.33704986090115 484.6202796958131
2
284.65972653980975 484.6202796958131
0.25 0.25 0.25 0.25
43.3226766789086
45.0
274.5750787205127 202.20085194793808
2
288.83904647007455 202.20085194793808
0.25 0.25 0.25 0.25
14.263967749561846
45.0
