83119
317.8960456899364 289.9665510171478
3
207.65158574308347 289.9665510171478
0.25 0.25 0.25 0.25
110.24445994685291
45.0
467.08321303129424 344.6464365127326
1
467.08321303129424 472.93881386338217
0.25 0.25 0.25 0.25
128.2923773506496
45.0
111.15549072292299 283.5490289889684
1
111.15549072292299 418.53826413230775
0.25 0.25 0.25 0.25
134.98923514333933
45.0
113.80831839579412 109.8977775232978
2
60.23254440005741 109.8977775232978
0.25 0.25 0.25 0.25
174.04086279585152
45.0
477.8808422159359 175.10858069508683
1
477.8808422159359 308.6280908547518
0.25 0.25 0.25 0.25
133.51951015966497
45.0
234.49095354950452 199.74165920260475
2
357.7244718983971 199.74165920260475
0.25 0.25 0.25 0.25
123.23351834889256
45.0
110.81289052420476 362.00252869706856
2
62.016496197027095 362.00252869706856
0.25 0.25 0.25 0.25
172.82938672123186
45.0
304.7483016286029 234.83388230658142
0
304.7483016286029 145.49358557270247
0.25 0.25 0.25 0.25
89.34029673387894
45.0
309.50843063851573 483.122995387424
0
309.50843063851573 383.98681567505537
0.25 0.25 0.25 0.25
99.1361797123686
45.0
362.43992492491236 458.02690385250185
0
362.43992492491236 404.62130161052846
0.25 0.25 0.25 0.25
137.35179453696975
45.0
162.9652718326124 132.78796788960219
2
7.735192420350984 132.78796788960219
0.25 0.25 0.25 0.25
170.70046425296337
45.0
362.7787888375036 272.6415562963339
3
236.4172667332091 272.6415562963339
0.25 0.25 0.25 0.25
126.36152210429454
45.0
213.07820042731794 93.55152764646378
2
333.0202479439281 93.55152764646378
0.25 0.25 0.25 0.25
119.94204751661017
45.0
323.3681053546834 372.06935093229424
0
323.3681053546834 231.40297835225803
0.25 0.25 0.25 0.25
140.6663725800362
45.0
414.8937247306179 163.68695834957816
1
414.8937247306179 256.67268797551765
0.25 0.25 0.25 0.25
92.98572962593947
45.0
192.31796320728597 313.33631893200925
1
192.31796320728597 444.22835036203185
0.25 0.25 0.25 0.25
130.89203143002263
45.0
280.9556361098953 57.701387060770514
1
280.9556361098953 158.04405024234856
0.25 0.25 0.25 0.25
100.34266318157805
45.0
235.4798492162704 178.8463841043539
1
235.4798492162704 345.73221521642165
0.25 0.25 0.25 0.25
166.88583111206776
45.0
67.18468633262603 427.22019251443703
2
79.45951941248438 427.22019251443703
0.25 0.25 0.25 0.25
146.6442057451104
45.0
274.89084268764026 163.46562376464533
2
411.93189381869956 163.46562376464533
0.25 0.25 0.25 0.25
137.0410511310593
45.0
255.08283315968666 196.185600010365
2
394.70612674284655 196.185600010365
0.25 0.25 0.25 0.25
139.6232935831599
45.0
102.85998366238938 376.55874264513227
2
198.37665474663282 376.55874264513227
0.25 0.25 0.25 0.25
95.51667108424344
45.0
469.75519645128134 228.69473588958635
3
366.69442835976247 228.69473588958635
0.25 0.25 0.25 0.25
163.5503751889562
45.0
452.21860874497986 483.5963884607338
3
307.69093664264653 483.5963884607338
0.25 0.25 0.25 0.25
144.5276721023333
45.0
197.34329299148786 221.5918979914461
0
197.34329299148786 76.88557293618842
0.25 0.25 0.25 0.25
144.70632505525768
45.0
54.822911275789636 242.49239037276655
2
95.09250357783506 242.49239037276655
0.25 0.25 0.25 0.25
149.9154148536247
45.0
146.70070725782858 301.82511020487874
2
309.86762828953033 301.82511020487874
0.25 0.25 0.25 0.25
163.16692103170175
45.0
94.72174954437565 242.22621324654676
1
94.72174954437565 354.6041182504575
0.25 0.25 0.25 0.25
112.37790500391071
45.0
333.870818798496 461.91835069059425
0
333.870818798496 389.47842207690064
0.25 0.25 0.25 0.25
148.6032272325051
45.0
284.55073841002746 264.97801992559664
1
284.55073841002746 299.1787365380172
0.25 0.25 0.25 0.25
34.200716612420514
45.0
204.96597149184225 61.70108543391047
0
204.96597149184225 27.847089389119546
0.25 0.25 0.25 0.25
33.853996044790925
45.0
225.077362963768 363.431580723253
2
272.61733376975076 363.431580723253
0.25 0.25 0.25 0.25
47.53997080598276
45.0
151.96493382955677 476.02316903520966
3
116.80995161122325 476.02316903520966
0.25 0.25 0.25 0.25
35.15498221833351
45.0
398.64402817795826 67.36684726448577
1
398.64402817795826 107.23505457958109
0.25 0.25 0.25 0.25
39.86820731509532
45.0
157.92555084484925 476.5598715108024
0
157.92555084484925 499.16359528067323
0.25 0.25 0.25 0.25
24.276533208524352
45.0
138.59029130807633 419.3318967732245
1
138.59029130807633 426.3979089464979
0.25 0.25 0.25 0.25
7.066012173273423
45.0
312.23198003264343 246.27657671334953
1
312.23198003264343 269.61895801333696
0.25 0.25 0.25 0.25
23.342381299987423
45.0
301.85493149879727 322.87354004023734
0
301.85493149879727 308.5409574072716
0.25 0.25 0.25 0.25
14.332582632965762
45.0
151.29934391048508 173.4834142394625
0
151.29934391048508 165.65102622039262
0.25 0.25 0.25 0.25
7.832388019069869
45.0
77.81361621078675 473.82489236232743
2
122.8894042488943 473.82489236232743
0.25 0.25 0.25 0.25
45.07578803810755
45.0
332.28978148714623 31.965932885176915
2
357.9623391990382 31.965932885176915
0.25 0.25 0.25 0.25
25.67255771189195
45.0
143.89238304795157 105.98531703518111
0
143.89238304795157 100.80246032817499
0.25 0.25 0.25 0.25
5.182856707006117
45.0
327.07283109056635 472.85585962502466
3
298.14080347661593 472.85585962502466
0.25 0.25 0.25 0.25
28.93202761395041
45.0
415.2821851740109 421.6822182647064
1
415.2821851740109 447.91089557717396
0.25 0.25 0.25 0.25
26.22867731246754
45.0
149.65825183046036 157.27067227021246
3
112.14054061587704 157.27067227021246
0.25 0.25 0.25 0.25
37.517711214583315
45.0
41.85695723858376 155.85346608622544
1
41.85695723858376 157.31273721991496
0.25 0.25 0.25 0.25
1.459271133689538
45.0
325.43618335001304 125.47563019400957
0
325.43618335001304 82.15295351510096
0.25 0.25 0.25 0.25
43.3226766789086
45.0
440.14556628825017 273.52069069574736
0
440.14556628825017 259.2567229461855
0.25 0.25 0.25 0.25
14.263967749561846
45.0
