83119
435.9403661151131 119.81184685696849
3
453.81517393803404 119.81184685696849
0.25 0.25 0.25 0.25
110.24445994685291
45.0
134.88411858973882 190.01504035688623
2
263.1764959403884 190.01504035688623
0.25 0.25 0.25 0.25
128.2923773506496
45.0
483.876803847059 171.09573074122943
3
348.8875687037197 171.09573074122943
0.25 0.25 0.25 0.25
134.98923514333933
45.0
98.59803256599622 283.9386403191491
0
98.59803256599622 109.89777752329758
0.25 0.25 0.25 0.25
174.04086279585152
45.0
338.7760272663221 424.3328888259183
3
205.25651710665716 424.3328888259183
0.25 0.25 0.25 0.25
133.51951015966497
45.0
40.23978956599963 185.60980599374523
0
40.23978956599963 62.37628764485267
0.25 0.25 0.25 0.25
123.23351834889256
45.0
456.7038048826064 288.04988804228634
3
283.87441816137454 288.04988804228634
0.25 0.25 0.25 0.25
172.82938672123186
45.0
107.4397101861287 139.7840405562659
2
196.78000692000765 139.7840405562659
0.25 0.25 0.25 0.25
89.34029673387894
45.0
93.95966546115073 95.21647941426346
1
93.95966546115073 194.35265912663206
0.25 0.25 0.25 0.25
99.1361797123686
45.0
49.19889760976122 349.28590494143964
0
49.19889760976122 211.9341104044699
0.25 0.25 0.25 0.25
137.35179453696975
45.0
114.55970079705205 14.990676474083159
1
114.55970079705205 185.69114072704653
0.25 0.25 0.25 0.25
170.70046425296337
45.0
99.1635677945586 178.34364794906287
1
99.1635677945586 304.7051700533574
0.25 0.25 0.25 0.25
126.36152210429454
45.0
467.5592768899702 182.4497509996383
3
412.49867559341965 182.4497509996383
0.25 0.25 0.25 0.25
119.94204751661017
45.0
430.7158489329097 448.7463106310273
0
430.7158489329097 410.5873167889365
0.25 0.25 0.25 0.25
140.6663725800362
45.0
27.191897513745772 279.51571386085186
2
120.17762713968524 279.51571386085186
0.25 0.25 0.25 0.25
92.98572962593947
45.0
284.11391107262364 240.09726183268765
3
153.221879642601 240.09726183268765
0.25 0.25 0.25 0.25
130.89203143002263
45.0
177.18634111253684 253.60649793130492
2
277.5290042941149 253.60649793130492
0.25 0.25 0.25 0.25
100.34266318157805
45.0
96.97682633545855 160.18522480940794
1
96.97682633545855 6.700606302659821
0.25 0.25 0.25 0.25
166.88583111206776
45.0
173.22244719571756 53.31886960291308
1
173.22244719571756 93.32533614219733
0.25 0.25 0.25 0.25
146.6442057451104
45.0
219.27507572175062 247.6575296285327
1
219.27507572175062 384.698580759592
0.25 0.25 0.25 0.25
137.0410511310593
45.0
46.800698924513796 147.11008609872775
0
46.800698924513796 7.486792515567856
0.25 0.25 0.25 0.25
139.6232935831599
45.0
108.71007643150172 101.02461277608496
3
13.193405347258278 101.02461277608496
0.25 0.25 0.25 0.25
95.51667108424344
45.0
432.3596987187557 23.615019023274783
1
432.3596987187557 139.9353561656814
0.25 0.25 0.25 0.25
163.5503751889562
45.0
498.99342761031255 188.0639376792648
1
498.99342761031255 332.5916097815981
0.25 0.25 0.25 0.25
144.5276721023333
45.0
487.3555061243891 173.69425101391542
3
367.9381688203532 173.69425101391542
0.25 0.25 0.25 0.25
144.70632505525768
45.0
404.061644958412 491.22361317713717
3
254.1462301047873 491.22361317713717
0.25 0.25 0.25 0.25
149.9154148536247
45.0
389.0406540820743 481.16963559975585
3
447.7924248862239 481.16963559975585
0.25 0.25 0.25 0.25
163.16692103170175
45.0
6.255010424338707 265.0285033169394
2
118.63291542824942 265.0285033169394
0.25 0.25 0.25 0.25
112.37790500391071
45.0
195.74522894871302 228.5880595667577
3
47.142001716207915 228.5880595667577
0.25 0.25 0.25 0.25
148.6032272325051
45.0
228.4600107762802 316.4341624855521
2
262.6607273887007 316.4341624855521
0.25 0.25 0.25 0.25
34.200716612420514
45.0
371.621718358461 61.70108543391047
0
371.621718358461 27.847089389119546
0.25 0.25 0.25 0.25
33.853996044790925
45.0
156.9030165584561 18.54879879897112
1
156.9030165584561 66.08876960495388
0.25 0.25 0.25 0.25
47.53997080598276
45.0
433.2047915762248 304.0822443885518
3
398.0498093578913 304.0822443885518
0.25 0.25 0.25 0.25
35.15498221833351
45.0
279.0394062326723 341.19967725431786
3
239.171198917577 341.19967725431786
0.25 0.25 0.25 0.25
39.86820731509532
45.0
211.1407557123993 42.57160276921162
1
211.1407557123993 66.84813597773598
0.25 0.25 0.25 0.25
24.276533208524352
45.0
52.19203737030608 454.66195763959155
3
45.12602519703266 454.66195763959155
0.25 0.25 0.25 0.25
7.066012173273423
45.0
458.0666028669418 129.56467021341234
0
458.0666028669418 106.22228891342492
0.25 0.25 0.25 0.25
23.342381299987423
45.0
144.19652253617392 477.2511646952578
0
144.19652253617392 462.91858206229205
0.25 0.25 0.25 0.25
14.332582632965762
45.0
169.8285648713795 364.40569263541533
1
169.8285648713795 372.2380806544852
0.25 0.25 0.25 0.25
7.832388019069869
45.0
401.6767956391737 300.79616744713485
1
401.6767956391737 345.8719554852424
0.25 0.25 0.25 0.25
45.07578803810755
45.0
282.6218528344745 30.736182121390787
1
282.6218528344745 56.40873983328274
0.25 0.25 0.25 0.25
25.67255771189195
45.0
211.26952023903118 69.70532008613824
1
211.26952023903118 74.88817679314437
0.25 0.25 0.25 0.25
5.182856707006117
45.0
428.8499815095656 22.564384290082558
1
428.8499815095656 51.49641190403297
0.25 0.25 0.25 0.25
28.93202761395041
45.0
345.3494568875477 342.2596859230857
3
319.1207795750802 342.2596859230857
0.25 0.25 0.25 0.25
26.22867731246754
45.0
211.71547146587778 129.89281465270477
3
174.19776025129448 129.89281465270477
0.25 0.25 0.25 0.25
37.517711214583315
45.0
41.85695723858376 214.2243114338065
2
43.3162283722733 214.2243114338065
0.25 0.25 0.25 0.25
1.459271133689538
45.0
107.79058343907298 0.913963457613832
1
107.79058343907298 44.23664013652243
0.25 0.25 0.25 0.25
43.3226766789086
45.0
482.93746953693574 401.8964004418041
0
482.93746953693574 387.6324326922422
0.25 0.25 0.25 0.25
14.263967749561846
45.0
