83119
207.65158574308347 400.2110109640007
2
317.8960456899364 400.2110109640007
0.25 0.25 0.25 0.25
110.24445994685291
45.0
329.01006987780005 398.7688087859683
0
329.01006987780005 270.4764314353187
0.25 0.25 0.25 0.25
128.2923773506496
45.0
23.833744420416338 38.40908585237969
1
23.833744420416338 173.39832099571902
0.25 0.25 0.25 0.25
134.98923514333933
45.0
287.8491811916456 283.93864031914933
3
113.80831839579406 283.93864031914933
0.25 0.25 0.25 0.25
174.04086279585152
45.0
255.0801374647342 290.81337866625336
3
121.56062730506923 290.81337866625336
0.25 0.25 0.25 0.25
133.51951015966497
45.0
357.7244718983971 169.9588958440729
1
357.7244718983971 293.1924141929655
0.25 0.25 0.25 0.25
123.23351834889256
45.0
283.6422772454367 226.14946230322795
1
283.6422772454367 398.9788490244598
0.25 0.25 0.25 0.25
172.82938672123186
45.0
143.32444408817656 1.3264639596075938
3
53.98414735429762 1.3264639596075938
0.25 0.25 0.25 0.25
89.34029673387894
45.0
3.461688625096059 185.71445625031814
2
102.59786833746466 185.71445625031814
0.25 0.25 0.25 0.25
99.1361797123686
45.0
88.15289692720864 84.50895848280436
2
225.5046914641784 84.50895848280436
0.25 0.25 0.25 0.25
137.35179453696975
45.0
324.93333540849756 327.6912176603457
1
324.93333540849756 498.39168191330907
0.25 0.25 0.25 0.25
170.70046425296337
45.0
499.96751222384563 95.5508331821935
1
499.96751222384563 221.91235528648804
0.25 0.25 0.25 0.25
126.36152210429454
45.0
52.672533043589084 66.85413973726507
1
52.672533043589084 186.79618725387525
0.25 0.25 0.25 0.25
119.94204751661017
45.0
223.9619930257148 487.2642764876696
0
223.9619930257148 346.5979039076334
0.25 0.25 0.25 0.25
140.6663725800362
45.0
65.79383211219427 301.24168978011915
2
158.77956173813374 301.24168978011915
0.25 0.25 0.25 0.25
92.98572962593947
45.0
200.3581310827819 32.2035239178777
1
200.3581310827819 163.09555534790033
0.25 0.25 0.25 0.25
130.89203143002263
45.0
478.2143306572709 459.07203978708264
3
421.44300616115106 459.07203978708264
0.25 0.25 0.25 0.25
100.34266318157805
45.0
265.1776441199329 9.330579647472973
1
265.1776441199329 176.21641075954074
0.25 0.25 0.25 0.25
166.88583111206776
45.0
52.9500791967115 254.06654655355374
0
52.9500791967115 107.42234080844332
0.25 0.25 0.25 0.25
146.6442057451104
45.0
451.0270550502412 341.21931697828944
1
451.0270550502412 478.26036810934875
0.25 0.25 0.25 0.25
137.0410511310593
45.0
138.0964844944074 362.3075743222746
2
277.7197780775673 362.3075743222746
0.25 0.25 0.25 0.25
139.6232935831599
45.0
293.8933258308763 421.39203180269783
0
293.8933258308763 325.8753607184544
0.25 0.25 0.25 0.25
95.51667108424344
45.0
105.25894834084329 228.69473588958635
1
105.25894834084329 392.24511107854255
0.25 0.25 0.25 0.25
163.5503751889562
45.0
30.32929715431311 194.54104425606718
2
174.8569692566464 194.54104425606718
0.25 0.25 0.25 0.25
144.5276721023333
45.0
66.18080634541985 195.70334721783843
2
210.88713140067753 195.70334721783843
0.25 0.25 0.25 0.25
144.70632505525768
45.0
5.415007300416676 307.7613650663593
0
5.415007300416676 157.8459502127346
0.25 0.25 0.25 0.25
149.9154148536247
45.0
330.8661020993199 250.67107431959505
3
167.69918106761816 250.67107431959505
0.25 0.25 0.25 0.25
163.16692103170175
45.0
17.656155459535057 478.38316828956454
2
94.72174954437565 478.38316828956454
0.25 0.25 0.25 0.25
112.37790500391071
45.0
117.10954558855724 240.87519484439554
2
31.493681643947866 240.87519484439554
0.25 0.25 0.25 0.25
148.6032272325051
45.0
168.23779579124405 393.014813950198
3
134.03707917882355 393.014813950198
0.25 0.25 0.25 0.25
34.200716612420514
45.0
340.3819556710059 467.9490379714015
2
374.23595171579683 467.9490379714015
0.25 0.25 0.25 0.25
33.853996044790925
45.0
442.1428413943527 493.94850685879874
0
442.1428413943527 458.5115223352185
0.25 0.25 0.25 0.25
47.53997080598276
45.0
187.11991604789029 229.93829350687523
3
151.96493382955677 229.93829350687523
0.25 0.25 0.25 0.25
35.15498221833351
45.0
318.9076135477676 67.36684726448577
2
358.77582086286293 67.36684726448577
0.25 0.25 0.25 0.25
39.86820731509532
45.0
36.54288480222749 304.9513296124783
3
12.266351593703138 304.9513296124783
0.25 0.25 0.25 0.25
24.276533208524352
45.0
159.78832782789664 468.79398198613836
0
159.78832782789664 461.72796981286496
0.25 0.25 0.25 0.25
7.066012173273423
45.0
265.54721743266856 106.22228891342492
1
265.54721743266856 129.56467021341234
0.25 0.25 0.25 0.25
23.342381299987423
45.0
187.19427043507122 351.5387053061688
1
187.19427043507122 365.87128793913456
0.25 0.25 0.25 0.25
14.332582632965762
45.0
96.472627776996 181.31580225853236
3
88.64023975792614 181.31580225853236
0.25 0.25 0.25 0.25
7.832388019069869
45.0
372.94426417028865 104.88592489583303
2
418.0200522083962 104.88592489583303
0.25 0.25 0.25 0.25
45.07578803810755
45.0
359.6395259701503 70.72429796239089
0
359.6395259701503 45.05174025049894
0.25 0.25 0.25 0.25
25.67255771189195
45.0
102.42952939190258 137.08245727721786
2
107.6123860989087 137.08245727721786
0.25 0.25 0.25 0.25
5.182856707006117
45.0
49.043527890789036 328.19572155527254
1
49.043527890789036 357.12774916922297
0.25 0.25 0.25 0.25
28.93202761395041
45.0
401.1170736387163 499.63174979789096
0
401.1170736387163 474.1395728896415
0.25 0.25 0.25 0.25
26.22867731246754
45.0
112.14054061587704 119.75296105562914
0
112.14054061587704 82.23524984104583
0.25 0.25 0.25 0.25
37.517711214583315
45.0
34.56060157013606 183.57961762632644
2
36.0198727038256 183.57961762632644
0.25 0.25 0.25 0.25
1.459271133689538
45.0
324.403966833616 177.78310655835065
1
324.403966833616 221.10578323725926
0.25 0.25 0.25 0.25
43.3226766789086
45.0
497.2014372864976 244.99275519662365
0
497.2014372864976 230.7287874470618
0.25 0.25 0.25 0.25
14.263967749561846
45.0
