45302
322.3419997411878 5.512596738903284
3
212.88746588509107 5.512596738903284
0.25 0.25 0.25 0.25
109.45453385609673
45.0
116.41045630302347 272.4242754425987
2
246.9640499798142 272.4242754425987
0.25 0.25 0.25 0.25
130.55359367679074
45.0
424.83520687300063 224.88576325007114
0
424.83520687300063 93.93561071588425
0.25 0.25 0.25 0.25
130.95015253418688
45.0
387.78649169560776 177.18249991880646
1
387.78649169560776 224.04870777276693
0.25 0.25 0.25 0.25
46.86620785396047
45.0
130.57902294062893 133.13061236191334
3
120.64010193150892 133.13061236191334
0.25 0.25 0.25 0.25
9.938921009120016
45.0
36.21149098876943 278.69431779597534
2
62.75510148450349 278.69431779597534
0.25 0.25 0.25 0.25
26.543610495734065
45.0
462.47239234394175 373.46520811037897
1
462.47239234394175 374.6592182949567
0.25 0.25 0.25 0.25
1.1940101845777484
45.0
328.54938968167266 454.30096067824036
3
307.47309650635975 454.30096067824036
0.25 0.25 0.25 0.25
21.076293175312937
45.0
55.57778225801875 188.90240342002488
3
11.3521730128585 188.90240342002488
0.25 0.25 0.25 0.25
44.22560924516025
45.0
122.29442306713517 77.77321174373401
1
122.29442306713517 86.84812189083297
0.25 0.25 0.25 0.25
9.074910147098963
45.0
255.19949947183878 132.03010375790961
1
255.19949947183878 155.55291112905317
0.25 0.25 0.25 0.25
23.52280737114355
45.0
225.04700004161953 271.95071388394297
2
255.00265290643438 271.95071388394297
0.25 0.25 0.25 0.25
29.95565286481485
45.0
102.70134844634947 353.02645232895196
1
102.70134844634947 393.7913728819443
0.25 0.25 0.25 0.25
40.76492055299237
45.0
136.55730387712154 116.1384968785304
2
157.92129574463002 116.1384968785304
0.25 0.25 0.25 0.25
21.363991867508485
45.0
317.5317059318206 183.46925590132247
1
317.5317059318206 191.72780454167207
0.25 0.25 0.25 0.25
8.2585486403496
45.0
99.60841161365349 15.298290697251929
3
55.21492441977398 15.298290697251929
0.25 0.25 0.25 0.25
44.39348719387951
45.0
139.94697810276875 131.3979053680597
1
139.94697810276875 166.39941390927413
0.25 0.25 0.25 0.25
35.00150854121445
45.0
455.5123326795882 354.9006491718578
2
492.6018650163336 354.9006491718578
0.25 0.25 0.25 0.25
37.08953233674539
45.0
144.68586800418473 423.20262389841156
1
144.68586800418473 441.3833002578308
0.25 0.25 0.25 0.25
18.180676359419245
45.0
350.5108309352531 337.96051283571376
1
350.5108309352531 376.3408891017398
0.25 0.25 0.25 0.25
38.38037626602599
45.0
7.473845530669358 122.89617766931376
1
7.473845530669358 143.76641184415035
0.25 0.25 0.25 0.25
20.8702341748366
45.0
14.810321939648645 65.2200751642294
2
34.47226578322204 65.2200751642294
0.25 0.25 0.25 0.25
49.28258772287069
45.0
376.50444836610785 191.9207307170273
2
397.82663806768585 191.9207307170273
0.25 0.25 0.25 0.25
21.322189701578008
45.0
55.81137437496079 383.040768343192
1
55.81137437496079 398.0220227190524
0.25 0.25 0.25 0.25
14.98125437586043
45.0
318.54818620263296 34.162998351134114
1
318.54818620263296 79.51830496537085
0.25 0.25 0.25 0.25
45.35530661423673
45.0
113.00801970814126 64.64007683177996
2
153.65567458577195 64.64007683177996
0.25 0.25 0.25 0.25
40.64765487763069
45.0
409.33196615283924 151.01770629344975
1
409.33196615283924 195.74495488206867
0.25 0.25 0.25 0.25
44.72724858861891
45.0
177.8982265932757 199.975264075874
0
177.8982265932757 156.54536270725166
0.25 0.25 0.25 0.25
43.429901368622346
45.0
160.79718898872375 292.0770403048163
2
210.38807995873168 292.0770403048163
0.25 0.25 0.25 0.25
49.59089097000795
45.0
47.406727221661306 216.7083777788505
2
84.95782940656352 216.7083777788505
0.25 0.25 0.25 0.25
37.55110218490221
45.0
274.5729553259159 194.20693115275043
1
274.5729553259159 228.7724113266531
0.25 0.25 0.25 0.25
34.56548017390267
45.0
20.93573496131595 59.12055852492101
1
20.93573496131595 88.47812297130034
0.25 0.25 0.25 0.25
29.35756444637933
45.0
17.261646879357087 94.971881337482
2
31.867489685587543 94.971881337482
0.25 0.25 0.25 0.25
49.12913656494463
45.0
446.3231414773624 323.0462386931704
1
446.3231414773624 332.6925653725113
0.25 0.25 0.25 0.25
9.646326679340934
45.0
180.13359023477045 318.5320927259512
2
227.1416834810333 318.5320927259512
0.25 0.25 0.25 0.25
47.00809324626286
45.0
70.79083707439673 47.85643218719099
3
34.61431201692369 47.85643218719099
0.25 0.25 0.25 0.25
36.17652505747304
45.0
257.918479011198 72.15919628280099
3
220.8339337780683 72.15919628280099
0.25 0.25 0.25 0.25
37.08454523312967
45.0
356.93061373364026 205.51661185856577
1
356.93061373364026 210.3806587300095
0.25 0.25 0.25 0.25
4.864046871443706
45.0
87.25111249981967 301.89369402906743
0
87.25111249981967 280.6836380447486
0.25 0.25 0.25 0.25
21.210055984318863
45.0
247.0484137481654 109.10472564039901
3
224.6120410127511 109.10472564039901
0.25 0.25 0.25 0.25
22.436372735414288
45.0
346.73482599688236 116.18694410623696
0
346.73482599688236 102.23403939791135
0.25 0.25 0.25 0.25
13.952904708325619
45.0
279.8743448313118 128.33170821428428
0
279.8743448313118 110.23769328823104
0.25 0.25 0.25 0.25
18.09401492605324
45.0
474.0739347726036 450.7050072161155
3
493.78965924666284 450.7050072161155
0.25 0.25 0.25 0.25
32.13640598073354
45.0
381.9783011340549 62.442530232467206
3
368.33336956925586 62.442530232467206
0.25 0.25 0.25 0.25
13.644931564799052
45.0
116.89300416256849 66.58612014645216
2
131.08916712831018 66.58612014645216
0.25 0.25 0.25 0.25
14.196162965741689
45.0
0.6170130652244481 446.38329655552076
2
30.609790986757346 446.38329655552076
0.25 0.25 0.25 0.25
29.9927779215329
45.0
452.227083198544 292.7547968786567
3
424.57746551445337 292.7547968786567
0.25 0.25 0.25 0.25
27.64961768409064
45.0
116.11640585978637 445.9441030874654
0
116.11640585978637 432.70107280672215
0.25 0.25 0.25 0.25
13.243030280743262
45.0
