45302
364.2035939856513 213.39647097329012
1
364.2035939856513 322.85100482938685
0.25 0.25 0.25 0.25
109.45453385609673
45.0
160.83920571734927 249.79009926456416
3
30.285612040558533 249.79009926456416
0.25 0.25 0.25 0.25
130.55359367679074
45.0
75.07119956284856 82.08210242958586
2
55.87895297133832 82.08210242958586
0.25 0.25 0.25 0.25
130.95015253418688
45.0
487.42451980934095 260.42300583366784
0
487.42451980934095 213.55679797970737
0.25 0.25 0.25 0.25
46.86620785396047
45.0
249.84607505006903 212.6419804348734
3
239.90715404094902 212.6419804348734
0.25 0.25 0.25 0.25
9.938921009120016
45.0
486.00352008801735 39.8290081528335
0
486.00352008801735 13.285397657099438
0.25 0.25 0.25 0.25
26.543610495734065
45.0
469.63645345140816 392.5693710636227
2
470.8304636359859 392.5693710636227
0.25 0.25 0.25 0.25
1.1940101845777484
45.0
135.12906017521192 377.08869391925634
3
114.05276699989898 377.08869391925634
0.25 0.25 0.25 0.25
21.076293175312937
45.0
453.60826546446094 174.7500545090462
0
453.60826546446094 130.52444526388595
0.25 0.25 0.25 0.25
44.22560924516025
45.0
58.77005203744244 141.29758277342674
3
49.69514189034348 141.29758277342674
0.25 0.25 0.25 0.25
9.074910147098963
45.0
102.58193828580517 155.55291112905326
0
102.58193828580517 132.0301037579097
0.25 0.25 0.25 0.25
23.52280737114355
45.0
255.00265290643438 80.75334123394396
1
255.00265290643438 110.70899409875881
0.25 0.25 0.25 0.25
29.95565286481485
45.0
41.235319940810946 209.0897839417916
1
41.235319940810946 249.854704494784
0.25 0.25 0.25 0.25
40.76492055299237
45.0
136.55730387712157 432.49075711825867
3
115.19331200961308 432.49075711825867
0.25 0.25 0.25 0.25
21.363991867508485
45.0
226.687670887975 340.3816800679649
3
218.4291222476254 340.3816800679649
0.25 0.25 0.25 0.25
8.2585486403496
45.0
120.65861707288252 372.7392645237096
1
120.65861707288252 417.13275171758914
0.25 0.25 0.25 0.25
44.39348719387951
45.0
385.0756500154479 183.61567150287033
3
350.07414147423344 183.61567150287033
0.25 0.25 0.25 0.25
35.00150854121445
45.0
173.592343952958 200.02496278719764
3
136.50281161621263 200.02496278719764
0.25 0.25 0.25 0.25
37.08953233674539
45.0
200.80978305672272 205.0345075853807
0
200.80978305672272 186.85383122596147
0.25 0.25 0.25 0.25
18.180676359419245
45.0
107.9434671737348 122.60400235659819
2
146.3238434397608 122.60400235659819
0.25 0.25 0.25 0.25
38.38037626602599
45.0
443.9775228100814 398.8596767016012
1
443.9775228100814 419.72991087643777
0.25 0.25 0.25 0.25
20.8702341748366
45.0
182.32002895183416 65.22007516422946
2
231.60261667470485 65.22007516422946
0.25 0.25 0.25 0.25
49.28258772287069
45.0
56.671602842437835 236.70802609434935
1
56.671602842437835 258.03021579592735
0.25 0.25 0.25 0.25
21.322189701578008
45.0
404.8634680940637 113.37818957770423
0
404.8634680940637 98.3969352018438
0.25 0.25 0.25 0.25
14.98125437586043
45.0
89.64957332549756 9.009053776310637
1
89.64957332549756 36.346252837926095
0.25 0.25 0.25 0.25
45.35530661423673
45.0
90.23025468001222 129.74401464627388
1
90.23025468001222 170.39166952390457
0.25 0.25 0.25 0.25
40.64765487763069
45.0
9.213802195114837 251.52753100412048
2
53.94105078373375 251.52753100412048
0.25 0.25 0.25 0.25
44.72724858861891
45.0
4.178621118786353 192.00611676341333
1
4.178621118786353 235.43601813203568
0.25 0.25 0.25 0.25
43.429901368622346
45.0
244.11211937118105 228.3784111947868
1
244.11211937118105 277.9693021647947
0.25 0.25 0.25 0.25
49.59089097000795
45.0
290.55319244245857 496.7625637342916
0
290.55319244245857 459.21146154938936
0.25 0.25 0.25 0.25
37.55110218490221
45.0
205.44199497811059 194.20693115275043
3
170.87651480420791 194.20693115275043
0.25 0.25 0.25 0.25
34.56548017390267
45.0
110.85123712355643 264.62350964957636
0
110.85123712355643 235.26594520319702
0.25 0.25 0.25 0.25
29.35756444637933
45.0
445.12927680112864 298.06121118207506
0
445.12927680112864 248.9320746171304
0.25 0.25 0.25 0.25
49.12913656494463
45.0
272.6892612492259 477.38746556262504
2
282.33558792856684 477.38746556262504
0.25 0.25 0.25 0.25
9.646326679340934
45.0
428.0040982945645 2.3054818305908498
3
380.99600504830164 2.3054818305908498
0.25 0.25 0.25 0.25
47.00809324626286
45.0
484.7997403969441 84.03295724466403
3
479.0237345455828 84.03295724466403
0.25 0.25 0.25 0.25
36.17652505747304
45.0
183.74938854493863 482.8262609196429
0
183.74938854493863 445.7417156865132
0.25 0.25 0.25 0.25
37.08454523312967
45.0
313.15419189064704 288.2054086731088
3
308.29014501920335 288.2054086731088
0.25 0.25 0.25 0.25
4.864046871443706
45.0
85.556704111745 111.00319017019766
2
106.76676009606388 111.00319017019766
0.25 0.25 0.25 0.25
21.210055984318863
45.0
67.55743186485103 160.13174718457242
2
89.99380460026532 160.13174718457242
0.25 0.25 0.25 0.25
22.436372735414288
45.0
318.82901658023115 223.201042773398
3
304.87611187190555 223.201042773398
0.25 0.25 0.25 0.25
13.952904708325619
45.0
412.5274014257827 435.9299619571895
0
412.5274014257827 417.83594703113624
0.25 0.25 0.25 0.25
18.09401492605324
45.0
377.6647168304029 161.47735338951347
0
377.6647168304029 129.34094740877993
0.25 0.25 0.25 0.25
32.13640598073354
45.0
222.318683486773 459.9848649995664
3
208.67375192197397 459.9848649995664
0.25 0.25 0.25 0.25
13.644931564799052
45.0
67.65711439207347 194.35158683812733
1
67.65711439207347 208.547749803869
0.25 0.25 0.25 0.25
14.196162965741689
45.0
119.35409862090714 433.64559175834773
2
149.34687654244004 433.64559175834773
0.25 0.25 0.25 0.25
29.9927779215329
45.0
17.8164174309967 11.390997646340331
2
9.833200253093938 11.390997646340331
0.25 0.25 0.25 0.25
27.64961768409064
45.0
460.10662515642946 30.80498701929185
3
446.8635948756862 30.80498701929185
0.25 0.25 0.25 0.25
13.243030280743262
45.0
