45302
337.25119503631726 144.78552118525886
1
337.25119503631726 254.2400550413556
0.25 0.25 0.25 0.25
109.45453385609673
45.0
228.08892074683587 139.1380271996211
2
358.6425144236266 139.1380271996211
0.25 0.25 0.25 0.25
130.55359367679074
45.0
389.27468201410557 191.67171092508636
1
389.27468201410557 322.62186345927324
0.25 0.25 0.25 0.25
130.95015253418688
45.0
2.9528062029061033 369.9650566084189
0
2.9528062029061033 323.0988487544584
0.25 0.25 0.25 0.25
46.86620785396047
45.0
193.5743484392105 165.03701791168703
1
193.5743484392105 174.97593892080704
0.25 0.25 0.25 0.25
9.938921009120016
45.0
275.10398545037606 145.97626531730498
0
275.10398545037606 119.4326548215709
0.25 0.25 0.25 0.25
26.543610495734065
45.0
495.9046775121183 390.18135069446726
1
495.9046775121183 391.375360879045
0.25 0.25 0.25 0.25
1.1940101845777484
45.0
349.6256828569856 386.5029146795488
2
370.7019760322985 386.5029146795488
0.25 0.25 0.25 0.25
21.076293175312937
45.0
475.1295286839043 338.76824379419116
3
430.9039194387441 338.76824379419116
0.25 0.25 0.25 0.25
44.22560924516025
45.0
258.4180752736196 14.248840714041277
2
267.4929854207186 14.248840714041277
0.25 0.25 0.25 0.25
9.074910147098963
45.0
478.9468562241018 79.67516258238226
1
478.9468562241018 103.19796995352581
0.25 0.25 0.25 0.25
23.52280737114355
45.0
86.73219117865517 50.797688369129105
2
116.68784404347002 50.797688369129105
0.25 0.25 0.25 0.25
29.95565286481485
45.0
205.87309628051742 353.0264523289519
0
205.87309628051742 312.26153177595955
0.25 0.25 0.25 0.25
40.76492055299237
45.0
8.883021422538697 80.24504770194507
0
8.883021422538697 58.88105583443658
0.25 0.25 0.25 0.25
21.363991867508485
45.0
360.3848970945449 489.03555559425774
3
352.1263484541953 489.03555559425774
0.25 0.25 0.25 0.25
8.2585486403496
45.0
388.71994751902116 59.691777891131466
1
388.71994751902116 104.08526508501097
0.25 0.25 0.25 0.25
44.39348719387951
45.0
419.95904643248423 151.35566621405542
2
454.96055497369866 151.35566621405542
0.25 0.25 0.25 0.25
35.00150854121445
45.0
123.12391474100512 135.1982013356362
1
123.12391474100512 172.2877336723816
0.25 0.25 0.25 0.25
37.08953233674539
45.0
362.7911840852737 114.13112578828452
1
362.7911840852737 132.31180214770376
0.25 0.25 0.25 0.25
18.180676359419245
45.0
235.3697021371751 453.1016416337918
1
235.3697021371751 491.48201789981783
0.25 0.25 0.25 0.25
38.38037626602599
45.0
256.14541523655214 206.37711436866013
2
277.0156494113887 206.37711436866013
0.25 0.25 0.25 0.25
20.8702341748366
45.0
13.886169145523922 230.47545117299467
2
35.396418577346765 230.47545117299467
0.25 0.25 0.25 0.25
49.28258772287069
45.0
248.57131015663987 196.2065626653594
1
248.57131015663987 217.5287523669374
0.25 0.25 0.25 0.25
21.322189701578008
45.0
175.66140938184424 353.0782595914711
1
175.66140938184424 368.05951396733155
0.25 0.25 0.25 0.25
14.98125437586043
45.0
456.8585352129754 77.33505047857886
3
497.7861581727878 77.33505047857886
0.25 0.25 0.25 0.25
45.35530661423673
45.0
155.33419249450614 211.62859631553914
3
114.68653761687546 211.62859631553914
0.25 0.25 0.25 0.25
40.64765487763069
45.0
287.8764068748337 167.01823734383362
2
332.60365546345264 167.01823734383362
0.25 0.25 0.25 0.25
44.72724858861891
45.0
481.907536173632 322.29582086928036
3
438.4776348050097 322.29582086928036
0.25 0.25 0.25 0.25
43.429901368622346
45.0
144.93033743116516 465.89406238532433
0
144.93033743116516 416.3031714153164
0.25 0.25 0.25 0.25
49.59089097000795
45.0
235.1622381461724 301.6021663488374
0
235.1622381461724 264.05106416393517
0.25 0.25 0.25 0.25
37.55110218490221
45.0
136.31103463030524 358.84075162969225
0
136.31103463030524 324.2752714557896
0.25 0.25 0.25 0.25
34.56548017390267
45.0
153.36684289385755 293.17021483163103
3
124.00927844747822 293.17021483163103
0.25 0.25 0.25 0.25
29.35756444637933
45.0
364.28827237234657 101.54466492229649
1
364.28827237234657 150.67380148724112
0.25 0.25 0.25 0.25
49.12913656494463
45.0
378.798854721976 294.10725865514763
2
388.4451814013169 294.10725865514763
0.25 0.25 0.25 0.25
9.646326679340934
45.0
227.1416834810333 198.55693298294028
2
274.14977672729617 198.55693298294028
0.25 0.25 0.25 0.25
47.00809324626286
45.0
44.90543385590627 24.496617927755096
3
8.728908798433224 24.496617927755096
0.25 0.25 0.25 0.25
36.17652505747304
45.0
256.63575771669673 183.41283198218997
1
256.63575771669673 220.49737721531963
0.25 0.25 0.25 0.25
37.08454523312967
45.0
429.8913168052956 181.1963775013472
2
434.7553636767393 181.1963775013472
0.25 0.25 0.25 0.25
4.864046871443706
45.0
362.98184029596484 337.53535423751225
3
341.771784311646 337.53535423751225
0.25 0.25 0.25 0.25
21.210055984318863
45.0
201.67904096012046 294.7499835970582
0
201.67904096012046 272.3136108616439
0.25 0.25 0.25 0.25
22.436372735414288
45.0
276.97030245525434 153.43651923176998
2
290.92320716357995 153.43651923176998
0.25 0.25 0.25 0.25
13.952904708325619
45.0
442.7204791657912 87.31449929510649
2
460.81449409184444 87.31449929510649
0.25 0.25 0.25 0.25
18.09401492605324
45.0
236.6984114007943 131.52171503434818
2
268.83481738152784 131.52171503434818
0.25 0.25 0.25 0.25
32.13640598073354
45.0
300.1087117452607 389.9208877876442
0
300.1087117452607 376.27595622284514
0.25 0.25 0.25 0.25
13.644931564799052
45.0
421.28101884122606 209.4095686007222
0
421.28101884122606 195.21340563498052
0.25 0.25 0.25 0.25
14.196162965741689
45.0
290.3064636911389 243.45059563973584
2
320.2992416126718 243.45059563973584
0.25 0.25 0.25 0.25
29.9927779215329
45.0
377.2614473241749 255.6237934304188
3
349.6118296400843 255.6237934304188
0.25 0.25 0.25 0.25
27.64961768409064
45.0
301.1902617875104 83.7771081422649
1
301.1902617875104 97.02013842300815
0.25 0.25 0.25 0.25
13.243030280743262
45.0
