45302
364.2035939856513 458.23992745841963
0
364.2035939856513 348.78539360232287
0.25 0.25 0.25 0.25
109.45453385609673
45.0
160.83920571734927 358.5491197050636
1
160.83920571734927 489.10271338185436
0.25 0.25 0.25 0.25
130.55359367679074
45.0
75.07119956284856 215.56591462598465
2
206.02135209703545 215.56591462598465
0.25 0.25 0.25 0.25
130.95015253418688
45.0
487.42451980934095 401.02162939554927
3
440.5583119553805 401.02162939554927
0.25 0.25 0.25 0.25
46.86620785396047
45.0
279.66283807742906 93.3749283254333
0
279.66283807742906 83.4360073163133
0.25 0.25 0.25 0.25
9.938921009120016
45.0
468.1171084301779 39.829008152833474
3
441.5734979344438 39.829008152833474
0.25 0.25 0.25 0.25
26.543610495734065
45.0
468.4424432668304 397.34541180193366
0
468.4424432668304 396.15140161735593
0.25 0.25 0.25 0.25
1.1940101845777484
45.0
219.43423287646368 18.791709938936496
1
219.43423287646368 39.86800311424943
0.25 0.25 0.25 0.25
21.076293175312937
45.0
281.0380790645777 307.42688224452695
0
281.0380790645777 263.2012729993667
0.25 0.25 0.25 0.25
44.22560924516025
45.0
4.754318992250296 141.29758277342674
2
13.829229139349259 141.29758277342674
0.25 0.25 0.25 0.25
9.074910147098963
45.0
455.42404885295826 326.94532670578906
2
478.9468562241018 326.94532670578906
0.25 0.25 0.25 0.25
23.52280737114355
45.0
175.83994266208344 301.9063667487578
3
145.8842897972686 301.9063667487578
0.25 0.25 0.25 0.25
29.95565286481485
45.0
102.70134844634941 209.0897839417916
1
102.70134844634941 249.854704494784
0.25 0.25 0.25 0.25
40.76492055299237
45.0
93.82932014210459 9.318537540987968
1
93.82932014210459 30.682529408496453
0.25 0.25 0.25 0.25
21.363991867508485
45.0
177.1363790458774 431.22571511181053
0
177.1363790458774 422.9671664714609
0.25 0.25 0.25 0.25
8.2585486403496
45.0
323.2762548659126 150.771828554312
2
367.66974205979216 150.771828554312
0.25 0.25 0.25 0.25
44.39348719387951
45.0
70.06207314451794 236.402430991703
0
70.06207314451794 201.40092245048857
0.25 0.25 0.25 0.25
35.00150854121445
45.0
471.72597573904636 422.5621568076699
3
434.636443402301 422.5621568076699
0.25 0.25 0.25 0.25
37.08953233674539
45.0
182.62910669730348 168.67315486654223
2
200.80978305672272 168.67315486654223
0.25 0.25 0.25 0.25
18.180676359419245
45.0
352.6210480185771 160.98437862262418
0
352.6210480185771 122.60400235659819
0.25 0.25 0.25 0.25
38.38037626602599
45.0
284.70943291704305 64.93592990421564
0
284.70943291704305 44.065695729379044
0.25 0.25 0.25 0.25
20.8702341748366
45.0
428.7329675661876 343.3888721613223
3
379.4503798433169 343.3888721613223
0.25 0.25 0.25 0.25
49.28258772287069
45.0
28.6171559638742 2.1639393769913013
1
28.6171559638742 19.158250324586707
0.25 0.25 0.25 0.25
21.322189701578008
45.0
475.28649689905285 308.13449646388983
3
460.3052425231924 308.13449646388983
0.25 0.25 0.25 0.25
14.98125437586043
45.0
225.7154931682078 464.7453744054699
0
225.7154931682078 419.39006779123315
0.25 0.25 0.25 0.25
45.35530661423673
45.0
478.8369136068176 332.9822890344273
1
478.8369136068176 373.629943912058
0.25 0.25 0.25 0.25
40.64765487763069
45.0
498.7864633300771 88.61906770002861
3
456.486288081304 88.61906770002861
0.25 0.25 0.25 0.25
44.72724858861891
45.0
308.1879306991427 113.1154613386293
0
308.1879306991427 69.68555997000695
0.25 0.25 0.25 0.25
43.429901368622346
45.0
136.74815683132397 234.3039687349671
1
136.74815683132397 283.89485970497503
0.25 0.25 0.25 0.25
49.59089097000795
45.0
13.815718155783216 459.21146154938936
1
13.815718155783216 496.7625637342916
0.25 0.25 0.25 0.25
37.55110218490221
45.0
0.44803897787164715 45.35250502139118
0
0.44803897787164715 10.78702484748851
0.25 0.25 0.25 0.25
34.56548017390267
45.0
494.34238374959034 499.4840252206111
3
464.984819303211 499.4840252206111
0.25 0.25 0.25 0.25
29.35756444637933
45.0
407.4833135040374 488.00497385703915
3
358.3541769390928 488.00497385703915
0.25 0.25 0.25 0.25
49.12913656494463
45.0
349.85987468395325 313.39991201382946
1
349.85987468395325 323.0462386931704
0.25 0.25 0.25 0.25
9.646326679340934
45.0
239.971725309513 83.49162649463688
3
192.96363206325015 83.49162649463688
0.25 0.25 0.25 0.25
47.00809324626286
45.0
383.4368609824089 24.496617927755096
1
383.4368609824089 11.679907129717947
0.25 0.25 0.25 0.25
36.17652505747304
45.0
74.55970679246778 331.75101291470867
1
74.55970679246778 368.83555814783836
0.25 0.25 0.25 0.25
37.08454523312967
45.0
313.15419189064704 293.0694555445525
3
308.29014501920335 293.0694555445525
0.25 0.25 0.25 0.25
4.864046871443706
45.0
234.0270960019771 16.257145735715532
2
255.23715198629597 16.257145735715532
0.25 0.25 0.25 0.25
21.210055984318863
45.0
134.8665500710939 70.38625624291524
3
112.43017733567962 70.38625624291524
0.25 0.25 0.25 0.25
22.436372735414288
45.0
346.73482599688236 404.58880398163086
1
346.73482599688236 418.54170868995647
0.25 0.25 0.25 0.25
13.952904708325619
45.0
316.06237468341834 218.80178284455044
3
297.9683597573651 218.80178284455044
0.25 0.25 0.25 0.25
18.09401492605324
45.0
20.39283644507404 193.613759370247
0
20.39283644507404 161.47735338951347
0.25 0.25 0.25 0.25
32.13640598073354
45.0
290.5433413107682 376.27595622284514
3
276.89840974596916 376.27595622284514
0.25 0.25 0.25 0.25
13.644931564799052
45.0
110.24560328929854 279.5285646325774
0
110.24560328929854 265.3324016668357
0.25 0.25 0.25 0.25
14.196162965741689
45.0
120.58812475135605 283.68170215068335
2
150.58090267288895 283.68170215068335
0.25 0.25 0.25 0.25
29.9927779215329
45.0
148.08128867354714 486.0482616486182
0
148.08128867354714 458.3986439645276
0.25 0.25 0.25 0.25
27.64961768409064
45.0
473.67822343985426 234.05561859557332
1
473.67822343985426 247.29864887631658
0.25 0.25 0.25 0.25
13.243030280743262
45.0
