45302
73.61454143873561 198.48727567816073
1
73.61454143873561 307.94180953425746
0.25 0.25 0.25 0.25
109.45453385609673
45.0
74.71436145488451 55.74583750334318
2
55.83923222190623 55.74583750334318
0.25 0.25 0.25 0.25
130.55359367679074
45.0
360.8657083321207 189.13805126287446
3
229.9155557979338 189.13805126287446
0.25 0.25 0.25 0.25
130.95015253418688
45.0
2.9528062029061033 72.95817441782594
0
2.9528062029061033 26.091966563865476
0.25 0.25 0.25 0.25
46.86620785396047
45.0
229.96823303182902 262.33658548047345
2
239.90715404094902 262.33658548047345
0.25 0.25 0.25 0.25
9.938921009120016
45.0
123.05017198563496 411.4123702746457
2
149.59378248136903 411.4123702746457
0.25 0.25 0.25 0.25
26.543610495734065
45.0
468.4424432668304 375.85322847953444
1
468.4424432668304 377.0472386641122
0.25 0.25 0.25 0.25
1.1940101845777484
45.0
159.93904427916922 313.8598143933176
2
181.01533745448216 313.8598143933176
0.25 0.25 0.25 0.25
21.076293175312937
45.0
298.2270917032633 29.1889790780694
1
298.2270917032633 73.41458832322965
0.25 0.25 0.25 0.25
44.22560924516025
45.0
131.36933321423413 114.07285233212986
2
140.4442433613331 114.07285233212986
0.25 0.25 0.25 0.25
9.074910147098963
45.0
255.19949947183878 108.50729638676606
3
231.67669210069522 108.50729638676606
0.25 0.25 0.25 0.25
23.52280737114355
45.0
255.00265290643438 331.86201961357267
0
255.00265290643438 301.9063667487578
0.25 0.25 0.25 0.25
29.95565286481485
45.0
60.358333765620024 35.499739376162644
1
60.358333765620024 76.26465992915502
0.25 0.25 0.25 0.25
40.76492055299237
45.0
141.1745904004888 225.68537300160534
2
162.53858226799727 225.68537300160534
0.25 0.25 0.25 0.25
21.363991867508485
45.0
317.5317059318206 356.8987773486641
1
317.5317059318206 365.1573259890137
0.25 0.25 0.25 0.25
8.2585486403496
45.0
188.39538600141253 295.45611965990463
0
188.39538600141253 251.06263246602512
0.25 0.25 0.25 0.25
44.39348719387951
45.0
0.05905606208904146 183.61567150287033
1
0.05905606208904146 218.61718004408476
0.25 0.25 0.25 0.25
35.00150854121445
45.0
47.52747697538901 280.72158449836706
0
47.52747697538901 243.6320521616217
0.25 0.25 0.25 0.25
37.08953233674539
45.0
126.50519164476549 350.4799184607346
0
126.50519164476549 332.2992421013154
0.25 0.25 0.25 0.25
18.180676359419245
45.0
225.19481305513673 337.96051283571376
1
225.19481305513673 376.3408891017398
0.25 0.25 0.25 0.25
38.38037626602599
45.0
132.69525057968895 268.98781689317
3
111.82501640485235 268.98781689317
0.25 0.25 0.25 0.25
20.8702341748366
45.0
196.66827449442036 378.3232143416068
1
196.66827449442036 427.6058020644775
0.25 0.25 0.25 0.25
49.28258772287069
45.0
388.9514649165342 234.5651101201833
2
410.2736546181122 234.5651101201833
0.25 0.25 0.25 0.25
21.322189701578008
45.0
160.6801550059838 472.92829459835457
1
160.6801550059838 487.909548974215
0.25 0.25 0.25 0.25
14.98125437586043
45.0
137.12695974568604 444.5440123660567
3
91.77165313144931 444.5440123660567
0.25 0.25 0.25 0.25
45.35530661423673
45.0
397.54160385155615 170.39166952390454
3
356.89394897392543 170.39166952390454
0.25 0.25 0.25 0.25
40.64765487763069
45.0
6.786728855269004 61.563209116211915
1
6.786728855269004 106.29045770483083
0.25 0.25 0.25 0.25
44.72724858861891
45.0
47.60852248740864 199.975264075874
3
4.178621118786296 199.975264075874
0.25 0.25 0.25 0.25
43.429901368622346
45.0
384.70261168136363 112.8322680550885
1
384.70261168136363 162.42315902509645
0.25 0.25 0.25 0.25
49.59089097000795
45.0
426.8778421897076 479.56609307316603
2
464.42894437460984 479.56609307316603
0.25 0.25 0.25 0.25
37.55110218490221
45.0
448.90320328286293 436.165292370069
1
448.90320328286293 470.7307725439716
0.25 0.25 0.25 0.25
34.56548017390267
45.0
257.6390593554531 87.66726370697566
3
228.28149490907379 87.66726370697566
0.25 0.25 0.25 0.25
29.35756444637933
45.0
80.99662625053215 150.67380148724115
0
80.99662625053215 101.54466492229652
0.25 0.25 0.25 0.25
49.12913656494463
45.0
388.4451814013169 294.10725865514763
3
378.798854721976 294.10725865514763
0.25 0.25 0.25 0.25
9.646326679340934
45.0
490.8097570413894 493.43553428899725
3
462.1821497123477 493.43553428899725
0.25 0.25 0.25 0.25
47.00809324626286
45.0
34.61431201692369 386.2618685024855
1
34.61431201692369 422.43839355995857
0.25 0.25 0.25 0.25
36.17652505747304
45.0
482.4897043568942 186.14989905460544
3
480.4257504099761 186.14989905460544
0.25 0.25 0.25 0.25
37.08454523312967
45.0
400.7070355766335 205.51661185856577
3
395.8429887051898 205.51661185856577
0.25 0.25 0.25 0.25
4.864046871443706
45.0
87.25111249981967 407.94397395066164
0
87.25111249981967 386.7339179663428
0.25 0.25 0.25 0.25
21.210055984318863
45.0
67.55743186485104 445.65031667161344
3
45.12105912943675 445.65031667161344
0.25 0.25 0.25 0.25
22.436372735414288
45.0
444.4051589551616 51.247912393670475
3
430.452254246836 51.247912393670475
0.25 0.25 0.25 0.25
13.952904708325619
45.0
484.9034611299958 200.7077679184972
1
484.9034611299958 218.80178284455044
0.25 0.25 0.25 0.25
18.09401492605324
45.0
108.15278747786013 356.47655689948306
1
108.15278747786013 388.6129628802166
0.25 0.25 0.25 0.25
32.13640598073354
45.0
463.8478905228491 185.24691431565861
1
463.8478905228491 198.89184588045765
0.25 0.25 0.25 0.25
13.644931564799052
45.0
17.519863402376657 180.15542387238565
1
17.519863402376657 194.35158683812733
0.25 0.25 0.25 0.25
14.196162965741689
45.0
360.5303481236192 356.4049627909221
3
330.53757020208633 356.4049627909221
0.25 0.25 0.25 0.25
29.9927779215329
45.0
452.22708319854405 320.4044145627473
3
424.5774655144534 320.4044145627473
0.25 0.25 0.25 0.25
27.64961768409064
45.0
49.90125445607008 260.54167915705983
2
63.14428473681334 260.54167915705983
0.25 0.25 0.25 0.25
13.243030280743262
45.0
