45302
35.83999241736112 89.032741822064
1
35.83999241736112 20.421792034032734
0.25 0.25 0.25 0.25
109.45453385609673
45.0
291.39279939414 11.317088089017204
3
160.83920571734927 11.317088089017204
0.25 0.25 0.25 0.25
130.55359367679074
45.0
277.51677607142886 418.01149113456495
3
146.56662353724198 418.01149113456495
0.25 0.25 0.25 0.25
130.95015253418688
45.0
278.24444092085673 489.4363198296997
0
278.24444092085673 442.5701119757392
0.25 0.25 0.25 0.25
46.86620785396047
45.0
329.3574431230291 162.94737538927336
2
339.2963641321491 162.94737538927336
0.25 0.25 0.25 0.25
9.938921009120016
45.0
176.1373929771031 145.97626531730498
3
149.59378248136903 145.97626531730498
0.25 0.25 0.25 0.25
26.543610495734065
45.0
462.47239234394175 386.59932014073405
2
463.6664025285195 386.59932014073405
0.25 0.25 0.25 0.25
1.1940101845777484
45.0
29.74759429864722 292.7835212180047
2
50.823887473960156 292.7835212180047
0.25 0.25 0.25 0.25
21.076293175312937
45.0
99.803391503179 15.036630167090848
1
99.803391503179 29.1889790780694
0.25 0.25 0.25 0.25
44.22560924516025
45.0
167.66897380262998 150.3724929205257
2
176.74388394972894 150.3724929205257
0.25 0.25 0.25 0.25
9.074910147098963
45.0
396.3363436987 296.6897553559145
3
372.81353632755645 296.6897553559145
0.25 0.25 0.25 0.25
23.52280737114355
45.0
445.4408184454171 248.7588402790194
0
445.4408184454171 218.80318741420456
0.25 0.25 0.25 0.25
29.95565286481485
45.0
368.93277849248693 198.55942158813215
0
368.93277849248693 157.79450103513977
0.25 0.25 0.25 0.25
40.76492055299237
45.0
162.53858226799727 161.59339739907992
0
162.53858226799727 140.22940553157144
0.25 0.25 0.25 0.25
21.363991867508485
45.0
342.30735185286943 348.6402287083145
2
350.56590049321903 348.6402287083145
0.25 0.25 0.25 0.25
8.2585486403496
45.0
144.001898807533 305.00249559517954
3
99.60841161365349 305.00249559517954
0.25 0.25 0.25 0.25
44.39348719387951
45.0
69.94396102033986 166.39941390927413
1
69.94396102033986 201.40092245048857
0.25 0.25 0.25 0.25
35.00150854121445
45.0
212.0992493818287 385.47262447092453
3
175.00971704508333 385.47262447092453
0.25 0.25 0.25 0.25
37.08953233674539
45.0
162.86654436360396 386.8412711795731
1
162.86654436360396 405.0219475389923
0.25 0.25 0.25 0.25
18.180676359419245
45.0
263.5751893211627 146.05863150558375
0
263.5751893211627 107.67825523955776
0.25 0.25 0.25 0.25
38.38037626602599
45.0
132.69525057968895 18.54500679513077
2
153.56548475452556 18.54500679513077
0.25 0.25 0.25 0.25
20.8702341748366
45.0
148.30983956567445 427.6058020644775
1
148.30983956567445 476.88838978734816
0.25 0.25 0.25 0.25
49.28258772287069
45.0
376.50444836610785 170.5985410154493
2
397.82663806768585 170.5985410154493
0.25 0.25 0.25 0.25
21.322189701578008
45.0
145.69890063012338 427.9845314707733
0
145.69890063012338 413.00327709491285
0.25 0.25 0.25 0.25
14.98125437586043
45.0
135.00487993973434 353.8333991375832
0
135.00487993973434 308.4780925233465
0.25 0.25 0.25 0.25
45.35530661423673
45.0
72.36036483051058 170.39166952390454
2
113.00801970814126 170.39166952390454
0.25 0.25 0.25 0.25
40.64765487763069
45.0
395.75850844230126 374.65394923654435
0
395.75850844230126 329.92670064792543
0.25 0.25 0.25 0.25
44.72724858861891
45.0
134.46832522465334 113.1154613386293
3
91.03842385603099 113.1154613386293
0.25 0.25 0.25 0.25
43.429901368622346
45.0
61.61540704870785 135.12218679495123
1
61.61540704870785 184.71307776495917
0.25 0.25 0.25 0.25
49.59089097000795
45.0
272.7133403310746 329.3616843335572
2
310.26444251597684 329.3616843335572
0.25 0.25 0.25 0.25
37.55110218490221
45.0
101.74555445640257 460.1382671082231
1
101.74555445640257 494.70374728212573
0.25 0.25 0.25 0.25
34.56548017390267
45.0
169.5663660163151 0.4054296321623312
3
140.20880156993576 0.4054296321623312
0.25 0.25 0.25 0.25
29.35756444637933
45.0
132.93718871035355 438.8758372920945
3
83.80805214540892 438.8758372920945
0.25 0.25 0.25 0.25
49.12913656494463
45.0
398.09150808065783 245.875625258443
3
388.4451814013169 245.875625258443
0.25 0.25 0.25 0.25
9.646326679340934
45.0
180.13359023477045 459.55637246473987
0
180.13359023477045 412.548279218477
0.25 0.25 0.25 0.25
47.00809324626286
45.0
1.5622130405493522 133.02619310017423
2
34.61431201692369 133.02619310017423
0.25 0.25 0.25 0.25
36.17652505747304
45.0
222.89788772498642 480.0891938472274
3
185.81334249185676 480.0891938472274
0.25 0.25 0.25 0.25
37.08454523312967
45.0
386.1148949623024 210.3806587300095
3
381.2508480908587 210.3806587300095
0.25 0.25 0.25 0.25
4.864046871443706
45.0
172.09133643709515 450.3640859192993
1
172.09133643709515 471.57414190361817
0.25 0.25 0.25 0.25
21.210055984318863
45.0
22.188059076806127 400.7775712007849
0
22.188059076806127 378.3411984653706
0.25 0.25 0.25 0.25
22.436372735414288
45.0
416.06579396158236 79.15372181032171
0
416.06579396158236 65.2008171019961
0.25 0.25 0.25 0.25
13.952904708325619
45.0
460.81449409184444 327.36587240086993
1
460.81449409184444 345.4598873269232
0.25 0.25 0.25 0.25
18.09401492605324
45.0
108.15278747786013 257.8865713317141
0
108.15278747786013 225.75016535098055
0.25 0.25 0.25 0.25
32.13640598073354
45.0
372.4129306995624 185.24691431565861
0
372.4129306995624 171.60198275085958
0.25 0.25 0.25 0.25
13.644931564799052
45.0
31.71602636811834 137.56693497516062
3
17.51986340237665 137.56693497516062
0.25 0.25 0.25 0.25
14.196162965741689
45.0
360.5303481236192 416.3905186339879
1
360.5303481236192 446.38329655552076
0.25 0.25 0.25 0.25
29.9927779215329
45.0
148.08128867354714 403.3532676150192
0
148.08128867354714 375.7036499309286
0.25 0.25 0.25 0.25
27.64961768409064
45.0
195.5745875442459 247.29864887631658
1
195.5745875442459 260.54167915705983
0.25 0.25 0.25 0.25
13.243030280743262
45.0
