45302
364.2035939856513 458.23992745841963
0
364.2035939856513 432.3055386854836
0.25 0.25 0.25 0.25
109.45453385609673
45.0
421.94639307093075 358.5491197050636
0
421.94639307093075 227.99552602827288
0.25 0.25 0.25 0.25
130.55359367679074
45.0
206.02135209703545 82.08210242958586
1
206.02135209703545 213.03225496377274
0.25 0.25 0.25 0.25
130.95015253418688
45.0
325.1106487748172 401.02162939554927
2
371.9768566287777 401.02162939554927
0.25 0.25 0.25 0.25
46.86620785396047
45.0
200.151470004469 272.27550648959345
1
200.151470004469 282.21442749871346
0.25 0.25 0.25 0.25
9.938921009120016
45.0
459.4599095922833 66.34543383010276
0
459.4599095922833 39.8018233343687
0.25 0.25 0.25 0.25
26.543610495734065
45.0
476.80051455887457 400.92744235566687
3
475.60650437429683 400.92744235566687
0.25 0.25 0.25 0.25
1.1940101845777484
45.0
177.2816465258378 398.16498709456926
0
177.2816465258378 377.08869391925634
0.25 0.25 0.25 0.25
21.076293175312937
45.0
413.7149068000584 174.7500545090462
1
413.7149068000584 218.97566375420647
0.25 0.25 0.25 0.25
44.22560924516025
45.0
49.69514189034348 177.59722336182259
0
49.69514189034348 168.52231321472362
0.25 0.25 0.25 0.25
9.074910147098963
45.0
220.19597514152295 108.50729638676614
1
220.19597514152295 132.0301037579097
0.25 0.25 0.25 0.25
23.52280737114355
45.0
195.09134717680467 50.797688369129105
0
195.09134717680467 20.842035504314254
0.25 0.25 0.25 0.25
29.95565286481485
45.0
0.47039938781857416 453.67930725974577
2
40.2945211651738 453.67930725974577
0.25 0.25 0.25 0.25
40.76492055299237
45.0
222.01327134715547 453.8547489857672
3
200.649279479647 453.8547489857672
0.25 0.25 0.25 0.25
21.363991867508485
45.0
234.9462195283246 373.4158746293633
3
226.687670887975 373.4158746293633
0.25 0.25 0.25 0.25
8.2585486403496
45.0
253.83907865452105 461.5262389114687
0
253.83907865452105 417.13275171758914
0.25 0.25 0.25 0.25
44.39348719387951
45.0
420.0771585566623 43.60963733801255
1
420.0771585566623 78.611145879227
0.25 0.25 0.25 0.25
35.00150854121445
45.0
136.50281161621263 274.2040274606884
1
136.50281161621263 311.2935597974338
0.25 0.25 0.25 0.25
37.08953233674539
45.0
291.7131648538189 168.67315486654223
3
273.5324884943997 168.67315486654223
0.25 0.25 0.25 0.25
18.180676359419245
45.0
146.3238434397608 199.36475488865017
2
184.70421970578678 199.36475488865017
0.25 0.25 0.25 0.25
38.38037626602599
45.0
402.2370544604082 336.24897417709144
1
402.2370544604082 357.119208351928
0.25 0.25 0.25 0.25
20.8702341748366
45.0
379.4503798433169 213.06783833284152
1
379.4503798433169 262.3504260557122
0.25 0.25 0.25 0.25
49.28258772287069
45.0
163.28255135032788 194.06364669119336
0
163.28255135032788 172.74145698961536
0.25 0.25 0.25 0.25
21.322189701578008
45.0
404.8634680940637 8.50940894668122
2
419.84472246992414 8.50940894668122
0.25 0.25 0.25 0.25
14.98125437586043
45.0
137.1269597456861 263.1227859091097
1
137.1269597456861 308.47809252334645
0.25 0.25 0.25 0.25
45.35530661423673
45.0
8.934944924750837 170.39166952390457
2
49.58259980238153 170.39166952390457
0.25 0.25 0.25 0.25
40.64765487763069
45.0
53.94105078373375 251.5275310041205
3
9.213802195114837 251.5275310041205
0.25 0.25 0.25 0.25
44.72724858861891
45.0
177.89822659327575 61.71641265754628
2
221.3281279618981 61.71641265754628
0.25 0.25 0.25 0.25
43.429901368622346
45.0
194.52122840117312 426.7419750748185
0
194.52122840117312 377.1510841048106
0.25 0.25 0.25 0.25
49.59089097000795
45.0
296.384683523617 202.82861878649067
1
296.384683523617 240.37972097139289
0.25 0.25 0.25 0.25
37.55110218490221
45.0
274.5729553259159 436.165292370069
1
274.5729553259159 470.7307725439716
0.25 0.25 0.25 0.25
34.56548017390267
45.0
22.77854378441844 147.193251864059
0
22.77854378441844 117.83568741767967
0.25 0.25 0.25 0.25
29.35756444637933
45.0
248.61273054135006 248.9320746171304
0
248.61273054135006 199.80293805218577
0.25 0.25 0.25 0.25
49.12913656494463
45.0
272.6892612492259 493.6735543993522
3
263.042934569885 493.6735543993522
0.25 0.25 0.25 0.25
9.646326679340934
45.0
289.94734222785814 237.34594806190515
1
289.94734222785814 284.354041308168
0.25 0.25 0.25 0.25
47.00809324626286
45.0
479.0237345455828 11.679907129717947
3
484.7997403969441 11.679907129717947
0.25 0.25 0.25 0.25
36.17652505747304
45.0
75.84242808696902 443.00464861409773
2
112.92697332009868 443.00464861409773
0.25 0.25 0.25 0.25
37.08454523312967
45.0
327.7463325049781 297.9335024159962
3
322.8822856335344 297.9335024159962
0.25 0.25 0.25 0.25
4.864046871443706
45.0
127.97681608038275 132.21324615451653
2
149.18687206470162 132.21324615451653
0.25 0.25 0.25 0.25
21.210055984318863
45.0
22.68468639402245 137.69537444915812
0
22.68468639402245 115.25900171374383
0.25 0.25 0.25 0.25
22.436372735414288
45.0
346.73482599688236 209.2481380650724
3
332.78192128855676 209.2481380650724
0.25 0.25 0.25 0.25
13.952904708325619
45.0
303.96331186946315 454.02397688324277
3
285.8692969434099 454.02397688324277
0.25 0.25 0.25 0.25
18.09401492605324
45.0
409.80112281113645 290.02297731244767
1
409.80112281113645 322.15938329318124
0.25 0.25 0.25 0.25
32.13640598073354
45.0
222.318683486773 419.0500703051693
2
235.96361505157205 419.0500703051693
0.25 0.25 0.25 0.25
13.644931564799052
45.0
152.8340921865236 236.94007573535237
0
152.8340921865236 222.7439127696107
0.25 0.25 0.25 0.25
14.196162965741689
45.0
149.34687654244004 493.6311476014135
3
119.35409862090714 493.6311476014135
0.25 0.25 0.25 0.25
29.9927779215329
45.0
17.816417430996697 39.04061533043097
1
17.816417430996697 66.69023301452161
0.25 0.25 0.25 0.25
27.64961768409064
45.0
486.59268571791597 70.53407786152164
1
486.59268571791597 83.7771081422649
0.25 0.25 0.25 0.25
13.243030280743262
45.0
