76743
0.40656158747034965 3.3058314588099904
1
0.40656158747034965 114.70539265683283
0.25 0.25 0.25 0.25
118.01122411564282
45.0
346.49846678595 350.54845626796043
0
346.49846678595 233.6487496561643
0.25 0.25 0.25 0.25
116.89970661179612
45.0
317.79156426318593 417.7395342495373
0
317.79156426318593 489.5156821329547
0.25 0.25 0.25 0.25
92.74478361750802
45.0
176.49356816375973 298.28835596150157
0
176.49356816375973 143.12998711430794
0.25 0.25 0.25 0.25
155.15836884719363
45.0
339.19173234653334 138.55517522488657
3
233.39304380728686 138.55517522488657
0.25 0.25 0.25 0.25
105.79868853924648
45.0
380.4788659229687 196.53089197820213
3
290.5900187025243 196.53089197820213
0.25 0.25 0.25 0.25
89.8888472204444
45.0
63.295198965659154 443.7381812686765
2
211.72412807419497 443.7381812686765
0.25 0.25 0.25 0.25
148.4289291085358
45.0
482.8689921976121 52.044557127562484
3
424.1210336304463 52.044557127562484
0.25 0.25 0.25 0.25
93.00997417194162
45.0
186.32398505585957 458.56939623683957
0
186.32398505585957 295.6484144815545
0.25 0.25 0.25 0.25
162.92098175528508
45.0
436.97367036793025 494.17801717443615
0
436.97367036793025 347.9111619969569
0.25 0.25 0.25 0.25
157.91082082860697
45.0
161.37361022391758 429.4236033808535
2
287.3766843446723 429.4236033808535
0.25 0.25 0.25 0.25
126.00307412075472
45.0
134.75526339431906 68.1958911839182
1
134.75526339431906 53.99081167799636
0.25 0.25 0.25 0.25
122.18670286191457
45.0
291.20338713986104 169.08719284306653
2
399.61445938510485 169.08719284306653
0.25 0.25 0.25 0.25
108.41107224524382
45.0
281.472114260965 88.49569333040489
3
123.6921844852379 88.49569333040489
0.25 0.25 0.25 0.25
157.77992977572708
45.0
177.8112437045886 203.8567888823609
0
177.8112437045886 61.43175377806898
0.25 0.25 0.25 0.25
142.4250351042919
45.0
454.13579691763846 23.836517654613317
1
454.13579691763846 180.28416737980223
0.25 0.25 0.25 0.25
156.4476497251889
45.0
181.12436259255867 331.8274891021767
2
327.34012848411334 331.8274891021767
0.25 0.25 0.25 0.25
146.21576589155467
45.0
157.43604751544774 272.5453915706298
3
64.93655337714335 272.5453915706298
0.25 0.25 0.25 0.25
92.49949413830439
45.0
182.5410719066862 278.31181529104254
2
300.45024275617266 278.31181529104254
0.25 0.25 0.25 0.25
117.90917084948646
45.0
124.32058650679409 48.28915921645711
2
215.33251512680476 48.28915921645711
0.25 0.25 0.25 0.25
91.01192862001068
45.0
140.2495218039952 459.22918867048566
2
252.96332678397096 459.22918867048566
0.25 0.25 0.25 0.25
112.71380497997573
45.0
426.33139006700594 286.1620676782943
0
426.33139006700594 122.54325934844456
0.25 0.25 0.25 0.25
163.61880832984974
45.0
363.9078110007932 295.7188029133022
2
480.8772950096893 295.7188029133022
0.25 0.25 0.25 0.25
116.96948400889613
45.0
363.04174730614943 336.0695721592617
3
225.27782684750323 336.0695721592617
0.25 0.25 0.25 0.25
137.7639204586462
45.0
455.5637767028401 395.5574126428347
3
382.30347357918754 395.5574126428347
0.25 0.25 0.25 0.25
162.13274971797236
45.0
387.6503387534208 109.20568832878098
3
236.35976970014713 109.20568832878098
0.25 0.25 0.25 0.25
151.29056905327366
45.0
371.65961313929506 458.5365953387636
0
371.65961313929506 377.42949206065236
0.25 0.25 0.25 0.25
164.03391260058407
45.0
266.23216776028005 320.6313950175146
0
266.23216776028005 152.2860259590711
0.25 0.25 0.25 0.25
168.34536905844348
45.0
266.67085410089214 44.216828666436044
2
365.0094588301374 44.216828666436044
0.25 0.25 0.25 0.25
98.33860472924525
45.0
210.26938699403908 463.1213988170439
0
210.26938699403908 375.0291662883087
0.25 0.25 0.25 0.25
161.84943489464743
45.0
32.17788202735713 172.38439139562536
2
77.90365860402021 172.38439139562536
0.25 0.25 0.25 0.25
110.08154063137734
45.0
255.1017374114197 134.91230212250767
3
119.24913217187537 134.91230212250767
0.25 0.25 0.25 0.25
135.85260523954432
45.0
204.85832844263086 367.5911197291557
0
204.85832844263086 264.9766326041422
0.25 0.25 0.25 0.25
102.61448712501351
45.0
390.76481799561975 67.15906585701123
1
390.76481799561975 203.36866223037146
0.25 0.25 0.25 0.25
136.20959637336023
45.0
431.9616226191897 79.8294300395196
1
431.9616226191897 69.7164042160939
0.25 0.25 0.25 0.25
149.5458342556135
45.0
202.97168965012398 358.4038439593162
0
202.97168965012398 231.00414267244165
0.25 0.25 0.25 0.25
127.39970128687455
45.0
213.46656905125414 5.899835297711348
3
103.93191943004041 5.899835297711348
0.25 0.25 0.25 0.25
109.53464962121373
45.0
147.2883875128603 316.70940043184754
3
41.854821071557495 316.70940043184754
0.25 0.25 0.25 0.25
105.43356644130283
45.0
253.5737580138572 425.01997027498
2
373.85634627367676 425.01997027498
0.25 0.25 0.25 0.25
120.28258825981956
45.0
323.15534961730623 220.6128701395661
1
323.15534961730623 238.1784622261389
0.25 0.25 0.25 0.25
17.565592086572778
45.0
337.7080315657235 30.8737258217873
0
337.7080315657235 11.660190504872297
0.25 0.25 0.25 0.25
19.213535316915003
45.0
74.3136679993795 377.9903128706608
2
117.53958511732642 377.9903128706608
0.25 0.25 0.25 0.25
43.22591711794692
45.0
163.49719047012923 126.86671815321658
0
163.49719047012923 105.06403183040604
0.25 0.25 0.25 0.25
21.802686322810544
45.0
491.4821364784266 179.59785595006758
0
491.4821364784266 148.65091902461688
0.25 0.25 0.25 0.25
30.94693692545069
45.0
186.36110135425818 333.2053147857551
0
186.36110135425818 327.6899178877406
0.25 0.25 0.25 0.25
5.51539689801448
45.0
199.216420496902 208.5934386149848
0
199.216420496902 200.6834746975575
0.25 0.25 0.25 0.25
7.909963917427293
45.0
31.397815053137755 219.11539824287595
2
80.58011680986283 219.11539824287595
0.25 0.25 0.25 0.25
49.182301756725074
45.0
281.68401573688544 343.122268780121
3
250.89127924512002 343.122268780121
0.25 0.25 0.25 0.25
30.79273649176544
45.0
