72696
90.58627148156333 137.0844199097989
0
90.58627148156333 117.4485854955508
0.25 0.25 0.25 0.25
19.635834414248095
45.0
413.1737857146221 149.89661730892038
1
413.1737857146221 170.75731677175767
0.25 0.25 0.25 0.25
20.860699462837278
45.0
245.0740000544902 135.57089828895056
3
222.19498813009187 135.57089828895056
0.25 0.25 0.25 0.25
22.87901192439833
45.0
305.2281828922871 116.24272148569447
0
305.2281828922871 100.30700535823783
0.25 0.25 0.25 0.25
15.93571612745664
45.0
100.168981235932 96.1679908905565
2
130.36343481438647 96.1679908905565
0.25 0.25 0.25 0.25
30.19445357845447
45.0
140.36985633834308 127.44499670115299
2
161.67762903370277 127.44499670115299
0.25 0.25 0.25 0.25
21.3077726953597
45.0
280.18779380074676 5.305765664407488
2
324.35350699060393 5.305765664407488
0.25 0.25 0.25 0.25
44.16571318985717
45.0
346.82222647322726 466.75575744357
0
346.82222647322726 496.99430873736003
0.25 0.25 0.25 0.25
36.24993381906993
45.0
7.728706880507854 61.49074588899305
0
7.728706880507854 43.76525107934437
0.25 0.25 0.25 0.25
17.725494809648684
45.0
82.73417345725144 198.6147661220823
0
82.73417345725144 156.90126746691362
0.25 0.25 0.25 0.25
41.71349865516869
45.0
216.89996372275567 383.3390723000255
1
216.89996372275567 388.5447209663248
0.25 0.25 0.25 0.25
5.205648666299262
45.0
346.9773090313161 24.78835319052013
0
346.9773090313161 17.111970852722543
0.25 0.25 0.25 0.25
7.676382337797588
45.0
274.5348488514647 321.121650499089
0
274.5348488514647 279.9007650791737
0.25 0.25 0.25 0.25
41.22088541991531
45.0
409.5624912133348 446.65531073368345
3
388.2141872578229 446.65531073368345
0.25 0.25 0.25 0.25
21.348303955511906
45.0
83.88300419110413 240.6908979373747
2
88.54084133101519 240.6908979373747
0.25 0.25 0.25 0.25
4.657837139911053
45.0
402.6300364326667 188.49415303909655
2
405.2839570080458 188.49415303909655
0.25 0.25 0.25 0.25
2.653920575379043
45.0
174.58156583440035 137.81179711799362
0
174.58156583440035 96.33510886629165
0.25 0.25 0.25 0.25
41.47668825170197
45.0
347.49935704031 244.10744005445326
3
303.095640134765 244.10744005445326
0.25 0.25 0.25 0.25
44.40371690554498
45.0
494.186605333893 21.93810970178481
3
497.51492528099294 21.93810970178481
0.25 0.25 0.25 0.25
8.29846938511406
45.0
116.33508619302873 86.44502397267402
0
116.33508619302873 38.133518972066234
0.25 0.25 0.25 0.25
48.31150500060779
45.0
78.22113746769449 284.17088749070956
0
78.22113746769449 251.24124867312992
0.25 0.25 0.25 0.25
32.92963881757963
45.0
416.9263198608093 23.267271742510502
1
416.9263198608093 44.28951521379969
0.25 0.25 0.25 0.25
21.022243471289187
45.0
38.44477334675281 485.3679751352129
0
38.44477334675281 485.47253958822193
0.25 0.25 0.25 0.25
29.15948527656521
45.0
483.944691604645 101.10269416373056
2
493.5923739088162 101.10269416373056
0.25 0.25 0.25 0.25
9.647682304171202
45.0
442.3135135075945 189.25789893534358
0
442.3135135075945 174.92795881224288
0.25 0.25 0.25 0.25
14.329940123100698
45.0
279.43587450325344 188.0205405396054
1
279.43587450325344 227.21540373037217
0.25 0.25 0.25 0.25
39.19486319076677
45.0
475.86692939534015 411.4812285564041
1
475.86692939534015 415.44606853876525
0.25 0.25 0.25 0.25
3.964839982361151
45.0
409.666470959889 56.237267103440644
1
409.666470959889 94.96202871390516
0.25 0.25 0.25 0.25
38.72476161046451
45.0
432.68262450326125 217.88885138225766
0
432.68262450326125 194.45059093608094
0.25 0.25 0.25 0.25
23.438260446176724
45.0
150.70058457579296 392.4296064875963
2
184.40430498558024 392.4296064875963
0.25 0.25 0.25 0.25
33.70372040978729
45.0
456.4752887068794 242.25820432518054
0
456.4752887068794 200.55152426544475
0.25 0.25 0.25 0.25
41.70668005973578
45.0
72.5734718254401 335.27214430585616
0
72.5734718254401 322.088507617998
0.25 0.25 0.25 0.25
13.18363668785813
45.0
487.4338590589932 274.25164958460255
1
487.4338590589932 310.68877533718205
0.25 0.25 0.25 0.25
36.437125752579504
45.0
375.0782012149523 339.9041503323029
3
368.31652371856916 339.9041503323029
0.25 0.25 0.25 0.25
6.761677496383106
45.0
321.7646571564815 60.9331093746499
3
298.15823637666676 60.9331093746499
0.25 0.25 0.25 0.25
23.606420779814734
45.0
191.1797437117433 250.95757215370796
1
191.1797437117433 290.58895942722313
0.25 0.25 0.25 0.25
39.631387273515166
45.0
157.86532612614 224.21910330608182
1
157.86532612614 225.52996836728022
0.25 0.25 0.25 0.25
1.3108650611984018
45.0
174.81404752118254 304.3444523670331
3
132.9617567090984 304.3444523670331
0.25 0.25 0.25 0.25
41.85229081208413
45.0
438.8444574606622 231.36351240852002
0
438.8444574606622 198.99488407763755
0.25 0.25 0.25 0.25
32.36862833088247
45.0
98.93594805568524 427.3141084214503
2
141.3632748354156 427.3141084214503
0.25 0.25 0.25 0.25
42.427326779730365
45.0
355.5904124810086 307.9132495681592
1
355.5904124810086 309.6183492600994
0.25 0.25 0.25 0.25
1.7050996919402484
45.0
254.09757917784452 375.93884706218444
2
270.66846146169894 375.93884706218444
0.25 0.25 0.25 0.25
16.57088228385443
45.0
291.8067752921492 433.31680054927807
2
304.73599129847537 433.31680054927807
0.25 0.25 0.25 0.25
12.929216006326161
45.0
325.9123976898439 210.64119751837558
2
334.4563941150746 210.64119751837558
0.25 0.25 0.25 0.25
8.543996425230738
45.0
174.40690532642185 91.1193779550099
1
174.40690532642185 139.2513291000177
0.25 0.25 0.25 0.25
48.131951145007804
45.0
344.0308779945523 237.50408547484665
3
304.9172113711578 237.50408547484665
0.25 0.25 0.25 0.25
39.113666623394536
45.0
171.844749084012 284.45931313118535
2
216.5860952453669 284.45931313118535
0.25 0.25 0.25 0.25
44.741346161354905
45.0
149.10238235689178 131.50909964518814
2
198.46240852664408 131.50909964518814
0.25 0.25 0.25 0.25
49.36002616975229
45.0
