72696
125.40790707516568 334.1756060321555
2
145.04374148941378 334.1756060321555
0.25 0.25 0.25 0.25
19.635834414248095
45.0
246.288190011924 455.06366711336057
0
246.288190011924 434.2029676505233
0.25 0.25 0.25 0.25
20.860699462837278
45.0
39.16289273490524 135.57089828895056
1
39.16289273490524 158.4499102133489
0.25 0.25 0.25 0.25
22.87901192439833
45.0
400.84247965702707 36.564140848411256
2
416.7781957844837 36.564140848411256
0.25 0.25 0.25 0.25
15.93571612745664
45.0
69.97452765747752 96.1679908905565
3
39.78007407902305 96.1679908905565
0.25 0.25 0.25 0.25
30.19445357845447
45.0
13.98853684809038 148.0907316566176
0
13.98853684809038 126.7829589612579
0.25 0.25 0.25 0.25
21.3077726953597
45.0
73.13791171811067 127.19137390516403
3
28.9721985282535 127.19137390516403
0.25 0.25 0.25 0.25
44.16571318985717
45.0
275.6802884021149 198.0080737761221
2
311.93022222118486 198.0080737761221
0.25 0.25 0.25 0.25
36.24993381906993
45.0
60.9051913094539 203.29470436618254
3
43.17969649980522 203.29470436618254
0.25 0.25 0.25 0.25
17.725494809648684
45.0
292.68731443926674 469.92518008466504
0
292.68731443926674 428.21168142949637
0.25 0.25 0.25 0.25
41.71349865516869
45.0
341.8355317139382 419.7786129641205
3
336.62988304763894 419.7786129641205
0.25 0.25 0.25 0.25
5.205648666299262
45.0
231.83157396435246 132.2577059196864
2
239.50795630215003 132.2577059196864
0.25 0.25 0.25 0.25
7.676382337797588
45.0
57.731671829855564 359.81001606362105
2
98.95255724977088 359.81001606362105
0.25 0.25 0.25 0.25
41.22088541991531
45.0
419.65107714257016 254.5205751340765
3
398.3027731870583 254.5205751340765
0.25 0.25 0.25 0.25
21.348303955511906
45.0
121.14570131039255 189.45468939835297
0
121.14570131039255 184.7968522584419
0.25 0.25 0.25 0.25
4.657837139911053
45.0
423.8614010356992 196.45591476523364
1
423.8614010356992 199.10983534061268
0.25 0.25 0.25 0.25
2.653920575379043
45.0
360.0558994785722 299.1590681656485
2
401.53258773027414 299.1590681656485
0.25 0.25 0.25 0.25
41.47668825170197
45.0
320.3891357933409 356.2591077956421
3
275.98541888779596 356.2591077956421
0.25 0.25 0.25 0.25
44.40371690554498
45.0
281.75472126802737 55.13198724224105
2
290.0531906531414 55.13198724224105
0.25 0.25 0.25 0.25
8.29846938511406
45.0
284.698558824597 23.591913959302808
1
284.698558824597 71.9034189599106
0.25 0.25 0.25 0.25
48.31150500060779
45.0
86.42705662020367 45.12550068508679
3
53.49741780262404 45.12550068508679
0.25 0.25 0.25 0.25
32.92963881757963
45.0
477.96246278274475 18.77721520006787
3
456.94021931145556 18.77721520006787
0.25 0.25 0.25 0.25
21.022243471289187
45.0
155.08271445301364 310.5156279288308
1
155.08271445301364 339.675113205396
0.25 0.25 0.25 0.25
29.15948527656521
45.0
477.46457917867014 110.75037646790176
0
477.46457917867014 101.10269416373056
0.25 0.25 0.25 0.25
9.647682304171202
45.0
314.0775043996937 103.27825819673939
1
314.0775043996937 117.60819831984008
0.25 0.25 0.25 0.25
14.329940123100698
45.0
318.63073769402024 109.63081415807187
0
318.63073769402024 70.4359509673051
0.25 0.25 0.25 0.25
39.19486319076677
45.0
488.4495107634097 474.91866827418215
3
484.4846707810486 474.91866827418215
0.25 0.25 0.25 0.25
3.964839982361151
45.0
396.7097209877885 63.08106897551768
0
396.7097209877885 24.35630736505317
0.25 0.25 0.25 0.25
38.72476161046451
45.0
348.52783229554865 147.57407004372752
3
325.0895718493719 147.57407004372752
0.25 0.25 0.25 0.25
23.438260446176724
45.0
141.52128681867384 179.09567173525366
3
107.81756640888656 179.09567173525366
0.25 0.25 0.25 0.25
33.70372040978729
45.0
419.3649925475722 75.43148408623736
3
377.6583124878364 75.43148408623736
0.25 0.25 0.25 0.25
41.70668005973578
45.0
204.40983870402135 137.5175939879841
1
204.40983870402135 150.70123067584223
0.25 0.25 0.25 0.25
13.18363668785813
45.0
387.0571590029149 456.43727834750007
2
423.4942847554944 456.43727834750007
0.25 0.25 0.25 0.25
36.437125752579504
45.0
300.69974875473787 488.6610552527317
2
307.461426251121 488.6610552527317
0.25 0.25 0.25 0.25
6.761677496383106
45.0
368.97749871611103 490.54489580886997
3
345.3710779362963 490.54489580886997
0.25 0.25 0.25 0.25
23.606420779814734
45.0
319.28922369440977 52.8006357861321
3
279.6578364208946 52.8006357861321
0.25 0.25 0.25 0.25
39.631387273515166
45.0
151.311000820148 177.02796110293946
0
151.311000820148 175.71709604174106
0.25 0.25 0.25 0.25
1.3108650611984018
45.0
327.413442223827 72.32616494172404
3
285.5611514117429 72.32616494172404
0.25 0.25 0.25 0.25
41.85229081208413
45.0
244.6326874753674 328.4693974011674
2
277.00131580624986 328.4693974011674
0.25 0.25 0.25 0.25
32.36862833088247
45.0
94.94484312943759 402.97658445962816
2
137.37216990916795 402.97658445962816
0.25 0.25 0.25 0.25
42.427326779730365
45.0
345.3598143293672 275.51635542129475
2
347.06491402130746 275.51635542129475
0.25 0.25 0.25 0.25
1.7050996919402484
45.0
93.89094878309842 358.9270363961449
0
93.89094878309842 342.3561541122905
0.25 0.25 0.25 0.25
16.57088228385443
45.0
356.45285532378 463.24947140011267
1
356.45285532378 476.1786874064388
0.25 0.25 0.25 0.25
12.929216006326161
45.0
240.47243343753667 236.2731867940678
3
231.92843701230592 236.2731867940678
0.25 0.25 0.25 0.25
8.543996425230738
45.0
344.27358322350005 149.54037777002912
2
392.40553436850786 149.54037777002912
0.25 0.25 0.25 0.25
48.131951145007804
45.0
70.23521163079064 75.40524751230961
0
70.23521163079064 36.29158088891508
0.25 0.25 0.25 0.25
39.113666623394536
45.0
127.1034029226571 300.1496975813775
0
127.1034029226571 255.4083514200226
0.25 0.25 0.25 0.25
44.741346161354905
45.0
346.542487035901 82.14907347543591
2
395.9025132056533 82.14907347543591
0.25 0.25 0.25 0.25
49.36002616975229
45.0
