72696
148.0662195976543 393.0831092748998
2
167.70205401190242 393.0831092748998
0.25 0.25 0.25 0.25
19.635834414248095
45.0
183.70609162341214 183.87457409647607
2
204.56679108624942 183.87457409647607
0.25 0.25 0.25 0.25
20.860699462837278
45.0
258.2642622822731 436.4043998210079
3
235.38525035787475 436.4043998210079
0.25 0.25 0.25 0.25
22.87901192439833
45.0
81.17912019644099 393.70019459291814
0
81.17912019644099 377.7644784654615
0.25 0.25 0.25 0.25
15.93571612745664
45.0
265.7474936165237 24.609823423261332
1
265.7474936165237 5.584630155193139
0.25 0.25 0.25 0.25
30.19445357845447
45.0
227.06626380168734 443.46891602784217
2
248.37403649704703 443.46891602784217
0.25 0.25 0.25 0.25
21.3077726953597
45.0
233.9893611108244 241.9457349804083
1
233.9893611108244 286.1114481702655
0.25 0.25 0.25 0.25
44.16571318985717
45.0
93.07268973973774 46.754698548689014
1
93.07268973973774 83.00463236775894
0.25 0.25 0.25 0.25
36.24993381906993
45.0
442.78095402038275 321.09784926360476
3
425.05545921073406 321.09784926360476
0.25 0.25 0.25 0.25
17.725494809648684
45.0
128.0812552666888 136.21719084331562
3
86.36775661152011 136.21719084331562
0.25 0.25 0.25 0.25
41.71349865516869
45.0
185.66607172496015 346.89953163593054
1
185.66607172496015 352.1051803022298
0.25 0.25 0.25 0.25
5.205648666299262
45.0
385.359220720304 347.1964113780186
3
377.6828383825064 347.1964113780186
0.25 0.25 0.25 0.25
7.676382337797588
45.0
181.39432808960152 236.14735980387513
2
222.61521350951682 236.14735980387513
0.25 0.25 0.25 0.25
41.22088541991531
45.0
278.1023815712045 37.66724966989827
0
278.1023815712045 16.318945714386363
0.25 0.25 0.25 0.25
21.348303955511906
45.0
265.53865264763556 324.5319664557739
0
265.53865264763556 319.87412931586283
0.25 0.25 0.25 0.25
4.657837139911053
45.0
416.90336444155713 260.15000857433046
2
419.5572850169362 260.15000857433046
0.25 0.25 0.25 0.25
2.653920575379043
45.0
179.14104779355335 423.5891329207543
1
179.14104779355335 465.06582117245625
0.25 0.25 0.25 0.25
41.47668825170197
45.0
30.84860628206043 109.28955593943037
2
75.25232318760541 109.28955593943037
0.25 0.25 0.25 0.25
44.40371690554498
45.0
107.4868641806321 30.23657908689887
2
115.78533356574616 30.23657908689887
0.25 0.25 0.25 0.25
8.29846938511406
45.0
299.24016383736057 155.11250103036483
3
250.9286588367528 155.11250103036483
0.25 0.25 0.25 0.25
48.31150500060779
45.0
242.86933155559268 403.77860728841733
3
209.93969273801304 403.77860728841733
0.25 0.25 0.25 0.25
32.92963881757963
45.0
402.94117551946897 322.15631041999745
0
402.94117551946897 301.13406694870827
0.25 0.25 0.25 0.25
21.022243471289187
45.0
0.7077874734045864 427.0490045820824
0
0.7077874734045864 397.8895193055172
0.25 0.25 0.25 0.25
29.15948527656521
45.0
197.68179235770498 474.39928445273614
1
197.68179235770498 484.04696675690735
0.25 0.25 0.25 0.25
9.647682304171202
45.0
15.511118431622378 455.58940660418784
2
29.841058554723077 455.58940660418784
0.25 0.25 0.25 0.25
14.329940123100698
45.0
201.04614812171997 321.51268094036254
0
201.04614812171997 282.31781774959575
0.25 0.25 0.25 0.25
39.19486319076677
45.0
352.9568899421452 490.77802820362666
0
352.9568899421452 486.81318822126553
0.25 0.25 0.25 0.25
3.964839982361151
45.0
67.98741833778556 211.13631354529866
1
67.98741833778556 249.86107515576316
0.25 0.25 0.25 0.25
38.72476161046451
45.0
323.336521457977 69.41408951959791
0
323.336521457977 45.97582907342118
0.25 0.25 0.25 0.25
23.438260446176724
45.0
319.2191866247294 23.126650723470007
2
352.9229070345167 23.126650723470007
0.25 0.25 0.25 0.25
33.70372040978729
45.0
330.3949270940131 89.47459328538815
1
330.3949270940131 131.18127334512394
0.25 0.25 0.25 0.25
41.70668005973578
45.0
257.14438545545386 32.04850048511909
0
257.14438545545386 18.864863797260963
0.25 0.25 0.25 0.25
13.18363668785813
45.0
394.3200864816081 450.4489490751148
0
394.3200864816081 414.0118233225353
0.25 0.25 0.25 0.25
36.437125752579504
45.0
449.11818387908636 464.00720227258637
3
442.35650638270323 464.00720227258637
0.25 0.25 0.25 0.25
6.761677496383106
45.0
55.93807532055424 273.3908963929825
2
79.54449610036897 273.3908963929825
0.25 0.25 0.25 0.25
23.606420779814734
45.0
394.0757472288632 136.1409824193225
0
394.0757472288632 96.50959514580734
0.25 0.25 0.25 0.25
39.631387273515166
45.0
121.16110441258482 215.04304787769303
2
122.47196947378322 215.04304787769303
0.25 0.25 0.25 0.25
1.3108650611984018
45.0
457.42529415009824 476.20859510538844
3
415.57300333801413 476.20859510538844
0.25 0.25 0.25 0.25
41.85229081208413
45.0
269.8378875613956 101.88899908499008
3
237.4692592305131 101.88899908499008
0.25 0.25 0.25 0.25
32.36862833088247
45.0
183.790601615146 172.58410784744729
1
183.790601615146 215.01143462717766
0.25 0.25 0.25 0.25
42.427326779730365
45.0
324.8986180260844 278.9265548051752
0
324.8986180260844 277.221455113235
0.25 0.25 0.25 0.25
1.7050996919402484
45.0
176.74536020237053 402.89262027897337
0
176.74536020237053 386.32173799511895
0.25 0.25 0.25 0.25
16.57088228385443
45.0
294.45831250541374 135.94483240377645
0
294.45831250541374 123.01561639745027
0.25 0.25 0.25 0.25
12.929216006326161
45.0
231.92843701230592 22.673276163299228
3
223.38444058707518 22.673276163299228
0.25 0.25 0.25 0.25
8.543996425230738
45.0
274.5996839881643 42.50550143484958
2
322.7316351331721 42.50550143484958
0.25 0.25 0.25 0.25
48.131951145007804
45.0
92.39354604592744 287.92891283753994
2
131.50721266932197 287.92891283753994
0.25 0.25 0.25 0.25
39.113666623394536
45.0
277.017825856914 150.23527464712066
1
277.017825856914 194.97662080847556
0.25 0.25 0.25 0.25
44.741346161354905
45.0
172.65672787153005 9.02797434583944
1
172.65672787153005 40.33205182391285
0.25 0.25 0.25 0.25
49.36002616975229
45.0
