94364
200.78704745837368 11.832828252245292
1
200.78704745837368 162.20115487231115
0.25 0.25 0.25 0.25
174.03398312455644
45.0
496.43818809604693 495.3158979478011
3
348.62687638174737 495.3158979478011
0.25 0.25 0.25 0.25
154.93493552220573
45.0
312.53959672536075 302.55877597314145
2
435.85642013389975 302.55877597314145
0.25 0.25 0.25 0.25
123.31682340853902
45.0
22.873324258346003 487.9415716366382
2
85.61174014933812 487.9415716366382
0.25 0.25 0.25 0.25
108.48506440768412
45.0
401.0592720047946 79.04509919618948
1
401.0592720047946 95.69535552895402
0.25 0.25 0.25 0.25
174.7404547251435
45.0
351.67500690795987 370.69772484831344
3
252.55211292456144 370.69772484831344
0.25 0.25 0.25 0.25
99.12289398339843
45.0
79.48172181178693 16.148213745607137
2
27.234543659320565 16.148213745607137
0.25 0.25 0.25 0.25
106.71626547110749
45.0
483.18119330521745 249.80252792878807
3
373.9782988630867 249.80252792878807
0.25 0.25 0.25 0.25
109.20289444213071
45.0
432.6754693500295 224.6607380924229
3
432.8705355546982 224.6607380924229
0.25 0.25 0.25 0.25
134.45399509527226
45.0
411.78369096378844 171.5477502864703
0
411.78369096378844 23.63648107995897
0.25 0.25 0.25 0.25
147.91126920651132
45.0
293.69792054725536 379.94084597997414
2
413.7538847026559 379.94084597997414
0.25 0.25 0.25 0.25
120.05596415540056
45.0
194.76161327095014 447.7945421284244
3
20.17485633144986 447.7945421284244
0.25 0.25 0.25 0.25
174.58675693950028
45.0
145.02873400508133 55.91657980872304
1
145.02873400508133 101.21213197116424
0.25 0.25 0.25 0.25
157.12871177988728
45.0
375.55178255204066 494.34141144940156
0
375.55178255204066 383.57679015798885
0.25 0.25 0.25 0.25
122.08179839260956
45.0
304.68669254247095 471.50845219300004
0
304.68669254247095 360.4287563582195
0.25 0.25 0.25 0.25
111.07969583478052
45.0
146.20928747246995 469.5108726689673
2
234.55130016160552 469.5108726689673
0.25 0.25 0.25 0.25
88.34201268913559
45.0
457.1542954394806 243.39986595525662
3
417.06373063767023 243.39986595525662
0.25 0.25 0.25 0.25
125.78197392284912
45.0
426.89451763369925 424.6999812691613
0
426.89451763369925 471.4480058178549
0.25 0.25 0.25 0.25
103.85201291298387
45.0
105.81404874192225 275.96331606009835
2
194.260334278292 275.96331606009835
0.25 0.25 0.25 0.25
88.44628553636974
45.0
153.16011603229109 448.1110206709217
0
153.16011603229109 344.33332830174845
0.25 0.25 0.25 0.25
103.7776923691732
45.0
196.19618608044993 366.78636400318453
0
196.19618608044993 317.08770525451393
0.25 0.25 0.25 0.25
49.698658748670596
45.0
111.7553885437743 226.47691467787266
0
111.7553885437743 180.14281428188218
0.25 0.25 0.25 0.25
46.33410039599048
45.0
43.12517643241596 40.10978309061786
2
90.05533035909158 40.10978309061786
0.25 0.25 0.25 0.25
46.93015392667562
45.0
428.02600040935084 406.9315722140765
3
409.14360952361244 406.9315722140765
0.25 0.25 0.25 0.25
18.88239088573841
45.0
299.6359335855674 388.47991152980774
2
332.1408285355135 388.47991152980774
0.25 0.25 0.25 0.25
32.504894949946106
45.0
439.91010137516554 17.43223951047537
2
445.7518434672855 17.43223951047537
0.25 0.25 0.25 0.25
5.841742092119951
45.0
188.76667048991385 104.56590382333843
2
230.09649994521112 104.56590382333843
0.25 0.25 0.25 0.25
41.329829455297265
45.0
231.08758739665967 272.7755456225881
3
213.03808863037435 272.7755456225881
0.25 0.25 0.25 0.25
18.04949876628533
45.0
332.5807193324952 495.6364838447816
2
347.0484622950698 495.6364838447816
0.25 0.25 0.25 0.25
14.46774296257457
45.0
422.2945582585972 252.83118463744955
3
405.77708021524313 252.83118463744955
0.25 0.25 0.25 0.25
16.517478043354068
45.0
65.21641922481777 228.98421827875765
3
37.451635840584004 228.98421827875765
0.25 0.25 0.25 0.25
27.764783384233766
45.0
52.46633678281491 17.683584254651883
2
90.87334758917328 17.683584254651883
0.25 0.25 0.25 0.25
38.407010806358365
45.0
312.49110646017897 288.3406792653189
1
312.49110646017897 293.44705723498276
0.25 0.25 0.25 0.25
5.106377969663861
45.0
348.88425674355193 237.47006724206489
2
381.5881745996976 237.47006724206489
0.25 0.25 0.25 0.25
32.70391785614565
45.0
114.6741606253165 58.446109814205414
3
77.11969106550563 58.446109814205414
0.25 0.25 0.25 0.25
37.55446955981087
45.0
290.70062634801667 402.8582710174121
1
290.70062634801667 441.08214862005303
0.25 0.25 0.25 0.25
38.22387760264093
45.0
438.2568084442294 261.0507334553956
1
438.2568084442294 289.7077607239038
0.25 0.25 0.25 0.25
28.65702726850824
45.0
293.2085747747306 130.57084489430184
0
293.2085747747306 127.54311973595762
0.25 0.25 0.25 0.25
3.027725158344224
45.0
169.3198235913413 216.7591289912583
3
147.91700127848156 216.7591289912583
0.25 0.25 0.25 0.25
21.402822312859737
45.0
76.37932042927517 245.9983886008498
1
76.37932042927517 287.5550739004907
0.25 0.25 0.25 0.25
41.556685299640876
45.0
386.12540362414404 186.7197809734912
0
386.12540362414404 157.68958618325962
0.25 0.25 0.25 0.25
29.03019479023157
45.0
134.85196873729845 325.38519047095804
2
175.32112501240692 325.38519047095804
0.25 0.25 0.25 0.25
40.46915627510847
45.0
64.77055665760258 364.04615122953044
1
64.77055665760258 411.6294230869735
0.25 0.25 0.25 0.25
47.583271857443044
45.0
394.77397884032706 33.53748332098497
2
394.9809641756134 33.53748332098497
0.25 0.25 0.25 0.25
0.20698533528631935
45.0
493.0984638704353 414.97338399156064
1
493.0984638704353 453.8403015628711
0.25 0.25 0.25 0.25
38.86691757131046
45.0
89.42814871931549 130.96348220741453
3
62.46495903866004 130.96348220741453
0.25 0.25 0.25 0.25
26.963189680655447
45.0
257.6040481609648 259.6409280745012
2
263.56477306993486 259.6409280745012
0.25 0.25 0.25 0.25
5.960724908970088
45.0
198.358947561518 318.3340659451379
1
198.358947561518 367.6491677479713
0.25 0.25 0.25 0.25
49.31510180283341
45.0
