94364
156.58314871103497 489.73087887857594
2
17.450834413521477 489.73087887857594
0.25 0.25 0.25 0.25
174.03398312455644
45.0
285.26702749574997 279.35877966322755
2
440.2019630179557 279.35877966322755
0.25 0.25 0.25 0.25
154.93493552220573
45.0
216.15359878019763 55.925129156063406
1
216.15359878019763 179.24195256460243
0.25 0.25 0.25 0.25
123.31682340853902
45.0
32.56036150487617 257.02405973695716
2
75.92470290280795 257.02405973695716
0.25 0.25 0.25 0.25
108.48506440768412
45.0
22.16609288194735 342.02236293901365
0
22.16609288194735 483.2371823358428
0.25 0.25 0.25 0.25
174.7404547251435
45.0
287.6363535886246 448.59860751692133
3
188.5134596052262 448.59860751692133
0.25 0.25 0.25 0.25
99.12289398339843
45.0
134.6998097138714 23.405397014425418
1
134.6998097138714 130.1216624855329
0.25 0.25 0.25 0.25
106.71626547110749
45.0
46.36961553669451 54.4730110595911
1
46.36961553669451 163.67590550172181
0.25 0.25 0.25 0.25
109.20289444213071
45.0
88.3305846019756 342.3048067586112
2
46.12341049329666 342.3048067586112
0.25 0.25 0.25 0.25
134.45399509527226
45.0
411.78369096378844 426.4930579637696
0
411.78369096378844 278.5817887572583
0.25 0.25 0.25 0.25
147.91126920651132
45.0
307.98100411476133 59.32524027056802
1
307.98100411476133 179.38120442596858
0.25 0.25 0.25 0.25
120.05596415540056
45.0
67.6953979684514 440.6346521775829
0
67.6953979684514 384.7785908829168
0.25 0.25 0.25 0.25
174.58675693950028
45.0
259.4841926464341 443.58833248733174
0
259.4841926464341 286.45962070744446
0.25 0.25 0.25 0.25
157.12871177988728
45.0
79.34322595158235 494.34141144940156
2
42.7385724410272 494.34141144940156
0.25 0.25 0.25 0.25
122.08179839260956
45.0
414.352700942375 470.66023973207416
3
474.56760322284447 470.66023973207416
0.25 0.25 0.25 0.25
111.07969583478052
45.0
175.29247143395412 120.64535573547322
2
263.6344841230897 120.64535573547322
0.25 0.25 0.25 0.25
88.34201268913559
45.0
48.52941675696792 253.4722383533469
0
48.52941675696792 127.69026443049779
0.25 0.25 0.25 0.25
125.78197392284912
45.0
50.006595111602394 394.40774755817756
1
50.006595111602394 498.2597604711614
0.25 0.25 0.25 0.25
103.85201291298387
45.0
371.15290535103145 316.06982359455696
3
282.70661981466174 316.06982359455696
0.25 0.25 0.25 0.25
88.44628553636974
45.0
454.9401144337878 80.33025359198365
1
454.9401144337878 184.10794596115684
0.25 0.25 0.25 0.25
103.7776923691732
45.0
52.297107662903045 86.67488659092521
3
2.598448914232449 86.67488659092521
0.25 0.25 0.25 0.25
49.698658748670596
45.0
312.885197992549 311.5114324974446
2
359.2192983885395 311.5114324974446
0.25 0.25 0.25 0.25
46.33410039599048
45.0
115.66190419466281 462.4811684306984
0
115.66190419466281 490.58867764262595
0.25 0.25 0.25 0.25
46.93015392667562
45.0
409.14360952361244 86.69764410065909
3
390.26121863787404 86.69764410065909
0.25 0.25 0.25 0.25
18.88239088573841
45.0
429.6555133853518 420.98480647975384
1
429.6555133853518 453.48970142969995
0.25 0.25 0.25 0.25
32.504894949946106
45.0
358.1257120854863 116.92782860828345
0
358.1257120854863 111.0860865161635
0.25 0.25 0.25 0.25
5.841742092119951
45.0
395.4158177664002 474.05170855082326
2
436.7456472216975 474.05170855082326
0.25 0.25 0.25 0.25
41.329829455297265
45.0
462.0709335764894 262.0036147106091
3
444.021434810204 262.0036147106091
0.25 0.25 0.25 0.25
18.04949876628533
45.0
435.9353932663118 39.67000577047732
0
435.9353932663118 25.20226280790275
0.25 0.25 0.25 0.25
14.46774296257457
45.0
224.08482173834847 278.29998007955993
2
240.60229978170253 278.29998007955993
0.25 0.25 0.25 0.25
16.517478043354068
45.0
45.842714312117295 256.7490016629914
0
45.842714312117295 228.98421827875765
0.25 0.25 0.25 0.25
27.764783384233766
45.0
446.82480369984376 248.12564909280206
0
446.82480369984376 209.7186382864437
0.25 0.25 0.25 0.25
38.407010806358365
45.0
307.3847284905151 227.0641436293525
2
312.49110646017897 227.0641436293525
0.25 0.25 0.25 0.25
5.106377969663861
45.0
335.0628032030364 172.06223152977356
0
335.0628032030364 139.3583136736279
0.25 0.25 0.25 0.25
32.70391785614565
45.0
96.68197861865558 410.4070139673963
2
134.23644817846645 410.4070139673963
0.25 0.25 0.25 0.25
37.55446955981087
45.0
487.9991966925571 179.69418773290238
1
487.9991966925571 217.9180653355433
0.25 0.25 0.25 0.25
38.22387760264093
45.0
389.9306171005772 6.133442436609464
2
418.5876443690854 6.133442436609464
0.25 0.25 0.25 0.25
28.65702726850824
45.0
396.1512301584333 139.65402036933452
0
396.1512301584333 136.6262952109903
0.25 0.25 0.25 0.25
3.027725158344224
45.0
317.01244090002547 232.7001395787962
0
317.01244090002547 211.29731726593647
0.25 0.25 0.25 0.25
21.402822312859737
45.0
242.6060616278387 282.2759682832532
0
242.6060616278387 240.7192829836123
0.25 0.25 0.25 0.25
41.556685299640876
45.0
365.57622039589825 489.9951060079334
3
336.54602560566667 489.9951060079334
0.25 0.25 0.25 0.25
29.03019479023157
45.0
119.69187579106398 53.83000342291033
3
79.2227195159555 53.83000342291033
0.25 0.25 0.25 0.25
40.46915627510847
45.0
301.9356249511215 160.87242118973526
1
301.9356249511215 208.4556930471783
0.25 0.25 0.25 0.25
47.583271857443044
45.0
387.7364774405917 37.05623402085239
1
387.7364774405917 37.26321935613871
0.25 0.25 0.25 0.25
0.20698533528631935
45.0
8.908249151543387 274.0912754379555
2
29.958668419767072 274.0912754379555
0.25 0.25 0.25 0.25
38.86691757131046
45.0
180.20374808723898 381.33712172503886
0
180.20374808723898 354.3739320443834
0.25 0.25 0.25 0.25
26.963189680655447
45.0
448.34724524800686 265.60165298347124
0
448.34724524800686 259.6409280745012
0.25 0.25 0.25 0.25
5.960724908970088
45.0
247.6740493643514 444.3601974374686
1
247.6740493643514 493.675299240302
0.25 0.25 0.25 0.25
49.31510180283341
45.0
