94364
147.2809187907392 14.61444011704367
2
26.753064333817235 14.61444011704367
0.25 0.25 0.25 0.25
174.03398312455644
45.0
489.40765011527867 495.3158979478011
0
489.40765011527867 349.7491665299932
0.25 0.25 0.25 0.25
154.93493552220573
45.0
52.4405371765948 300.5599283378657
2
70.87628623194422 300.5599283378657
0.25 0.25 0.25 0.25
123.31682340853902
45.0
472.283157118389 186.12079874442853
3
419.23177847392685 186.12079874442853
0.25 0.25 0.25 0.25
108.48506440768412
45.0
453.6125429426221 386.3517256341206
3
371.64700233223436 386.3517256341206
0.25 0.25 0.25 0.25
174.7404547251435
45.0
36.045508859618025 340.70465336750715
2
63.0773851237804 340.70465336750715
0.25 0.25 0.25 0.25
99.12289398339843
45.0
253.36064199396935 162.4180899767473
3
146.64437652286188 162.4180899767473
0.25 0.25 0.25 0.25
106.71626547110749
45.0
80.71751557834142 491.284588828114
0
80.71751557834142 399.51251672975525
0.25 0.25 0.25 0.25
109.20289444213071
45.0
298.41654045942596 132.21885090116086
2
432.8705355546982 132.21885090116086
0.25 0.25 0.25 0.25
134.45399509527226
45.0
221.63600173203062 94.39424997111729
2
369.54727093854194 94.39424997111729
0.25 0.25 0.25 0.25
147.91126920651132
45.0
293.69792054725536 460.4445233785791
3
173.64195639185482 460.4445233785791
0.25 0.25 0.25 0.25
120.05596415540056
45.0
448.8940438759473 130.64616027791942
1
448.8940438759473 305.2329172174197
0.25 0.25 0.25 0.25
174.58675693950028
45.0
169.22868955469312 384.7284795506391
0
169.22868955469312 458.14280866947365
0.25 0.25 0.25 0.25
157.12871177988728
45.0
230.12437130030767 203.48658894593555
1
230.12437130030767 325.5683873385451
0.25 0.25 0.25 0.25
122.08179839260956
45.0
82.24456338593461 418.2600644331453
0
82.24456338593461 470.66023973207416
0.25 0.25 0.25 0.25
111.07969583478052
45.0
174.4471478919786 465.8824412383575
3
86.10513520284302 465.8824412383575
0.25 0.25 0.25 0.25
88.34201268913559
45.0
190.52294832314422 253.47223835334685
3
64.7409744002951 253.47223835334685
0.25 0.25 0.25 0.25
125.78197392284912
45.0
115.33847889474754 367.5959929048711
0
115.33847889474754 263.7439799918872
0.25 0.25 0.25 0.25
103.85201291298387
45.0
201.43404251486297 391.500460696401
2
289.8803280512327 391.500460696401
0.25 0.25 0.25 0.25
88.44628553636974
45.0
195.94988476696054 278.33255962430724
2
299.72757713613373 278.33255962430724
0.25 0.25 0.25 0.25
103.7776923691732
45.0
47.10020983443815 180.04537906167832
0
47.10020983443815 130.34672031300772
0.25 0.25 0.25 0.25
49.698658748670596
45.0
54.23080432839691 356.5161817582129
2
100.56490472438739 356.5161817582129
0.25 0.25 0.25 0.25
46.33410039599048
45.0
104.52209789890344 401.08424696421093
2
151.45225182557905 401.08424696421093
0.25 0.25 0.25 0.25
46.93015392667562
45.0
383.15009073326513 498.6564733572315
0
383.15009073326513 482.4611357570301
0.25 0.25 0.25 0.25
18.88239088573841
45.0
104.60656388589075 95.93585698029278
0
104.60656388589075 63.43096203034668
0.25 0.25 0.25 0.25
32.504894949946106
45.0
369.8091962697262 58.32443415531501
3
363.96745417760627 58.32443415531501
0.25 0.25 0.25 0.25
5.841742092119951
45.0
307.1912829736533 19.423584542553364
1
307.1912829736533 21.9062449127439
0.25 0.25 0.25 0.25
41.329829455297265
45.0
158.88959233151837 286.75891613225707
2
176.9390910978037 286.75891613225707
0.25 0.25 0.25 0.25
18.04949876628533
45.0
245.77426155704785 481.16874088220703
3
231.3065185944733 481.16874088220703
0.25 0.25 0.25 0.25
14.46774296257457
45.0
238.40456347556528 5.069013987138625
1
238.40456347556528 11.448464056215442
0.25 0.25 0.25 0.25
16.517478043354068
45.0
231.80511953022037 131.95796571628134
1
231.80511953022037 159.7227491005151
0.25 0.25 0.25 0.25
27.764783384233766
45.0
244.5013908146068 93.07988683268599
2
282.90840162096515 93.07988683268599
0.25 0.25 0.25 0.25
38.407010806358365
45.0
286.95921661185963 206.63863175069702
2
292.0655945815235 206.63863175069702
0.25 0.25 0.25 0.25
5.106377969663861
45.0
204.24713177845376 435.49075419647846
3
171.5432139223081 435.49075419647846
0.25 0.25 0.25 0.25
32.70391785614565
45.0
284.4543264177098 303.12790766901
3
246.89985685789895 303.12790766901
0.25 0.25 0.25 0.25
37.55446955981087
45.0
455.9545014212521 323.39540343276553
2
494.178379023893 323.39540343276553
0.25 0.25 0.25 0.25
38.22387760264093
45.0
186.33547182323153 235.3896605846754
1
186.33547182323153 264.04668785318364
0.25 0.25 0.25 0.25
28.65702726850824
45.0
293.2085747747306 151.76492100271142
0
293.2085747747306 148.7371958443672
0.25 0.25 0.25 0.25
3.027725158344224
45.0
361.94522440707885 125.68602801449751
2
383.34804671993857 125.68602801449751
0.25 0.25 0.25 0.25
21.402822312859737
45.0
115.29645292029728 257.9609406120783
3
73.73976762065641 257.9609406120783
0.25 0.25 0.25 0.25
41.556685299640876
45.0
315.09163691155436 132.61236171905614
2
344.12183170178594 132.61236171905614
0.25 0.25 0.25 0.25
29.03019479023157
45.0
472.18537538932856 322.12130993077744
1
472.18537538932856 362.5904662058859
0.25 0.25 0.25 0.25
40.46915627510847
45.0
111.6025375213494 254.53638291722908
0
111.6025375213494 206.95311105978604
0.25 0.25 0.25 0.25
47.583271857443044
45.0
392.4971401521774 35.19336600327552
0
392.4971401521774 34.9863806679892
0.25 0.25 0.25 0.25
0.20698533528631935
45.0
185.42633870500885 453.8403015628711
0
185.42633870500885 414.97338399156064
0.25 0.25 0.25 0.25
38.86691757131046
45.0
197.28090744193725 435.2635010863497
3
170.3177177612818 435.2635010863497
0.25 0.25 0.25 0.25
26.963189680655447
45.0
269.5254979789049 337.130351891112
0
269.5254979789049 331.16962698214195
0.25 0.25 0.25 0.25
5.960724908970088
45.0
357.80513621298144 273.44715568886295
2
407.12023801581483 273.44715568886295
0.25 0.25 0.25 0.25
49.31510180283341
45.0
