94364
495.3488850398521 159.41954300751277
3
330.6171318355914 159.41954300751277
0.25 0.25 0.25 0.25
174.03398312455644
45.0
285.26702749574997 363.9033283186676
0
285.26702749574997 208.96839279646187
0.25 0.25 0.25 0.25
154.93493552220573
45.0
304.04452031733433 452.8064248450563
0
304.04452031733433 423.8767517464047
0.25 0.25 0.25 0.25
123.31682340853902
45.0
316.5292520490191 186.12079874442853
3
208.04418764133496 186.12079874442853
0.25 0.25 0.25 0.25
108.48506440768412
45.0
26.276635468913753 133.75627288555577
2
148.46381925622975 133.75627288555577
0.25 0.25 0.25 0.25
174.7404547251435
45.0
234.29129682641494 344.3845443502661
3
135.1684028430165 344.3845443502661
0.25 0.25 0.25 0.25
99.12289398339843
45.0
280.9696859450116 375.85062091896225
3
174.2534204739041 375.85062091896225
0.25 0.25 0.25 0.25
106.71626547110749
45.0
189.92041002047213 146.50195548089835
0
189.92041002047213 37.29906103876763
0.25 0.25 0.25 0.25
109.20289444213071
45.0
491.6925698877924 73.3968165680667
3
373.85343501693535 73.3968165680667
0.25 0.25 0.25 0.25
134.45399509527226
45.0
292.39377062318897 461.8719424093488
2
440.30503982970026 461.8719424093488
0.25 0.25 0.25 0.25
147.91126920651132
45.0
186.52593607434687 100.27663091237746
1
186.52593607434687 19.779333243023103
0.25 0.25 0.25 0.25
120.05596415540056
45.0
106.89135897104887 345.5935689035798
0
106.89135897104887 171.00681196407953
0.25 0.25 0.25 0.25
174.58675693950028
45.0
459.2861575648559 27.797802852329994
3
302.1574457849686 27.797802852329994
0.25 0.25 0.25 0.25
157.12871177988728
45.0
154.73379862594507 17.331394980160155
2
276.8155970185546 17.331394980160155
0.25 0.25 0.25 0.25
122.08179839260956
45.0
140.7630407445523 418.2600644331453
0
140.7630407445523 470.66023973207416
0.25 0.25 0.25 0.25
111.07969583478052
45.0
30.474737905801163 112.5143904818152
2
118.81675059493675 112.5143904818152
0.25 0.25 0.25 0.25
88.34201268913559
45.0
180.5671820626101 1.9082905076486725
2
306.3491559854592 1.9082905076486725
0.25 0.25 0.25 0.25
125.78197392284912
45.0
323.0425047207154 151.6640716600483
3
219.19049180773152 151.6640716600483
0.25 0.25 0.25 0.25
103.85201291298387
45.0
479.04538267616203 492.9623946672964
0
479.04538267616203 404.5161091309267
0.25 0.25 0.25 0.25
88.44628553636974
45.0
167.7260397812514 353.88640700777125
2
271.5037321504246 353.88640700777125
0.25 0.25 0.25 0.25
103.7776923691732
45.0
47.10020983443815 130.34672031300772
1
47.10020983443815 180.04537906167832
0.25 0.25 0.25 0.25
49.698658748670596
45.0
316.44199883952695 476.1682742343936
0
316.44199883952695 477.4976253696159
0.25 0.25 0.25 0.25
46.33410039599048
45.0
36.2683638811234 255.93790800924776
0
36.2683638811234 209.00775408257215
0.25 0.25 0.25 0.25
46.93015392667562
45.0
465.79078218082765 177.6558282996786
3
446.90839129508925 177.6558282996786
0.25 0.25 0.25 0.25
18.88239088573841
45.0
350.46196541335473 388.47991152980774
0
350.46196541335473 355.97501657986163
0.25 0.25 0.25 0.25
32.504894949946106
45.0
346.44222790124644 29.30169722648425
0
346.44222790124644 23.4599551343643
0.25 0.25 0.25 0.25
5.841742092119951
45.0
100.54213569716697 19.423584542553307
1
100.54213569716697 21.906244912743958
0.25 0.25 0.25 0.25
41.329829455297265
45.0
411.58257505951315 442.49860237346263
3
393.5330762932278 442.49860237346263
0.25 0.25 0.25 0.25
18.04949876628533
45.0
433.85492007051715 278.62033940616317
1
433.85492007051715 293.08808236873773
0.25 0.25 0.25 0.25
14.46774296257457
45.0
25.87508521809972 374.8329810100048
2
42.39256326145379 374.8329810100048
0.25 0.25 0.25 0.25
16.517478043354068
45.0
323.4905481544549 48.66361556358001
3
295.7257647702212 48.66361556358001
0.25 0.25 0.25 0.25
27.764783384233766
45.0
359.7224232336818 214.17619961818093
2
398.12943404004017 214.17619961818093
0.25 0.25 0.25 0.25
38.407010806358365
45.0
327.8102403691706 283.23430129565503
2
332.91661833883444 283.23430129565503
0.25 0.25 0.25 0.25
5.106377969663861
45.0
319.01555391987677 73.95047796133659
0
319.01555391987677 41.24656010519094
0.25 0.25 0.25 0.25
32.70391785614565
45.0
490.21885622342506 185.0801966085312
3
452.6643866636142 185.0801966085312
0.25 0.25 0.25 0.25
37.55446955981087
45.0
67.53654306350694 97.06725019628468
3
29.312665460866008 97.06725019628468
0.25 0.25 0.25 0.25
38.22387760264093
45.0
412.46614641765336 493.30290600124937
0
412.46614641765336 464.64587873274115
0.25 0.25 0.25 0.25
28.65702726850824
45.0
317.4303760414842 130.57084489430184
2
320.4581011998284 130.57084489430184
0.25 0.25 0.25 0.25
3.027725158344224
45.0
317.01244090002547 489.0631703540275
2
338.4152632128852 489.0631703540275
0.25 0.25 0.25 0.25
21.402822312859737
45.0
341.8270853757524 341.07431121136005
1
341.8270853757524 382.63099651100094
0.25 0.25 0.25 0.25
41.556685299640876
45.0
191.39505165450888 306.7935304604456
3
162.3648568642773 306.7935304604456
0.25 0.25 0.25 0.25
29.03019479023157
45.0
406.40715578534605 82.57025282030722
1
406.40715578534605 123.03940909541569
0.25 0.25 0.25 0.25
40.46915627510847
45.0
222.23165647444807 30.211957233733067
2
269.8149283318911 30.211957233733067
0.25 0.25 0.25 0.25
47.583271857443044
45.0
391.8761841463184 37.26321935613871
3
391.66919881103206 37.26321935613871
0.25 0.25 0.25 0.25
0.20698533528631935
45.0
425.9044855818865 129.16346200678578
2
464.77140315319696 129.16346200678578
0.25 0.25 0.25 0.25
38.86691757131046
45.0
153.24055840658355 381.33712172503886
0
153.24055840658355 354.3739320443834
0.25 0.25 0.25 0.25
26.963189680655447
45.0
364.89709652242595 366.93397643596234
0
364.89709652242595 360.97325152699227
0.25 0.25 0.25 0.25
5.960724908970088
45.0
146.8467650583159 13.17368273136394
2
196.1618668611493 13.17368273136394
0.25 0.25 0.25 0.25
49.31510180283341
45.0
