94364
409.7226994099731 58.81833886438238
3
416.24331746547045 58.81833886438238
0.25 0.25 0.25 0.25
174.03398312455644
45.0
489.40765011527867 481.1617361591267
0
489.40765011527867 363.9033283186676
0.25 0.25 0.25 0.25
154.93493552220573
45.0
189.22277331682173 452.8064248450563
2
312.53959672536075 452.8064248450563
0.25 0.25 0.25 0.25
123.31682340853902
45.0
99.55912323365084 148.53899532927304
2
208.04418764133496 148.53899532927304
0.25 0.25 0.25 0.25
108.48506440768412
45.0
148.46381925622975 211.6112709089771
2
323.20427398137326 211.6112709089771
0.25 0.25 0.25 0.25
174.7404547251435
45.0
315.8720704777818 358.2467736995387
2
414.9949644611802 358.2467736995387
0.25 0.25 0.25 0.25
99.12289398339843
45.0
371.27247369062377 16.148213745607194
1
371.27247369062377 122.86447921671468
0.25 0.25 0.25 0.25
106.71626547110749
45.0
207.0943600412957 491.54146115106255
0
207.0943600412957 399.2556444068067
0.25 0.25 0.25 0.25
109.20289444213071
45.0
88.3305846019756 178.7012471933939
0
88.3305846019756 44.247252098121635
0.25 0.25 0.25 0.25
134.45399509527226
45.0
263.87242175727715 243.20290431167913
1
263.87242175727715 391.11417351819046
0.25 0.25 0.25 0.25
147.91126920651132
45.0
52.186888351440345 499.9968101353747
2
172.2428525068409 499.9968101353747
0.25 0.25 0.25 0.25
120.05596415540056
45.0
147.24107163394848 91.46113829858234
1
147.24107163394848 266.0478952380826
0.25 0.25 0.25 0.25
174.58675693950028
45.0
12.09997777480595 384.7284795506392
0
12.09997777480595 227.5997677707519
0.25 0.25 0.25 0.25
157.12871177988728
45.0
55.99761309245895 139.41319337276968
2
178.0794114850685 139.41319337276968
0.25 0.25 0.25 0.25
122.08179839260956
45.0
474.56760322284447 359.29780641031834
1
474.56760322284447 470.37750224509887
0.25 0.25 0.25 0.25
111.07969583478052
45.0
411.2353255398767 445.7755460725069
2
499.5773382290123 445.7755460725069
0.25 0.25 0.25 0.25
88.34201268913559
45.0
316.30492224599334 498.78039481625217
3
190.5229483231442 498.78039481625217
0.25 0.25 0.25 0.25
125.78197392284912
45.0
469.25346945331694 94.56008329575803
3
426.89451763369925 94.56008329575803
0.25 0.25 0.25 0.25
103.85201291298387
45.0
451.9545235762291 418.5913197963339
3
459.59919088740116 418.5913197963339
0.25 0.25 0.25 0.25
88.44628553636974
45.0
375.28142451959775 14.329484914542519
1
375.28142451959775 118.10717728371571
0.25 0.25 0.25 0.25
103.7776923691732
45.0
146.49752733177934 366.63986717369824
0
146.49752733177934 316.94120842502764
0.25 0.25 0.25 0.25
49.698658748670596
45.0
498.22159957651104 456.81806552260286
3
455.44430002749846 456.81806552260286
0.25 0.25 0.25 0.25
46.33410039599048
45.0
400.56978899876907 87.03993701729337
1
400.56978899876907 133.97009094396898
0.25 0.25 0.25 0.25
46.93015392667562
45.0
458.67965427621874 11.168080557705451
1
458.67965427621874 7.714310328032958
0.25 0.25 0.25 0.25
18.88239088573841
45.0
169.61635378578296 388.47991152980774
2
202.12124873572907 388.47991152980774
0.25 0.25 0.25 0.25
32.504894949946106
45.0
410.7013909145658 105.24434442404356
3
404.8596488224459 105.24434442404356
0.25 0.25 0.25 0.25
5.841742092119951
45.0
279.510422473374 104.56590382333852
2
320.84025192867125 104.56590382333852
0.25 0.25 0.25 0.25
41.329829455297265
45.0
407.9224372776333 298.1026122431798
3
389.87293851134797 298.1026122431798
0.25 0.25 0.25 0.25
18.04949876628533
45.0
450.40313622888635 126.47646354592474
1
450.40313622888635 140.94420650849932
0.25 0.25 0.25 0.25
14.46774296257457
45.0
40.19482695531654 327.8524142096221
1
40.19482695531654 344.3698922529762
0.25 0.25 0.25 0.25
16.517478043354068
45.0
129.13706446481862 145.68986812605635
3
101.37228108058486 145.68986812605635
0.25 0.25 0.25 0.25
27.764783384233766
45.0
408.4177928934854 444.6182644563311
3
370.01078208712704 444.6182644563311
0.25 0.25 0.25 0.25
38.407010806358365
45.0
348.23575224782604 344.51083693162144
1
348.23575224782604 349.6172149012853
0.25 0.25 0.25 0.25
5.106377969663861
45.0
40.727542497725466 41.24656010519094
1
40.727542497725466 73.95047796133659
0.25 0.25 0.25 0.25
32.70391785614565
45.0
377.5554475439925 147.52572704872034
2
415.10991710380335 147.52572704872034
0.25 0.25 0.25 0.25
37.55446955981087
45.0
143.9842982687888 361.61928103540646
0
143.9842982687888 323.39540343276553
0.25 0.25 0.25 0.25
38.22387760264093
45.0
103.36034441549486 264.04668785318364
2
132.0173716840031 264.04668785318364
0.25 0.25 0.25 0.25
28.65702726850824
45.0
365.8739785749913 148.7371958443672
1
365.8739785749913 151.76492100271142
0.25 0.25 0.25 0.25
3.027725158344224
45.0
17.372928519989163 254.10296189165595
2
4.029893792870574 254.10296189165595
0.25 0.25 0.25 0.25
21.402822312859737
45.0
424.9404559750342 243.35883579223105
0
424.9404559750342 201.80215049259016
0.25 0.25 0.25 0.25
41.556685299640876
45.0
156.96728582827004 402.90452163723864
2
185.9974806185016 402.90452163723864
0.25 0.25 0.25 0.25
29.03019479023157
45.0
281.5685008914979 67.57746540241507
3
241.0993446163894 67.57746540241507
0.25 0.25 0.25 0.25
40.46915627510847
45.0
397.1021686660076 303.6222367620644
0
397.1021686660076 256.03896490462137
0.25 0.25 0.25 0.25
47.583271857443044
45.0
389.18537478759606 35.81432200913448
2
389.3923601228824 35.81432200913448
0.25 0.25 0.25 0.25
0.20698533528631935
45.0
496.3616792754926 15.764351424384031
3
457.4947617041821 15.764351424384031
0.25 0.25 0.25 0.25
38.86691757131046
45.0
197.28090744193725 192.59479396045083
3
170.3177177612818 192.59479396045083
0.25 0.25 0.25 0.25
26.963189680655447
45.0
418.54362070315653 337.130351891112
1
418.54362070315653 343.0910768000821
0.25 0.25 0.25 0.25
5.960724908970088
45.0
458.63242051901693 111.80388633703079
1
458.63242051901693 161.1189881398642
0.25 0.25 0.25 0.25
49.31510180283341
45.0
