94364
495.3488850398521 32.37107049509342
1
495.3488850398521 206.40505361964986
0.25 0.25 0.25 0.25
174.03398312455644
45.0
24.602843548661497 124.42384414102182
1
24.602843548661497 279.35877966322755
0.25 0.25 0.25 0.25
154.93493552220573
45.0
243.08442424357347 425.87559938168044
0
243.08442424357347 302.55877597314145
0.25 0.25 0.25 0.25
123.31682340853902
45.0
292.8948317181762 473.99418855232545
2
401.37989612586034 473.99418855232545
0.25 0.25 0.25 0.25
108.48506440768412
45.0
152.57436184319616 356.9394559615604
2
327.31481656833967 356.9394559615604
0.25 0.25 0.25 0.25
174.7404547251435
45.0
395.5303077380388 146.1387563834692
1
395.5303077380388 245.26165036686763
0.25 0.25 0.25 0.25
99.12289398339843
45.0
145.8953759394185 83.31086845668207
1
145.8953759394185 23.405397014425418
0.25 0.25 0.25 0.25
106.71626547110749
45.0
499.6448566739591 290.3096222876245
3
391.15224888391015 290.3096222876245
0.25 0.25 0.25 0.25
109.20289444213071
45.0
147.15261893506977 195.51117362247783
1
147.15261893506977 329.9651687177501
0.25 0.25 0.25 0.25
134.45399509527226
45.0
31.95011665574549 130.670519550747
2
115.96115255076583 130.670519550747
0.25 0.25 0.25 0.25
147.91126920651132
45.0
307.98100411476133 100.28301064162808
3
187.9250399593608 100.28301064162808
0.25 0.25 0.25 0.25
120.05596415540056
45.0
361.02378957604617 440.63465217758295
3
464.38945348445355 440.63465217758295
0.25 0.25 0.25 0.25
174.58675693950028
45.0
259.484192646434 456.51068505345734
2
416.6129044263213 456.51068505345734
0.25 0.25 0.25 0.25
157.12871177988728
45.0
188.1659836927602 360.2311772988653
1
188.1659836927602 482.3129756914749
0.25 0.25 0.25 0.25
122.08179839260956
45.0
252.40821155328342 359.86328138426893
1
252.40821155328342 470.94297721904945
0.25 0.25 0.25 0.25
111.07969583478052
45.0
117.97142705296129 437.6445808188489
2
206.31343974209688 437.6445808188489
0.25 0.25 0.25 0.25
88.34201268913559
45.0
70.99676578308816 498.78039481625217
2
196.77873970593728 498.78039481625217
0.25 0.25 0.25 0.25
125.78197392284912
45.0
92.36554693122008 17.51982503608076
1
92.36554693122008 86.3321878769031
0.25 0.25 0.25 0.25
103.85201291298387
45.0
275.0619525034897 227.62353805818722
2
363.5082380398594 227.62353805818722
0.25 0.25 0.25 0.25
88.44628553636974
45.0
39.82934495709506 184.1079459611569
2
143.60703732626826 184.1079459611569
0.25 0.25 0.25 0.25
103.7776923691732
45.0
350.4890601549266 36.976227842254616
3
300.790401406256 36.976227842254616
0.25 0.25 0.25 0.25
49.698658748670596
45.0
220.2169972005681 456.81806552260286
2
266.5510975965586 456.81806552260286
0.25 0.25 0.25 0.25
46.33410039599048
45.0
72.05871151203968 227.8303987973202
3
25.128557585364057 227.8303987973202
0.25 0.25 0.25 0.25
46.93015392667562
45.0
477.56204516195714 30.05047144344387
0
477.56204516195714 11.168080557705458
0.25 0.25 0.25 0.25
18.88239088573841
45.0
397.1506184354057 485.99459637964605
0
397.1506184354057 453.48970142969995
0.25 0.25 0.25 0.25
32.504894949946106
45.0
311.3917753485268 87.71911814768373
3
305.55003325640683 87.71911814768373
0.25 0.25 0.25 0.25
5.841742092119951
45.0
273.9455465912216 153.97982635150134
2
315.2753760465189 153.97982635150134
0.25 0.25 0.25 0.25
41.329829455297265
45.0
462.0709335764894 280.05311347689445
3
444.021434810204 280.05311347689445
0.25 0.25 0.25 0.25
18.04949876628533
45.0
349.1289354908644 90.53968089269382
1
349.1289354908644 105.0074238552684
0.25 0.25 0.25 0.25
14.46774296257457
45.0
257.1197778250566 96.60772160266526
0
257.1197778250566 80.0902435593112
0.25 0.25 0.25 0.25
16.517478043354068
45.0
204.0403361459866 312.2785684314589
0
204.0403361459866 284.51378504722516
0.25 0.25 0.25 0.25
27.764783384233766
45.0
293.1967604744103 363.34668151187714
2
331.6037712807687 363.34668151187714
0.25 0.25 0.25 0.25
38.407010806358365
45.0
322.7038623995067 237.27689956868022
1
322.7038623995067 242.3832775383441
0.25 0.25 0.25 0.25
5.106377969663861
45.0
138.83929606616243 204.76614938591922
0
138.83929606616243 172.06223152977356
0.25 0.25 0.25 0.25
32.70391785614565
45.0
166.1993083000205 485.51595308701803
0
166.1993083000205 447.9614835272072
0.25 0.25 0.25 0.25
37.55446955981087
45.0
182.2081758714297 447.26133095138886
3
143.98429826878876 447.26133095138886
0.25 0.25 0.25 0.25
38.22387760264093
45.0
361.273589832069 51.18061210040702
2
389.9306171005772 51.18061210040702
0.25 0.25 0.25 0.25
28.65702726850824
45.0
408.2621307918101 166.90354679443254
1
408.2621307918101 169.93127195277677
0.25 0.25 0.25 0.25
3.027725158344224
45.0
252.8039739614463 275.5057842045157
3
231.40115164858656 275.5057842045157
0.25 0.25 0.25 0.25
21.402822312859737
45.0
159.49269102855692 240.7192829836123
0
159.49269102855692 199.1625976839714
0.25 0.25 0.25 0.25
41.556685299640876
45.0
104.30446728381409 393.8841148311403
0
104.30446728381409 364.85392004090875
0.25 0.25 0.25 0.25
29.03019479023157
45.0
241.0993446163894 27.108309127306605
1
241.0993446163894 13.360847147801863
0.25 0.25 0.25 0.25
40.46915627510847
45.0
159.18580937879238 124.62720995492299
1
159.18580937879238 172.21048181236603
0.25 0.25 0.25 0.25
47.583271857443044
45.0
388.3574334464507 37.47020469142503
3
388.1504481111644 37.47020469142503
0.25 0.25 0.25 0.25
0.20698533528631935
45.0
242.10975457940617 235.22435786664505
1
242.10975457940617 274.0912754379555
0.25 0.25 0.25 0.25
38.86691757131046
45.0
288.0565068098607 192.59479396045083
1
288.0565068098607 219.55798364110626
0.25 0.25 0.25 0.25
26.963189680655447
45.0
412.58289579418647 271.5623778924413
2
418.54362070315653 271.5623778924413
0.25 0.25 0.25 0.25
5.960724908970088
45.0
196.1618668611493 36.14141907146944
1
196.1618668611493 13.173682731363968
0.25 0.25 0.25 0.25
49.31510180283341
45.0
