94364
105.85863190819887 489.73087887857594
0
105.85863190819887 336.2351379968676
0.25 0.25 0.25 0.25
174.03398312455644
45.0
411.8936394406069 349.7491665299932
3
433.1714250371874 349.7491665299932
0.25 0.25 0.25 0.25
154.93493552220573
45.0
462.7872455972756 165.7765398329145
0
462.7872455972756 42.45971642437547
0.25 0.25 0.25 0.25
123.31682340853902
45.0
411.0669333723905 54.001314005901634
3
480.44800221992534 54.001314005901634
0.25 0.25 0.25 0.25
108.48506440768412
45.0
255.7310869522113 175.93055589791166
3
80.9906322270678 175.93055589791166
0.25 0.25 0.25 0.25
174.7404547251435
45.0
54.30632495776459 331.93359320149136
1
54.30632495776459 431.05648718488976
0.25 0.25 0.25 0.25
99.12289398339843
45.0
307.82972931261037 304.0005826677153
1
307.82972931261037 410.7168481388228
0.25 0.25 0.25 0.25
106.71626547110749
45.0
80.71751557834142 313.38589430268905
1
80.71751557834142 422.5887887448198
0.25 0.25 0.25 0.25
109.20289444213071
45.0
491.6925698877924 44.247252098121635
3
373.85343501693535 44.247252098121635
0.25 0.25 0.25 0.25
134.45399509527226
45.0
327.77265506876813 248.70125060182326
2
475.6839242752794 248.70125060182326
0.25 0.25 0.25 0.25
147.91126920651132
45.0
425.23876050013405 59.32524027056802
1
425.23876050013405 179.38120442596858
0.25 0.25 0.25 0.25
120.05596415540056
45.0
321.82782857344876 66.59589622092847
1
321.82782857344876 241.18265316042874
0.25 0.25 0.25 0.25
174.58675693950028
45.0
283.6841481960459 427.40173268917385
2
440.8128599759332 427.40173268917385
0.25 0.25 0.25 0.25
157.12871177988728
45.0
474.2879680855268 139.4131933727697
3
403.6302335218636 139.4131933727697
0.25 0.25 0.25 0.25
122.08179839260956
45.0
28.83513244884591 249.349060523439
0
28.83513244884591 138.26936468865847
0.25 0.25 0.25 0.25
111.07969583478052
45.0
294.65545243123256 27.800809223289463
2
382.99746512036813 27.800809223289463
0.25 0.25 0.25 0.25
88.34201268913559
45.0
33.462017486329785 249.65565733804956
2
92.31995643651933 249.65565733804956
0.25 0.25 0.25 0.25
125.78197392284912
45.0
50.006595111602394 347.6597230094839
1
50.006595111602394 451.5117359224678
0.25 0.25 0.25 0.25
103.85201291298387
45.0
132.90490784185516 10.624459450989093
3
44.45862230548542 10.624459450989093
0.25 0.25 0.25 0.25
88.44628553636974
45.0
49.38242366311789 448.1112869599051
0
49.38242366311789 448.1110206709217
0.25 0.25 0.25 0.25
103.7776923691732
45.0
306.8172264328441 267.38904650584334
3
257.1185676841735 267.38904650584334
0.25 0.25 0.25 0.25
49.698658748670596
45.0
65.42128814778383 5.193587302079763
1
65.42128814778383 41.14051309391072
0.25 0.25 0.25 0.25
46.33410039599048
45.0
393.7129764474764 476.94793597051034
0
393.7129764474764 476.121910102814
0.25 0.25 0.25 0.25
46.93015392667562
45.0
163.6725280090132 331.40200867112287
1
163.6725280090132 350.2843995568613
0.25 0.25 0.25 0.25
18.88239088573841
45.0
137.11145883583686 253.9662440207851
3
104.60656388589075 253.9662440207851
0.25 0.25 0.25 0.25
32.504894949946106
45.0
439.91010137516554 29.11572369471527
2
445.7518434672855 29.11572369471527
0.25 0.25 0.25 0.25
5.841742092119951
45.0
23.44735266872477 482.13580162368885
0
23.44735266872477 476.5343689210139
0.25 0.25 0.25 0.25
41.329829455297265
45.0
158.88959233151837 381.0725382203002
3
140.84009356523305 381.0725382203002
0.25 0.25 0.25 0.25
18.04949876628533
45.0
390.45169118279347 379.8945401441851
3
375.9839482202189 379.8945401441851
0.25 0.25 0.25 0.25
14.46774296257457
45.0
273.63725586841065 269.3486626808036
2
290.1547339117647 269.3486626808036
0.25 0.25 0.25 0.25
16.517478043354068
45.0
323.4905481544549 437.83838111043747
2
351.25533153868867 437.83838111043747
0.25 0.25 0.25 0.25
27.764783384233766
45.0
62.75469563626017 327.9795130025734
3
24.34768482990181 327.9795130025734
0.25 0.25 0.25 0.25
38.407010806358365
45.0
358.4485081871538 201.53225378103315
1
358.4485081871538 206.63863175069702
0.25 0.25 0.25 0.25
5.106377969663861
45.0
76.26667538634163 8.542642249045286
2
108.97059324248728 8.542642249045286
0.25 0.25 0.25 0.25
32.70391785614565
45.0
486.19735233165727 157.13884037874482
0
486.19735233165727 119.58437081893395
0.25 0.25 0.25 0.25
37.55446955981087
45.0
288.8367200229331 441.08214862005303
2
327.060597625574 441.08214862005303
0.25 0.25 0.25 0.25
38.22387760264093
45.0
409.5997811757212 404.33586979793665
0
409.5997811757212 375.67884252942844
0.25 0.25 0.25 0.25
28.65702726850824
45.0
302.2917502497632 103.32131846920382
1
302.2917502497632 106.34904362754804
0.25 0.25 0.25 0.25
3.027725158344224
45.0
340.54240209421914 312.3787801258279
1
340.54240209421914 333.7816024386876
0.25 0.25 0.25 0.25
21.402822312859737
45.0
37.46218793825305 121.32833270192715
0
37.46218793825305 79.77164740228628
0.25 0.25 0.25 0.25
41.556685299640876
45.0
207.4518693126139 360.90094971488065
0
207.4518693126139 331.8707549246491
0.25 0.25 0.25 0.25
29.03019479023157
45.0
107.96296891335237 431.79987187839123
2
148.43212518846084 431.79987187839123
0.25 0.25 0.25 0.25
40.46915627510847
45.0
411.813452910524 411.6294230869735
1
411.813452910524 459.2126949444165
0.25 0.25 0.25 0.25
47.583271857443044
45.0
395.39493484618606 32.91652731512601
0
395.39493484618606 32.70954197983969
0.25 0.25 0.25 0.25
0.20698533528631935
45.0
312.5669482730124 453.8403015628711
1
312.5669482730124 492.70721913418157
0.25 0.25 0.25 0.25
38.86691757131046
45.0
99.31417904527265 165.6316042797954
0
99.31417904527265 138.66841459913996
0.25 0.25 0.25 0.25
26.963189680655447
45.0
138.38954998156294 271.5623778924413
3
132.42882507259284 271.5623778924413
0.25 0.25 0.25 0.25
5.960724908970088
45.0
245.4769686639827 71.75855693097091
0
245.4769686639827 22.4434551281375
0.25 0.25 0.25 0.25
49.31510180283341
45.0
