94364
61.65473316086019 159.41954300751277
1
61.65473316086019 14.61444011704367
0.25 0.25 0.25 0.25
174.03398312455644
45.0
285.26702749574997 481.1617361591267
0
285.26702749574997 363.9033283186676
0.25 0.25 0.25 0.25
154.93493552220573
45.0
189.22277331682176 82.8559546194393
3
65.90594990828274 82.8559546194393
0.25 0.25 0.25 0.25
123.31682340853902
45.0
32.56036150487611 441.1551673708333
0
32.56036150487611 332.67010296314913
0.25 0.25 0.25 0.25
108.48506440768412
45.0
323.20427398137326 390.46509128987475
2
497.9447287065168 390.46509128987475
0.25 0.25 0.25 0.25
174.7404547251435
45.0
477.1110813894056 137.36769621745344
3
377.9881874060072 137.36769621745344
0.25 0.25 0.25 0.25
99.12289398339843
45.0
11.570066517268657 55.701824505639806
1
11.570066517268657 51.014440965467685
0.25 0.25 0.25 0.25
106.71626547110749
45.0
189.92041002047213 163.6759055017218
3
80.71751557834142 163.6759055017218
0.25 0.25 0.25 0.25
109.20289444213071
45.0
222.78457969724786 447.6092373839384
0
222.78457969724786 313.15524228866616
0.25 0.25 0.25 0.25
134.45399509527226
45.0
327.77265506876813 166.04940399632616
3
179.8613858622568 166.04940399632616
0.25 0.25 0.25 0.25
147.91126920651132
45.0
146.97364931755135 460.4445233785791
3
26.91768516215079 460.4445233785791
0.25 0.25 0.25 0.25
120.05596415540056
45.0
321.82782857344876 91.46113829858234
3
147.24107163394848 91.46113829858234
0.25 0.25 0.25 0.25
174.58675693950028
45.0
226.45641887536948 243.78636756890995
2
383.58513065525676 243.78636756890995
0.25 0.25 0.25 0.25
157.12871177988728
45.0
276.8155970185546 261.49499176537927
3
154.73379862594507 261.49499176537927
0.25 0.25 0.25 0.25
122.08179839260956
45.0
414.352700942375 418.5428019201206
3
303.2730051075945 418.5428019201206
0.25 0.25 0.25 0.25
111.07969583478052
45.0
146.20928747247 152.51164758559156
2
234.55130016160558 152.51164758559156
0.25 0.25 0.25 0.25
88.34201268913559
45.0
442.0868961688425 255.91144872084257
0
442.0868961688425 130.12947479799345
0.25 0.25 0.25 0.25
125.78197392284912
45.0
261.5494436273492 367.595992904871
2
365.4014565403331 367.595992904871
0.25 0.25 0.25 0.25
103.85201291298387
45.0
451.9545235762291 23.640107885514794
3
459.59919088740116 23.640107885514794
0.25 0.25 0.25 0.25
88.44628553636974
45.0
454.9401144337878 127.22513114636274
3
441.28219319703896 127.22513114636274
0.25 0.25 0.25 0.25
103.7776923691732
45.0
207.41990893550292 466.0371846710394
0
207.41990893550292 416.33852592236883
0.25 0.25 0.25 0.25
49.698658748670596
45.0
312.885197992549 244.49777225444114
2
359.2192983885395 244.49777225444114
0.25 0.25 0.25 0.25
46.33410039599048
45.0
212.84917329206652 490.58867764262595
0
212.84917329206652 462.4811684306984
0.25 0.25 0.25 0.25
46.93015392667562
45.0
390.26121863787404 83.24387387098659
2
409.14360952361244 83.24387387098659
0.25 0.25 0.25 0.25
18.88239088573841
45.0
90.42280581378589 355.97501657986163
1
90.42280581378589 388.47991152980774
0.25 0.25 0.25 0.25
32.504894949946106
45.0
381.4926804539661 23.4599551343643
1
381.4926804539661 29.30169722648425
0.25 0.25 0.25 0.25
5.841742092119951
45.0
155.52093410748216 352.5448805551221
1
155.52093410748216 393.8747100104194
0.25 0.25 0.25 0.25
41.329829455297265
45.0
299.6254446799212 280.05311347689445
3
281.57594591363585 280.05311347689445
0.25 0.25 0.25 0.25
18.04949876628533
45.0
493.80636511661004 18.20096607982098
1
493.80636511661004 32.66870904239555
0.25 0.25 0.25 0.25
14.46774296257457
45.0
73.22978304202468 344.3698922529762
3
56.71230499867061 344.3698922529762
0.25 0.25 0.25 0.25
16.517478043354068
45.0
184.66663123328615 284.51378504722516
1
184.66663123328615 312.2785684314589
0.25 0.25 0.25 0.25
27.764783384233766
45.0
139.5687172489769 16.26586521996923
1
139.5687172489769 54.67287602632759
0.25 0.25 0.25 0.25
38.407010806358365
45.0
292.0655945815235 364.9363488102769
1
292.0655945815235 370.0427267799408
0.25 0.25 0.25 0.25
5.106377969663861
45.0
286.3116360637311 8.542642249045286
2
319.01555391987677 8.542642249045286
0.25 0.25 0.25 0.25
32.70391785614565
45.0
152.22863018512737 410.4070139673963
2
189.78309974493823 410.4070139673963
0.25 0.25 0.25 0.25
37.55446955981087
45.0
47.13508974441586 361.61928103540646
1
47.13508974441586 399.8431586380474
0.25 0.25 0.25 0.25
38.22387760264093
45.0
125.89587373257106 292.70371512169186
0
125.89587373257106 264.04668785318364
0.25 0.25 0.25 0.25
28.65702726850824
45.0
323.4858263581726 175.98672226946522
2
326.51355151651677 175.98672226946522
0.25 0.25 0.25 0.25
3.027725158344224
45.0
124.38704008428786 339.7142511430948
3
102.98421777142812 339.7142511430948
0.25 0.25 0.25 0.25
21.402822312859737
45.0
383.3837706753933 409.5855769907946
2
424.9404559750342 409.5855769907946
0.25 0.25 0.25 0.25
41.556685299640876
45.0
185.99748061850158 364.85392004090875
2
215.02767540873316 364.85392004090875
0.25 0.25 0.25 0.25
29.03019479023157
45.0
79.22271951595553 284.9160341958496
3
38.753563240847065 284.9160341958496
0.25 0.25 0.25 0.25
40.46915627510847
45.0
222.23165647444807 17.371314623709985
3
174.64838461700504 17.371314623709985
0.25 0.25 0.25 0.25
47.583271857443044
45.0
392.0831694816047 35.60733667384816
2
392.29015481689106 35.60733667384816
0.25 0.25 0.25 0.25
0.20698533528631935
45.0
340.8940089902507 443.30044470879915
2
379.7609265615612 443.30044470879915
0.25 0.25 0.25 0.25
38.86691757131046
45.0
72.35098936461719 273.4843630024171
1
72.35098936461719 300.44755268307256
0.25 0.25 0.25 0.25
26.963189680655447
45.0
394.7007210672763 295.40527752832156
0
394.7007210672763 289.4445526193515
0.25 0.25 0.25 0.25
5.960724908970088
45.0
344.1071722696495 372.07735929452974
0
344.1071722696495 322.76225749169635
0.25 0.25 0.25 0.25
49.31510180283341
45.0
