36224
184.0754214268684 185.5698345846356
0
184.0754214268684 36.28610381845266
0.25 0.25 0.25 0.25
149.28373076618294
45.0
50.25984144239007 462.49330000289876
0
50.25984144239007 399.7757017989941
0.25 0.25 0.25 0.25
137.7309981981072
45.0
425.2839936905243 413.2229170221209
3
334.31471668512097 413.2229170221209
0.25 0.25 0.25 0.25
90.96927700540331
45.0
111.6566315161331 154.4944770141157
0
111.6566315161331 25.26142388796808
0.25 0.25 0.25 0.25
129.2330531261476
45.0
422.30449383505356 44.47489245524707
1
422.30449383505356 157.72897883784725
0.25 0.25 0.25 0.25
113.25408638260018
45.0
156.21639238021046 327.84845685034054
1
156.21639238021046 484.57989159523015
0.25 0.25 0.25 0.25
156.73143474488958
45.0
316.1438001485415 223.19308500540694
3
211.55099669927324 223.19308500540694
0.25 0.25 0.25 0.25
104.59280344926827
45.0
215.07647607856097 446.38685817162946
0
215.07647607856097 343.44026064666247
0.25 0.25 0.25 0.25
102.94659752496699
45.0
411.51078262735643 170.55179117774355
3
277.1838989194946 170.55179117774355
0.25 0.25 0.25 0.25
134.3268837078618
45.0
369.9743953637528 188.28791883204704
0
369.9743953637528 37.705297084642496
0.25 0.25 0.25 0.25
150.58262174740454
45.0
105.71709885804962 229.1875577470381
2
3.136976062703667 229.1875577470381
0.25 0.25 0.25 0.25
108.85407492075329
45.0
11.335622274638922 117.4950660420273
1
11.335622274638922 285.2693760892173
0.25 0.25 0.25 0.25
167.77431004719
45.0
39.4682057979885 85.08429331584284
2
138.532384586764 85.08429331584284
0.25 0.25 0.25 0.25
99.06417878877551
45.0
218.67311503874978 81.08965733642918
3
108.23092505316441 81.08965733642918
0.25 0.25 0.25 0.25
110.44218998558537
45.0
454.44987593868984 173.60665360934055
1
454.44987593868984 267.13170538174666
0.25 0.25 0.25 0.25
93.5250517724061
45.0
119.9447238385803 375.6788024751477
0
119.9447238385803 228.25452843512093
0.25 0.25 0.25 0.25
147.42427404002675
45.0
163.63262010255187 68.0673103673098
1
163.63262010255187 200.39528659005106
0.25 0.25 0.25 0.25
132.32797622274126
45.0
164.68830072583418 273.59280841673274
2
296.09738624109036 273.59280841673274
0.25 0.25 0.25 0.25
131.40908551525618
45.0
350.0783551042915 191.47554891230195
3
183.64099181185188 191.47554891230195
0.25 0.25 0.25 0.25
166.43736329243964
45.0
281.75531148199457 237.8985279964171
3
123.31382296375534 237.8985279964171
0.25 0.25 0.25 0.25
158.44148851823923
45.0
452.182656573147 252.80806991942092
3
419.90625204703827 252.80806991942092
0.25 0.25 0.25 0.25
127.91109137981466
45.0
29.49080393681328 341.86147094257024
2
142.89491879012405 341.86147094257024
0.25 0.25 0.25 0.25
172.38572272693733
45.0
132.44479694424558 188.92031501433152
3
28.95471586697269 188.92031501433152
0.25 0.25 0.25 0.25
103.49008107727289
45.0
275.9953863526343 27.32842036447647
2
422.699656310145 27.32842036447647
0.25 0.25 0.25 0.25
146.7042699575107
45.0
266.93505901954865 422.6946664240643
3
128.0561165143166 422.6946664240643
0.25 0.25 0.25 0.25
138.87894250523203
45.0
291.64118655311756 348.0901033514755
0
291.64118655311756 208.03740258066966
0.25 0.25 0.25 0.25
140.0527007708058
45.0
459.44222601787874 418.4317932628064
0
459.44222601787874 479.47509741503654
0.25 0.25 0.25 0.25
102.09310932215703
45.0
455.7378850902437 260.5395174781638
3
388.5147695339392 260.5395174781638
0.25 0.25 0.25 0.25
155.74734537581708
45.0
397.7313105174758 414.24709388093993
0
397.7313105174758 463.0548315110166
0.25 0.25 0.25 0.25
122.69807460804344
45.0
175.69448382848606 489.5176723494934
0
175.69448382848606 499.80718336702375
0.25 0.25 0.25 0.25
10.675144283482812
45.0
301.0850164573319 448.6508086492537
0
301.0850164573319 419.30926914008205
0.25 0.25 0.25 0.25
29.34153950917161
45.0
18.98297893799963 270.96536234876254
1
18.98297893799963 301.14464934309706
0.25 0.25 0.25 0.25
30.179286994334507
45.0
102.41662090878495 177.30289729294753
0
102.41662090878495 171.75961156419174
0.25 0.25 0.25 0.25
5.543285728755793
45.0
206.44419641390388 173.48102092299104
1
206.44419641390388 190.51820718655205
0.25 0.25 0.25 0.25
17.037186263561
45.0
63.158030510073694 363.7486535499606
2
101.92147304322117 363.7486535499606
0.25 0.25 0.25 0.25
38.763442533147476
45.0
109.21316469478867 468.30302849440136
0
109.21316469478867 487.0054317557858
0.25 0.25 0.25 0.25
44.69153974981286
45.0
302.52229596073755 161.95096802221363
0
302.52229596073755 153.3115675377393
0.25 0.25 0.25 0.25
8.639400484474319
45.0
38.49064746727754 130.58688671843214
3
27.784147199777806 130.58688671843214
0.25 0.25 0.25 0.25
10.706500267499736
45.0
400.2358573648387 89.04549073724579
3
362.43834488488153 89.04549073724579
0.25 0.25 0.25 0.25
37.79751247995714
45.0
360.5894817089913 192.34863185739817
3
351.07166095790234 192.34863185739817
0.25 0.25 0.25 0.25
9.517820751088946
45.0
492.8833725367118 133.56110776827927
3
471.8958094475172 133.56110776827927
0.25 0.25 0.25 0.25
20.987563089194627
45.0
176.33002997002592 437.6656475318345
0
176.33002997002592 426.7292202589052
0.25 0.25 0.25 0.25
10.936427272929333
45.0
178.07616404709086 131.9546390979121
2
180.84271403869687 131.9546390979121
0.25 0.25 0.25 0.25
2.76654999160601
45.0
395.8175102464279 252.84349396645416
2
433.629994936231 252.84349396645416
0.25 0.25 0.25 0.25
37.812484689803114
45.0
197.393348350816 73.2742663610917
3
191.94863410132956 73.2742663610917
0.25 0.25 0.25 0.25
5.444714249486449
45.0
393.01177783704395 285.36905150458654
0
393.01177783704395 259.4033477323187
0.25 0.25 0.25 0.25
25.965703772267823
45.0
436.87138363950316 413.5700059743133
2
444.86390291432235 413.5700059743133
0.25 0.25 0.25 0.25
7.99251927481921
45.0
31.20455785901138 182.01657488670924
3
28.513835454746726 182.01657488670924
0.25 0.25 0.25 0.25
2.690722404264656
45.0
