36224
427.38488631420455 185.5698345846356
0
427.38488631420455 36.28610381845266
0.25 0.25 0.25 0.25
149.28373076618294
45.0
296.9681801803239 393.97464954410214
2
434.69917837843104 393.97464954410214
0.25 0.25 0.25 0.25
137.7309981981072
45.0
303.1322694121387 140.31508600591093
0
303.1322694121387 49.345809000507614
0.25 0.25 0.25 0.25
90.96927700540331
45.0
405.27558098845736 120.63005200493473
1
405.27558098845736 249.86310513108234
0.25 0.25 0.25 0.25
129.2330531261476
45.0
309.0504074524534 251.69628777704577
0
309.0504074524534 138.4422013944456
0.25 0.25 0.25 0.25
113.25408638260018
45.0
492.8120864464456 201.95723891499065
3
350.45647880866477 201.95723891499065
0.25 0.25 0.25 0.25
156.73143474488958
45.0
265.48498605438533 149.25009429898336
1
265.48498605438533 253.84289774825163
0.25 0.25 0.25 0.25
104.59280344926827
45.0
450.43564637816485 269.9596383713655
3
347.48904885319786 269.9596383713655
0.25 0.25 0.25 0.25
102.94659752496699
45.0
319.8354499569199 364.59048893057263
3
185.50856624905808 364.59048893057263
0.25 0.25 0.25 0.25
134.3268837078618
45.0
382.93871337326993 49.35773203273362
1
382.93871337326993 101.22488971467092
0.25 0.25 0.25 0.25
150.58262174740454
45.0
432.27932362030947 297.41498124135074
0
432.27932362030947 188.56090632059744
0.25 0.25 0.25 0.25
108.85407492075329
45.0
310.9212772534609 204.7618334860726
0
310.9212772534609 36.98752343888259
0.25 0.25 0.25 0.25
167.77431004719
45.0
426.3667088408456 283.21265089339386
1
426.3667088408456 382.27682968216936
0.25 0.25 0.25 0.25
99.06417878877551
45.0
108.23092505316441 29.35253264915613
1
108.23092505316441 139.7947226347415
0.25 0.25 0.25 0.25
110.44218998558537
45.0
238.62420289741064 49.41736271494372
1
238.62420289741064 44.10768905746238
0.25 0.25 0.25 0.25
93.5250517724061
45.0
290.3581800013128 265.53281288442463
3
142.93390596128606 265.53281288442463
0.25 0.25 0.25 0.25
147.42427404002675
45.0
46.38500053869171 255.21245186010282
0
46.38500053869171 122.88447563736156
0.25 0.25 0.25 0.25
132.32797622274126
45.0
441.08444272839733 302.45652568789023
0
441.08444272839733 171.04744017263405
0.25 0.25 0.25 0.25
131.40908551525618
45.0
185.01681205721408 26.41400586522451
1
185.01681205721408 140.02335742721513
0.25 0.25 0.25 0.25
166.43736329243964
45.0
144.21808518215846 385.4791442299945
0
144.21808518215846 227.0376557117553
0.25 0.25 0.25 0.25
158.44148851823923
45.0
254.40537207778044 177.50266629705766
1
254.40537207778044 305.4137576768723
0.25 0.25 0.25 0.25
127.91109137981466
45.0
315.2806415170614 341.86147094257046
2
487.6663642439987 341.86147094257046
0.25 0.25 0.25 0.25
172.38572272693733
45.0
339.4249590987914 432.02017144930585
3
235.93487802151853 432.02017144930585
0.25 0.25 0.25 0.25
103.49008107727289
45.0
310.8216934774086 92.44595989045939
2
457.5259634349193 92.44595989045939
0.25 0.25 0.25 0.25
146.7042699575107
45.0
94.0069635693958 438.42639107070363
2
44.87197893583624 438.42639107070363
0.25 0.25 0.25 0.25
138.87894250523203
45.0
347.0939949475429 52.43690435658266
2
487.1466957183487 52.43690435658266
0.25 0.25 0.25 0.25
140.0527007708058
45.0
9.207602286109932 193.31448139692202
2
111.30071160826697 193.31448139692202
0.25 0.25 0.25 0.25
102.09310932215703
45.0
11.50415103720752 206.7025186492874
2
144.24319433860956 206.7025186492874
0.25 0.25 0.25 0.25
155.74734537581708
45.0
197.3436593870889 27.737466921157193
2
320.04173399513235 27.737466921157193
0.25 0.25 0.25 0.25
122.69807460804344
45.0
26.242463859726737 404.1165180816307
0
26.242463859726737 393.4413737981479
0.25 0.25 0.25 0.25
10.675144283482812
45.0
271.74347694816026 228.5922567498583
1
271.74347694816026 257.9337962590299
0.25 0.25 0.25 0.25
29.34153950917161
45.0
290.59656188701024 421.86179732043513
1
290.59656188701024 452.04108431476965
0.25 0.25 0.25 0.25
30.179286994334507
45.0
224.36890694141235 33.17746834529697
1
224.36890694141235 38.72075407405276
0.25 0.25 0.25 0.25
5.543285728755793
45.0
291.6301277317089 13.928027976179973
2
308.6673139952699 13.928027976179973
0.25 0.25 0.25 0.25
17.037186263561
45.0
363.23983735454857 247.45832595051812
3
324.4763948214011 247.45832595051812
0.25 0.25 0.25 0.25
38.763442533147476
45.0
260.0739094483442 496.20844274009727
3
215.3823696985313 496.20844274009727
0.25 0.25 0.25 0.25
44.69153974981286
45.0
207.48889063152 239.7055723824825
2
216.12829111599433 239.7055723824825
0.25 0.25 0.25 0.25
8.639400484474319
45.0
25.748354137720874 430.3688942084247
2
36.45485440522061 430.3688942084247
0.25 0.25 0.25 0.25
10.706500267499736
45.0
465.83876823644675 89.04549073724579
3
496.3637192835961 89.04549073724579
0.25 0.25 0.25 0.25
37.79751247995714
45.0
332.03601945572444 87.65260359541975
0
332.03601945572444 78.1347828443308
0.25 0.25 0.25 0.25
9.517820751088946
45.0
423.1663751065097 469.36211719539324
2
444.1539381957043 469.36211719539324
0.25 0.25 0.25 0.25
20.987563089194627
45.0
373.18572088275397 393.91993844011716
1
373.18572088275397 404.8563657130465
0.25 0.25 0.25 0.25
10.936427272929333
45.0
205.74166396315098 87.68983923221589
1
205.74166396315098 90.4563892238219
0.25 0.25 0.25 0.25
2.76654999160601
45.0
131.1301174178061 215.03100927665105
1
131.1301174178061 252.84349396645416
0.25 0.25 0.25 0.25
37.812484689803114
45.0
115.72263460851923 8.39644738120505
0
115.72263460851923 2.9517331317186013
0.25 0.25 0.25 0.25
5.444714249486449
45.0
289.14896274797263 337.3004590491222
0
289.14896274797263 311.33475527685437
0.25 0.25 0.25 0.25
25.965703772267823
45.0
468.8414607387799 253.7196204779295
2
476.8339800135991 253.7196204779295
0.25 0.25 0.25 0.25
7.99251927481921
45.0
3.7748333964291434 147.03718363126882
3
1.0841109921644874 147.03718363126882
0.25 0.25 0.25 0.25
2.690722404264656
45.0
