18785
388.87598568276496 251.86683799401374
2
480.9302092621381 251.86683799401374
0.25 0.25 0.25 0.25
92.05422357937312
45.0
115.2748958309677 183.6322214182361
0
115.2748958309677 30.08713642628402
0.25 0.25 0.25 0.25
153.54508499195208
45.0
21.679778235117112 288.2409310461732
2
124.86132471151132 288.2409310461732
0.25 0.25 0.25 0.25
146.54110294662843
45.0
9.274088798671585 396.86134008589676
2
30.860301277038317 396.86134008589676
0.25 0.25 0.25 0.25
21.586212478366733
45.0
347.8395893959555 229.16449600824004
2
368.23879358158695 229.16449600824004
0.25 0.25 0.25 0.25
20.399204185631454
45.0
410.9969407338673 97.27529912938653
0
410.9969407338673 52.40416043255863
0.25 0.25 0.25 0.25
44.87113869682789
45.0
49.78049991657857 195.7809228429597
2
92.28901966058243 195.7809228429597
0.25 0.25 0.25 0.25
42.508519744003856
45.0
27.19226457153019 141.94755389768352
2
74.44016623483306 141.94755389768352
0.25 0.25 0.25 0.25
47.24790166330287
45.0
100.24913145914937 377.85237494521175
0
100.24913145914937 330.92436144525226
0.25 0.25 0.25 0.25
46.92801349995947
45.0
5.81942841410946 3.411292640040706
1
5.81942841410946 21.637620132600972
0.25 0.25 0.25 0.25
25.04891277264168
45.0
354.32159726148876 233.6918118805499
2
397.4875121792792 233.6918118805499
0.25 0.25 0.25 0.25
43.16591491779041
45.0
400.9786692182905 314.5198102068692
2
423.3645119566461 314.5198102068692
0.25 0.25 0.25 0.25
22.385842738355567
45.0
405.7279456336336 205.8786818933313
3
375.6000564662256 205.8786818933313
0.25 0.25 0.25 0.25
30.127889167408018
45.0
311.1575343758178 143.62648897547152
1
311.1575343758178 154.58518433217657
0.25 0.25 0.25 0.25
10.95869535670506
45.0
315.40294572379787 226.17412711844594
0
315.40294572379787 184.5486604940407
0.25 0.25 0.25 0.25
41.62546662440524
45.0
83.59165489345659 206.32193142917816
1
83.59165489345659 255.3040605501462
0.25 0.25 0.25 0.25
48.98212912096804
45.0
467.12042071949486 97.37989767315003
0
467.12042071949486 58.614668506400164
0.25 0.25 0.25 0.25
38.76522916674986
45.0
197.36554577474953 166.27040910159792
1
197.36554577474953 201.15604405558142
0.25 0.25 0.25 0.25
34.885634953983505
45.0
451.89624314253973 284.5268804025686
0
451.89624314253973 271.39612398673955
0.25 0.25 0.25 0.25
13.130756415829048
45.0
249.7263543200064 36.07051047086354
3
211.72162861796073 36.07051047086354
0.25 0.25 0.25 0.25
38.00472570204566
45.0
35.5184110970353 391.29916119565223
0
35.5184110970353 383.66260398332986
0.25 0.25 0.25 0.25
7.636557212322353
45.0
378.84550528582554 422.3442365140303
3
342.0516417068999 422.3442365140303
0.25 0.25 0.25 0.25
36.79386357892568
45.0
272.1527955614765 206.13428724289935
3
262.4115493739504 206.13428724289935
0.25 0.25 0.25 0.25
9.741246187526153
45.0
262.91069661792733 349.5022780876876
3
231.33400037532058 349.5022780876876
0.25 0.25 0.25 0.25
31.576696242606744
45.0
489.10567443958666 122.55685596095739
1
489.10567443958666 126.02237338675125
0.25 0.25 0.25 0.25
3.4655174257938626
45.0
96.46970043378678 376.7180673894213
3
55.8477390699914 376.7180673894213
0.25 0.25 0.25 0.25
40.621961363795386
45.0
291.4856068453887 208.68963681991715
3
270.04211591080366 208.68963681991715
0.25 0.25 0.25 0.25
21.443490934585046
45.0
486.55974588744857 135.93207896617565
3
482.8675699063069 135.93207896617565
0.25 0.25 0.25 0.25
30.5726842062445
45.0
43.151698677974295 102.07552061531833
1
43.151698677974295 131.57312163436058
0.25 0.25 0.25 0.25
29.497601019042246
45.0
254.97055718855165 263.7599101130212
2
291.3330721026534 263.7599101130212
0.25 0.25 0.25 0.25
36.36251491410172
45.0
256.16896725140055 379.4442049733593
2
286.54074955960755 379.4442049733593
0.25 0.25 0.25 0.25
30.371782308206985
45.0
411.7152081776437 102.10978260219123
1
411.7152081776437 111.46198372984202
0.25 0.25 0.25 0.25
9.352201127650789
45.0
74.22558748840157 341.36630675396054
1
74.22558748840157 357.3357541973438
0.25 0.25 0.25 0.25
15.9694474433833
45.0
23.487477778316915 252.9514109929026
0
23.487477778316915 242.8669054515055
0.25 0.25 0.25 0.25
10.084505541397093
45.0
33.34399943134707 66.20636438112251
3
20.361266992127238 66.20636438112251
0.25 0.25 0.25 0.25
12.982732439219834
45.0
160.65267359412155 410.00370468817806
1
160.65267359412155 453.2695460931562
0.25 0.25 0.25 0.25
43.265841404978126
45.0
253.27346937198422 398.1559241237891
1
253.27346937198422 410.71781523076834
0.25 0.25 0.25 0.25
12.56189110697925
45.0
370.9867374135208 440.99346962894776
2
403.47376086747045 440.99346962894776
0.25 0.25 0.25 0.25
32.487023453949625
45.0
404.43660665704783 286.07011771742856
0
404.43660665704783 252.84363134896537
0.25 0.25 0.25 0.25
33.22648636846319
45.0
402.7608551141246 232.87731046963688
2
415.11543388741603 232.87731046963688
0.25 0.25 0.25 0.25
12.354578773291463
45.0
276.3354676895186 393.8725175912559
0
276.3354676895186 368.6053915240906
0.25 0.25 0.25 0.25
25.267126067165368
45.0
223.02939611593555 194.42977677757327
3
213.60009921843215 194.42977677757327
0.25 0.25 0.25 0.25
9.429296897503402
45.0
52.161507099985926 178.01689834513897
0
52.161507099985926 159.92861796474855
0.25 0.25 0.25 0.25
18.088280380390415
45.0
28.011267799985816 192.07629993683855
3
13.201497289791035 192.07629993683855
0.25 0.25 0.25 0.25
14.809770510194781
45.0
126.396427256725 83.92815987936807
3
78.10441384133614 83.92815987936807
0.25 0.25 0.25 0.25
48.292013415388865
45.0
450.5933543445476 39.048906792184425
1
450.5933543445476 88.7544646371501
0.25 0.25 0.25 0.25
49.70555784496567
45.0
137.31471548773138 249.68085254465126
0
137.31471548773138 221.62208103324753
0.25 0.25 0.25 0.25
28.058771511403748
45.0
66.74764841670412 471.45438726951784
3
35.36341770429538 471.45438726951784
0.25 0.25 0.25 0.25
31.384230712408744
45.0
