18785
96.58805096030915 183.2113611566433
0
96.58805096030915 91.15713757727019
0.25 0.25 0.25 0.25
92.05422357937312
45.0
268.8199808229198 250.62002615265476
3
115.2748958309677 250.62002615265476
0.25 0.25 0.25 0.25
153.54508499195208
45.0
383.93992519580524 56.41671609988174
1
383.93992519580524 90.12438684674669
0.25 0.25 0.25 0.25
146.54110294662843
45.0
77.07076111479539 430.4489600871692
2
98.65697359316212 430.4489600871692
0.25 0.25 0.25 0.25
21.586212478366733
45.0
123.44834335400958 36.02515840496879
2
143.84754753964103 36.02515840496879
0.25 0.25 0.25 0.25
20.399204185631454
45.0
287.74003705812413 321.63099261352585
2
332.611175754952 321.63099261352585
0.25 0.25 0.25 0.25
44.87113869682789
45.0
142.557624947348 323.30648207497126
0
142.557624947348 280.7979623309674
0.25 0.25 0.25 0.25
42.508519744003856
45.0
310.6796745513474 7.590216162865019
2
357.92757621465023 7.590216162865019
0.25 0.25 0.25 0.25
47.24790166330287
45.0
304.19840954222826 279.1398140542209
0
304.19840954222826 232.2118005542614
0.25 0.25 0.25 0.25
46.92801349995947
45.0
369.91426317551577 121.83327122316769
0
369.91426317551577 96.78435845052601
0.25 0.25 0.25 0.25
25.04891277264168
45.0
224.8238525081175 464.1467836949172
0
224.8238525081175 492.6873013872924
0.25 0.25 0.25 0.25
43.16591491779041
45.0
356.2069837415794 45.889697346602475
2
378.59282647993496 45.889697346602475
0.25 0.25 0.25 0.25
22.385842738355567
45.0
285.2163889640017 155.65598811556492
3
255.08849979659365 155.65598811556492
0.25 0.25 0.25 0.25
30.127889167408018
45.0
212.52927616547237 64.58872280192466
2
223.48797152217742 64.58872280192466
0.25 0.25 0.25 0.25
10.95869535670506
45.0
64.66134496309229 24.56747364225965
1
64.66134496309229 66.19294026666489
0.25 0.25 0.25 0.25
41.62546662440524
45.0
34.60952577248855 116.19555483695865
1
34.60952577248855 165.1776839579267
0.25 0.25 0.25 0.25
48.98212912096804
45.0
428.355191552745 376.6324601758955
3
389.58996238599514 376.6324601758955
0.25 0.25 0.25 0.25
38.76522916674986
45.0
116.60516881110192 340.6985838715155
3
81.71953385711842 340.6985838715155
0.25 0.25 0.25 0.25
34.885634953983505
45.0
386.2424610633944 70.00354282481561
3
373.1117046475653 70.00354282481561
0.25 0.25 0.25 0.25
13.130756415829048
45.0
244.33507980658726 74.0752361729092
0
244.33507980658726 36.07051047086354
0.25 0.25 0.25 0.25
38.00472570204566
45.0
40.84716102618823 376.0260467710075
2
48.48371823851058 376.0260467710075
0.25 0.25 0.25 0.25
7.636557212322353
45.0
149.39995155714783 400.2521289603484
1
149.39995155714783 437.04599253927404
0.25 0.25 0.25 0.25
36.79386357892568
45.0
457.23647312447326 430.18294955600066
2
466.9777193119994 430.18294955600066
0.25 0.25 0.25 0.25
9.741246187526153
45.0
0.15715308634284497 223.19549311726058
1
0.15715308634284497 254.77218935986733
0.25 0.25 0.25 0.25
31.576696242606744
45.0
462.37708159929946 9.132806219209385
0
462.37708159929946 5.667288793415523
0.25 0.25 0.25 0.25
3.4655174257938626
45.0
380.8234299803544 336.09610602562594
3
340.201468616559 336.09610602562594
0.25 0.25 0.25 0.25
40.621961363795386
45.0
55.60720656495323 40.788180469606345
2
77.05069749953827 40.788180469606345
0.25 0.25 0.25 0.25
21.443490934585046
45.0
58.54216700002557 108.64939468378032
3
27.969482793781072 108.64939468378032
0.25 0.25 0.25 0.25
30.5726842062445
45.0
426.6205119255235 72.57791959627602
1
426.6205119255235 102.07552061531827
0.25 0.25 0.25 0.25
29.497601019042246
45.0
217.74213669477075 100.09775313736077
2
254.10465160887247 100.09775313736077
0.25 0.25 0.25 0.25
36.36251491410172
45.0
75.65182196804554 499.06866579381267
3
45.28003965983855 499.06866579381267
0.25 0.25 0.25 0.25
30.371782308206985
45.0
318.1931969011357 176.92739162339757
0
318.1931969011357 167.57519049574677
0.25 0.25 0.25 0.25
9.352201127650789
45.0
154.07282470531808 485.09133374441
0
154.07282470531808 469.12188630102673
0.25 0.25 0.25 0.25
15.9694474433833
45.0
37.01955547006564 494.97954398643316
0
37.01955547006564 484.89503844503605
0.25 0.25 0.25 0.25
10.084505541397093
45.0
176.1540562627652 260.94735096942
3
163.17132382354538 260.94735096942
0.25 0.25 0.25 0.25
12.982732439219834
45.0
333.7160392140339 15.725484357871792
1
333.7160392140339 27.540357047106333
0.25 0.25 0.25 0.25
43.265841404978126
45.0
98.45948162343483 300.3586893087087
3
85.89759051645558 300.3586893087087
0.25 0.25 0.25 0.25
12.56189110697925
45.0
345.5974410320097 169.16224892365673
3
313.1104175780601 169.16224892365673
0.25 0.25 0.25 0.25
32.487023453949625
45.0
434.45768407940704 452.2025495597447
3
401.23119771094383 452.2025495597447
0.25 0.25 0.25 0.25
33.22648636846319
45.0
427.4700126607075 248.2303810521222
1
427.4700126607075 260.58495982541365
0.25 0.25 0.25 0.25
12.354578773291463
45.0
23.664207017864936 393.8725175912559
2
48.9313330850303 393.8725175912559
0.25 0.25 0.25 0.25
25.267126067165368
45.0
175.8829116284185 71.84891711002899
0
175.8829116284185 62.41962021252559
0.25 0.25 0.25 0.25
9.429296897503402
45.0
274.36545074319804 51.39893568240609
3
256.2771703628076 51.39893568240609
0.25 0.25 0.25 0.25
18.088280380390415
45.0
60.84735526118287 222.5972743486152
0
60.84735526118287 207.78750383842043
0.25 0.25 0.25 0.25
14.809770510194781
45.0
146.4238772257819 60.94788036679856
2
194.71589064117074 60.94788036679856
0.25 0.25 0.25 0.25
48.292013415388865
45.0
356.4732573762766 436.6933695519097
3
306.76769953131094 436.6933695519097
0.25 0.25 0.25 0.25
49.70555784496567
45.0
171.33177113770978 63.38522637535961
2
199.3905426491135 63.38522637535961
0.25 0.25 0.25 0.25
28.058771511403748
45.0
305.5677373351212 156.23022697865696
2
336.95196804752993 156.23022697865696
0.25 0.25 0.25 0.25
31.384230712408744
45.0
