80624
67.14782686268501 210.83550110904534
0
67.14782686268501 98.58798195439482
0.25 0.25 0.25 0.25
112.24751915465052
45.0
14.496948404824536 144.51953112487232
1
14.496948404824536 12.873420809662377
0.25 0.25 0.25 0.25
157.3929519345347
45.0
124.96833131956006 106.32420009544089
1
124.96833131956006 280.7064103845008
0.25 0.25 0.25 0.25
174.38221028905994
45.0
24.562766470404938 63.94128913515834
2
179.13234949644354 63.94128913515834
0.25 0.25 0.25 0.25
154.5695830260386
45.0
239.7416683650185 172.34519580607204
1
239.7416683650185 278.14669831226536
0.25 0.25 0.25 0.25
105.80150250619332
45.0
127.43812183179114 454.971078914907
0
127.43812183179114 446.9571112002591
0.25 0.25 0.25 0.25
98.0718098848339
45.0
15.01587394706874 27.67553474508864
1
15.01587394706874 97.5385296039381
0.25 0.25 0.25 0.25
125.21406434902674
45.0
273.96486633989457 249.2478158600942
2
423.2573174311367 249.2478158600942
0.25 0.25 0.25 0.25
149.29245109124213
45.0
97.90001833046978 104.97069722081767
1
97.90001833046978 224.34713026755853
0.25 0.25 0.25 0.25
119.37643304674086
45.0
300.7694605377801 176.3992423932078
3
128.17135166815828 176.3992423932078
0.25 0.25 0.25 0.25
172.59810886962183
45.0
247.75022087631453 26.019504531929826
1
247.75022087631453 145.4448725948405
0.25 0.25 0.25 0.25
119.42536806291066
45.0
375.96548537824026 386.4460210526879
0
375.96548537824026 283.09418144335166
0.25 0.25 0.25 0.25
103.35183960933628
45.0
20.60807143772334 491.512276112202
2
97.2995518474566 491.512276112202
0.25 0.25 0.25 0.25
117.90762328517994
45.0
353.915690607171 241.08391593150327
0
353.915690607171 132.3160853303748
0.25 0.25 0.25 0.25
108.76783060112848
45.0
277.0158657063904 312.03381604690765
1
277.0158657063904 468.57393246803724
0.25 0.25 0.25 0.25
156.5401164211296
45.0
84.83095142084616 340.6994237299996
1
84.83095142084616 464.9953637343575
0.25 0.25 0.25 0.25
124.29594000435796
45.0
30.49422607537778 395.363967902411
0
30.49422607537778 297.05038766418863
0.25 0.25 0.25 0.25
98.31358023822239
45.0
309.8672898769473 56.12796292010444
1
309.8672898769473 225.62416321130468
0.25 0.25 0.25 0.25
169.49620029120024
45.0
153.5503621597046 376.8193305632757
3
6.5393532486509685 376.8193305632757
0.25 0.25 0.25 0.25
147.01100891105364
45.0
235.52817155615764 185.60367377317374
2
341.09987132787614 185.60367377317374
0.25 0.25 0.25 0.25
105.57169977171849
45.0
173.94237180221478 482.8036277888782
0
173.94237180221478 330.8143775337584
0.25 0.25 0.25 0.25
151.98925025511983
45.0
265.988093778143 43.115816093165506
1
265.988093778143 70.4665200456767
0.25 0.25 0.25 0.25
113.58233613884221
45.0
346.7757797630618 128.0069314134263
3
176.89856081076266 128.0069314134263
0.25 0.25 0.25 0.25
169.87721895229913
45.0
342.7127493176517 107.61363076328269
1
342.7127493176517 37.64465905969695
0.25 0.25 0.25 0.25
145.25828982297963
45.0
371.58885308755134 67.59105175596659
1
371.58885308755134 35.88036451301164
0.25 0.25 0.25 0.25
103.47141626897823
45.0
331.58042186784184 458.7473075902519
2
465.9969302825573 458.7473075902519
0.25 0.25 0.25 0.25
134.41650841471545
45.0
280.3316159800784 260.70942367662366
0
280.3316159800784 109.95741221957553
0.25 0.25 0.25 0.25
150.75201145704813
45.0
251.02344502537517 15.733745195795848
1
251.02344502537517 143.50821047553742
0.25 0.25 0.25 0.25
159.24195567133327
45.0
213.75128193759042 54.67713944766706
1
213.75128193759042 195.30600146281245
0.25 0.25 0.25 0.25
140.6288620151454
45.0
468.65115441060004 151.93167931761764
1
468.65115441060004 6.835635499512762
0.25 0.25 0.25 0.25
158.7673148171304
45.0
260.1475765458674 229.80718707169225
3
140.10166624718838 229.80718707169225
0.25 0.25 0.25 0.25
120.04591029867905
45.0
174.45072017168545 254.33415488897938
3
86.8732701139229 254.33415488897938
0.25 0.25 0.25 0.25
87.57745005776255
45.0
367.0548853331386 157.0313079927875
3
194.54246285832454 157.0313079927875
0.25 0.25 0.25 0.25
172.51242247481406
45.0
490.3512637357445 156.08370368006044
3
365.0904183560772 156.08370368006044
0.25 0.25 0.25 0.25
125.26084537966736
45.0
98.18059625204442 284.7513014025806
0
98.18059625204442 185.37514833470237
0.25 0.25 0.25 0.25
99.37615306787826
45.0
163.67074530269633 255.08211202742172
3
17.97316347401369 255.08211202742172
0.25 0.25 0.25 0.25
145.69758182868264
45.0
365.0579577697895 58.20040605247581
1
365.0579577697895 51.69182344224633
0.25 0.25 0.25 0.25
109.89222949472214
45.0
176.1725051135162 138.57152625019506
0
176.1725051135162 31.245950369670368
0.25 0.25 0.25 0.25
107.3255758805247
45.0
184.7188738460156 484.0506427832297
2
334.3969035884563 484.0506427832297
0.25 0.25 0.25 0.25
149.6780297424407
45.0
422.3050843847103 438.73954185016566
0
422.3050843847103 341.042966681076
0.25 0.25 0.25 0.25
97.69657516908964
45.0
264.4331494874938 30.41883464040393
2
353.3991806181408 30.41883464040393
0.25 0.25 0.25 0.25
88.96603113064705
45.0
370.6443421025326 200.1143563042591
0
370.6443421025326 45.42128531597132
0.25 0.25 0.25 0.25
154.6930709882878
45.0
17.040391686287023 374.4360641394562
1
17.040391686287023 498.88634513485056
0.25 0.25 0.25 0.25
124.45028099539431
45.0
465.18767602856997 305.6857187813064
1
465.18767602856997 418.7766569145441
0.25 0.25 0.25 0.25
113.09093813323773
45.0
431.92870521718123 61.921979456534075
3
325.899380766622 61.921979456534075
0.25 0.25 0.25 0.25
106.02932445055919
45.0
24.78846003265744 393.1856185225831
2
108.06223415779846 393.1856185225831
0.25 0.25 0.25 0.25
132.8506941904559
45.0
362.2008956904424 133.60654718790488
3
223.0480221420063 133.60654718790488
0.25 0.25 0.25 0.25
139.1528735484361
45.0
496.3238309226878 264.0758142302562
1
496.3238309226878 401.0844998223564
0.25 0.25 0.25 0.25
137.00868559210022
45.0
