80624
485.45488630572345 333.3106926555505
3
402.29759453962606 333.3106926555505
0.25 0.25 0.25 0.25
112.24751915465052
45.0
411.5735322498284 12.873420809662377
3
431.03351581563686 12.873420809662377
0.25 0.25 0.25 0.25
157.3929519345347
45.0
479.9739863679605 21.764748459259465
3
305.5917760789006 21.764748459259465
0.25 0.25 0.25 0.25
174.38221028905994
45.0
97.14526831417342 163.2107957346487
2
57.42431471186518 163.2107957346487
0.25 0.25 0.25 0.25
154.5695830260386
45.0
499.1311508216653 39.25780920631459
1
499.1311508216653 145.0593117125079
0.25 0.25 0.25 0.25
105.80150250619332
45.0
29.36631194695724 454.971078914907
0
29.36631194695724 356.8992690300731
0.25 0.25 0.25 0.25
98.0718098848339
45.0
15.015873947068755 403.31772779216885
2
110.19819040195799 403.31772779216885
0.25 0.25 0.25 0.25
125.21406434902674
45.0
20.42712179610521 243.6766950523271
2
169.71957288734734 243.6766950523271
0.25 0.25 0.25 0.25
149.29245109124213
45.0
187.8770895826158 491.91146801288664
2
307.25352262935667 491.91146801288664
0.25 0.25 0.25 0.25
119.37643304674086
45.0
354.0343217229763 242.23139160963692
3
473.3675694074019 242.23139160963692
0.25 0.25 0.25 0.25
172.59810886962183
45.0
110.52588331241745 264.87024065775114
0
110.52588331241745 145.4448725948405
0.25 0.25 0.25 0.25
119.42536806291066
45.0
244.14555227777745 316.6125775367144
0
244.14555227777745 213.26073792737813
0.25 0.25 0.25 0.25
103.35183960933628
45.0
134.08609887484414 194.52841997522262
0
134.08609887484414 76.62079669004268
0.25 0.25 0.25 0.25
117.90762328517994
45.0
202.96881082635514 23.54825472924631
1
202.96881082635514 132.3160853303748
0.25 0.25 0.25 0.25
108.76783060112848
45.0
181.23505075848323 1.046416795351547
3
24.69493433735363 1.046416795351547
0.25 0.25 0.25 0.25
156.5401164211296
45.0
468.98373136419286 86.47506375614725
1
468.98373136419286 37.82087624821071
0.25 0.25 0.25 0.25
124.29594000435796
45.0
264.4465146392894 181.87260980819
1
264.4465146392894 280.1861900464124
0.25 0.25 0.25 0.25
98.31358023822239
45.0
462.38628842094613 56.12796292010444
3
368.11751128785363 56.12796292010444
0.25 0.25 0.25 0.25
169.49620029120024
45.0
358.71549582550915 318.6652058085248
3
494.2734952634372 318.6652058085248
0.25 0.25 0.25 0.25
147.01100891105364
45.0
236.61332958524991 236.6831253137002
3
131.04162981353142 236.6831253137002
0.25 0.25 0.25 0.25
105.57169977171849
45.0
218.1006271773059 114.90037549279975
3
66.11137692218608 114.90037549279975
0.25 0.25 0.25 0.25
151.98925025511983
45.0
401.81145516656517 156.69815223200766
3
288.22911902772296 156.69815223200766
0.25 0.25 0.25 0.25
113.58233613884221
45.0
351.9964097599295 80.39691496646242
3
478.12637128777135 80.39691496646242
0.25 0.25 0.25 0.25
169.87721895229913
45.0
143.48620643385982 456.61149976777847
2
288.74449625683945 456.61149976777847
0.25 0.25 0.25 0.25
145.25828982297963
45.0
475.0602693565296 483.80912047833806
3
371.58885308755134 483.80912047833806
0.25 0.25 0.25 0.25
103.47141626897823
45.0
3.66296394141915 272.4196755803171
2
130.7535444732963 272.4196755803171
0.25 0.25 0.25 0.25
134.41650841471545
45.0
34.091673265319 165.22149241891236
2
184.84368472236713 165.22149241891236
0.25 0.25 0.25 0.25
150.75201145704813
45.0
67.4604663172914 219.52396683912954
2
91.78148935404187 219.52396683912954
0.25 0.25 0.25 0.25
159.24195567133327
45.0
307.58624627078893 476.5637254931032
3
166.95738425564355 476.5637254931032
0.25 0.25 0.25 0.25
140.6288620151454
45.0
119.02199376070394 149.02396879116543
2
39.74532105642646 149.02396879116543
0.25 0.25 0.25 0.25
158.7673148171304
45.0
300.92805162341097 490.46827472038206
0
300.92805162341097 389.4858149809389
0.25 0.25 0.25 0.25
120.04591029867905
45.0
401.94338086804055 341.91160494674193
2
489.5208309258031 341.91160494674193
0.25 0.25 0.25 0.25
87.57745005776255
45.0
425.35815734316316 117.8444672590719
3
402.12942018202284 117.8444672590719
0.25 0.25 0.25 0.25
172.51242247481406
45.0
261.2138085422596 30.82285830039308
1
261.2138085422596 156.08370368006044
0.25 0.25 0.25 0.25
125.26084537966736
45.0
197.5567493199227 284.75130140258057
0
197.5567493199227 185.37514833470232
0.25 0.25 0.25 0.25
99.37615306787826
45.0
455.06590896006173 109.38453019873896
1
455.06590896006173 36.313051629943686
0.25 0.25 0.25 0.25
145.69758182868264
45.0
496.89005635951315 40.72188889474556
1
496.89005635951315 69.17034059997658
0.25 0.25 0.25 0.25
109.89222949472214
45.0
145.8042225280579 363.9865360771507
0
145.8042225280579 256.660960196626
0.25 0.25 0.25 0.25
107.3255758805247
45.0
413.9932451237472 162.40768438361803
1
413.9932451237472 312.08571412605875
0.25 0.25 0.25 0.25
149.6780297424407
45.0
129.21535887744136 392.6710452319586
3
31.51878370835172 392.6710452319586
0.25 0.25 0.25 0.25
97.69657516908964
45.0
112.80463259797699 496.62264785652167
0
112.80463259797699 407.65661672587464
0.25 0.25 0.25 0.25
88.96603113064705
45.0
144.10969704397155 15.410365906560742
1
144.10969704397155 139.28270508172704
0.25 0.25 0.25 0.25
154.6930709882878
45.0
265.94095367707564 247.81534083751527
3
141.49067268168133 247.81534083751527
0.25 0.25 0.25 0.25
124.45028099539431
45.0
308.6304477049546 97.32228571397047
1
308.6304477049546 210.4132238472082
0.25 0.25 0.25 0.25
113.09093813323773
45.0
189.69007692554922 305.15954374199487
0
189.69007692554922 199.13021929143568
0.25 0.25 0.25 0.25
106.02932445055919
45.0
32.02804717581898 75.41160471559328
1
32.02804717581898 208.26229890604918
0.25 0.25 0.25 0.25
132.8506941904559
45.0
307.63358689079087 46.313443961363305
3
168.48071334235476 46.313443961363305
0.25 0.25 0.25 0.25
139.1528735484361
45.0
462.73696822201373 57.74576173044767
3
400.254346185886 57.74576173044767
0.25 0.25 0.25 0.25
137.00868559210022
45.0
