80624
158.9400012336265 333.3106926555505
3
46.692482078975985 333.3106926555505
0.25 0.25 0.25 0.25
112.24751915465052
45.0
142.89600352971016 88.87724273208056
1
142.89600352971016 246.27019466661525
0.25 0.25 0.25 0.25
157.3929519345347
45.0
479.9739863679605 370.52916903737935
3
305.5917760789006 370.52916903737935
0.25 0.25 0.25 0.25
174.38221028905994
45.0
24.562766470404938 163.2107957346487
1
24.562766470404938 317.7803787606873
0.25 0.25 0.25 0.25
154.5695830260386
45.0
395.0673466721414 298.6472916629615
1
395.0673466721414 404.4487941691548
0.25 0.25 0.25 0.25
105.80150250619332
45.0
362.92092759237835 435.689177763246
0
362.92092759237835 466.2390123519201
0.25 0.25 0.25 0.25
98.0718098848339
45.0
136.80490871166762 471.46820785880436
3
11.590844362640865 471.46820785880436
0.25 0.25 0.25 0.25
125.21406434902674
45.0
20.42712179610521 139.43140159977986
2
169.71957288734734 139.43140159977986
0.25 0.25 0.25 0.25
149.29245109124213
45.0
232.86562520868884 30.58279980014987
3
113.48919216194798 30.58279980014987
0.25 0.25 0.25 0.25
119.37643304674086
45.0
437.778916189671 450.41815369698963
3
265.1808073200492 450.41815369698963
0.25 0.25 0.25 0.25
172.59810886962183
45.0
393.97367493495346 264.87024065775114
1
393.97367493495346 384.2956087206618
0.25 0.25 0.25 0.25
119.42536806291066
45.0
169.26180615956773 443.16534715125033
0
169.26180615956773 453.4828132394134
0.25 0.25 0.25 0.25
103.35183960933628
45.0
134.0860988748442 41.286826595137256
3
16.17847558966426 41.286826595137256
0.25 0.25 0.25 0.25
117.90762328517994
45.0
144.42420556687398 64.1300512820385
3
35.6563749657455 64.1300512820385
0.25 0.25 0.25 0.25
108.76783060112848
45.0
494.3152836007424 59.712884677870875
1
494.3152836007424 216.25300109900047
0.25 0.25 0.25 0.25
156.5401164211296
45.0
401.08784866631277 464.9953637343575
0
401.08784866631277 340.6994237299996
0.25 0.25 0.25 0.25
124.29594000435796
45.0
67.81935416284455 14.75455066825478
2
166.13293440106693 14.75455066825478
0.25 0.25 0.25 0.25
98.31358023822239
45.0
462.38628842094613 282.86443766229604
0
462.38628842094613 113.3682373710958
0.25 0.25 0.25 0.25
169.49620029120024
45.0
111.39459328502721 318.6652058085248
1
111.39459328502721 465.6762147195784
0.25 0.25 0.25 0.25
147.01100891105364
45.0
180.89633186806498 447.8265248571372
2
286.4680316397835 447.8265248571372
0.25 0.25 0.25 0.25
105.57169977171849
45.0
453.7811256290122 37.088874762320074
3
394.229624115868 37.088874762320074
0.25 0.25 0.25 0.25
151.98925025511983
45.0
493.1527660558275 248.03946312126993
3
379.5704299169853 248.03946312126993
0.25 0.25 0.25 0.25
113.58233613884221
45.0
308.2491523354722 99.6602286802572
1
308.2491523354722 70.21699027204193
0.25 0.25 0.25 0.25
169.87721895229913
45.0
31.843974132595065 398.13021040924184
2
177.1022639555747 398.13021040924184
0.25 0.25 0.25 0.25
145.25828982297963
45.0
456.1824770642745 208.10903436118568
1
456.1824770642745 311.5804506301639
0.25 0.25 0.25 0.25
103.47141626897823
45.0
265.17005288801175 78.91872606860983
3
130.7535444732963 78.91872606860983
0.25 0.25 0.25 0.25
134.41650841471545
45.0
267.41234964877725 136.28253049518378
2
418.1643611058254 136.28253049518378
0.25 0.25 0.25 0.25
150.75201145704813
45.0
340.119976969376 417.4438558462035
2
499.36193264070926 417.4438558462035
0.25 0.25 0.25 0.25
159.24195567133327
45.0
463.8130741799166 117.14765435544291
1
463.8130741799166 23.481207659702477
0.25 0.25 0.25 0.25
140.6288620151454
45.0
293.30485806799203 149.02396879116554
1
293.30485806799203 307.79128360829594
0.25 0.25 0.25 0.25
158.7673148171304
45.0
59.20967927262615 389.4858149809389
2
179.2555895713052 389.4858149809389
0.25 0.25 0.25 0.25
120.04591029867905
45.0
401.94338086804055 183.55309539983332
2
489.5208309258031 183.55309539983332
0.25 0.25 0.25 0.25
87.57745005776255
45.0
252.8457348683491 255.28235488500172
0
252.8457348683491 82.76993241018766
0.25 0.25 0.25 0.25
172.51242247481406
45.0
360.91689228139967 96.52475011661303
2
486.177737661067 96.52475011661303
0.25 0.25 0.25 0.25
125.26084537966736
45.0
296.93290238780094 218.3679332580282
3
197.5567493199227 218.3679332580282
0.25 0.25 0.25 0.25
99.37615306787826
45.0
107.84134555389028 380.8966210553258
2
253.53892738257292 380.8966210553258
0.25 0.25 0.25 0.25
145.69758182868264
45.0
485.9201218120123 150.6141183894677
3
376.0278923172902 150.6141183894677
0.25 0.25 0.25 0.25
109.89222949472214
45.0
210.242322188794 149.33538431610128
3
102.9167463082693 149.33538431610128
0.25 0.25 0.25 0.25
107.3255758805247
45.0
136.9726656489307 414.0175356714145
0
136.9726656489307 264.33950592897384
0.25 0.25 0.25 0.25
149.6780297424407
45.0
359.2675169680068 314.2392292607724
1
359.2675169680068 411.93580442986206
0.25 0.25 0.25 0.25
97.69657516908964
45.0
442.36521174878783 414.4113210128313
3
353.3991806181408 414.4113210128313
0.25 0.25 0.25 0.25
88.96603113064705
45.0
82.42494801458952 479.4895788714241
0
82.42494801458952 365.8173501402881
0.25 0.25 0.25 0.25
154.6930709882878
45.0
17.040391686287023 247.81534083751527
2
141.49067268168133 247.81534083751527
0.25 0.25 0.25 0.25
124.45028099539431
45.0
465.18767602856997 228.23166704634775
0
465.18767602856997 115.14072891311002
0.25 0.25 0.25 0.25
113.09093813323773
45.0
22.368571975569154 93.10089484087649
1
22.368571975569154 199.13021929143568
0.25 0.25 0.25 0.25
106.02932445055919
45.0
499.3747295860046 455.9911720462303
3
367.7745762235395 455.9911720462303
0.25 0.25 0.25 0.25
132.8506941904559
45.0
333.56347205173813 350.5490762191828
1
333.56347205173813 489.7019497676189
0.25 0.25 0.25 0.25
139.1528735484361
45.0
10.771710590414557 331.7631329146481
1
10.771710590414557 468.77181850674833
0.25 0.25 0.25 0.25
137.00868559210022
45.0
