35136
477.40013521161916 451.9135279775379
3
350.65049072139277 451.9135279775379
0.25 0.25 0.25 0.25
126.74964449022636
45.0
68.35833929102466 182.13077639204045
1
68.35833929102466 351.1212621270529
0.25 0.25 0.25 0.25
168.99048573501244
45.0
499.9662163430417 258.4551785816944
1
499.9662163430417 406.8632107979488
0.25 0.25 0.25 0.25
148.4080322162544
45.0
257.55298059183224 49.665367938099706
2
258.8751667408368 49.665367938099706
0.25 0.25 0.25 0.25
1.3221861490045783
45.0
391.8710928360166 300.3293603292135
2
436.94492002261467 300.3293603292135
0.25 0.25 0.25 0.25
45.073827186598045
45.0
400.3501919899246 52.4637940301308
1
400.3501919899246 61.39101713610739
0.25 0.25 0.25 0.25
8.927223105976594
45.0
69.57699323635138 343.053670733976
3
55.240749406469654 343.053670733976
0.25 0.25 0.25 0.25
14.33624382988173
45.0
384.5543097706433 180.60390258224436
3
384.1857603661274 180.60390258224436
0.25 0.25 0.25 0.25
0.3685494045158555
45.0
32.75097784456466 77.54938921746052
2
69.19912046159757 77.54938921746052
0.25 0.25 0.25 0.25
36.448142617032914
45.0
48.125481120353946 224.32025071281373
2
50.109653693331936 224.32025071281373
0.25 0.25 0.25 0.25
1.984172572977988
45.0
113.66217801072027 406.6323765841705
3
84.8360273695317 406.6323765841705
0.25 0.25 0.25 0.25
28.826150641188562
45.0
66.97880572390059 349.4412133431465
0
66.97880572390059 343.99421084403747
0.25 0.25 0.25 0.25
5.447002499109055
45.0
182.77702892710238 310.79082621855093
2
204.2807607237002 310.79082621855093
0.25 0.25 0.25 0.25
21.50373179659784
45.0
79.34509812353775 104.56589835825304
0
79.34509812353775 93.6001141230509
0.25 0.25 0.25 0.25
10.965784235202142
45.0
34.197833394083936 152.47779472032832
2
40.60896913198253 152.47779472032832
0.25 0.25 0.25 0.25
6.411135737898599
45.0
341.1413048767865 361.9272624389712
3
304.2963367757138 361.9272624389712
0.25 0.25 0.25 0.25
36.84496810107266
45.0
35.94660999506176 12.135899707644455
1
35.94660999506176 45.80655255469402
0.25 0.25 0.25 0.25
33.67065284704957
45.0
481.2396168448796 177.5718750680785
1
481.2396168448796 202.32545159390193
0.25 0.25 0.25 0.25
24.75357652582343
45.0
121.95651984459808 370.4857346709726
1
121.95651984459808 403.5433945741113
0.25 0.25 0.25 0.25
33.057659903138685
45.0
95.10643981237001 52.1052668368852
1
95.10643981237001 93.51425361002657
0.25 0.25 0.25 0.25
41.40898677314137
45.0
415.900533229217 126.64557365798771
1
415.900533229217 161.1892402831652
0.25 0.25 0.25 0.25
34.54366662517748
45.0
169.24915219825078 488.7790748178289
3
162.76257219948013 488.7790748178289
0.25 0.25 0.25 0.25
6.486579998770664
45.0
84.83299950868714 258.32653483753234
0
84.83299950868714 208.50819900496992
0.25 0.25 0.25 0.25
49.818335832562425
45.0
420.61831885046263 73.11639301248823
1
420.61831885046263 87.45015917851545
0.25 0.25 0.25 0.25
14.333766166027212
45.0
23.73746970325567 145.6938104203864
3
7.105610215537183 145.6938104203864
0.25 0.25 0.25 0.25
16.631859487718486
45.0
279.38970867406977 416.3999071222935
1
279.38970867406977 437.4481458631061
0.25 0.25 0.25 0.25
21.048238740812593
45.0
3.658110922463109 172.48707383141237
0
3.658110922463109 124.20878580814052
0.25 0.25 0.25 0.25
48.278288023271855
45.0
414.3412069552372 308.8523368213917
1
414.3412069552372 317.0421845628693
0.25 0.25 0.25 0.25
8.18984774147758
45.0
211.7044905742748 421.37083955967705
2
231.47060994280469 421.37083955967705
0.25 0.25 0.25 0.25
19.766119368529882
45.0
178.37583649224803 17.55328872158516
3
165.14189256884436 17.55328872158516
0.25 0.25 0.25 0.25
13.233943923403658
45.0
282.89426906638346 395.9525861217778
2
305.5817051446071 395.9525861217778
0.25 0.25 0.25 0.25
22.687436078223648
45.0
107.84741396133387 79.25894422205809
3
82.02663538734978 79.25894422205809
0.25 0.25 0.25 0.25
25.82077857398409
45.0
471.32111540658366 159.310922420339
3
441.1437617015865 159.310922420339
0.25 0.25 0.25 0.25
30.177353704997117
45.0
35.599923680406754 263.1111845367204
0
35.599923680406754 257.1580218495022
0.25 0.25 0.25 0.25
5.953162687218172
45.0
231.03307230189955 328.5663108083435
3
198.0158421049826 328.5663108083435
0.25 0.25 0.25 0.25
33.01723019691697
45.0
292.36156864289416 281.19546399617917
3
280.3265542316843 281.19546399617917
0.25 0.25 0.25 0.25
12.035014411209827
45.0
209.24820206478654 225.8161750490439
1
209.24820206478654 272.00352742158225
0.25 0.25 0.25 0.25
46.18735237253835
45.0
8.608832167827712 413.1735460371699
1
8.608832167827712 427.34622896933
0.25 0.25 0.25 0.25
14.17268293216013
45.0
411.4675558281515 20.89448516907055
3
400.0463991020866 20.89448516907055
0.25 0.25 0.25 0.25
11.421156726064908
45.0
254.42101561213178 389.55376585373256
0
254.42101561213178 361.6668725675063
0.25 0.25 0.25 0.25
27.88689328622628
45.0
197.62447479431552 94.88948006837052
0
197.62447479431552 77.85969366751516
0.25 0.25 0.25 0.25
17.029786400855357
45.0
204.234579728801 310.2674398502868
1
204.234579728801 338.56997977097456
0.25 0.25 0.25 0.25
28.302539920687753
45.0
460.691704379405 457.56559498942124
1
460.691704379405 470.6521536358211
0.25 0.25 0.25 0.25
13.086558646399826
45.0
179.81993063545838 332.9889533816217
3
140.18542372665678 332.9889533816217
0.25 0.25 0.25 0.25
39.63450690880158
45.0
383.5707563268446 112.94968990826476
2
410.5388896590131 112.94968990826476
0.25 0.25 0.25 0.25
26.96813333216847
45.0
137.4620949537067 354.6726212936463
2
177.74505947347797 354.6726212936463
0.25 0.25 0.25 0.25
40.282964519771255
45.0
439.7444468161777 207.57637774977516
1
439.7444468161777 226.77345716535206
0.25 0.25 0.25 0.25
19.197079415576884
45.0
243.62543388370432 268.9174270465318
2
252.3138584777795 268.9174270465318
0.25 0.25 0.25 0.25
8.688424594075178
45.0
