35136
167.91222254392247 139.84322670816098
3
41.16257805369611 139.84322670816098
0.25 0.25 0.25 0.25
126.74964449022636
45.0
26.529596060800486 310.89776640292195
2
195.52008179581293 310.89776640292195
0.25 0.25 0.25 0.25
168.99048573501244
45.0
319.7188284518755 243.43075957802336
1
319.7188284518755 391.83879179427777
0.25 0.25 0.25 0.25
148.4080322162544
45.0
290.607634316946 68.17597402416382
0
290.607634316946 66.85378787515924
0.25 0.25 0.25 0.25
1.3221861490045783
45.0
120.69261000624766 398.8528165972525
1
120.69261000624766 443.9266437838506
0.25 0.25 0.25 0.25
45.073827186598045
45.0
302.15073782418176 233.20734536112022
0
302.15073782418176 224.28012225514362
0.25 0.25 0.25 0.25
8.927223105976594
45.0
88.12168889234765 257.03620775468573
3
73.78544506246593 257.03620775468573
0.25 0.25 0.25 0.25
14.33624382988173
45.0
377.9204204893575 169.9159698512848
3
377.55187108484165 169.9159698512848
0.25 0.25 0.25 0.25
0.3685494045158555
45.0
347.63059766587605 182.23545303857955
2
384.07874028290894 182.23545303857955
0.25 0.25 0.25 0.25
36.448142617032914
45.0
29.257249225787618 295.75046334002104
0
29.257249225787618 293.7662907670431
0.25 0.25 0.25 0.25
1.984172572977988
45.0
453.9455623714511 98.45999197269623
0
453.9455623714511 69.63384133150767
0.25 0.25 0.25 0.25
28.826150641188562
45.0
181.36585820519088 487.1487116835825
1
181.36585820519088 492.59571418269155
0.25 0.25 0.25 0.25
5.447002499109055
45.0
215.10909808019977 76.27634612021018
2
236.6128298767976 76.27634612021018
0.25 0.25 0.25 0.25
21.50373179659784
45.0
441.21597788520825 389.6762884735086
2
452.1817621204104 389.6762884735086
0.25 0.25 0.25 0.25
10.965784235202142
45.0
42.73579546069925 299.93391669199605
3
36.324659722800654 299.93391669199605
0.25 0.25 0.25 0.25
6.411135737898599
45.0
30.823976255090194 80.2123547739007
1
30.823976255090194 117.05732287497335
0.25 0.25 0.25 0.25
36.84496810107266
45.0
300.75991847543384 315.1717753310905
0
300.75991847543384 281.50112248404093
0.25 0.25 0.25 0.25
33.67065284704957
45.0
15.96136144593152 251.8326046455488
2
40.71493797175495 251.8326046455488
0.25 0.25 0.25 0.25
24.75357652582343
45.0
183.8326221894893 17.935981260852643
1
183.8326221894893 15.121678642286042
0.25 0.25 0.25 0.25
33.057659903138685
45.0
473.9716382152495 297.71957968206755
1
473.9716382152495 339.1285664552089
0.25 0.25 0.25 0.25
41.40898677314137
45.0
480.4684668952506 268.35290441899144
0
480.4684668952506 233.80923779381396
0.25 0.25 0.25 0.25
34.54366662517748
45.0
143.30283220316815 326.61457484856265
0
143.30283220316815 320.127994849792
0.25 0.25 0.25 0.25
6.486579998770664
45.0
413.35035881693705 492.5817859996556
2
463.16869464949946 492.5817859996556
0.25 0.25 0.25 0.25
49.818335832562425
45.0
420.61831885046263 374.12548249905956
1
420.61831885046263 388.45924866508676
0.25 0.25 0.25 0.25
14.333766166027212
45.0
7.105610215537183 12.638934518638507
1
7.105610215537183 3.9929249690799793
0.25 0.25 0.25 0.25
16.631859487718486
45.0
16.078064602511148 237.6985376367874
1
16.078064602511148 258.7467763776
0.25 0.25 0.25 0.25
21.048238740812593
45.0
410.2562902411293 324.139854890015
2
458.53457826440115 324.139854890015
0.25 0.25 0.25 0.25
48.278288023271855
45.0
339.963360800435 382.56096649469004
0
339.963360800435 374.37111875321244
0.25 0.25 0.25 0.25
8.18984774147758
45.0
353.440883318068 362.07248145408744
3
333.67476394953815 362.07248145408744
0.25 0.25 0.25 0.25
19.766119368529882
45.0
46.03639725821141 95.772468410369
3
32.80245333480775 95.772468410369
0.25 0.25 0.25 0.25
13.233943923403658
45.0
487.0811937703962 216.2059100541485
3
464.3937576921726 216.2059100541485
0.25 0.25 0.25 0.25
22.687436078223648
45.0
340.2344211271907 75.66572722184644
1
340.2344211271907 101.48650579583052
0.25 0.25 0.25 0.25
25.82077857398409
45.0
498.5015308884192 228.8473480095288
0
498.5015308884192 198.66999430453166
0.25 0.25 0.25 0.25
30.177353704997117
45.0
178.4758281736428 411.9402517171753
3
172.52266548642464 411.9402517171753
0.25 0.25 0.25 0.25
5.953162687218172
45.0
245.08411431383405 328.5663108083435
3
212.0668841169171 328.5663108083435
0.25 0.25 0.25 0.25
33.01723019691697
45.0
358.6230134320208 305.26549281859883
3
346.58799902081097 305.26549281859883
0.25 0.25 0.25 0.25
12.035014411209827
45.0
269.3794024181762 390.7411579897981
1
269.3794024181762 436.92851036233645
0.25 0.25 0.25 0.25
46.18735237253835
45.0
104.77263128945333 143.8925703261275
2
118.94531422161346 143.8925703261275
0.25 0.25 0.25 0.25
14.17268293216013
45.0
103.09632422439898 244.25582779665683
3
91.67516749833408 244.25582779665683
0.25 0.25 0.25 0.25
11.421156726064908
45.0
385.9991654349716 223.95788644324546
2
413.88605872119786 223.95788644324546
0.25 0.25 0.25 0.25
27.88689328622628
45.0
393.66065158515596 24.31902473761707
2
410.6904379860113 24.31902473761707
0.25 0.25 0.25 0.25
17.029786400855357
45.0
232.53711964948877 10.540833646109558
3
204.234579728801 10.540833646109558
0.25 0.25 0.25 0.25
28.302539920687753
45.0
447.70238509579605 385.39570125378054
0
447.70238509579605 372.3091426073807
0.25 0.25 0.25 0.25
13.086558646399826
45.0
225.66246573251772 160.89978408391778
1
225.66246573251772 200.53429099271938
0.25 0.25 0.25 0.25
39.63450690880158
45.0
410.53888965901297 347.687643448366
3
383.5707563268445 347.687643448366
0.25 0.25 0.25 0.25
26.96813333216847
45.0
426.4994083230909 121.6488399493273
2
466.7823728428622 121.6488399493273
0.25 0.25 0.25 0.25
40.282964519771255
45.0
92.44514694579152 80.37981348387811
0
92.44514694579152 61.18273406830123
0.25 0.25 0.25 0.25
19.197079415576884
45.0
295.75598144815535 329.73639920505804
2
304.4444060422305 329.73639920505804
0.25 0.25 0.25 0.25
8.688424594075178
45.0
