35136
409.84737621996544 212.41139491889615
3
463.4029792898082 212.41139491889615
0.25 0.25 0.25 0.25
126.74964449022636
45.0
438.6131179140127 168.1878619819658
3
392.3963963509748 168.1878619819658
0.25 0.25 0.25 0.25
168.99048573501244
45.0
499.9662163430417 405.8725314720159
3
351.6257514407039 405.8725314720159
0.25 0.25 0.25 0.25
148.4080322162544
45.0
266.8082836348641 52.309740236108865
2
268.13046978386865 52.309740236108865
0.25 0.25 0.25 0.25
1.3221861490045783
45.0
22.169153738208756 248.93236780480592
2
67.2429809248068 248.93236780480592
0.25 0.25 0.25 0.25
45.073827186598045
45.0
373.56852267199474 123.88157887794355
3
364.6412995660181 123.88157887794355
0.25 0.25 0.25 0.25
8.927223105976594
45.0
55.240749406469654 343.053670733976
2
69.57699323635138 343.053670733976
0.25 0.25 0.25 0.25
14.33624382988173
45.0
386.7656061977385 180.2353531777285
1
386.7656061977385 180.60390258224436
0.25 0.25 0.25 0.25
0.3685494045158555
45.0
113.041592623567 104.69132386770409
2
149.4897352405999 104.69132386770409
0.25 0.25 0.25 0.25
36.448142617032914
45.0
8.442029660794162 258.05118445343965
3
6.4578570878161745 258.05118445343965
0.25 0.25 0.25 0.25
1.984172572977988
45.0
84.83602736953173 305.1061170039437
0
84.83602736953173 276.27996636275515
0.25 0.25 0.25 0.25
28.826150641188562
45.0
88.76681572033684 398.4642358351278
1
88.76681572033684 403.9112383342368
0.25 0.25 0.25 0.25
5.447002499109055
45.0
268.7919561134937 31.242312862779087
2
290.29568791009154 31.242312862779087
0.25 0.25 0.25 0.25
21.50373179659784
45.0
96.10744963969651 93.6001141230509
0
96.10744963969651 82.63432988784876
0.25 0.25 0.25 0.25
10.965784235202142
45.0
91.89805503517134 101.18870881713949
3
85.48691929727273 101.18870881713949
0.25 0.25 0.25 0.25
6.411135737898599
45.0
290.40901411248706 43.36738667282804
2
327.2539822135597 43.36738667282804
0.25 0.25 0.25 0.25
36.84496810107266
45.0
132.40665424018607 281.50112248404093
1
132.40665424018607 315.1717753310905
0.25 0.25 0.25 0.25
33.67065284704957
45.0
320.73177094853315 400.35406380048926
1
320.73177094853315 425.10764032631266
0.25 0.25 0.25 0.25
24.75357652582343
45.0
88.89885994145939 106.02445544586301
1
88.89885994145939 139.0821153490017
0.25 0.25 0.25 0.25
33.057659903138685
45.0
29.120520507054103 300.55918747573344
2
12.28846626608727 300.55918747573344
0.25 0.25 0.25 0.25
41.40898677314137
45.0
484.98786647957195 115.16009271825465
0
484.98786647957195 80.61642609307717
0.25 0.25 0.25 0.25
34.54366662517748
45.0
175.73573219702143 462.8327548227463
0
175.73573219702143 456.3461748239757
0.25 0.25 0.25 0.25
6.486579998770664
45.0
114.44034382156256 105.23824399109343
2
164.258679654125 105.23824399109343
0.25 0.25 0.25 0.25
49.818335832562425
45.0
219.94559252608178 116.11769151056988
1
219.94559252608178 130.4514576765971
0.25 0.25 0.25 0.25
14.333766166027212
45.0
125.94926568621071 178.95752939582337
2
142.5811251739292 178.95752939582337
0.25 0.25 0.25 0.25
16.631859487718486
45.0
174.14851497000677 290.11047467741776
1
174.14851497000677 311.1587134182304
0.25 0.25 0.25 0.25
21.048238740812593
45.0
341.60612708536604 20.626078261675048
3
293.3278390620942 20.626078261675048
0.25 0.25 0.25 0.25
48.278288023271855
45.0
389.77166373080445 341.6117277873021
2
397.96151147228204 341.6117277873021
0.25 0.25 0.25 0.25
8.18984774147758
45.0
271.0028486798644 381.8386008226173
2
290.7689680483943 381.8386008226173
0.25 0.25 0.25 0.25
19.766119368529882
45.0
244.54555610926639 176.3606158024291
3
231.3116121858627 176.3606158024291
0.25 0.25 0.25 0.25
13.233943923403658
45.0
419.0188855357253 354.48561701776214
1
419.0188855357253 377.1730530959858
0.25 0.25 0.25 0.25
22.687436078223648
45.0
56.2058568133657 156.72127994401035
1
56.2058568133657 182.54205851799443
0.25 0.25 0.25 0.25
25.82077857398409
45.0
468.3241771834221 310.19769094532467
2
498.5015308884192 310.19769094532467
0.25 0.25 0.25 0.25
30.177353704997117
45.0
41.55308636762493 215.485883038975
2
47.5062490548431 215.485883038975
0.25 0.25 0.25 0.25
5.953162687218172
45.0
363.1019930895674 97.44569942992477
2
396.1192232864843 97.44569942992477
0.25 0.25 0.25 0.25
33.01723019691697
45.0
87.76632365232706 449.6856657531168
2
99.80133806353689 449.6856657531168
0.25 0.25 0.25 0.25
12.035014411209827
45.0
67.87591217044357 272.0035274215823
1
67.87591217044357 318.19087979412063
0.25 0.25 0.25 0.25
46.18735237253835
45.0
33.909216628652686 473.4449905055492
1
33.909216628652686 487.6176734377093
0.25 0.25 0.25 0.25
14.17268293216013
45.0
274.4136751153726 13.368985009124174
1
274.4136751153726 24.79014173518908
0.25 0.25 0.25 0.25
11.421156726064908
45.0
31.325869322321598 361.6668725675063
1
31.325869322321598 389.55376585373256
0.25 0.25 0.25 0.25
27.88689328622628
45.0
61.38618358747266 24.319024737616985
3
44.3563971866173 24.319024737616985
0.25 0.25 0.25 0.25
17.029786400855357
45.0
260.83965957017654 55.54458056409696
2
289.1421994908643 55.54458056409696
0.25 0.25 0.25 0.25
28.302539920687753
45.0
316.83679863179754 359.22258396098084
0
316.83679863179754 346.136025314581
0.25 0.25 0.25 0.25
13.086558646399826
45.0
295.7941522701607 293.3544464728201
3
256.1596453613591 293.3544464728201
0.25 0.25 0.25 0.25
39.63450690880158
45.0
464.47515632335 5.07715657959087
2
491.44328965551847 5.07715657959087
0.25 0.25 0.25 0.25
26.96813333216847
45.0
16.61320139439293 81.36587542955604
2
23.669763125378324 81.36587542955604
0.25 0.25 0.25 0.25
40.282964519771255
45.0
420.5473674006008 207.57637774977516
0
420.5473674006008 188.37929833419827
0.25 0.25 0.25 0.25
19.197079415576884
45.0
339.1981044185312 286.2942762346822
0
339.1981044185312 277.605851640607
0.25 0.25 0.25 0.25
8.688424594075178
45.0
