59209
339.53153729251255 484.67735078379167
2
484.90740432354175 484.67735078379167
0.25 0.25 0.25 0.25
145.37586703102923
45.0
215.49654259293868 119.40729149805712
1
215.49654259293868 247.19900501111192
0.25 0.25 0.25 0.25
127.7917135130548
45.0
331.65763627336946 320.55348954577653
1
331.65763627336946 445.48670015830874
0.25 0.25 0.25 0.25
124.93321061253224
45.0
353.33633389708064 190.1321513587727
1
353.33633389708064 339.1549573676964
0.25 0.25 0.25 0.25
149.0228060089237
45.0
298.8817476606637 467.0513143931481
0
298.8817476606637 395.8019052674506
0.25 0.25 0.25 0.25
137.14678033940132
45.0
211.59488751428344 324.15511833713293
2
320.08131221655196 324.15511833713293
0.25 0.25 0.25 0.25
108.48642470226852
45.0
320.94130504588793 418.3914997223295
2
465.966698297171 418.3914997223295
0.25 0.25 0.25 0.25
145.02539325128302
45.0
134.10465064336546 167.27993846824313
2
256.5271065892795 167.27993846824313
0.25 0.25 0.25 0.25
122.42245594591405
45.0
55.14776993715651 400.838100881399
2
197.72938893275534 400.838100881399
0.25 0.25 0.25 0.25
142.58161899559883
45.0
168.69116460516597 321.25601245411457
3
65.84041646634692 321.25601245411457
0.25 0.25 0.25 0.25
102.85074813881904
45.0
37.641972566125276 336.66881918296224
0
37.641972566125276 163.7234675280368
0.25 0.25 0.25 0.25
172.94535165492545
45.0
329.6637665134733 408.1229457395925
3
155.90763256697392 408.1229457395925
0.25 0.25 0.25 0.25
173.7561339464994
45.0
393.46564199863496 126.72157999057106
3
454.7774148850365 126.72157999057106
0.25 0.25 0.25 0.25
151.7569431163286
45.0
109.42131834052236 437.8561185327595
0
109.42131834052236 327.34366584144414
0.25 0.25 0.25 0.25
110.51245269131539
45.0
485.6425827102694 130.38420676511703
3
311.19172020565355 130.38420676511703
0.25 0.25 0.25 0.25
174.45086250461583
45.0
491.46429930010123 277.30052070235007
3
392.21870416578633 277.30052070235007
0.25 0.25 0.25 0.25
116.31699653411245
45.0
72.28851316063589 206.75060229047725
0
72.28851316063589 109.42790796052543
0.25 0.25 0.25 0.25
97.32269432995182
45.0
255.75439349910616 419.14770325146003
0
255.75439349910616 446.0580447710273
0.25 0.25 0.25 0.25
134.7942519775127
45.0
107.41774187983856 78.43147579405809
2
62.155420875885966 78.43147579405809
0.25 0.25 0.25 0.25
169.57316275572452
45.0
52.32975445010305 67.07479742283425
1
52.32975445010305 229.61219446501278
0.25 0.25 0.25 0.25
162.53739704217853
45.0
413.82018941872116 301.21275176388224
3
380.9945901897355 301.21275176388224
0.25 0.25 0.25 0.25
32.82559922898565
45.0
405.1000803615807 368.2194311599716
2
410.4142836876695 368.2194311599716
0.25 0.25 0.25 0.25
5.314203326088834
45.0
271.6003314667011 194.49618897494648
1
271.6003314667011 206.10178338772658
0.25 0.25 0.25 0.25
11.605594412780118
45.0
5.7463168568836025 261.63936440291883
2
21.86654671088281 261.63936440291883
0.25 0.25 0.25 0.25
27.612863567766414
45.0
237.47506041131558 378.03277607040934
0
237.47506041131558 356.05816730516904
0.25 0.25 0.25 0.25
21.974608765240326
45.0
299.20801080673255 107.26781486944707
0
299.20801080673255 67.13173040896501
0.25 0.25 0.25 0.25
40.13608446048205
45.0
83.64079449840526 262.4797655909417
1
83.64079449840526 305.46451273484826
0.25 0.25 0.25 0.25
42.98474714390651
45.0
401.6743080120244 247.60734690983068
3
400.1181588776006 247.60734690983068
0.25 0.25 0.25 0.25
1.5561491344238176
45.0
396.97532206176464 221.0689656401554
1
396.97532206176464 228.51200006925458
0.25 0.25 0.25 0.25
7.443034429099182
45.0
469.78750278140797 1.1550151587160187
1
469.78750278140797 29.56152292968581
0.25 0.25 0.25 0.25
28.406507770969792
45.0
277.9385797664802 461.87373036467443
2
303.5241924767256 461.87373036467443
0.25 0.25 0.25 0.25
25.58561271024543
45.0
128.79533461243238 129.4645778246767
3
117.44403157512097 129.4645778246767
0.25 0.25 0.25 0.25
11.351303037311416
45.0
250.63476187169175 326.94607410763524
1
250.63476187169175 366.70845916416823
0.25 0.25 0.25 0.25
39.76238505653299
45.0
307.5709218716024 224.5928713170699
0
307.5709218716024 217.1219056357282
0.25 0.25 0.25 0.25
7.470965681341685
45.0
112.83055491463584 170.2177545696959
0
112.83055491463584 140.4799835366564
0.25 0.25 0.25 0.25
29.73777103303952
45.0
9.641889700420613 191.1183084752509
2
13.8413252240554 191.1183084752509
0.25 0.25 0.25 0.25
4.1994355236347864
45.0
131.93752200670394 246.46634638849952
3
89.44825721252295 246.46634638849952
0.25 0.25 0.25 0.25
42.489264794181
45.0
402.09601214262676 261.21973577048533
0
402.09601214262676 259.2149408840962
0.25 0.25 0.25 0.25
2.0047948863891216
45.0
29.35331033695404 190.14333217708295
1
29.35331033695404 192.1922087648322
0.25 0.25 0.25 0.25
2.0488765877492487
45.0
101.70533322898088 183.50733553725553
3
92.58098780525206 183.50733553725553
0.25 0.25 0.25 0.25
9.124345423728808
45.0
228.99354257547327 276.51082973245053
0
228.99354257547327 275.4708789505696
0.25 0.25 0.25 0.25
1.0399507818809273
45.0
173.52096811638592 261.6761984238634
0
173.52096811638592 226.26989590752135
0.25 0.25 0.25 0.25
35.406302516342066
45.0
326.05420894304257 83.02000615637428
2
373.53068433363376 83.02000615637428
0.25 0.25 0.25 0.25
47.47647539059122
45.0
159.76531068128395 373.92404701531535
1
159.76531068128395 409.2051795756313
0.25 0.25 0.25 0.25
35.28113256031593
45.0
152.40172770594899 295.17269850892455
1
152.40172770594899 322.3781657271701
0.25 0.25 0.25 0.25
27.20546721824556
45.0
290.8742619594418 457.2721195377501
1
290.8742619594418 498.7620973571999
0.25 0.25 0.25 0.25
41.48997781944977
45.0
181.80371092908078 179.00895062184267
0
181.80371092908078 144.56019749927435
0.25 0.25 0.25 0.25
34.44875312256833
45.0
41.149185184946404 148.8015057350508
2
59.94392921654844 148.8015057350508
0.25 0.25 0.25 0.25
18.794744031602033
45.0
