59209
369.71672864542904 229.1877551561423
3
484.90740432354175 229.1877551561423
0.25 0.25 0.25 0.25
145.37586703102923
45.0
215.49654259293862 113.84242742361405
3
87.70482907988382 113.84242742361405
0.25 0.25 0.25 0.25
127.7917135130548
45.0
456.05653178615944 195.6202789332443
1
456.05653178615944 320.55348954577653
0.25 0.25 0.25 0.25
124.93321061253224
45.0
55.290721879233246 213.77662460553253
2
93.73208412969046 213.77662460553253
0.25 0.25 0.25 0.25
149.0228060089237
45.0
161.73496732126242 55.61097337494414
3
24.5881869818611 55.61097337494414
0.25 0.25 0.25 0.25
137.14678033940132
45.0
113.86438659252207 1.3041557696726613
3
5.377961890253545 1.3041557696726613
0.25 0.25 0.25 0.25
108.48642470226852
45.0
481.1444510561522 1.5069272725384053
3
336.1190578048692 1.5069272725384053
0.25 0.25 0.25 0.25
145.02539325128302
45.0
277.14745902196705 248.4616895487821
0
277.14745902196705 126.03923360286804
0.25 0.25 0.25 0.25
122.42245594591405
45.0
230.01546805404126 400.838100881399
2
372.5970870496401 400.838100881399
0.25 0.25 0.25 0.25
142.58161899559883
45.0
65.84041646634691 12.703768037657454
1
65.84041646634691 90.14698010116159
0.25 0.25 0.25 0.25
102.85074813881904
45.0
345.86056594642355 317.440477507187
1
345.86056594642355 490.38582916211243
0.25 0.25 0.25 0.25
172.94535165492545
45.0
287.1269628344769 365.5861420605961
2
460.8830967809763 365.5861420605961
0.25 0.25 0.25 0.25
173.7561339464994
45.0
331.1670401843348 278.47852310689956
0
331.1670401843348 126.72157999057093
0.25 0.25 0.25 0.25
151.7569431163286
45.0
335.8341495013147 9.581618010663533
1
335.8341495013147 120.09407070197892
0.25 0.25 0.25 0.25
110.51245269131539
45.0
293.2013797574198 392.9683807487304
3
118.75051725280397 392.9683807487304
0.25 0.25 0.25 0.25
174.45086250461583
45.0
206.43767990457343 440.47048604347447
0
206.43767990457343 443.2125174224131
0.25 0.25 0.25 0.25
116.31699653411245
45.0
246.45262652970146 279.8628693592818
3
149.12993219974965 279.8628693592818
0.25 0.25 0.25 0.25
97.32269432995182
45.0
120.9601415215935 176.4695408160019
2
13.834110455919188 176.4695408160019
0.25 0.25 0.25 0.25
134.7942519775127
45.0
446.5640673912876 95.87045232840524
3
276.9909046355631 95.87045232840524
0.25 0.25 0.25 0.25
169.57316275572452
45.0
247.96942188732524 67.07479742283425
2
410.50681892950377 67.07479742283425
0.25 0.25 0.25 0.25
162.53739704217853
45.0
380.9945901897355 469.00805363321814
0
380.9945901897355 436.1824544042325
0.25 0.25 0.25 0.25
32.82559922898565
45.0
378.52906373113655 405.4188544425934
0
378.52906373113655 400.10465111650456
0.25 0.25 0.25 0.25
5.314203326088834
45.0
236.78354822836073 90.04583925992547
2
248.38914264114084 90.04583925992547
0.25 0.25 0.25 0.25
11.605594412780118
45.0
60.97204399241642 95.96218299632034
1
60.97204399241642 123.57504656408675
0.25 0.25 0.25 0.25
27.612863567766414
45.0
149.57662535035428 490.11957133814883
2
171.5512341155946 490.11957133814883
0.25 0.25 0.25 0.25
21.974608765240326
45.0
21.88066487712382 411.09917160476846
1
21.88066487712382 451.2352560652505
0.25 0.25 0.25 0.25
40.13608446048205
45.0
443.52698691862304 38.413464416403855
1
443.52698691862304 4.5712827275026555
0.25 0.25 0.25 0.25
42.98474714390651
45.0
387.6689658022099 230.48970643116883
3
386.1128166677861 230.48970643116883
0.25 0.25 0.25 0.25
1.5561491344238176
45.0
322.5449777707731 131.75255249096517
0
322.5449777707731 124.30951806186599
0.25 0.25 0.25 0.25
7.443034429099182
45.0
246.1474195088944 57.9680307006556
0
246.1474195088944 29.56152292968581
0.25 0.25 0.25 0.25
28.406507770969792
45.0
201.18174163574395 461.36943150458933
0
201.18174163574395 435.7838187943439
0.25 0.25 0.25 0.25
25.58561271024543
45.0
117.44403157512097 118.11327478736527
0
117.44403157512097 106.76197175005386
0.25 0.25 0.25 0.25
11.351303037311416
45.0
449.4466871543567 474.24200060969974
0
449.4466871543567 485.9956143337672
0.25 0.25 0.25 0.25
39.76238505653299
45.0
247.80319642086894 194.70900859170317
1
247.80319642086894 202.17997427304485
0.25 0.25 0.25 0.25
7.470965681341685
45.0
469.68380731110994 51.2666704375378
0
469.68380731110994 21.528899404498276
0.25 0.25 0.25 0.25
29.73777103303952
45.0
22.240196271324972 195.31774399888567
0
22.240196271324972 191.1183084752509
0.25 0.25 0.25 0.25
4.1994355236347864
45.0
324.64149091726506 135.93703675912946
2
367.13075571144606 135.93703675912946
0.25 0.25 0.25 0.25
42.489264794181
45.0
418.1343712337396 273.24850508881997
2
420.1391661201287 273.24850508881997
0.25 0.25 0.25 0.25
2.0047948863891216
45.0
4.766791283963057 177.85007265058746
0
4.766791283963057 175.80119606283822
0.25 0.25 0.25 0.25
2.0488765877492487
45.0
26.035502703222466 256.502098927086
0
26.035502703222466 247.3777535033572
0.25 0.25 0.25 0.25
9.124345423728808
45.0
214.4342316291404 284.8304359874979
1
214.4342316291404 285.8703867693788
0.25 0.25 0.25 0.25
1.0399507818809273
45.0
330.79079665482516 403.3014084892317
0
330.79079665482516 367.8951059728896
0.25 0.25 0.25 0.25
35.406302516342066
45.0
85.67781519250184 367.87885849992153
3
38.20133980191062 367.87885849992153
0.25 0.25 0.25 0.25
47.47647539059122
45.0
124.48417812096804 268.08064933436754
3
89.2030455606521 268.08064933436754
0.25 0.25 0.25 0.25
35.28113256031593
45.0
10.831075603524368 487.1835637451112
2
38.03654282176993 487.1835637451112
0.25 0.25 0.25 0.25
27.20546721824556
45.0
415.3441954177912 252.29803572610135
1
415.3441954177912 293.7880135455511
0.25 0.25 0.25 0.25
41.48997781944977
45.0
267.0162391098257 247.9064568669793
2
301.464992232394 247.9064568669793
0.25 0.25 0.25 0.25
34.44875312256833
45.0
153.9176493745586 151.91439877058173
2
172.71239340616063 151.91439877058173
0.25 0.25 0.25 0.25
18.794744031602033
45.0
