55081
466.2618812428085 81.81588314349551
3
371.8865544537771 81.81588314349551
0.25 0.25 0.25 0.25
161.85156430341442
45.0
474.5849594539808 395.2213541566216
3
373.25458496496276 395.2213541566216
0.25 0.25 0.25 0.25
152.16045558105645
45.0
412.32378723373006 206.4110934558342
1
412.32378723373006 320.87804068037343
0.25 0.25 0.25 0.25
114.46694722453923
45.0
188.10267704214914 283.24816205994796
3
98.37485783951685 283.24816205994796
0.25 0.25 0.25 0.25
89.72781920263229
45.0
143.54930730873036 372.9553210089598
2
311.5847463273331 372.9553210089598
0.25 0.25 0.25 0.25
168.03543901860274
45.0
331.4724424334938 110.53522495680272
1
331.4724424334938 270.76248385932695
0.25 0.25 0.25 0.25
160.22725890252423
45.0
392.93006763010544 451.5617757533696
2
481.4710488191379 451.5617757533696
0.25 0.25 0.25 0.25
88.54098118903246
45.0
84.68558207536427 37.77648839546697
1
84.68558207536427 177.41191579848046
0.25 0.25 0.25 0.25
139.6354274030135
45.0
370.2640161435103 234.23089697497662
1
370.2640161435103 325.97269925101955
0.25 0.25 0.25 0.25
91.74180227604293
45.0
56.86346788326719 236.8625099863956
2
36.81369234310547 236.8625099863956
0.25 0.25 0.25 0.25
93.67716022637266
45.0
300.21720904609276 134.12061295837665
2
441.11885948759357 134.12061295837665
0.25 0.25 0.25 0.25
140.90165044150083
45.0
337.81637939069765 213.19570646642237
1
337.81637939069765 343.6836863022255
0.25 0.25 0.25 0.25
130.48797983580315
45.0
399.8512299125996 165.88351212679183
1
399.8512299125996 299.7380936390899
0.25 0.25 0.25 0.25
133.8545815122981
45.0
118.75000357022432 156.0142333405826
1
118.75000357022432 7.78593574921382
0.25 0.25 0.25 0.25
163.8001690897964
45.0
195.44038341169767 415.9888409931531
0
195.44038341169767 470.25993114186724
0.25 0.25 0.25 0.25
113.75122786497973
45.0
120.84573338289408 452.16717442265167
2
20.801611911858856 452.16717442265167
0.25 0.25 0.25 0.25
141.64734529475294
45.0
386.16537454714353 83.52555282028436
1
386.16537454714353 246.53275369036902
0.25 0.25 0.25 0.25
163.00720087008466
45.0
371.2325958915826 98.3122195869366
3
475.30669018706203 98.3122195869366
0.25 0.25 0.25 0.25
153.4607139213554
45.0
382.09983496589643 109.63934017076497
3
449.6335910031364 109.63934017076497
0.25 0.25 0.25 0.25
168.2665740309672
45.0
380.4903242772514 489.1616113308766
0
380.4903242772514 372.47139315352774
0.25 0.25 0.25 0.25
138.36699551559565
45.0
232.26013508465718 292.0376481561404
1
232.26013508465718 326.6790515921756
0.25 0.25 0.25 0.25
34.641403436035205
45.0
102.48131564454985 309.6456168302364
3
97.1304671263016 309.6456168302364
0.25 0.25 0.25 0.25
5.350848518248258
45.0
286.93449756073824 391.4174685241235
3
246.36620020364887 391.4174685241235
0.25 0.25 0.25 0.25
40.56829735708937
45.0
418.8495208747902 353.4793605159335
3
395.7141625126937 353.4793605159335
0.25 0.25 0.25 0.25
23.135358362096493
45.0
460.43666161973255 158.2991135355718
0
460.43666161973255 136.2465960607085
0.25 0.25 0.25 0.25
22.052517474863294
45.0
387.91169150733657 91.80052605082476
1
387.91169150733657 99.68545575113393
0.25 0.25 0.25 0.25
7.884929700309168
45.0
236.90635184036205 39.173280920203155
2
265.8414073732582 39.173280920203155
0.25 0.25 0.25 0.25
28.935055532896186
45.0
116.20570404520095 55.35529884877774
1
116.20570404520095 101.70520325150085
0.25 0.25 0.25 0.25
46.349904402723105
45.0
495.15739658812004 478.87603910196924
0
495.15739658812004 442.01138732715526
0.25 0.25 0.25 0.25
36.86465177481395
45.0
478.86288998065083 396.053692446279
3
487.9162748669967 396.053692446279
0.25 0.25 0.25 0.25
33.22083515235246
45.0
364.3728714247925 87.45961864827984
2
372.2426736617295 87.45961864827984
0.25 0.25 0.25 0.25
7.869802236936979
45.0
289.9995988780487 32.95847566195798
3
280.0199976180589 32.95847566195798
0.25 0.25 0.25 0.25
9.97960125998979
45.0
177.62070590534023 103.58239888621014
1
177.62070590534023 148.42357199452073
0.25 0.25 0.25 0.25
44.841173108310585
45.0
95.08431385303264 26.625684417756645
1
95.08431385303264 13.53521187231685
0.25 0.25 0.25 0.25
40.160896290073495
45.0
350.0814327725824 375.8280714157686
0
350.0814327725824 328.1542147426411
0.25 0.25 0.25 0.25
47.673856673127496
45.0
346.4607302933656 223.02744385486608
3
304.26057287386357 223.02744385486608
0.25 0.25 0.25 0.25
42.20015741950204
45.0
250.3183412007375 324.33307238421247
3
221.1921982610254 324.33307238421247
0.25 0.25 0.25 0.25
29.126142939712118
45.0
451.67840163239396 334.3834122567037
0
451.67840163239396 289.99258834218597
0.25 0.25 0.25 0.25
44.39082391451773
45.0
313.2056102375113 275.64609043417755
1
313.2056102375113 309.470474459569
0.25 0.25 0.25 0.25
33.82438402539144
45.0
174.10919624613211 241.98566031484964
0
174.10919624613211 236.03331704670737
0.25 0.25 0.25 0.25
5.952343268142279
45.0
324.09796856100627 417.6983791575067
1
324.09796856100627 449.8738027564601
0.25 0.25 0.25 0.25
32.17542359895343
45.0
176.98872327614274 318.66104018513784
3
150.0261576218777 318.66104018513784
0.25 0.25 0.25 0.25
26.96256565426503
45.0
291.36041615037124 201.780744039573
0
291.36041615037124 178.8043404261039
0.25 0.25 0.25 0.25
22.97640361346911
45.0
102.61728001780781 439.0407018790263
2
138.42807679643704 439.0407018790263
0.25 0.25 0.25 0.25
35.810796778629225
45.0
145.83610557352435 488.46760075862835
2
148.61371245085067 488.46760075862835
0.25 0.25 0.25 0.25
2.777606877326322
45.0
442.3492435497912 161.64706600302975
3
397.12282712268797 161.64706600302975
0.25 0.25 0.25 0.25
45.226416427103224
45.0
169.22774794906837 219.96330924381664
3
157.72145709321882 219.96330924381664
0.25 0.25 0.25 0.25
11.50629085584957
45.0
16.708084860121083 293.5000711089182
2
23.763202491322794 293.5000711089182
0.25 0.25 0.25 0.25
7.055117631201712
45.0
