76009
469.4220211043678 208.89546527245218
3
418.08420065923667 208.89546527245218
0.25 0.25 0.25 0.25
112.49377823639557
45.0
199.96625012094916 9.640322109941962
2
342.57677590100445 9.640322109941962
0.25 0.25 0.25 0.25
142.6105257800553
45.0
200.3276583598979 340.81554544704835
1
200.3276583598979 452.12454245755134
0.25 0.25 0.25 0.25
111.30899701050299
45.0
248.72066926847367 138.2104760358393
2
420.93448734610865 138.2104760358393
0.25 0.25 0.25 0.25
172.21381807763498
45.0
86.79693931589455 421.7087955855719
0
86.79693931589455 482.7085308915663
0.25 0.25 0.25 0.25
95.58267352286182
45.0
136.47181332232762 206.67232117293938
3
8.426246744506045 206.67232117293938
0.25 0.25 0.25 0.25
128.04556657782157
45.0
274.69763782479856 469.7462537063943
2
449.3515978337714 469.7462537063943
0.25 0.25 0.25 0.25
174.6539600089728
45.0
167.90677046166448 252.08424124560216
3
18.659739557119053 252.08424124560216
0.25 0.25 0.25 0.25
149.24703090454543
45.0
411.8586101403739 484.0114213771474
3
302.657281325592 484.0114213771474
0.25 0.25 0.25 0.25
109.20132881478192
45.0
162.47227947732128 314.6313912993444
0
162.47227947732128 204.1454011549607
0.25 0.25 0.25 0.25
110.48599014438369
45.0
355.24271694630306 375.83099327592697
0
355.24271694630306 246.09747018604807
0.25 0.25 0.25 0.25
129.7335230898789
45.0
68.82850135849105 352.8174280650203
0
68.82850135849105 472.541502528263
0.25 0.25 0.25 0.25
174.64106940671672
45.0
314.0462767315317 102.34194154564824
2
464.4165059258123 102.34194154564824
0.25 0.25 0.25 0.25
150.37022919428063
45.0
234.23253747521215 214.59898704428917
2
408.9944255446681 214.59898704428917
0.25 0.25 0.25 0.25
174.76188806945595
45.0
270.57167657644425 10.831203753000466
1
270.57167657644425 180.5215436780201
0.25 0.25 0.25 0.25
169.69033992501963
45.0
419.9631305258952 142.73659053238424
1
419.9631305258952 21.686084458999062
0.25 0.25 0.25 0.25
164.4226749913833
45.0
400.35216572026127 389.85097440047286
3
228.08815278288625 389.85097440047286
0.25 0.25 0.25 0.25
172.264012937375
45.0
89.54900389144238 206.8785464083416
1
89.54900389144238 299.8196673196653
0.25 0.25 0.25 0.25
92.94112091132372
45.0
485.39551382059005 134.39096205966132
1
485.39551382059005 290.4934296214537
0.25 0.25 0.25 0.25
156.10246756179237
45.0
294.093802776748 448.027613444396
3
157.89699232476448 448.027613444396
0.25 0.25 0.25 0.25
136.19681045198354
45.0
312.5596926513028 77.39264150889704
2
313.8337902650597 77.39264150889704
0.25 0.25 0.25 0.25
1.2740976137568916
45.0
260.41799848660764 321.39552269952054
1
260.41799848660764 354.87791283762556
0.25 0.25 0.25 0.25
33.48239013810502
45.0
280.3380291058721 404.29053704162277
2
318.4974442192338 404.29053704162277
0.25 0.25 0.25 0.25
38.15941511336166
45.0
326.8460983686039 466.5784976663722
3
290.3161105923977 466.5784976663722
0.25 0.25 0.25 0.25
36.52998777620623
45.0
396.85220899065536 419.2032953819862
0
396.85220899065536 405.23170028275547
0.25 0.25 0.25 0.25
13.971595099230727
45.0
329.7703157373846 498.523307024677
3
308.29847742090936 498.523307024677
0.25 0.25 0.25 0.25
21.471838316475235
45.0
467.7970164157749 46.438466522446596
0
467.7970164157749 16.678239755201883
0.25 0.25 0.25 0.25
29.760226767244713
45.0
22.688224643344324 81.67662966801633
0
22.688224643344324 79.11373266337108
0.25 0.25 0.25 0.25
2.5628970046452535
45.0
343.5412165740139 240.39845109578195
0
343.5412165740139 240.23240636444854
0.25 0.25 0.25 0.25
0.16604473133340347
45.0
466.7159958737936 159.6403779152094
2
496.5912733312014 159.6403779152094
0.25 0.25 0.25 0.25
29.87527745740784
45.0
9.92333542934303 286.83226286818444
2
15.193257004427766 286.83226286818444
0.25 0.25 0.25 0.25
5.2699215750847355
45.0
440.7886119259159 119.30408315774062
1
440.7886119259159 135.4895667464817
0.25 0.25 0.25 0.25
16.185483588741086
45.0
401.3109110987978 217.47195177683756
3
365.35023710811447 217.47195177683756
0.25 0.25 0.25 0.25
35.960673990683354
45.0
147.857158113197 25.26242502509153
3
142.68659868618076 25.26242502509153
0.25 0.25 0.25 0.25
5.170559427016242
45.0
13.545977968835889 1.10315596405548
3
9.404562503310245 1.10315596405548
0.25 0.25 0.25 0.25
4.141415465525644
45.0
211.73735135896817 154.52108417147093
3
168.9909999122623 154.52108417147093
0.25 0.25 0.25 0.25
42.74635144670585
45.0
166.44410171367662 454.1912610378069
3
126.44626917300633 454.1912610378069
0.25 0.25 0.25 0.25
39.997832540670295
45.0
40.92490509645597 341.6436365922163
2
73.98312257604765 341.6436365922163
0.25 0.25 0.25 0.25
33.058217479591676
45.0
105.11231306797578 132.42348992336807
2
120.1771500850794 132.42348992336807
0.25 0.25 0.25 0.25
15.064837017103628
45.0
400.2904056418852 275.3112251711285
3
377.4798656115256 275.3112251711285
0.25 0.25 0.25 0.25
22.810540030359554
45.0
347.0284635471302 441.0975177630021
3
318.3949660637387 441.0975177630021
0.25 0.25 0.25 0.25
28.633497483391494
45.0
274.7484324482081 264.189381568749
2
285.2812780424739 264.189381568749
0.25 0.25 0.25 0.25
10.532845594265805
45.0
461.42231796830686 465.4541687784247
0
461.42231796830686 462.92259066219316
0.25 0.25 0.25 0.25
2.5315781162315307
45.0
86.65419128947181 277.2557818354031
0
86.65419128947181 230.84663628157475
0.25 0.25 0.25 0.25
46.409145553828374
45.0
42.79869127482766 101.84645684323459
1
42.79869127482766 147.15545530136467
0.25 0.25 0.25 0.25
45.30899845813008
45.0
64.5895467489297 469.7495733764236
0
64.5895467489297 437.41900102057156
0.25 0.25 0.25 0.25
32.33057235585202
45.0
422.56816288606905 425.85051012115986
3
378.1004586563024 425.85051012115986
0.25 0.25 0.25 0.25
44.46770422976663
45.0
447.424916061119 178.1726210403677
3
404.00842444723094 178.1726210403677
0.25 0.25 0.25 0.25
43.41649161388806
45.0
