76009
144.38469052274115 321.3892435088478
0
144.38469052274115 208.89546527245224
0.25 0.25 0.25 0.25
112.49377823639557
45.0
227.86532721921668 13.092961189167738
3
85.25480143916138 13.092961189167738
0.25 0.25 0.25 0.25
142.6105257800553
45.0
424.72662547543086 323.47649042691586
3
463.9643775140662 323.47649042691586
0.25 0.25 0.25 0.25
111.30899701050299
45.0
43.22394272502879 206.21716011943067
2
128.9898753526062 206.21716011943067
0.25 0.25 0.25 0.25
172.21381807763498
45.0
391.1164282984146 48.968428048639026
3
295.5337547755528 48.968428048639026
0.25 0.25 0.25 0.25
95.58267352286182
45.0
471.8794478106473 281.1454125157744
1
471.8794478106473 409.19097909359596
0.25 0.25 0.25 0.25
128.04556657782157
45.0
122.53404224698389 307.67602623079597
2
297.1880022559567 307.67602623079597
0.25 0.25 0.25 0.25
174.6539600089728
45.0
279.8343222519718 150.92763513621608
0
279.8343222519718 1.6806042316706566
0.25 0.25 0.25 0.25
149.24703090454543
45.0
134.14803393353566 484.01142137714737
0
134.14803393353566 406.78724980807067
0.25 0.25 0.25 0.25
109.20132881478192
45.0
278.5843583222519 237.79855942257413
1
278.5843583222519 348.2845495669578
0.25 0.25 0.25 0.25
110.48599014438369
45.0
133.64385548557638 234.9684374544364
0
133.64385548557638 105.23491436455751
0.25 0.25 0.25 0.25
129.7335230898789
45.0
280.4536374549424 178.17635865830357
0
280.4536374549424 3.535289251586846
0.25 0.25 0.25 0.25
174.64106940671672
45.0
13.305818342970554 145.80691248294863
2
137.06441085131007 145.80691248294863
0.25 0.25 0.25 0.25
150.37022919428063
45.0
241.48179831641994 435.8772368167989
3
66.71991024696399 435.8772368167989
0.25 0.25 0.25 0.25
174.76188806945595
45.0
82.73929710130682 313.92780450280407
2
252.42963702632645 313.92780450280407
0.25 0.25 0.25 0.25
169.69033992501963
45.0
433.42708057759546 280.2313654203671
1
433.42708057759546 444.65404041175043
0.25 0.25 0.25 0.25
164.4226749913833
45.0
55.82413984551124 93.35698678740209
1
55.82413984551124 78.90702614997292
0.25 0.25 0.25 0.25
172.264012937375
45.0
275.43124571408975 71.94481632562956
1
275.43124571408975 20.996304585694162
0.25 0.25 0.25 0.25
92.94112091132372
45.0
422.01031919134425 290.4934296214537
3
421.88721324686344 290.4934296214537
0.25 0.25 0.25 0.25
156.10246756179237
45.0
430.29061322873156 7.185144747669824
1
430.29061322873156 143.38195519965336
0.25 0.25 0.25 0.25
136.19681045198354
45.0
302.3669117412475 93.95591048773666
3
301.0928141274906 93.95591048773666
0.25 0.25 0.25 0.25
1.2740976137568916
45.0
304.3109297180271 254.4307424233105
0
304.3109297180271 220.9483522852055
0.25 0.25 0.25 0.25
33.48239013810502
45.0
223.5895744204263 53.62244431871716
0
223.5895744204263 15.463029205355497
0.25 0.25 0.25 0.25
38.15941511336166
45.0
363.37608614481013 460.3615267812154
3
326.8460983686039 460.3615267812154
0.25 0.25 0.25 0.25
36.52998777620623
45.0
477.403435116268 469.0239438241679
1
477.403435116268 482.9955389233986
0.25 0.25 0.25 0.25
13.971595099230727
45.0
329.7703157373846 437.06117802589733
2
351.2421540538598 437.06117802589733
0.25 0.25 0.25 0.25
21.471838316475235
45.0
259.4754290450619 72.60244054653226
2
289.2356558123066 72.60244054653226
0.25 0.25 0.25 0.25
29.760226767244713
45.0
38.06560667121584 104.74270270982359
0
38.06560667121584 102.17980570517834
0.25 0.25 0.25 0.25
2.5628970046452535
45.0
343.3751718426805 240.06636163311512
3
343.20912711134713 240.06636163311512
0.25 0.25 0.25 0.25
0.16604473133340347
45.0
496.5912733312015 159.6403779152094
1
496.5912733312015 189.51565537261723
0.25 0.25 0.25 0.25
29.87527745740784
45.0
32.23603717133486 302.64202759343857
1
32.23603717133486 307.9119491685233
0.25 0.25 0.25 0.25
5.2699215750847355
45.0
376.0466775709516 103.11859956899954
0
376.0466775709516 86.93311598025846
0.25 0.25 0.25 0.25
16.185483588741086
45.0
490.8070669291522 494.84265629769567
3
473.23225908016445 494.84265629769567
0.25 0.25 0.25 0.25
35.960673990683354
45.0
194.39219295634305 25.26242502509153
2
199.56275238335928 25.26242502509153
0.25 0.25 0.25 0.25
5.170559427016242
45.0
3.019683893266686 5.244571429581124
1
3.019683893266686 9.385986895106768
0.25 0.25 0.25 0.25
4.141415465525644
45.0
258.47251455479625 154.5210841714709
1
258.47251455479625 197.26743561817676
0.25 0.25 0.25 0.25
42.74635144670585
45.0
206.4419342543469 294.1999308751258
0
206.4419342543469 254.2020983344555
0.25 0.25 0.25 0.25
39.997832540670295
45.0
91.3079648219107 176.35254919425785
2
124.36618230150238 176.35254919425785
0.25 0.25 0.25 0.25
33.058217479591676
45.0
210.56617218770117 222.81251202598983
3
195.50133517059754 222.81251202598983
0.25 0.25 0.25 0.25
15.064837017103628
45.0
217.80608539900868 480.60608544436457
0
217.80608539900868 457.795545414005
0.25 0.25 0.25 0.25
22.810540030359554
45.0
146.5939811633898 387.1014973366491
2
175.2274786467813 387.1014973366491
0.25 0.25 0.25 0.25
28.633497483391494
45.0
390.6097339851317 179.92661681462255
3
380.0768883908659 179.92661681462255
0.25 0.25 0.25 0.25
10.532845594265805
45.0
461.42231796830686 473.0489031271192
2
463.95389608453837 473.0489031271192
0.25 0.25 0.25 0.25
2.5315781162315307
45.0
179.47248239712854 490.6984903954551
0
179.47248239712854 462.89236405071654
0.25 0.25 0.25 0.25
46.409145553828374
45.0
269.34368356547805 260.625530821806
1
269.34368356547805 305.9345292799361
0.25 0.25 0.25 0.25
45.30899845813008
45.0
194.05503209788645 368.59756484431614
0
194.05503209788645 336.2669924884641
0.25 0.25 0.25 0.25
32.33057235585202
45.0
200.22964173723585 159.04428474256002
1
200.22964173723585 203.51198897232666
0.25 0.25 0.25 0.25
44.46770422976663
45.0
404.00842444723094 169.15931187073681
3
360.59193283334287 169.15931187073681
0.25 0.25 0.25 0.25
43.41649161388806
45.0
