52065
472.63214249879616 429.90982121658135
3
351.37863761397546 429.90982121658135
0.25 0.25 0.25 0.25
121.2535048848207
45.0
91.80323768399239 276.1916585908448
0
91.80323768399239 131.10468871870376
0.25 0.25 0.25 0.25
145.08696987214103
45.0
94.02345354364202 499.68738058835396
0
94.02345354364202 403.4191538599901
0.25 0.25 0.25 0.25
96.26822672836384
45.0
299.0707349986262 394.3640517987458
3
133.09487756414902 394.3640517987458
0.25 0.25 0.25 0.25
165.9758574344772
45.0
436.3466464963295 30.868940985833646
1
436.3466464963295 141.46551093538852
0.25 0.25 0.25 0.25
110.59656994955488
45.0
304.3234311701791 73.21986037676879
1
304.3234311701791 101.46096336469338
0.25 0.25 0.25 0.25
174.68082374146218
45.0
123.47992396601758 39.69551863291805
2
226.55602984156826 39.69551863291805
0.25 0.25 0.25 0.25
103.07610587555068
45.0
444.4131727176605 264.2899406917469
3
352.4943217795248 264.2899406917469
0.25 0.25 0.25 0.25
91.91885093813568
45.0
369.8185824645757 445.339918735419
3
486.1305957716304 445.339918735419
0.25 0.25 0.25 0.25
144.05082176379395
45.0
95.91423138165794 184.47348336750315
2
239.99119908527194 184.47348336750315
0.25 0.25 0.25 0.25
144.076967703614
45.0
329.3555170550271 209.8545561534147
1
329.3555170550271 336.26716525674783
0.25 0.25 0.25 0.25
126.41260910333312
45.0
93.68097638350287 101.28045481567659
2
257.5086975094892 101.28045481567659
0.25 0.25 0.25 0.25
163.82772112598633
45.0
191.9435904420924 356.38197523832594
3
59.47004002398404 356.38197523832594
0.25 0.25 0.25 0.25
132.47355041810835
45.0
22.606070383545784 190.39120758930676
1
22.606070383545784 364.23877870072477
0.25 0.25 0.25 0.25
173.847571111418
45.0
475.00734148096024 366.43056394775317
1
475.00734148096024 490.2281018473304
0.25 0.25 0.25 0.25
123.7975378995772
45.0
270.2304343701762 408.08728325228196
2
399.1367869714611 408.08728325228196
0.25 0.25 0.25 0.25
128.90635260128485
45.0
86.3806967061297 284.99400037768606
2
63.649287432896074 284.99400037768606
0.25 0.25 0.25 0.25
150.02998413902577
45.0
215.79302875711025 135.08828779817847
2
376.3821502951264 135.08828779817847
0.25 0.25 0.25 0.25
160.58912153801614
45.0
126.60774675947397 163.84875988759882
3
15.287394518564952 163.84875988759882
0.25 0.25 0.25 0.25
111.32035224090902
45.0
90.50703282124817 253.81369897829674
0
90.50703282124817 102.7839936895868
0.25 0.25 0.25 0.25
151.02970528870995
45.0
125.83917987735073 77.12031107518658
0
125.83917987735073 72.75858462717572
0.25 0.25 0.25 0.25
4.361726448010861
45.0
101.38455868740743 40.546298276666725
2
146.71693119853097 40.546298276666725
0.25 0.25 0.25 0.25
45.332372511123545
45.0
143.3345214822376 365.094852663619
1
143.3345214822376 383.4994811206498
0.25 0.25 0.25 0.25
18.404628457030785
45.0
18.522051659926998 460.9303821129961
2
7.033440761386494 460.9303821129961
0.25 0.25 0.25 0.25
25.55549242131349
45.0
294.77869952103055 292.6405676661156
1
294.77869952103055 314.12488479042975
0.25 0.25 0.25 0.25
21.484317124314167
45.0
438.7712555545934 233.30270804116844
0
438.7712555545934 209.1854302462466
0.25 0.25 0.25 0.25
24.11727779492186
45.0
152.81670928452286 431.01409630625824
2
190.9604178314603 431.01409630625824
0.25 0.25 0.25 0.25
38.14370854693742
45.0
455.7739801149495 144.74119621949689
3
446.0205644287056 144.74119621949689
0.25 0.25 0.25 0.25
9.7534156862439
45.0
327.23178094559563 72.34564880227245
3
316.773833723001 72.34564880227245
0.25 0.25 0.25 0.25
10.457947222594587
45.0
351.5437926318327 439.87236771075317
3
311.111111137792 439.87236771075317
0.25 0.25 0.25 0.25
40.43268149404064
45.0
414.6643789390428 106.54747554098739
0
414.6643789390428 84.42551618743357
0.25 0.25 0.25 0.25
22.121959353553812
45.0
21.5665366653056 221.6955999953297
1
21.5665366653056 268.92274712707786
0.25 0.25 0.25 0.25
47.22714713174815
45.0
267.9015328289218 202.2232212305087
1
267.9015328289218 203.75768537171732
0.25 0.25 0.25 0.25
1.534464141208608
45.0
28.571342543657753 270.5193575726796
2
56.4717331727215 270.5193575726796
0.25 0.25 0.25 0.25
27.900390629063747
45.0
127.10093579410517 188.78095089461277
0
127.10093579410517 148.57448257436977
0.25 0.25 0.25 0.25
40.206468320243005
45.0
470.5388229948885 216.02066502217684
1
470.5388229948885 244.14424825650516
0.25 0.25 0.25 0.25
28.123583234328315
45.0
353.41633693834285 22.821957166583246
1
353.41633693834285 10.644389470061583
0.25 0.25 0.25 0.25
33.46634663664483
45.0
172.79585702774767 19.489116383221358
2
210.06303281515875 19.489116383221358
0.25 0.25 0.25 0.25
37.26717578741109
45.0
268.01435709825313 90.09054710448791
0
268.01435709825313 78.31404227680417
0.25 0.25 0.25 0.25
11.77650482768373
45.0
410.6333881394752 431.61044534068003
1
410.6333881394752 459.7797514445894
0.25 0.25 0.25 0.25
28.169306103909403
45.0
19.399232559874534 122.28190094954485
1
19.399232559874534 163.1914453972385
0.25 0.25 0.25 0.25
40.909544447693655
45.0
125.93806448736021 6.3190088869964285
1
125.93806448736021 50.22868473066044
0.25 0.25 0.25 0.25
43.90967584366401
45.0
45.5679477135289 132.5241257253445
1
45.5679477135289 170.73850349166068
0.25 0.25 0.25 0.25
38.21437776631617
45.0
355.8778389649526 251.73386281413116
1
355.8778389649526 279.09971970137804
0.25 0.25 0.25 0.25
27.365856887246885
45.0
184.16819536316723 234.74987962493302
3
159.9980457481485 234.74987962493302
0.25 0.25 0.25 0.25
24.170149615018705
45.0
396.51496496848006 78.68752559091698
2
439.9608564907111 78.68752559091698
0.25 0.25 0.25 0.25
43.44589152223101
45.0
446.3446737826731 51.716488771149926
3
401.0196588112484 51.716488771149926
0.25 0.25 0.25 0.25
45.32501497142469
45.0
258.02821462861345 228.5945626588282
3
256.66648766443734 228.5945626588282
0.25 0.25 0.25 0.25
1.3617269641760965
45.0
