52065
286.22650893064554 115.04812016557025
2
407.48001381546624 115.04812016557025
0.25 0.25 0.25 0.25
121.2535048848207
45.0
201.06476141890266 115.49589961371657
1
201.06476141890266 260.5828694858576
0.25 0.25 0.25 0.25
145.08696987214103
45.0
440.32038423525955 366.1014211436286
3
463.4113890363766 366.1014211436286
0.25 0.25 0.25 0.25
96.26822672836384
45.0
377.2672609186927 427.22552458736686
3
456.75688164683004 427.22552458736686
0.25 0.25 0.25 0.25
165.9758574344772
45.0
224.41524750523223 247.4312104309372
2
335.0118174547871 247.4312104309372
0.25 0.25 0.25 0.25
110.59656994955488
45.0
443.68636280438113 288.9088374476685
0
443.68636280438113 114.2280137062063
0.25 0.25 0.25 0.25
174.68082374146218
45.0
154.2409827215244 50.48844824194818
1
154.2409827215244 52.587657633602504
0.25 0.25 0.25 0.25
103.07610587555068
45.0
4.073721653525411 459.23500288751075
2
87.84512928461027 459.23500288751075
0.25 0.25 0.25 0.25
91.91885093813568
45.0
444.35183403884264 241.49118069732046
1
444.35183403884264 385.5420024611144
0.25 0.25 0.25 0.25
144.05082176379395
45.0
358.4518450129917 408.911935297549
3
497.4711872833943 408.911935297549
0.25 0.25 0.25 0.25
144.076967703614
45.0
478.36987181169025 295.7958802599178
3
395.21751908497663 295.7958802599178
0.25 0.25 0.25 0.25
126.41260910333312
45.0
336.1765053329618 350.27654216207316
0
336.1765053329618 485.89573671194046
0.25 0.25 0.25 0.25
163.82772112598633
45.0
397.1022879334423 391.56766765383213
0
397.1022879334423 475.9587819280596
0.25 0.25 0.25 0.25
132.47355041810835
45.0
281.118630394594 115.72437240240708
1
281.118630394594 58.12319870901092
0.25 0.25 0.25 0.25
173.847571111418
45.0
163.21974162369065 89.97639773845158
1
163.21974162369065 213.77393563802877
0.25 0.25 0.25 0.25
123.7975378995772
45.0
147.73944424395725 490.3541155965429
0
147.73944424395725 380.7395318021722
0.25 0.25 0.25 0.25
128.90635260128485
45.0
286.0208870378204 435.02398451671183
0
286.0208870378204 284.99400037768606
0.25 0.25 0.25 0.25
150.02998413902577
45.0
127.12244664042188 397.8723860381765
2
33.46667489759426 397.8723860381765
0.25 0.25 0.25 0.25
160.58912153801614
45.0
243.57760950492627 162.57961616240368
1
243.57760950492627 273.8999684033127
0.25 0.25 0.25 0.25
111.32035224090902
45.0
378.6018085174537 407.5130591975126
3
227.57210322874377 407.5130591975126
0.25 0.25 0.25 0.25
151.02970528870995
45.0
147.64781211740507 138.1844813473386
2
152.00953856541594 138.1844813473386
0.25 0.25 0.25 0.25
4.361726448010861
45.0
127.96510862349237 52.80625150086248
0
127.96510862349237 7.473878989738935
0.25 0.25 0.25 0.25
45.332372511123545
45.0
290.5715491384839 205.4486295043354
2
308.9761775955147 205.4486295043354
0.25 0.25 0.25 0.25
18.404628457030785
45.0
393.70162264986277 385.736663359123
2
419.25711507117626 385.736663359123
0.25 0.25 0.25 0.25
25.55549242131349
45.0
36.9668940292605 485.9994217849429
0
36.9668940292605 464.51510466062877
0.25 0.25 0.25 0.25
21.484317124314167
45.0
173.48119981045306 139.64806929086353
2
197.5984776053749 139.64806929086353
0.25 0.25 0.25 0.25
24.11727779492186
45.0
114.18925054403907 278.4392621185085
1
114.18925054403907 316.58297066544594
0.25 0.25 0.25 0.25
38.14370854693742
45.0
485.0342271736812 105.72753347452128
2
494.7876428599251 105.72753347452128
0.25 0.25 0.25 0.25
9.7534156862439
45.0
379.5215170585687 136.81329564961925
1
379.5215170585687 147.27124287221383
0.25 0.25 0.25 0.25
10.457947222594587
45.0
486.7254813920048 480.3050492047938
3
446.29279989796413 480.3050492047938
0.25 0.25 0.25 0.25
40.43268149404064
45.0
492.33595455666324 416.25490649074067
0
492.33595455666324 394.1329471371869
0.25 0.25 0.25 0.25
22.121959353553812
45.0
352.15656658754267 277.1526573603667
0
352.15656658754267 229.92551022861852
0.25 0.25 0.25 0.25
47.22714713174815
45.0
220.3331444514547 211.4300060777604
0
220.3331444514547 209.89554193655178
0.25 0.25 0.25 0.25
1.534464141208608
45.0
419.1768113505501 422.5763455076193
2
447.07720197961385 422.5763455076193
0.25 0.25 0.25 0.25
27.900390629063747
45.0
159.50605045367092 253.49020062806017
1
159.50605045367092 293.69666894830317
0.25 0.25 0.25 0.25
40.206468320243005
45.0
276.34892789615685 277.7548367599138
0
276.34892789615685 249.6312535255855
0.25 0.25 0.25 0.25
28.123583234328315
45.0
479.25192987843286 227.6104360857975
3
487.2817234849223 227.6104360857975
0.25 0.25 0.25 0.25
33.46634663664483
45.0
272.16989186978253 427.7169930657116
3
234.90271608237146 427.7169930657116
0.25 0.25 0.25 0.25
37.26717578741109
45.0
355.1374884158682 251.4280928983404
2
366.9139932435519 251.4280928983404
0.25 0.25 0.25 0.25
11.77650482768373
45.0
194.99632640579344 357.1093921912162
0
194.99632640579344 328.94008608730684
0.25 0.25 0.25 0.25
28.169306103909403
45.0
160.29879915830796 168.6525881212995
3
119.3892547106143 168.6525881212995
0.25 0.25 0.25 0.25
40.909544447693655
45.0
453.15088420155246 445.4157673236365
1
453.15088420155246 489.3254431673005
0.25 0.25 0.25 0.25
43.90967584366401
45.0
457.645141324361 478.90591853571414
3
419.4307635580449 478.90591853571414
0.25 0.25 0.25 0.25
38.21437776631617
45.0
109.58512697973072 32.807007716156065
3
82.21927009248384 32.807007716156065
0.25 0.25 0.25 0.25
27.365856887246885
45.0
178.38404886211333 316.284194254222
2
202.55419847713205 316.284194254222
0.25 0.25 0.25 0.25
24.170149615018705
45.0
353.81356843493563 138.54193202023805
2
397.25945995716665 138.54193202023805
0.25 0.25 0.25 0.25
43.44589152223101
45.0
491.6696887540978 126.73390048589228
3
463.0052962744775 126.73390048589228
0.25 0.25 0.25 0.25
45.32501497142469
45.0
300.241750518073 247.6587401572934
2
301.6034774822491 247.6587401572934
0.25 0.25 0.25 0.25
1.3617269641760965
45.0
