52065
411.32255945684426 339.99393845227814
0
411.32255945684426 218.74043356745744
0.25 0.25 0.25 0.25
121.2535048848207
45.0
40.369002441774455 107.63501578336036
2
104.71796743036657 107.63501578336036
0.25 0.25 0.25 0.25
145.08696987214103
45.0
78.33848212292123 457.0470968203645
0
78.33848212292123 360.77887009200066
0.25 0.25 0.25 0.25
96.26822672836384
45.0
368.9775501324193 456.2395123393238
3
465.04659243310346 456.2395123393238
0.25 0.25 0.25 0.25
165.9758574344772
45.0
429.9024312840846 247.43121043093726
3
459.50099876636045 247.43121043093726
0.25 0.25 0.25 0.25
110.59656994955488
45.0
110.78210481514839 397.8457726867275
2
63.89871892631379 397.8457726867275
0.25 0.25 0.25 0.25
174.68082374146218
45.0
185.74839366063452 197.21775187369008
0
185.74839366063452 94.1416459981394
0.25 0.25 0.25 0.25
103.07610587555068
45.0
466.6278933566455 10.748108516324862
1
466.6278933566455 102.66695945446054
0.25 0.25 0.25 0.25
91.91885093813568
45.0
139.53868581813967 334.7121063578553
2
283.5895075819336 334.7121063578553
0.25 0.25 0.25 0.25
144.05082176379395
45.0
82.3178320231483 438.472323073539
2
226.3947997267623 438.472323073539
0.25 0.25 0.25 0.25
144.076967703614
45.0
176.29491935830538 135.48065267658967
0
176.29491935830538 9.068043573256546
0.25 0.25 0.25 0.25
126.41260910333312
45.0
206.40767777724312 417.76104373561225
0
206.40767777724312 418.4112351384015
0.25 0.25 0.25 0.25
163.82772112598633
45.0
410.63575830358263 65.64138694535973
1
410.63575830358263 66.83216347274862
0.25 0.25 0.25 0.25
132.47355041810835
45.0
283.50950960816806 98.19689650274722
2
457.35708071958607 98.19689650274722
0.25 0.25 0.25 0.25
173.847571111418
45.0
237.03196248518827 262.1768223535151
2
360.8295003847655 262.1768223535151
0.25 0.25 0.25 0.25
123.7975378995772
45.0
461.63842859201895 314.3348208214452
1
461.63842859201895 443.24117342273007
0.25 0.25 0.25 0.25
128.90635260128485
45.0
114.45885918659201 64.67617409303045
2
35.57112495243376 64.67617409303045
0.25 0.25 0.25 0.25
150.02998413902577
45.0
457.0315364182396 376.13515371667665
3
296.4424148802235 376.13515371667665
0.25 0.25 0.25 0.25
160.58912153801614
45.0
84.73393671325749 275.7831385714938
1
84.73393671325749 387.1034908124028
0.25 0.25 0.25 0.25
111.32035224090902
45.0
17.279370327706545 311.0216359992663
1
17.279370327706545 462.05134128797624
0.25 0.25 0.25 0.25
151.02970528870995
45.0
112.75400053331815 321.37699216379514
2
117.115726981329 321.37699216379514
0.25 0.25 0.25 0.25
4.361726448010861
45.0
447.97952095663913 12.849488500303167
3
402.6471484455156 12.849488500303167
0.25 0.25 0.25 0.25
45.332372511123545
45.0
120.48034023653042 162.48930926993683
0
120.48034023653042 144.08468081290604
0.25 0.25 0.25 0.25
18.404628457030785
45.0
274.0769758730619 304.2616320163413
0
274.0769758730619 278.7061395950278
0.25 0.25 0.25 0.25
25.55549242131349
45.0
423.6846022669154 256.18877272328734
3
402.2002851426013 256.18877272328734
0.25 0.25 0.25 0.25
21.484317124314167
45.0
41.70320042763973 236.11718047055092
0
41.70320042763973 211.99990267562907
0.25 0.25 0.25 0.25
24.11727779492186
45.0
419.3389189195385 193.88826724500677
2
457.48262746647595 193.88826724500677
0.25 0.25 0.25 0.25
38.14370854693742
45.0
485.0342271736812 147.86127436782007
2
494.7876428599251 147.86127436782007
0.25 0.25 0.25 0.25
9.7534156862439
45.0
494.98311627029597 220.47687343037592
1
494.98311627029597 230.9348206529705
0.25 0.25 0.25 0.25
10.457947222594587
45.0
472.8418371139546 398.3969063130843
3
486.7254813920048 398.3969063130843
0.25 0.25 0.25 0.25
40.43268149404064
45.0
27.774808132033336 438.37686584429446
1
27.774808132033336 460.49882519784825
0.25 0.25 0.25 0.25
22.121959353553812
45.0
304.9294194557945 80.01415860008521
0
304.9294194557945 32.78701146833706
0.25 0.25 0.25 0.25
47.22714713174815
45.0
286.3151025234252 191.48197224204839
1
286.3151025234252 193.016436383257
0.25 0.25 0.25 0.25
1.534464141208608
45.0
251.7744675761677 199.3732204751094
3
223.87407694710396 199.3732204751094
0.25 0.25 0.25 0.25
27.900390629063747
45.0
433.26755833782397 258.87047152294866
0
433.26755833782397 218.66400320270566
0.25 0.25 0.25 0.25
40.206468320243005
45.0
445.0904273021266 334.0020032285704
0
445.0904273021266 305.8784199942421
0.25 0.25 0.25 0.25
28.123583234328315
45.0
382.89228447564244 156.68734371316256
1
382.89228447564244 190.1536903498074
0.25 0.25 0.25 0.25
33.46634663664483
45.0
473.1736238784391 129.579586766423
1
473.1736238784391 166.84676255383408
0.25 0.25 0.25 0.25
37.26717578741109
45.0
491.7679488242436 145.43954944918676
1
491.7679488242436 157.2160542768705
0.25 0.25 0.25 0.25
11.77650482768373
45.0
354.29477593165643 79.50448573059609
1
354.29477593165643 107.6737918345055
0.25 0.25 0.25 0.25
28.169306103909403
45.0
435.17343430174435 209.56213256899315
0
435.17343430174435 168.6525881212995
0.25 0.25 0.25 0.25
40.909544447693655
45.0
121.71856626078466 411.4286358842446
0
121.71856626078466 367.5189600405806
0.25 0.25 0.25 0.25
43.90967584366401
45.0
77.35614740406524 166.76471832940516
2
115.57052517038142 166.76471832940516
0.25 0.25 0.25 0.25
38.21437776631617
45.0
218.80515566723187 32.807007716156065
0
218.80515566723187 5.44115082890918
0.25 0.25 0.25 0.25
27.365856887246885
45.0
420.0855450123005 200.31281344540375
0
420.0855450123005 176.14266383038503
0.25 0.25 0.25 0.25
24.170149615018705
45.0
49.692327779318504 8.204257453545026
2
93.13821930154951 8.204257453545026
0.25 0.25 0.25 0.25
43.44589152223101
45.0
145.73019147450447 142.36651871399934
2
191.05520644592917 142.36651871399934
0.25 0.25 0.25 0.25
45.32501497142469
45.0
268.92203034202237 202.72175033948258
0
268.92203034202237 201.3600233753065
0.25 0.25 0.25 0.25
1.3617269641760965
45.0
