52065
441.29452037827866 431.27548241566444
0
441.29452037827866 310.02197753084374
0.25 0.25 0.25 0.25
121.2535048848207
45.0
491.2387011631847 449.24319076986035
3
346.1517312910437 449.24319076986035
0.25 0.25 0.25 0.25
145.08696987214103
45.0
403.0026515188982 221.24512077235522
0
403.0026515188982 124.97689404399138
0.25 0.25 0.25 0.25
96.26822672836384
45.0
368.9775501324193 41.68805996410782
1
368.9775501324193 207.66391739858503
0.25 0.25 0.25 0.25
165.9758574344772
45.0
98.11272143542003 416.148209266392
2
12.483848514134849 416.148209266392
0.25 0.25 0.25 0.25
110.59656994955488
45.0
124.75071171659977 445.9307151355006
0
124.75071171659977 271.2498913940384
0.25 0.25 0.25 0.25
174.68082374146218
45.0
226.55602984156815 195.11854248203582
1
226.55602984156815 298.1946483575865
0.25 0.25 0.25 0.25
103.07610587555068
45.0
62.6704916331837 345.81993491672546
2
154.58934257131938 345.81993491672546
0.25 0.25 0.25 0.25
91.91885093813568
45.0
403.2415918508059 38.25471048370986
3
259.19077008701197 38.25471048370986
0.25 0.25 0.25 0.25
144.05082176379395
45.0
488.9324133580962 6.2414199626968525
3
344.8554456544822 6.2414199626968525
0.25 0.25 0.25 0.25
144.076967703614
45.0
176.29491935830538 221.1554289800797
2
302.7075284616385 221.1554289800797
0.25 0.25 0.25 0.25
126.41260910333312
45.0
431.86953348262 418.4112351384015
0
431.86953348262 417.76104373561225
0.25 0.25 0.25 0.25
163.82772112598633
45.0
218.37380454060747 259.0941172357238
2
350.8473549587158 259.0941172357238
0.25 0.25 0.25 0.25
132.47355041810835
45.0
370.3012126063818 163.32739238307272
1
370.3012126063818 10.520178728345286
0.25 0.25 0.25 0.25
173.847571111418
45.0
237.03196248518827 89.9763977384516
1
237.03196248518827 33.8211401611256
0.25 0.25 0.25 0.25
123.7975378995772
45.0
440.7060396169751 459.103294786264
0
440.7060396169751 330.1969421849791
0.25 0.25 0.25 0.25
128.90635260128485
45.0
486.2607601500265 485.2338734898923
0
486.2607601500265 335.2038893508665
0.25 0.25 0.25 0.25
150.02998413902577
45.0
172.31856411411056 499.7409955172104
3
11.729442576094414 499.7409955172104
0.25 0.25 0.25 0.25
160.58912153801614
45.0
139.78993793674164 162.57961616240374
2
251.11029017765065 162.57961616240374
0.25 0.25 0.25 0.25
111.32035224090902
45.0
154.34444073520214 199.27541688783307
3
3.314735446492193 199.27541688783307
0.25 0.25 0.25 0.25
151.02970528870995
45.0
56.05155670917701 312.6535392677734
1
56.05155670917701 317.01526571578427
0.25 0.25 0.25 0.25
4.361726448010861
45.0
144.02912644324917 471.5488231221027
0
144.02912644324917 426.21645061097917
0.25 0.25 0.25 0.25
45.332372511123545
45.0
118.77982970486977 309.72633692618314
2
137.18445816190055 309.72633692618314
0.25 0.25 0.25 0.25
18.404628457030785
45.0
248.5214834517484 133.5175347147619
0
248.5214834517484 107.9620422934484
0.25 0.25 0.25 0.25
25.55549242131349
45.0
251.81006527240223 363.61035834485807
3
230.32574814808805 363.61035834485807
0.25 0.25 0.25 0.25
21.484317124314167
45.0
499.9314785311549 43.17895811117609
3
475.9512436739233 43.17895811117609
0.25 0.25 0.25 0.25
24.11727779492186
45.0
114.67300073758544 454.55477805292946
2
152.81670928452286 454.55477805292946
0.25 0.25 0.25 0.25
38.14370854693742
45.0
319.2261605075349 105.72753347452128
2
328.9795761937788 105.72753347452128
0.25 0.25 0.25 0.25
9.7534156862439
45.0
484.1009892845148 377.346081769295
2
494.5589365071094 377.346081769295
0.25 0.25 0.25 0.25
10.457947222594587
45.0
273.74503657078543 236.66618033692168
1
273.74503657078543 277.09886183096233
0.25 0.25 0.25 0.25
40.43268149404064
45.0
49.89676748558715 146.27956515801625
3
27.774808132033336 146.27956515801625
0.25 0.25 0.25 0.25
22.121959353553812
45.0
33.89052069973133 32.78701146833706
1
33.89052069973133 14.440135663411084
0.25 0.25 0.25 0.25
47.22714713174815
45.0
277.1083176761735 174.6028666887536
0
277.1083176761735 173.068402547545
0.25 0.25 0.25 0.25
1.534464141208608
45.0
140.17290505991275 446.0626734903884
0
140.17290505991275 418.1622828613247
0.25 0.25 0.25 0.25
27.900390629063747
45.0
347.69291369126285 17.631661601490634
3
307.48644537101984 17.631661601490634
0.25 0.25 0.25 0.25
40.206468320243005
45.0
145.5048206187679 221.50767029125717
1
145.5048206187679 249.6312535255855
0.25 0.25 0.25 0.25
28.123583234328315
45.0
386.8826835749877 386.9613710703312
2
420.34903021163257 386.9613710703312
0.25 0.25 0.25 0.25
33.46634663664483
45.0
398.63927230361696 390.44981727830054
2
435.90644809102804 390.44981727830054
0.25 0.25 0.25 0.25
37.26717578741109
45.0
44.260765372262156 298.53411220907526
0
44.260765372262156 286.75760738139155
0.25 0.25 0.25 0.25
11.77650482768373
45.0
54.14979588624641 459.7797514445894
3
25.980489782337006 459.7797514445894
0.25 0.25 0.25 0.25
28.169306103909403
45.0
33.00248787823825 455.01939925515495
1
33.00248787823825 495.9289437028486
0.25 0.25 0.25 0.25
40.909544447693655
45.0
473.1718067419672 191.88025666592455
1
473.1718067419672 235.78993250958857
0.25 0.25 0.25 0.25
43.90967584366401
45.0
389.4973476103744 128.55034056308904
3
351.28296984405824 128.55034056308904
0.25 0.25 0.25 0.25
38.21437776631617
45.0
410.60955273944637 186.119847381819
0
410.60955273944637 158.75399049457212
0.25 0.25 0.25 0.25
27.365856887246885
45.0
193.53033269289924 210.57973000991427
1
193.53033269289924 234.749879624933
0.25 0.25 0.25 0.25
24.170149615018705
45.0
223.47589386824257 443.4076676645418
3
180.03000234601154 443.4076676645418
0.25 0.25 0.25 0.25
43.44589152223101
45.0
284.55490701743514 489.3340202572899
3
239.22989204601043 489.3340202572899
0.25 0.25 0.25 0.25
45.32501497142469
45.0
264.836849449494 161.8699414142
1
264.836849449494 163.2316683783761
0.25 0.25 0.25 0.25
1.3617269641760965
45.0
