52065
168.81554968720286 448.83667389859795
3
47.56204480238216 448.83667389859795
0.25 0.25 0.25 0.25
121.2535048848207
45.0
441.71827448961017 449.24319076986035
3
413.1947556382488 449.24319076986035
0.25 0.25 0.25 0.25
145.08696987214103
45.0
173.14846534580875 499.6873805883539
3
76.8802386174449 499.6873805883539
0.25 0.25 0.25 0.25
96.26822672836384
45.0
211.29140348421552 427.22552458736686
3
45.315546049738316 427.22552458736686
0.25 0.25 0.25 0.25
165.9758574344772
45.0
107.37446234343246 310.18250977084335
2
3.222107606122421 310.18250977084335
0.25 0.25 0.25 0.25
110.59656994955488
45.0
381.6328134541567 361.72951506940717
3
206.9519897126945 361.72951506940717
0.25 0.25 0.25 0.25
174.68082374146218
45.0
51.16487684597372 94.14164599813951
1
51.16487684597372 8.934459877411172
0.25 0.25 0.25 0.25
103.07610587555068
45.0
455.520533037153 437.73878585486113
3
452.5606160247114 437.73878585486113
0.25 0.25 0.25 0.25
91.91885093813568
45.0
386.5300871576908 80.72885424041141
1
386.5300871576908 224.77967600420536
0.25 0.25 0.25 0.25
144.05082176379395
45.0
344.8554456544822 302.93412929522293
0
344.8554456544822 158.85716159160893
0.25 0.25 0.25 0.25
144.076967703614
45.0
363.2581355350221 42.970662053251544
1
363.2581355350221 83.44194705008158
0.25 0.25 0.25 0.25
126.41260910333312
45.0
104.21409123064734 350.2765421620732
2
268.04181235663367 350.2765421620732
0.25 0.25 0.25 0.25
163.82772112598633
45.0
456.8906912783091 31.646471057242536
1
456.8906912783091 100.82707936086581
0.25 0.25 0.25 0.25
132.47355041810835
45.0
457.35708071958607 319.64748759483086
3
368.79534816899593 319.64748759483086
0.25 0.25 0.25 0.25
173.847571111418
45.0
401.1951206194626 262.1768223535151
0
401.1951206194626 138.37928445393788
0.25 0.25 0.25 0.25
123.7975378995772
45.0
430.38760778174003 411.99035261245115
0
430.38760778174003 459.103294786264
0.25 0.25 0.25 0.25
128.90635260128485
45.0
314.0990495182827 114.8860630662108
1
314.0990495182827 35.143921072814976
0.25 0.25 0.25 0.25
150.02998413902577
45.0
266.9863379794168 368.607950880001
2
427.57545951743293 368.607950880001
0.25 0.25 0.25 0.25
160.58912153801614
45.0
13.404224350383856 164.46278633058478
2
124.72457659129287 164.46278633058478
0.25 0.25 0.25 0.25
111.32035224090902
45.0
470.36848619383636 8.962225421846426
1
470.36848619383636 159.99193071055637
0.25 0.25 0.25 0.25
151.02970528870995
45.0
138.92435922138333 168.71656648341468
1
138.92435922138333 173.07829293142555
0.25 0.25 0.25 0.25
4.361726448010861
45.0
53.3643814210018 448.53765087677857
0
53.3643814210018 403.20527836565503
0.25 0.25 0.25 0.25
45.332372511123545
45.0
143.3345214822376 334.281028703551
1
143.3345214822376 352.6856571605818
0.25 0.25 0.25 0.25
18.404628457030785
45.0
274.0769758730619 385.736663359123
3
248.5214834517484 385.736663359123
0.25 0.25 0.25 0.25
25.55549242131349
45.0
58.45121115357467 84.31423572877395
2
79.93552827788884 84.31423572877395
0.25 0.25 0.25 0.25
21.484317124314167
45.0
464.75963326571923 281.53726363101214
1
464.75963326571923 305.654541425934
0.25 0.25 0.25 0.25
24.11727779492186
45.0
266.7640847317888 240.29555357157108
3
228.62037618485135 240.29555357157108
0.25 0.25 0.25 0.25
38.14370854693742
45.0
485.0342271736812 193.50827465071637
2
494.7876428599251 193.50827465071637
0.25 0.25 0.25 0.25
9.7534156862439
45.0
107.6148892711092 63.607665091457164
2
118.07283649370379 63.607665091457164
0.25 0.25 0.25 0.25
10.457947222594587
45.0
82.3986664515983 74.93545436075911
0
82.3986664515983 34.50277286671847
0.25 0.25 0.25 0.25
40.43268149404064
45.0
94.14068619269477 128.6694348945412
1
94.14068619269477 150.79139424809503
0.25 0.25 0.25 0.25
22.121959353553812
45.0
343.92665635425385 250.57587132215184
0
343.92665635425385 203.3487241904037
0.25 0.25 0.25 0.25
47.22714713174815
45.0
209.5918954629944 205.29214951292593
0
209.5918954629944 203.75768537171732
0.25 0.25 0.25 0.25
1.534464141208608
45.0
56.471733172721514 465.82209197612576
0
56.471733172721514 437.921701347062
0.25 0.25 0.25 0.25
27.900390629063747
45.0
282.7651010690021 173.0772639875742
0
282.7651010690021 132.8707956673312
0.25 0.25 0.25 0.25
40.206468320243005
45.0
473.2140105364549 497.25649736545984
3
445.0904273021266 497.25649736545984
0.25 0.25 0.25 0.25
28.123583234328315
45.0
487.2817234849223 307.8511101005198
3
453.8153768482774 307.8511101005198
0.25 0.25 0.25 0.25
33.46634663664483
45.0
355.15835025610664 464.9841688531227
3
317.89117446869557 464.9841688531227
0.25 0.25 0.25 0.25
37.26717578741109
45.0
449.34952703733785 168.99255910455423
3
437.57302220965414 168.99255910455423
0.25 0.25 0.25 0.25
11.77650482768373
45.0
321.76857056216915 276.6896284579619
0
321.76857056216915 248.52032235405247
0.25 0.25 0.25 0.25
28.169306103909403
45.0
446.6656102921635 105.00443248126464
3
405.75606584446984 105.00443248126464
0.25 0.25 0.25 0.25
40.909544447693655
45.0
233.60250498323248 445.4157673236365
1
233.60250498323248 489.3254431673005
0.25 0.25 0.25 0.25
43.90967584366401
45.0
419.4307635580449 20.333385339920184
1
419.4307635580449 58.54776310623635
0.25 0.25 0.25 0.25
38.21437776631617
45.0
136.9509838669776 142.2704352651436
0
136.9509838669776 114.90457837789671
0.25 0.25 0.25 0.25
27.365856887246885
45.0
105.8736000170572 461.30509194433427
0
105.8736000170572 437.13494232931555
0.25 0.25 0.25 0.25
24.170149615018705
45.0
353.06907344624904 426.9991527574517
1
353.06907344624904 470.44504427968275
0.25 0.25 0.25 0.25
43.44589152223101
45.0
327.03025136020335 99.89117437123117
3
281.70523638877864 99.89117437123117
0.25 0.25 0.25 0.25
45.32501497142469
45.0
271.6454842703746 266.7229176557588
3
270.2837573061985 266.7229176557588
0.25 0.25 0.25 0.25
1.3617269641760965
45.0
