55081
19.292811667434762 241.88724546333333
2
142.55875263597966 241.88724546333333
0.25 0.25 0.25 0.25
161.85156430341442
45.0
221.0941293839063 417.1354316028877
0
221.0941293839063 264.97497602183125
0.25 0.25 0.25 0.25
152.16045558105645
45.0
129.80842386811298 365.923642666862
0
129.80842386811298 251.45669544232277
0.25 0.25 0.25 0.25
114.46694722453923
45.0
111.36884661056168 14.064704452051075
1
111.36884661056168 75.66311475058122
0.25 0.25 0.25 0.25
89.72781920263229
45.0
16.2734975982558 282.7611668422181
1
16.2734975982558 450.7966058608208
0.25 0.25 0.25 0.25
168.03543901860274
45.0
370.10888901834846 309.3989304441816
1
370.10888901834846 469.6261893467058
0.25 0.25 0.25 0.25
160.22725890252423
45.0
455.4218418984949 248.43060645466173
1
455.4218418984949 336.9715876436942
0.25 0.25 0.25 0.25
88.54098118903246
45.0
217.1372809095682 37.77648839546694
2
356.7727083125817 37.77648839546694
0.25 0.25 0.25 0.25
139.6354274030135
45.0
171.02697247627518 132.73631212919514
2
262.7687747523181 132.73631212919514
0.25 0.25 0.25 0.25
91.74180227604293
45.0
36.81369234310547 49.50818953365027
1
36.81369234310547 44.1689706927224
0.25 0.25 0.25 0.25
93.67716022637266
45.0
131.93866478560344 147.68268792462501
2
8.962985655897398 147.68268792462501
0.25 0.25 0.25 0.25
140.90165044150083
45.0
140.23170126608986 387.58752498865056
2
270.719681101893 387.58752498865056
0.25 0.25 0.25 0.25
130.48797983580315
45.0
72.54916672267933 95.04686002840717
1
72.54916672267933 38.80772148389093
0.25 0.25 0.25 0.25
133.8545815122981
45.0
389.8494891603864 173.21321880180406
3
446.3503417498172 173.21321880180406
0.25 0.25 0.25 0.25
163.8001690897964
45.0
309.1916112766774 325.9986639129909
0
309.1916112766774 212.24743604801114
0.25 0.25 0.25 0.25
113.75122786497973
45.0
120.8457333828942 273.006717924572
0
120.8457333828942 131.35937262981906
0.25 0.25 0.25 0.25
141.64734529475294
45.0
179.24458411807478 387.58315978096175
2
342.25178498815944 387.58315978096175
0.25 0.25 0.25 0.25
163.00720087008466
45.0
371.2325958915826 410.2443664520274
3
217.7718819702272 410.2443664520274
0.25 0.25 0.25 0.25
153.4607139213554
45.0
382.09983496589643 49.027789674399116
1
382.09983496589643 119.23878435656809
0.25 0.25 0.25 0.25
168.2665740309672
45.0
97.47272505119645 64.30637073150598
1
97.47272505119645 74.06062478408967
0.25 0.25 0.25 0.25
138.36699551559565
45.0
183.43670614776528 465.2446653363164
2
218.07810958380048 465.2446653363164
0.25 0.25 0.25 0.25
34.641403436035205
45.0
65.02537601681206 320.3473138667329
2
70.37622453506032 320.3473138667329
0.25 0.25 0.25 0.25
5.350848518248258
45.0
469.6557182967256 107.43938702449793
1
469.6557182967256 148.0076843815873
0.25 0.25 0.25 0.25
40.56829735708937
45.0
349.79689550424484 330.344002153837
3
326.66153714214835 330.344002153837
0.25 0.25 0.25 0.25
23.135358362096493
45.0
129.64889949678314 202.40414848529838
2
151.70141697164644 202.40414848529838
0.25 0.25 0.25 0.25
22.052517474863294
45.0
443.1061994095007 107.5703854514431
1
443.1061994095007 115.45531515175227
0.25 0.25 0.25 0.25
7.884929700309168
45.0
473.74309283067623 221.24221887586248
1
473.74309283067623 250.17727440875865
0.25 0.25 0.25 0.25
28.935055532896186
45.0
327.5954431221219 194.40501205694704
1
327.5954431221219 240.75491645967014
0.25 0.25 0.25 0.25
46.349904402723105
45.0
126.51087883998036 410.5300055735888
3
89.64622706516641 410.5300055735888
0.25 0.25 0.25 0.25
36.86465177481395
45.0
13.771197847716579 229.9495166845168
0
13.771197847716579 196.72868153216433
0.25 0.25 0.25 0.25
33.22083515235246
45.0
285.67484905542244 95.32942088521682
3
277.80504681848544 95.32942088521682
0.25 0.25 0.25 0.25
7.869802236936979
45.0
309.9588013980283 76.81713819792972
1
309.9588013980283 86.79673945791951
0.25 0.25 0.25 0.25
9.97960125998979
45.0
418.8087361198643 75.7822935470322
0
418.8087361198643 30.94112043872161
0.25 0.25 0.25 0.25
44.841173108310585
45.0
145.88106388740835 174.17879703261082
3
105.72016759733484 174.17879703261082
0.25 0.25 0.25 0.25
40.160896290073495
45.0
445.42914611883737 148.5843519886338
1
445.42914611883737 196.2582086617613
0.25 0.25 0.25 0.25
47.673856673127496
45.0
473.0612025518717 54.226814176857935
3
430.86104513236967 54.226814176857935
0.25 0.25 0.25 0.25
42.20015741950204
45.0
279.4444841404496 266.08078650478825
1
279.4444841404496 295.20692944450036
0.25 0.25 0.25 0.25
29.126142939712118
45.0
148.8041831369464 20.743179059438155
3
104.41335922242865 20.743179059438155
0.25 0.25 0.25 0.25
44.39082391451773
45.0
313.2056102375113 241.8217064087861
1
313.2056102375113 275.64609043417755
0.25 0.25 0.25 0.25
33.82438402539144
45.0
174.10919624613211 152.70051129271556
1
174.10919624613211 158.65285456085783
0.25 0.25 0.25 0.25
5.952343268142279
45.0
259.7471213630994 449.8738027564601
2
291.9225449620528 449.8738027564601
0.25 0.25 0.25 0.25
32.17542359895343
45.0
42.17589500481756 264.7359088766078
1
42.17589500481756 291.69847453087283
0.25 0.25 0.25 0.25
26.96256565426503
45.0
245.407608923433 178.8043404261039
3
222.4312053099639 178.8043404261039
0.25 0.25 0.25 0.25
22.97640361346911
45.0
353.29285746821233 346.0945174491985
2
389.10365424684153 346.0945174491985
0.25 0.25 0.25 0.25
35.810796778629225
45.0
145.83610557352435 496.8004213906073
3
143.05849869619803 496.8004213906073
0.25 0.25 0.25 0.25
2.777606877326322
45.0
125.7643285600686 109.71143255958961
0
125.7643285600686 64.48501613248638
0.25 0.25 0.25 0.25
45.226416427103224
45.0
261.2780747958648 208.45701838796708
1
261.2780747958648 219.96330924381664
0.25 0.25 0.25 0.25
11.50629085584957
45.0
2.5978495977176603 300.5551887401199
0
2.5978495977176603 293.5000711089182
0.25 0.25 0.25 0.25
7.055117631201712
45.0
