48497
403.2310370298053 128.14070992997011
3
438.3752903488215 128.14070992997011
0.25 0.25 0.25 0.25
158.39367262137313
45.0
142.79244340646403 492.0344569980529
2
6.480352181114938 492.0344569980529
0.25 0.25 0.25 0.25
149.27279558757897
45.0
339.1319732071958 143.55842080567118
3
200.52402036491105 143.55842080567118
0.25 0.25 0.25 0.25
138.60795284228476
45.0
149.26389561881444 176.84926345497695
0
149.26389561881444 72.03387789883737
0.25 0.25 0.25 0.25
104.81538555613957
45.0
310.81472172865676 280.28369106200233
3
189.4098061245927 280.28369106200233
0.25 0.25 0.25 0.25
121.40491560406404
45.0
204.91452858567814 203.29695609997933
2
362.77219251060137 203.29695609997933
0.25 0.25 0.25 0.25
157.85766392492323
45.0
35.50963319951137 224.4086998392999
2
130.2143921114556 224.4086998392999
0.25 0.25 0.25 0.25
165.72402531096697
45.0
186.85611067522507 489.02775864227175
0
186.85611067522507 396.2805528177181
0.25 0.25 0.25 0.25
114.69168854001016
45.0
23.172682343475742 435.14437462096873
2
146.52590656796073 435.14437462096873
0.25 0.25 0.25 0.25
169.69858891143647
45.0
154.5819613517047 447.6450322239841
2
327.1094624202881 447.6450322239841
0.25 0.25 0.25 0.25
172.52750106858338
45.0
148.30879419995875 252.86313976187864
1
148.30879419995875 359.4847141883211
0.25 0.25 0.25 0.25
106.62157442644246
45.0
317.6763079993236 355.54649041107655
1
317.6763079993236 460.9449916563915
0.25 0.25 0.25 0.25
105.39850124531495
45.0
292.2956194470628 132.3833044848054
1
292.2956194470628 9.606459238390642
0.25 0.25 0.25 0.25
141.98976372319603
45.0
316.33245508556126 277.89949188486975
0
316.33245508556126 168.74537128390722
0.25 0.25 0.25 0.25
109.15412060096254
45.0
417.60269769186675 455.9676357230919
3
270.34341733863465 455.9676357230919
0.25 0.25 0.25 0.25
147.2592803532321
45.0
384.12648500933034 287.404802599164
3
287.7437314688055 287.404802599164
0.25 0.25 0.25 0.25
96.38275354052483
45.0
68.99548497660277 417.1601038250585
2
88.13366559273416 417.1601038250585
0.25 0.25 0.25 0.25
157.12915056933693
45.0
325.99737528698904 264.45065735822266
0
325.99737528698904 173.456643547162
0.25 0.25 0.25 0.25
90.99401381106065
45.0
470.5454673591976 464.91305247183914
0
470.5454673591976 406.871621710784
0.25 0.25 0.25 0.25
128.21532581737682
45.0
327.97485895923194 389.66778207577033
2
495.7392944161055 389.66778207577033
0.25 0.25 0.25 0.25
167.7644354568736
45.0
407.08374464706696 339.7362293689049
3
250.07834831510482 339.7362293689049
0.25 0.25 0.25 0.25
157.00539633196215
45.0
237.86800926238402 464.06316157266474
3
72.24237225250221 464.06316157266474
0.25 0.25 0.25 0.25
165.6256370098818
45.0
457.07973307093073 393.22890972992195
0
457.07973307093073 473.55081815937615
0.25 0.25 0.25 0.25
133.2202721107019
45.0
81.5767182993988 462.9938364590653
2
255.41637612503482 462.9938364590653
0.25 0.25 0.25 0.25
173.839657825636
45.0
47.9292327863634 486.4952103693172
0
47.9292327863634 424.14452742876665
0.25 0.25 0.25 0.25
89.36026220191621
45.0
285.7079453576523 87.29676787905211
2
405.1967590643976 87.29676787905211
0.25 0.25 0.25 0.25
119.48881370674533
45.0
478.4407688609615 35.93436840812558
3
306.91371757660386 35.93436840812558
0.25 0.25 0.25 0.25
171.52705128435764
45.0
299.6927714777387 427.917879613369
2
394.8521458709706 427.917879613369
0.25 0.25 0.25 0.25
95.15937439323193
45.0
95.64810822302088 260.79997206501173
2
1.3454101267703606 260.79997206501173
0.25 0.25 0.25 0.25
96.99351834979124
45.0
62.234069203381395 68.61994831399441
1
62.234069203381395 171.93698924403526
0.25 0.25 0.25 0.25
103.31704093004085
45.0
376.778436785193 200.10002098750954
0
376.778436785193 72.94390887221027
0.25 0.25 0.25 0.25
127.15611211529927
45.0
337.8882800301054 215.91754435111386
1
337.8882800301054 341.5831941000649
0.25 0.25 0.25 0.25
125.66564974895101
45.0
81.14217772794888 74.71913941359068
2
242.97950531998194 74.71913941359068
0.25 0.25 0.25 0.25
161.83732759203306
45.0
191.29255769274644 16.57785674830589
1
191.29255769274644 117.31317972006133
0.25 0.25 0.25 0.25
133.89103646836722
45.0
196.5147089808939 303.1614460104284
0
196.5147089808939 191.0073550727459
0.25 0.25 0.25 0.25
112.15409093768248
45.0
116.17227869487776 290.04006933902775
1
116.17227869487776 397.71728069399535
0.25 0.25 0.25 0.25
107.67721135496761
45.0
346.8406203236051 200.15622083710056
3
483.3750307586972 200.15622083710056
0.25 0.25 0.25 0.25
169.7843489176977
45.0
187.65031929423037 373.80601823656315
2
291.4616648185915 373.80601823656315
0.25 0.25 0.25 0.25
103.81134552436112
45.0
160.20606707345783 86.89367435858702
2
313.1789552206758 86.89367435858702
0.25 0.25 0.25 0.25
152.97288814721796
45.0
450.7431893130534 169.9588622949883
3
414.7200323478943 169.9588622949883
0.25 0.25 0.25 0.25
36.02315696515909
45.0
132.92438391107117 440.9486649694776
0
132.92438391107117 393.84288437892866
0.25 0.25 0.25 0.25
47.10578059054894
45.0
476.54381777595256 438.10038508337266
2
490.0936853212123 438.10038508337266
0.25 0.25 0.25 0.25
13.549867545259753
45.0
257.16161420085166 8.406573868439693
3
212.3956947304205 8.406573868439693
0.25 0.25 0.25 0.25
44.76591947043116
45.0
369.77640066659524 290.42463050950124
3
364.02410378993756 290.42463050950124
0.25 0.25 0.25 0.25
5.752296876657681
45.0
196.57887162404285 333.6411626115679
1
196.57887162404285 378.03999265078824
0.25 0.25 0.25 0.25
44.39883003922037
45.0
177.57841059175817 312.13571317214337
2
198.20028623065994 312.13571317214337
0.25 0.25 0.25 0.25
20.62187563890176
45.0
349.0859693524751 474.2730226509217
0
349.0859693524751 438.75808324241984
0.25 0.25 0.25 0.25
35.514939408501824
45.0
253.0677276251133 15.204471340099857
3
203.96119712079104 15.204471340099857
0.25 0.25 0.25 0.25
49.106530504322244
45.0
