71000
183.70832751625423 478.82783989433574
3
36.86527024003095 478.82783989433574
0.25 0.25 0.25 0.25
146.84305727622328
45.0
219.8659888100533 203.6855385036847
3
50.48058017615199 203.6855385036847
0.25 0.25 0.25 0.25
169.3854086339013
45.0
63.835279898040596 194.90443729910578
0
63.835279898040596 52.180809743436754
0.25 0.25 0.25 0.25
142.72362755566903
45.0
86.02687539461745 324.658565284518
2
192.94567116762755 324.658565284518
0.25 0.25 0.25 0.25
106.9187957730101
45.0
85.00245385764636 38.357942393938146
2
203.5137557182843 38.357942393938146
0.25 0.25 0.25 0.25
118.51130186063794
45.0
33.51494015640736 499.3249864608167
0
33.51494015640736 357.92795547306025
0.25 0.25 0.25 0.25
142.747058066123
45.0
63.976266939104335 226.10182980860606
0
63.976266939104335 83.56504860344694
0.25 0.25 0.25 0.25
142.53678120515912
45.0
8.2742450380712 369.4756671105205
2
109.55555857878772 369.4756671105205
0.25 0.25 0.25 0.25
101.28131354071652
45.0
234.16805474131718 110.04325102598506
3
127.22524630798813 110.04325102598506
0.25 0.25 0.25 0.25
106.94280843332905
45.0
47.02347233324542 159.0471266786169
2
68.07920865039182 159.0471266786169
0.25 0.25 0.25 0.25
115.10268098363724
45.0
119.9968048473223 276.3132012483517
2
46.268950907424426 276.3132012483517
0.25 0.25 0.25 0.25
166.26575575474672
45.0
198.69237745725292 356.1452686268219
2
363.93203546272025 356.1452686268219
0.25 0.25 0.25 0.25
165.23965800546733
45.0
36.08234251199323 243.50939390957157
1
36.08234251199323 366.57346083758955
0.25 0.25 0.25 0.25
123.06406692801798
45.0
66.47844352629704 291.6986048611974
1
66.47844352629704 406.5602714177435
0.25 0.25 0.25 0.25
114.86166655654608
45.0
138.43003764712788 101.51354452835747
2
12.735839742008864 101.51354452835747
0.25 0.25 0.25 0.25
151.16587738913674
45.0
312.35136282563946 125.56557841328112
0
312.35136282563946 13.115164132361997
0.25 0.25 0.25 0.25
112.45041428091912
45.0
63.66733060872048 107.32847366602147
2
160.8825232766464 107.32847366602147
0.25 0.25 0.25 0.25
97.21519266792592
45.0
280.7385207031273 292.402378138509
0
280.7385207031273 141.17868240885977
0.25 0.25 0.25 0.25
151.22369572964922
45.0
454.1069233912101 31.931736932828585
3
289.49670013783384 31.931736932828585
0.25 0.25 0.25 0.25
164.61022325337626
45.0
396.625882307986 112.44262721646328
1
396.625882307986 247.49617853700698
0.25 0.25 0.25 0.25
135.0535513205437
45.0
277.81183226723795 151.5947269980763
0
277.81183226723795 146.29944010957817
0.25 0.25 0.25 0.25
5.295286888498129
45.0
2.1351066889454273 25.019244487024565
1
2.1351066889454273 73.5049992044577
0.25 0.25 0.25 0.25
48.48575471743314
45.0
295.21836342804625 363.7818662286502
1
295.21836342804625 411.27418302840863
0.25 0.25 0.25 0.25
47.49231679975845
45.0
340.3413007689576 333.32274799737104
3
309.70459416844415 333.32274799737104
0.25 0.25 0.25 0.25
30.636706600513442
45.0
495.86527662965534 265.30926402826873
3
468.185689823612 265.30926402826873
0.25 0.25 0.25 0.25
27.67958680604333
45.0
418.6533969436623 6.677430772997404
0
418.6533969436623 2.314284570873408
0.25 0.25 0.25 0.25
4.363146202123996
45.0
164.10688975207486 111.57320127728806
3
163.88771147881033 111.57320127728806
0.25 0.25 0.25 0.25
0.21917827326454198
45.0
116.5751340119784 357.98612187305264
1
116.5751340119784 362.06692857751216
0.25 0.25 0.25 0.25
4.080806704459516
45.0
171.5930658310691 71.3444278100986
0
171.5930658310691 47.99128227292813
0.25 0.25 0.25 0.25
23.353145537170466
45.0
496.7121019298971 267.54552071008504
3
478.0612241389754 267.54552071008504
0.25 0.25 0.25 0.25
25.226673931127525
45.0
95.51908531518703 152.4298983250036
0
95.51908531518703 119.42909852736423
0.25 0.25 0.25 0.25
33.00079979763937
45.0
222.67852687573503 357.56868050886607
0
222.67852687573503 347.67277494931943
0.25 0.25 0.25 0.25
9.89590555954662
45.0
264.5859724306018 470.286057575982
2
277.8016660224826 470.286057575982
0.25 0.25 0.25 0.25
13.215693591880779
45.0
364.66465221832175 262.32949637536683
1
364.66465221832175 292.5856493865158
0.25 0.25 0.25 0.25
30.256153011148985
45.0
43.41866501335244 425.5420135233668
2
61.041485403505135 425.5420135233668
0.25 0.25 0.25 0.25
17.6228203901527
45.0
189.49670902206458 68.56377165438099
3
152.92885118943354 68.56377165438099
0.25 0.25 0.25 0.25
36.56785783263102
45.0
76.98761058234024 261.1207898611858
0
76.98761058234024 223.57932905633274
0.25 0.25 0.25 0.25
37.541460804853074
45.0
251.51198364976304 438.30120475309985
3
244.1988798710177 438.30120475309985
0.25 0.25 0.25 0.25
7.313103778745322
45.0
105.69128933076487 245.70215792375527
2
140.37014671906752 245.70215792375527
0.25 0.25 0.25 0.25
34.67885738830264
45.0
220.81501313522466 306.11440666361284
0
220.81501313522466 292.0785541332032
0.25 0.25 0.25 0.25
14.035852530409604
45.0
36.55776192699733 39.18793761231646
1
36.55776192699733 49.05475813064233
0.25 0.25 0.25 0.25
9.866820518325865
45.0
416.2494017733928 82.61954079735884
3
403.4783483188503 82.61954079735884
0.25 0.25 0.25 0.25
12.771053454542509
45.0
138.12284322211417 404.51858276566577
0
138.12284322211417 392.29161920348986
0.25 0.25 0.25 0.25
12.226963562175936
45.0
233.96071928785037 139.93503661317197
2
265.89887663943637 139.93503661317197
0.25 0.25 0.25 0.25
31.938157351586007
45.0
375.72595492727635 363.6694782005344
2
415.1958231679977 363.6694782005344
0.25 0.25 0.25 0.25
39.46986824072132
45.0
396.6568962959753 291.9879152601238
2
422.82760244297674 291.9879152601238
0.25 0.25 0.25 0.25
26.170706147001443
45.0
113.69613141006685 211.27698982217942
3
63.995955395157324 211.27698982217942
0.25 0.25 0.25 0.25
49.70017601490953
45.0
248.57681650632787 301.0957553032312
1
248.57681650632787 310.7444070254814
0.25 0.25 0.25 0.25
9.648651722250174
45.0
