71000
239.51112938337994 422.79585208815774
3
92.66807210715666 422.79585208815774
0.25 0.25 0.25 0.25
146.84305727622328
45.0
428.1371916505932 193.6339773000998
1
428.1371916505932 363.0193859340011
0.25 0.25 0.25 0.25
169.3854086339013
45.0
211.2319430052933 61.52688084660409
3
68.50831544962426 61.52688084660409
0.25 0.25 0.25 0.25
142.72362755566903
45.0
209.54611059293768 211.46605115579098
3
102.62731481992758 211.46605115579098
0.25 0.25 0.25 0.25
106.9187957730101
45.0
188.8216240874392 387.03290656736806
3
70.31032222680126 387.03290656736806
0.25 0.25 0.25 0.25
118.51130186063794
45.0
252.74976951297757 71.85440579958654
1
252.74976951297757 70.89265226653646
0.25 0.25 0.25 0.25
142.747058066123
45.0
221.0972954712135 79.15451667668788
1
221.0972954712135 63.38226452847124
0.25 0.25 0.25 0.25
142.53678120515912
45.0
300.52881996966056 27.19232026687527
3
199.24750642894404 27.19232026687527
0.25 0.25 0.25 0.25
101.28131354071652
45.0
17.232286225379426 40.61516669269463
2
89.71052220794962 40.61516669269463
0.25 0.25 0.25 0.25
106.94280843332905
45.0
341.74679758055856 329.95743168323554
1
341.74679758055856 445.0601126668728
0.25 0.25 0.25 0.25
115.10268098363724
45.0
129.61866673340123 102.83104907904575
1
129.61866673340123 63.434706675700966
0.25 0.25 0.25 0.25
166.26575575474672
45.0
355.36998349552414 304.8133633950483
1
355.36998349552414 470.05302140051566
0.25 0.25 0.25 0.25
165.23965800546733
45.0
5.107413360280674 382.0609254134457
0
5.107413360280674 258.99685848542777
0.25 0.25 0.25 0.25
123.06406692801798
45.0
34.78655350044721 235.25805938281644
1
34.78655350044721 350.1197259393625
0.25 0.25 0.25 0.25
114.86166655654608
45.0
443.1813795924446 368.7362498996482
3
405.6527430184186 368.7362498996482
0.25 0.25 0.25 0.25
151.16587738913674
45.0
498.9089941973387 426.7556356712221
0
498.9089941973387 460.79395004785874
0.25 0.25 0.25 0.25
112.45041428091912
45.0
396.83195463894265 315.93595961691045
3
299.61676197101673 315.93595961691045
0.25 0.25 0.25 0.25
97.21519266792592
45.0
290.3565616247033 151.65066812886263
3
139.1328658950541 151.65066812886263
0.25 0.25 0.25 0.25
151.22369572964922
45.0
9.630895550051036 373.49084391932354
2
154.97932770332523 373.49084391932354
0.25 0.25 0.25 0.25
164.61022325337626
45.0
195.19486259050007 160.6830765645069
1
195.19486259050007 295.7366278850506
0.25 0.25 0.25 0.25
135.0535513205437
45.0
473.7374471416691 91.98846987283757
1
473.7374471416691 97.2837567613357
0.25 0.25 0.25 0.25
5.295286888498129
45.0
40.23385554763385 18.902452006170677
1
40.23385554763385 29.583302711262462
0.25 0.25 0.25 0.25
48.48575471743314
45.0
292.5570162229736 78.82796543009934
2
340.049333022732 78.82796543009934
0.25 0.25 0.25 0.25
47.49231679975845
45.0
125.88435456536348 299.03677279646774
2
156.52106116587692 299.03677279646774
0.25 0.25 0.25 0.25
30.636706600513442
45.0
334.52232755164465 68.01728140352553
2
362.201914357688 68.01728140352553
0.25 0.25 0.25 0.25
27.67958680604333
45.0
249.74749169491582 45.94574659211338
0
249.74749169491582 41.58260038998938
0.25 0.25 0.25 0.25
4.363146202123996
45.0
159.5041460135197 121.6554018474572
1
159.5041460135197 121.87458012072175
0.25 0.25 0.25 0.25
0.21917827326454198
45.0
14.010680530726166 206.99627380805043
0
14.010680530726166 202.9154671035909
0.25 0.25 0.25 0.25
4.080806704459516
45.0
428.4776667399442 41.23604177742375
3
405.12452120277374 41.23604177742375
0.25 0.25 0.25 0.25
23.353145537170466
45.0
320.1253844120042 327.0658258174416
1
320.1253844120042 352.2924997485691
0.25 0.25 0.25 0.25
25.226673931127525
45.0
392.52628349394143 20.426699134446146
1
392.52628349394143 12.57410066319322
0.25 0.25 0.25 0.25
33.00079979763937
45.0
252.36624355437493 60.69151372246715
1
252.36624355437493 70.58741928201377
0.25 0.25 0.25 0.25
9.89590555954662
45.0
444.66876854802103 12.129494843093937
1
444.66876854802103 1.0861987487868419
0.25 0.25 0.25 0.25
13.215693591880779
45.0
273.89619318487485 189.96584815978437
1
273.89619318487485 220.22200117093337
0.25 0.25 0.25 0.25
30.256153011148985
45.0
232.7689270663284 372.6735523529087
3
215.1461066761757 372.6735523529087
0.25 0.25 0.25 0.25
17.6228203901527
45.0
153.71750771483232 179.70300287652958
0
153.71750771483232 143.13514504389855
0.25 0.25 0.25 0.25
36.56785783263102
45.0
472.5148597594231 73.43549299424686
0
472.5148597594231 35.89403218939378
0.25 0.25 0.25 0.25
37.541460804853074
45.0
426.7114500854437 79.95911959457939
1
426.7114500854437 87.27222337332472
0.25 0.25 0.25 0.25
7.313103778745322
45.0
169.3621398465938 72.09442283174491
0
169.3621398465938 37.41556544344227
0.25 0.25 0.25 0.25
34.67885738830264
45.0
48.93031242939172 339.53480973522915
2
62.966164959801326 339.53480973522915
0.25 0.25 0.25 0.25
14.035852530409604
45.0
200.24593051282335 226.6575274605078
3
190.3791099944975 226.6575274605078
0.25 0.25 0.25 0.25
9.866820518325865
45.0
187.8479411357901 377.1383835661712
2
200.61899459033262 377.1383835661712
0.25 0.25 0.25 0.25
12.771053454542509
45.0
174.803733908642 375.39607311516784
2
187.03069747081793 375.39607311516784
0.25 0.25 0.25 0.25
12.226963562175936
45.0
63.399818977257205 193.8942292155104
1
63.399818977257205 225.8323865670964
0.25 0.25 0.25 0.25
31.938157351586007
45.0
440.177997851084 97.00566041133382
3
400.7081296103627 97.00566041133382
0.25 0.25 0.25 0.25
39.46986824072132
45.0
280.94773888007967 263.1100802408514
0
280.94773888007967 236.93937409384995
0.25 0.25 0.25 0.25
26.170706147001443
45.0
417.8936672013335 465.77434959853656
0
417.8936672013335 484.5254743865539
0.25 0.25 0.25 0.25
49.70017601490953
45.0
65.25243378357447 474.77148630373443
2
74.90108550582465 474.77148630373443
0.25 0.25 0.25 0.25
9.648651722250174
45.0
