71000
494.7041569977364 331.9847826181125
0
494.7041569977364 185.1417253418892
0.25 0.25 0.25 0.25
146.84305727622328
45.0
356.6264938371389 1.6752262629677261
3
187.24108520323762 1.6752262629677261
0.25 0.25 0.25 0.25
169.3854086339013
45.0
495.74459100631464 371.31703737198666
3
353.0209634506456 371.31703737198666
0.25 0.25 0.25 0.25
142.72362755566903
45.0
406.78326271364773 360.8587657521685
0
406.78326271364773 253.93996997915838
0.25 0.25 0.25 0.25
106.9187957730101
45.0
322.02505757892226 124.22975435923503
0
322.02505757892226 5.718452498597088
0.25 0.25 0.25 0.25
118.51130186063794
45.0
255.06155012439424 71.85440579958654
3
112.31449205827124 71.85440579958654
0.25 0.25 0.25 0.25
142.747058066123
45.0
225.5823585989861 67.8673276562435
2
368.1191398041452 67.8673276562435
0.25 0.25 0.25 0.25
142.53678120515912
45.0
363.37072728888154 326.68039226733003
1
363.37072728888154 427.96170580804653
0.25 0.25 0.25 0.25
101.28131354071652
45.0
274.23399105886284 398.95831609272034
2
381.1767994921919 398.95831609272034
0.25 0.25 0.25 0.25
106.94280843332905
45.0
198.05028216961784 380.5421493868341
1
198.05028216961784 495.64483037047137
0.25 0.25 0.25 0.25
115.10268098363724
45.0
454.93378182833544 58.6237757326615
3
378.80046241691787 58.6237757326615
0.25 0.25 0.25 0.25
166.26575575474672
45.0
271.3404406575615 173.78150668696236
2
436.5800986630288 173.78150668696236
0.25 0.25 0.25 0.25
165.23965800546733
45.0
481.87621649649634 274.48432306128404
0
481.87621649649634 151.42025613326607
0.25 0.25 0.25 0.25
123.06406692801798
45.0
208.53344914244678 325.45360387011215
0
208.53344914244678 210.59193731356606
0.25 0.25 0.25 0.25
114.86166655654608
45.0
419.8638318097096 84.49592680200152
3
268.69795442057284 84.49592680200152
0.25 0.25 0.25 0.25
151.16587738913674
45.0
400.6943200500143 211.78566442947624
0
400.6943200500143 99.33525014855712
0.25 0.25 0.25 0.25
112.45041428091912
45.0
283.6743940365388 489.63365504723777
0
283.6743940365388 392.41846237931185
0.25 0.25 0.25 0.25
97.21519266792592
45.0
339.30439081067175 141.17868240885977
1
339.30439081067175 10.045013320789451
0.25 0.25 0.25 0.25
151.22369572964922
45.0
161.90245832368487 19.593076453086155
2
326.51268157706113 19.593076453086155
0.25 0.25 0.25 0.25
164.61022325337626
45.0
184.16252156297548 186.48634637266252
2
319.2160728835192 186.48634637266252
0.25 0.25 0.25 0.25
135.0535513205437
45.0
2.8383728231631373 125.11829255558563
2
8.133659711661267 125.11829255558563
0.25 0.25 0.25 0.25
5.295286888498129
45.0
214.27897462477367 261.3312255933364
3
165.79321990734053 261.3312255933364
0.25 0.25 0.25 0.25
48.48575471743314
45.0
12.925809834568199 208.7872825735239
2
60.41812663432665 208.7872825735239
0.25 0.25 0.25 0.25
47.49231679975845
45.0
309.70459416844415 363.9594545978845
3
279.0678875679307 363.9594545978845
0.25 0.25 0.25 0.25
30.636706600513442
45.0
468.18568982361194 485.57445471734115
0
468.18568982361194 457.8948679112978
0.25 0.25 0.25 0.25
27.67958680604333
45.0
480.99424040748636 45.94574659211338
3
476.6310942053624 45.94574659211338
0.25 0.25 0.25 0.25
4.363146202123996
45.0
159.72332428678422 118.58690602175355
3
159.5041460135197 118.58690602175355
0.25 0.25 0.25 0.25
0.21917827326454198
45.0
75.76706696738322 284.5316011927813
3
71.6862602629237 284.5316011927813
0.25 0.25 0.25 0.25
4.080806704459516
45.0
8.121047070875868 234.81644657029187
0
8.121047070875868 211.4633010331214
0.25 0.25 0.25 0.25
23.353145537170466
45.0
193.99201475636656 319.7607391467727
3
168.76534082523904 319.7607391467727
0.25 0.25 0.25 0.25
25.226673931127525
45.0
465.49451124468226 210.5788994490294
1
465.49451124468226 243.57969924666875
0.25 0.25 0.25 0.25
33.00079979763937
45.0
291.94986579256147 387.25639718750597
0
291.94986579256147 377.36049162795933
0.25 0.25 0.25 0.25
9.89590555954662
45.0
431.45307495614026 67.16466670819074
0
431.45307495614026 53.94897311630996
0.25 0.25 0.25 0.25
13.215693591880779
45.0
334.3207683022722 70.48818674727204
3
304.06461529112323 70.48818674727204
0.25 0.25 0.25 0.25
30.256153011148985
45.0
203.30082044878537 222.00157867357927
1
203.30082044878537 239.62439906373197
0.25 0.25 0.25 0.25
17.6228203901527
45.0
433.5925318569184 373.7744728343914
2
470.16038968954945 373.7744728343914
0.25 0.25 0.25 0.25
36.56785783263102
45.0
284.80755573515785 25.569447689279656
3
247.26609493030477 25.569447689279656
0.25 0.25 0.25 0.25
37.541460804853074
45.0
441.6526818971409 116.52463848830604
1
441.6526818971409 123.83774226705137
0.25 0.25 0.25 0.25
7.313103778745322
45.0
241.09728455226158 413.409580604492
3
206.41842716395894 413.409580604492
0.25 0.25 0.25 0.25
34.67885738830264
45.0
62.966164959801326 137.68417629869748
2
77.00201749021093 137.68417629869748
0.25 0.25 0.25 0.25
14.035852530409604
45.0
2.909520146306125 78.65521968561993
1
2.909520146306125 88.52204020394579
0.25 0.25 0.25 0.25
9.866820518325865
45.0
200.61899459033262 223.88574211166136
0
200.61899459033262 211.11468865711885
0.25 0.25 0.25 0.25
12.771053454542509
45.0
52.534098286882596 196.66020220867514
0
52.534098286882596 184.4332386464992
0.25 0.25 0.25 0.25
12.226963562175936
45.0
297.8370339910224 157.42550165193563
1
297.8370339910224 189.36365900352163
0.25 0.25 0.25 0.25
31.938157351586007
45.0
296.7862184458337 4.812629947924378
3
257.31635020511237 4.812629947924378
0.25 0.25 0.25 0.25
39.46986824072132
45.0
495.8265544700362 129.45051196417023
3
478.0027393829623 129.45051196417023
0.25 0.25 0.25 0.25
26.170706147001443
45.0
240.20158039610942 366.3739975687175
3
190.5014043811999 366.3739975687175
0.25 0.25 0.25 0.25
49.70017601490953
45.0
258.22546822857805 40.58215880247641
0
258.22546822857805 30.933507080226235
0.25 0.25 0.25 0.25
9.648651722250174
45.0
