71000
319.9596987879503 122.00287086635453
2
466.80275606417354 122.00287086635453
0.25 0.25 0.25 0.25
146.84305727622328
45.0
50.48058017615199 490.16854783532835
2
219.8659888100533 490.16854783532835
0.25 0.25 0.25 0.25
169.3854086339013
45.0
210.29733589497656 232.33183825758456
1
210.29733589497656 375.0554658132536
0.25 0.25 0.25 0.25
142.72362755566903
45.0
293.5907485849207 431.57736105752815
0
293.5907485849207 324.65856528451803
0.25 0.25 0.25 0.25
106.9187957730101
45.0
322.4410368391639 245.9962828535239
0
322.4410368391639 127.48498099288595
0.25 0.25 0.25 0.25
118.51130186063794
45.0
252.74976951297757 355.6161748616436
2
395.49682757910057 355.6161748616436
0.25 0.25 0.25 0.25
142.747058066123
45.0
368.11913980414533 344.0452950120304
3
225.58235859898622 344.0452950120304
0.25 0.25 0.25 0.25
142.53678120515912
45.0
324.93132106738597 212.58594331944832
0
324.93132106738597 111.3046297787318
0.25 0.25 0.25 0.25
101.28131354071652
45.0
234.16805474131718 286.41414379260453
2
341.1108631746462 286.41414379260453
0.25 0.25 0.25 0.25
106.94280843332905
45.0
82.9476011859806 310.0739365149893
2
198.05028216961784 310.0739365149893
0.25 0.25 0.25 0.25
115.10268098363724
45.0
454.93378182833544 229.7004624304477
0
454.93378182833544 63.434706675700966
0.25 0.25 0.25 0.25
166.26575575474672
45.0
140.34899052087792 216.59176652294224
2
24.890667484589414 216.59176652294224
0.25 0.25 0.25 0.25
165.23965800546733
45.0
20.594877936136925 402.7858698822308
0
20.594877936136925 474.1500631897512
0.25 0.25 0.25 0.25
123.06406692801798
45.0
149.6482200569933 120.39639282627036
1
149.6482200569933 235.25805938281644
0.25 0.25 0.25 0.25
114.86166655654608
45.0
12.735839742008864 194.51828019353698
0
12.735839742008864 43.35240280440024
0.25 0.25 0.25 0.25
151.16587738913674
45.0
288.2439057690952 211.78566442947624
3
175.79349148817607 211.78566442947624
0.25 0.25 0.25 0.25
112.45041428091912
45.0
7.971183967239028 10.113280998095547
2
105.18637663516495 10.113280998095547
0.25 0.25 0.25 0.25
97.21519266792592
45.0
373.396346325232 141.17868240885977
3
222.17265059558278 141.17868240885977
0.25 0.25 0.25 0.25
151.22369572964922
45.0
496.5384346898202 182.0331282395174
3
331.9282114364439 182.0331282395174
0.25 0.25 0.25 0.25
164.61022325337626
45.0
439.49869542343185 32.0142166521137
3
425.4477532560245 32.0142166521137
0.25 0.25 0.25 0.25
135.0535513205437
45.0
288.4024060442342 19.2125547856231
3
283.1071191557361 19.2125547856231
0.25 0.25 0.25 0.25
5.295286888498129
45.0
143.322157463354 249.24716900809457
1
143.322157463354 297.7329237255277
0.25 0.25 0.25 0.25
48.48575471743314
45.0
200.23372982852936 221.30491582937486
3
152.74141302877092 221.30491582937486
0.25 0.25 0.25 0.25
47.49231679975845
45.0
475.8384596279618 64.95443780930367
3
445.2017530274484 64.95443780930367
0.25 0.25 0.25 0.25
30.636706600513442
45.0
199.659268503868 154.59091680409546
2
227.3388553099113 154.59091680409546
0.25 0.25 0.25 0.25
27.67958680604333
45.0
423.0165431457863 24.13001558149339
0
423.0165431457863 19.766869379369393
0.25 0.25 0.25 0.25
4.363146202123996
45.0
160.16168083331328 113.54580573666898
3
159.94250256004875 113.54580573666898
0.25 0.25 0.25 0.25
0.21917827326454198
45.0
88.00948708076177 309.0164414195384
0
88.00948708076177 304.9356347150789
0.25 0.25 0.25 0.25
4.080806704459516
45.0
178.70411722648788 258.16959210746234
0
178.70411722648788 234.81644657029187
0.25 0.25 0.25 0.25
23.353145537170466
45.0
496.7121019298971 0.8809352872163103
1
496.7121019298971 26.107609218343836
0.25 0.25 0.25 0.25
25.226673931127525
45.0
201.48811286356727 177.57809965139003
0
201.48811286356727 144.57729985375067
0.25 0.25 0.25 0.25
33.00079979763937
45.0
420.5966380666677 248.7137193538531
1
420.5966380666677 258.6096249133997
0.25 0.25 0.25 0.25
9.89590555954662
45.0
484.3158493236634 344.6942321376871
1
484.3158493236634 357.9099257295679
0.25 0.25 0.25 0.25
13.215693591880779
45.0
302.5176646590396 201.81719035306884
1
302.5176646590396 232.07334336421783
0.25 0.25 0.25 0.25
30.256153011148985
45.0
27.07261654725836 302.1822707922979
1
27.07261654725836 319.8050911824506
0.25 0.25 0.25 0.25
17.6228203901527
45.0
335.121139153732 264.0708993364983
1
335.121139153732 300.63875716912935
0.25 0.25 0.25 0.25
36.56785783263102
45.0
227.15345380175253 25.591454846606126
1
227.15345380175253 11.950005958246948
0.25 0.25 0.25 0.25
37.541460804853074
45.0
346.582332773452 262.7867140632126
2
353.8954365521973 262.7867140632126
0.25 0.25 0.25 0.25
7.313103778745322
45.0
481.47185634131745 72.30787098224204
1
481.47185634131745 106.98672837054468
0.25 0.25 0.25 0.25
34.67885738830264
45.0
372.14526348289655 474.5446370285282
1
372.14526348289655 488.5804895589378
0.25 0.25 0.25 0.25
14.035852530409604
45.0
145.09278762858185 19.454296575664728
0
145.09278762858185 9.587476057338863
0.25 0.25 0.25 0.25
9.866820518325865
45.0
416.2494017733928 95.39059425190135
1
416.2494017733928 108.16164770644386
0.25 0.25 0.25 0.25
12.771053454542509
45.0
260.39247884387356 74.39056658691575
1
260.39247884387356 86.61753014909169
0.25 0.25 0.25 0.25
12.226963562175936
45.0
457.52782074895254 221.30181635510763
2
489.46597810053856 221.30181635510763
0.25 0.25 0.25 0.25
31.938157351586007
45.0
466.39457210983835 324.1996099598131
3
426.924703869117 324.1996099598131
0.25 0.25 0.25 0.25
39.46986824072132
45.0
50.924549971011544 132.2565495058442
1
50.924549971011544 158.42725565284564
0.25 0.25 0.25 0.25
26.170706147001443
45.0
85.1045726495713 43.22036995417781
1
85.1045726495713 92.92054596908734
0.25 0.25 0.25 0.25
49.70017601490953
45.0
354.71198545107984 474.77148630373443
0
354.71198545107984 465.12283458148426
0.25 0.25 0.25 0.25
9.648651722250174
45.0
