71000
211.6097284498171 17.73331974051206
1
211.6097284498171 164.57637701673534
0.25 0.25 0.25 0.25
146.84305727622328
45.0
170.92863339982978 96.19948455747931
2
340.3140420337311 96.19948455747931
0.25 0.25 0.25 0.25
169.3854086339013
45.0
352.08635634032885 487.82854929297775
0
352.08635634032885 369.4478231513532
0.25 0.25 0.25 0.25
142.72362755566903
45.0
134.08443450711974 147.02117420614837
2
241.00323028012986 147.02117420614837
0.25 0.25 0.25 0.25
106.9187957730101
45.0
166.7122814944746 309.34277296561453
1
166.7122814944746 427.8540748262525
0.25 0.25 0.25 0.25
118.51130186063794
45.0
173.9502176111137 355.0367413204159
0
173.9502176111137 212.2896832542929
0.25 0.25 0.25 0.25
142.747058066123
45.0
359.14901354860024 348.45582693878947
1
359.14901354860024 490.9926081439486
0.25 0.25 0.25 0.25
142.53678120515912
45.0
382.8141040010247 440.7748412152117
0
382.8141040010247 457.9438452440718
0.25 0.25 0.25 0.25
101.28131354071652
45.0
479.96703184122725 178.8718140407501
1
479.96703184122725 285.81462247407916
0.25 0.25 0.25 0.25
106.94280843332905
45.0
75.6173067605489 8.020316842244483
2
190.71998774418614 8.020316842244483
0.25 0.25 0.25 0.25
115.10268098363724
45.0
457.3392472998552 102.83104907904575
3
291.0734915451085 102.83104907904575
0.25 0.25 0.25 0.25
166.26575575474672
45.0
140.34899052087786 182.38396522556053
1
140.34899052087786 347.62362323102786
0.25 0.25 0.25 0.25
165.23965800546733
45.0
25.867515791431828 125.68280687448237
0
25.867515791431828 2.6187399464643875
0.25 0.25 0.25 0.25
123.06406692801798
45.0
169.80654953610622 478.57806202571044
3
54.944882979560134 478.57806202571044
0.25 0.25 0.25 0.25
114.86166655654608
45.0
312.6480073532391 333.89265595842596
1
312.6480073532391 485.05853334756273
0.25 0.25 0.25 0.25
151.16587738913674
45.0
37.053608545390034 235.8931214860205
0
37.053608545390034 123.44270720510139
0.25 0.25 0.25 0.25
112.45041428091912
45.0
105.18637663516489 24.290381613132695
3
7.9711839672389715 24.290381613132695
0.25 0.25 0.25 0.25
97.21519266792592
45.0
290.06430670090936 267.9284635455248
1
290.06430670090936 419.152159275174
0.25 0.25 0.25 0.25
151.22369572964922
45.0
351.190002536546 309.62737005366637
3
186.57977928316973 309.62737005366637
0.25 0.25 0.25 0.25
164.61022325337626
45.0
140.56972183430605 83.62075626842488
3
5.516170513762347 83.62075626842488
0.25 0.25 0.25 0.25
135.0535513205437
45.0
309.5835535982268 12.55916654536567
0
309.5835535982268 7.263879656867541
0.25 0.25 0.25 0.25
5.295286888498129
45.0
234.1768744173664 205.32547251489933
2
282.66262913479954 205.32547251489933
0.25 0.25 0.25 0.25
48.48575471743314
45.0
369.67407176857205 221.30491582937475
0
369.67407176857205 173.8125990296163
0.25 0.25 0.25 0.25
47.49231679975845
45.0
187.15776776639035 53.94311999236026
2
217.79447436690378 53.94311999236026
0.25 0.25 0.25 0.25
30.636706600513442
45.0
140.76521990934137 347.1765206871244
0
140.76521990934137 319.4969338810811
0.25 0.25 0.25 0.25
27.67958680604333
45.0
310.8315385246515 54.67203899636138
3
306.4683923225275 54.67203899636138
0.25 0.25 0.25 0.25
4.363146202123996
45.0
158.1890763739325 124.72389767316085
2
158.40825464719703 124.72389767316085
0.25 0.25 0.25 0.25
0.21917827326454198
45.0
62.98036098424038 182.51143358129332
3
58.89955427978086 182.51143358129332
0.25 0.25 0.25 0.25
4.080806704459516
45.0
218.29935690541004 355.7674323544741
0
218.29935690541004 332.41428681730366
0.25 0.25 0.25 0.25
23.353145537170466
45.0
351.9278544833376 159.54606554465028
1
351.9278544833376 184.7727394757778
0.25 0.25 0.25 0.25
25.226673931127525
45.0
402.5022895647602 86.42829872972487
0
402.5022895647602 53.427498932085506
0.25 0.25 0.25 0.25
33.00079979763937
45.0
420.5966380666677 169.54647487748002
1
420.5966380666677 179.44238043702666
0.25 0.25 0.25 0.25
9.89590555954662
45.0
405.0216877723787 104.63934998625939
3
391.8059941804979 104.63934998625939
0.25 0.25 0.25 0.25
13.215693591880779
45.0
302.51766465903955 294.1326000185994
0
302.51766465903955 263.87644700745045
0.25 0.25 0.25 0.25
30.256153011148985
45.0
21.29508238449601 486.3438845258697
0
21.29508238449601 496.0332950839776
0.25 0.25 0.25 0.25
17.6228203901527
45.0
336.5567968779875 125.50769830348078
1
336.5567968779875 162.0755561361118
0.25 0.25 0.25 0.25
36.56785783263102
45.0
489.9436794357239 288.3596733232512
1
489.9436794357239 325.9011341281042
0.25 0.25 0.25 0.25
37.541460804853074
45.0
375.5197236342266 204.28188383325
3
368.2066198554813 204.28188383325
0.25 0.25 0.25 0.25
7.313103778745322
45.0
169.3621398465938 418.88299671477125
1
169.3621398465938 453.56185410307387
0.25 0.25 0.25 0.25
34.67885738830264
45.0
62.966164959801326 39.43320858583027
2
77.00201749021093 39.43320858583027
0.25 0.25 0.25 0.25
14.035852530409604
45.0
121.31136636621652 127.98932227724926
3
111.44454584789065 127.98932227724926
0.25 0.25 0.25 0.25
9.866820518325865
45.0
315.5584756812151 223.88574211166136
0
315.5584756812151 211.11468865711885
0.25 0.25 0.25 0.25
12.771053454542509
45.0
394.8890780278086 473.2117816125751
0
394.8890780278086 460.9848180503992
0.25 0.25 0.25 0.25
12.226963562175936
45.0
63.39981897725721 193.8942292155104
1
63.39981897725721 225.8323865670964
0.25 0.25 0.25 0.25
31.938157351586007
45.0
426.924703869117 153.06684301496097
0
426.924703869117 113.59697477423964
0.25 0.25 0.25 0.25
39.46986824072132
45.0
71.58208970406811 475.18285828913406
3
45.41138355706667 475.18285828913406
0.25 0.25 0.25 0.25
26.170706147001443
45.0
417.8936672013335 266.9736455388985
3
368.193491186424 266.9736455388985
0.25 0.25 0.25 0.25
49.70017601490953
45.0
45.95513033907413 397.582272525733
0
45.95513033907413 387.9336208034828
0.25 0.25 0.25 0.25
9.648651722250174
45.0
