71000
386.3541866596032 437.4679573049757
0
386.3541866596032 415.68898541880105
0.25 0.25 0.25 0.25
146.84305727622328
45.0
135.21728026115716 187.37308670027687
1
135.21728026115716 356.7584953341782
0.25 0.25 0.25 0.25
169.3854086339013
45.0
210.29733589497656 343.23570751667523
0
210.29733589497656 200.5120799610062
0.25 0.25 0.25 0.25
142.72362755566903
45.0
224.4027908548196 393.84652301461915
3
117.48399508180951 393.84652301461915
0.25 0.25 0.25 0.25
106.9187957730101
45.0
388.62677432466376 75.5753958779895
1
388.62677432466376 194.08669773862744
0.25 0.25 0.25 0.25
118.51130186063794
45.0
315.9266821400978 70.12205872939754
3
173.1796240739748 70.12205872939754
0.25 0.25 0.25 0.25
142.747058066123
45.0
230.06742172675848 493.3096709088481
2
372.6042029319176 493.3096709088481
0.25 0.25 0.25 0.25
142.53678120515912
45.0
168.66211122903152 440.7748412152117
0
168.66211122903152 339.4935276744952
0.25 0.25 0.25 0.25
101.28131354071652
45.0
196.65333064127856 355.24270680736976
3
89.71052220794951 355.24270680736976
0.25 0.25 0.25 0.25
106.94280843332905
45.0
349.07709200599027 461.10074635136175
0
349.07709200599027 423.796572665001
0.25 0.25 0.25 0.25
115.10268098363724
45.0
210.1292411906514 276.3132012483517
1
210.1292411906514 442.57895700309837
0.25 0.25 0.25 0.25
166.26575575474672
45.0
297.0265965591493 478.57466679630915
0
297.0265965591493 313.3350087908418
0.25 0.25 0.25 0.25
165.23965800546733
45.0
487.1488543517912 202.28448007493157
3
389.78707872019083 202.28448007493157
0.25 0.25 0.25 0.25
123.06406692801798
45.0
365.77488364028363 235.25805938281644
2
480.6365501968297 235.25805938281644
0.25 0.25 0.25 0.25
114.86166655654608
45.0
117.5320770314361 293.8229459150955
1
117.5320770314361 444.98882330423226
0.25 0.25 0.25 0.25
151.16587738913674
45.0
61.1610656019343 199.7319359012041
2
51.28934867898482 199.7319359012041
0.25 0.25 0.25 0.25
112.45041428091912
45.0
35.81925728797978 163.02462030750297
2
61.39593537994614 163.02462030750297
0.25 0.25 0.25 0.25
97.21519266792592
45.0
55.80082627073145 44.136968835349705
1
55.80082627073145 195.36066456499893
0.25 0.25 0.25 0.25
151.22369572964922
45.0
375.86732349603085 498.9149142665275
0
375.86732349603085 334.3046910131512
0.25 0.25 0.25 0.25
164.61022325337626
45.0
264.5909321273252 462.9781404219004
0
264.5909321273252 327.9245891013567
0.25 0.25 0.25 0.25
135.0535513205437
45.0
150.7249469432826 56.27956300510999
0
150.7249469432826 50.984276116611866
0.25 0.25 0.25 0.25
5.295286888498129
45.0
173.60706311469147 424.9893388117314
2
222.0928178321246 424.9893388117314
0.25 0.25 0.25 0.25
48.48575471743314
45.0
10.264462629495583 218.64356862430213
2
37.227854170262866 218.64356862430213
0.25 0.25 0.25 0.25
47.49231679975845
45.0
340.3413007689576 156.86455761084397
3
309.70459416844415 156.86455761084397
0.25 0.25 0.25 0.25
30.636706600513442
45.0
215.5345335867819 457.8948679112978
1
215.5345335867819 485.57445471734115
0.25 0.25 0.25 0.25
27.67958680604333
45.0
488.46373617764584 76.48777000698138
0
488.46373617764584 72.12462380485738
0.25 0.25 0.25 0.25
4.363146202123996
45.0
159.72332428678422 114.64169710299171
1
159.72332428678422 114.86087537625626
0.25 0.25 0.25 0.25
0.21917827326454198
45.0
79.84787367184273 296.77402130615985
0
79.84787367184273 292.69321460170033
0.25 0.25 0.25 0.25
4.080806704459516
45.0
131.99782615214696 484.9458069836626
0
131.99782615214696 461.5926614464921
0.25 0.25 0.25 0.25
23.353145537170466
45.0
421.0320801365144 402.7458476108242
3
395.8054062053869 402.7458476108242
0.25 0.25 0.25 0.25
25.226673931127525
45.0
369.5014897671208 218.4314979202823
3
336.5006899694814 218.4314979202823
0.25 0.25 0.25 0.25
33.00079979763937
45.0
361.2212047093879 238.81781379430646
3
351.32529914984127 238.81781379430646
0.25 0.25 0.25 0.25
9.89590555954662
45.0
370.31152116564806 80.38036030007152
1
370.31152116564806 93.5960538919523
0.25 0.25 0.25 0.25
13.215693591880779
45.0
455.43311125176865 70.48818674727204
2
485.6892642629176 70.48818674727204
0.25 0.25 0.25 0.25
30.256153011148985
45.0
61.041485403505135 274.87003984403736
1
61.041485403505135 292.49286023419006
0.25 0.25 0.25 0.25
17.6228203901527
45.0
396.2360174988886 479.95409583508444
0
396.2360174988886 443.3862380024534
0.25 0.25 0.25 0.25
36.56785783263102
45.0
134.64171251574552 424.92808196895714
3
97.10025171089245 424.92808196895714
0.25 0.25 0.25 0.25
37.541460804853074
45.0
427.0264743396503 218.90809139074065
3
419.713370560905 218.90809139074065
0.25 0.25 0.25 0.25
7.313103778745322
45.0
241.09728455226158 106.98672837054471
2
275.77614194056423 106.98672837054471
0.25 0.25 0.25 0.25
34.67885738830264
45.0
414.2528210741254 137.68417629869748
0
414.2528210741254 123.64832376828788
0.25 0.25 0.25 0.25
14.035852530409604
45.0
36.55776192699733 157.58978383222683
2
46.424582445323196 157.58978383222683
0.25 0.25 0.25 0.25
9.866820518325865
45.0
226.16110149941764 96.17520756623628
0
226.16110149941764 83.40415411169377
0.25 0.25 0.25 0.25
12.771053454542509
45.0
309.3003330925772 135.52538439779545
2
321.5272966547531 135.52538439779545
0.25 0.25 0.25 0.25
12.226963562175936
45.0
106.20808988150637 157.42550165193563
0
106.20808988150637 125.48734430034963
0.25 0.25 0.25 0.25
31.938157351586007
45.0
20.497140760784433 350.41618421856754
2
59.96700900150575 350.41618421856754
0.25 0.25 0.25 0.25
39.46986824072132
45.0
210.7825114990029 312.6454549931804
0
210.7825114990029 286.47474884617895
0.25 0.25 0.25 0.25
26.170706147001443
45.0
389.30210844083797 310.67734185199845
1
389.30210844083797 360.37751786690797
0.25 0.25 0.25 0.25
49.70017601490953
45.0
316.1173785620791 21.284855357976063
0
316.1173785620791 11.63620363572589
0.25 0.25 0.25 0.25
9.648651722250174
45.0
