42475
349.5928349051279 421.4209769819122
3
178.70835413565365 421.4209769819122
0.25 0.25 0.25 0.25
170.88448076947427
45.0
1.3012062332336143 189.41690849491022
2
93.56813500613826 189.41690849491022
0.25 0.25 0.25 0.25
92.26692877290465
45.0
86.22314307125689 420.4199195452229
0
86.22314307125689 440.7688674841497
0.25 0.25 0.25 0.25
138.8112129706274
45.0
41.801179980445085 425.9877140124204
2
52.30432581319444 425.9877140124204
0.25 0.25 0.25 0.25
94.10550579363952
45.0
494.4894006301688 278.48524015556575
1
494.4894006301688 441.9391354779501
0.25 0.25 0.25 0.25
163.4538953223844
45.0
116.23341553548073 290.42931385353904
2
263.370568069006 290.42931385353904
0.25 0.25 0.25 0.25
147.1371525335253
45.0
273.0112820850666 457.38502640177626
0
273.0112820850666 301.7316980228247
0.25 0.25 0.25 0.25
155.65332837895158
45.0
294.2076952840134 20.828746985750115
1
294.2076952840134 157.7190805346299
0.25 0.25 0.25 0.25
136.8903335488798
45.0
59.90641677762551 16.132479589473633
1
59.90641677762551 88.24842798351011
0.25 0.25 0.25 0.25
104.38090757298374
45.0
453.8420000097793 57.05634238290827
1
453.8420000097793 218.86841209197996
0.25 0.25 0.25 0.25
161.8120697090717
45.0
217.08630224579105 374.0585727221523
1
217.08630224579105 480.60464246252764
0.25 0.25 0.25 0.25
106.54606974037533
45.0
284.7351166348944 401.3393585140209
3
131.66420253756507 401.3393585140209
0.25 0.25 0.25 0.25
153.0709140973293
45.0
135.25878143729403 118.23829597504539
1
135.25878143729403 249.56400278409393
0.25 0.25 0.25 0.25
131.32570680904854
45.0
134.16787352747565 457.84631830824753
0
134.16787352747565 452.3087141036443
0.25 0.25 0.25 0.25
89.84496758810813
45.0
113.37628322930172 136.05731077633558
1
113.37628322930172 14.531649721586348
0.25 0.25 0.25 0.25
150.58896049792193
45.0
472.8164864718598 233.3369583711176
0
472.8164864718598 85.44223940871188
0.25 0.25 0.25 0.25
147.8947189624057
45.0
200.17305567254064 226.5579863294761
2
346.49584326616537 226.5579863294761
0.25 0.25 0.25 0.25
146.32278759362472
45.0
461.3579946871388 477.6712601917096
0
461.3579946871388 329.1915219647261
0.25 0.25 0.25 0.25
148.47973822698353
45.0
433.8976285447758 30.342542633359926
1
433.8976285447758 132.01670987076295
0.25 0.25 0.25 0.25
162.35925250412288
45.0
286.29350198191185 357.903494056568
0
286.29350198191185 231.982715079163
0.25 0.25 0.25 0.25
125.92077897740498
45.0
114.47998138077031 146.34452026642006
2
228.12292009936718 146.34452026642006
0.25 0.25 0.25 0.25
113.64293871859687
45.0
100.59155651820024 184.92326990129456
2
246.52815731580438 184.92326990129456
0.25 0.25 0.25 0.25
145.93660079760414
45.0
315.06907438459774 281.55025175336624
1
315.06907438459774 435.1101527978724
0.25 0.25 0.25 0.25
153.55990104450615
45.0
223.17534368529414 429.0778403133787
0
223.17534368529414 396.4359935085696
0.25 0.25 0.25 0.25
174.4861661780517
45.0
364.5126554455792 86.10295160157354
1
364.5126554455792 12.172246454094392
0.25 0.25 0.25 0.25
98.27519805566793
45.0
291.50228384000025 102.68111327053202
2
408.9452878297518 102.68111327053202
0.25 0.25 0.25 0.25
117.44300398975153
45.0
182.47845823267707 271.6128269274951
0
182.47845823267707 153.3350784602071
0.25 0.25 0.25 0.25
118.27774846728803
45.0
17.16139221552575 482.6990036687322
0
17.16139221552575 407.38219327154866
0.25 0.25 0.25 0.25
109.91880305971914
45.0
464.9380208346431 97.16275761136649
3
406.2454706733149 97.16275761136649
0.25 0.25 0.25 0.25
128.81650849204192
45.0
300.02453699418373 147.76418392719899
2
325.0632534937016 147.76418392719899
0.25 0.25 0.25 0.25
25.03871649951787
45.0
427.37752650547395 124.81849673732087
1
427.37752650547395 146.85548188253517
0.25 0.25 0.25 0.25
22.036985145214306
45.0
32.78245601653791 18.333981474401774
1
32.78245601653791 23.75688802724808
0.25 0.25 0.25 0.25
5.422906552846307
45.0
293.8213735067479 225.1926059741183
2
297.32018383119623 225.1926059741183
0.25 0.25 0.25 0.25
3.498810324448365
45.0
76.42388302945551 419.7849220084212
0
76.42388302945551 407.9112447317992
0.25 0.25 0.25 0.25
11.873677276621986
45.0
313.02228682917786 15.657075827193992
3
266.30844759652337 15.657075827193992
0.25 0.25 0.25 0.25
46.71383923265447
45.0
65.79356136989713 43.5134207703683
3
56.479995970436875 43.5134207703683
0.25 0.25 0.25 0.25
9.313565399460256
45.0
440.2798665571352 3.329356888729194
1
440.2798665571352 24.121454408008162
0.25 0.25 0.25 0.25
20.79209751927897
45.0
308.0450862781515 100.48078958645182
1
308.0450862781515 146.18504781289352
0.25 0.25 0.25 0.25
45.704258226441695
45.0
392.7997966362176 248.50475817968027
1
392.7997966362176 267.865857028265
0.25 0.25 0.25 0.25
19.36109884858474
45.0
420.6734276314664 288.280161322754
3
392.70526288221635 288.280161322754
0.25 0.25 0.25 0.25
27.96816474925002
45.0
392.6747586396952 328.789239726889
1
392.6747586396952 343.79387605789617
0.25 0.25 0.25 0.25
15.004636331007164
45.0
207.53014682563722 174.57056428020508
3
160.63550627895756 174.57056428020508
0.25 0.25 0.25 0.25
46.894640546679646
45.0
78.02477417320675 91.91754110339653
1
78.02477417320675 113.84179754242543
0.25 0.25 0.25 0.25
21.924256439028895
45.0
151.82672093469662 485.39058891455113
2
165.9135613883134 485.39058891455113
0.25 0.25 0.25 0.25
14.086840453616778
45.0
452.2295784699067 170.44590528258271
1
452.2295784699067 181.48106227784055
0.25 0.25 0.25 0.25
11.035156995257827
45.0
188.3102513492655 415.64487754049566
1
188.3102513492655 460.721166152744
0.25 0.25 0.25 0.25
45.07628861224834
45.0
319.2053617451992 370.17531279167395
2
367.25155244240693 370.17531279167395
0.25 0.25 0.25 0.25
48.046190697207756
45.0
241.55961491886598 392.7129475754587
2
273.0738890376506 392.7129475754587
0.25 0.25 0.25 0.25
31.514274118784623
45.0
