42475
42.789895867511916 452.9915731472031
0
42.789895867511916 376.1239460833226
0.25 0.25 0.25 0.25
170.88448076947427
45.0
153.3602183086735 204.35312499686125
3
61.09328953576885 204.35312499686125
0.25 0.25 0.25 0.25
92.26692877290465
45.0
358.5320050462336 394.89474339702883
0
358.5320050462336 466.2940436323438
0.25 0.25 0.25 0.25
138.8112129706274
45.0
135.90668577408474 285.34545909228154
2
230.01219156772424 285.34545909228154
0.25 0.25 0.25 0.25
94.10550579363952
45.0
322.78007598175316 220.6553559584847
1
322.78007598175316 384.1092512808691
0.25 0.25 0.25 0.25
163.4538953223844
45.0
353.25077127303723 140.6289751801537
3
206.11361873951194 140.6289751801537
0.25 0.25 0.25 0.25
147.1371525335253
45.0
27.78465505345389 273.89507764024046
1
27.78465505345389 429.54840601919204
0.25 0.25 0.25 0.25
155.65332837895158
45.0
20.427028186253835 20.938918172091434
2
157.31736173513363 20.938918172091434
0.25 0.25 0.25 0.25
136.8903335488798
45.0
258.3846684203733 483.94437822133506
2
362.76557599335706 483.94437822133506
0.25 0.25 0.25 0.25
104.38090757298374
45.0
89.84937260857544 202.69425111075748
0
89.84937260857544 40.882181401685784
0.25 0.25 0.25 0.25
161.8120697090717
45.0
233.79634951528135 420.51456559473803
0
233.79634951528135 313.9684958543627
0.25 0.25 0.25 0.25
106.54606974037533
45.0
174.47762565709354 189.83848286758644
2
327.54853975442285 189.83848286758644
0.25 0.25 0.25 0.25
153.0709140973293
45.0
420.15844366317197 58.0095002465016
1
420.15844366317197 73.31620656254694
0.25 0.25 0.25 0.25
131.32570680904854
45.0
111.95631617522777 229.5952374625619
0
111.95631617522777 139.75026987445375
0.25 0.25 0.25 0.25
89.84496758810813
45.0
306.3087572542387 303.9303607589918
2
456.8977177521606 303.9303607589918
0.25 0.25 0.25 0.25
150.58896049792193
45.0
118.76238937776304 267.18808795968744
1
118.76238937776304 415.08280692209314
0.25 0.25 0.25 0.25
147.8947189624057
45.0
20.459688709975183 299.33652579559555
2
166.7824763035999 299.33652579559555
0.25 0.25 0.25 0.25
146.32278759362472
45.0
459.925670135092 203.91696002254866
0
459.925670135092 55.43722179556514
0.25 0.25 0.25 0.25
148.47973822698353
45.0
488.568916529436 244.39076508800827
3
349.0718309664411 244.39076508800827
0.25 0.25 0.25 0.25
162.35925250412288
45.0
439.7662446055583 56.6900019718467
3
313.8454656281533 56.6900019718467
0.25 0.25 0.25 0.25
125.92077897740498
45.0
430.9482637448423 351.1332528545037
0
430.9482637448423 237.49031413590686
0.25 0.25 0.25 0.25
113.64293871859687
45.0
304.01951127815096 60.54287468691936
1
304.01951127815096 85.39372611068478
0.25 0.25 0.25 0.25
145.93660079760414
45.0
461.18640258626385 38.185897711636926
1
461.18640258626385 191.74579875614307
0.25 0.25 0.25 0.25
153.55990104450615
45.0
270.0923407536043 462.8130152865
0
270.0923407536043 362.7008185354483
0.25 0.25 0.25 0.25
174.4861661780517
45.0
150.7142398909226 415.4245846552185
0
150.7142398909226 317.14938659955055
0.25 0.25 0.25 0.25
98.27519805566793
45.0
167.12141550180107 246.17896652449875
1
167.12141550180107 363.6219705142503
0.25 0.25 0.25 0.25
117.44300398975153
45.0
301.3542595803715 18.7206822687767
3
183.07651111308346 18.7206822687767
0.25 0.25 0.25 0.25
118.27774846728803
45.0
204.8066809473808 262.86139754929394
3
94.88787788766167 262.86139754929394
0.25 0.25 0.25 0.25
109.91880305971914
45.0
383.8091747218707 221.53439524538805
0
383.8091747218707 92.71788675334614
0.25 0.25 0.25 0.25
128.81650849204192
45.0
325.0632534937016 97.68675092816324
1
325.0632534937016 122.72546742768111
0.25 0.25 0.25 0.25
25.03871649951787
45.0
251.08164534375942 15.739082599320877
3
229.0446601985451 15.739082599320877
0.25 0.25 0.25 0.25
22.036985145214306
45.0
211.7383722604662 126.79211253132797
0
211.7383722604662 121.36920597848166
0.25 0.25 0.25 0.25
5.422906552846307
45.0
391.78806259130187 130.72472721401266
1
391.78806259130187 134.22353753846102
0.25 0.25 0.25 0.25
3.498810324448365
45.0
28.929173922967554 72.83717222263083
1
28.929173922967554 84.71084949925282
0.25 0.25 0.25 0.25
11.873677276621986
45.0
285.3178237107793 128.09413040675898
3
238.60398447812483 128.09413040675898
0.25 0.25 0.25 0.25
46.71383923265447
45.0
292.767633214697 142.75788721883686
2
302.08119861415724 142.75788721883686
0.25 0.25 0.25 0.25
9.313565399460256
45.0
227.04657313440134 144.1946448208331
1
227.04657313440134 164.98674234011207
0.25 0.25 0.25 0.25
20.79209751927897
45.0
280.61658968387314 471.60853637970297
3
234.91233145743143 471.60853637970297
0.25 0.25 0.25 0.25
45.704258226441695
45.0
20.5604193104679 209.7825604825108
1
20.5604193104679 229.14365933109553
0.25 0.25 0.25 0.25
19.36109884858474
45.0
140.99178013896622 187.17863941449625
3
113.0236153897162 187.17863941449625
0.25 0.25 0.25 0.25
27.96816474925002
45.0
22.869484541996634 133.72896742379575
3
7.864848210989468 133.72896742379575
0.25 0.25 0.25 0.25
15.004636331007164
45.0
495.88946137455747 144.14546724074992
0
495.88946137455747 97.25082669407027
0.25 0.25 0.25 0.25
46.894640546679646
45.0
264.2475326559261 140.65871802982383
1
264.2475326559261 162.58297446885274
0.25 0.25 0.25 0.25
21.924256439028895
45.0
194.08724229554696 443.29573976049244
1
194.08724229554696 457.3825802141092
0.25 0.25 0.25 0.25
14.086840453616778
45.0
191.5850971521807 126.30527730155138
3
180.54994015692287 126.30527730155138
0.25 0.25 0.25 0.25
11.035156995257827
45.0
270.14117804322564 170.34687441873274
2
315.21746665547397 170.34687441873274
0.25 0.25 0.25 0.25
45.07628861224834
45.0
287.4551080357761 24.881973269856886
2
335.50129873298386 24.881973269856886
0.25 0.25 0.25 0.25
48.046190697207756
45.0
100.90178792715834 481.2299559494028
2
132.41606204594297 481.2299559494028
0.25 0.25 0.25 0.25
31.514274118784623
45.0
