42475
229.32212336934495 236.81006147913925
2
400.2066041388192 236.81006147913925
0.25 0.25 0.25 0.25
170.88448076947427
45.0
385.3051378268033 112.08619622395666
1
385.3051378268033 204.3531249968613
0.25 0.25 0.25 0.25
92.26692877290465
45.0
219.72079207560625 78.18191392606997
3
80.90957910497886 78.18191392606997
0.25 0.25 0.25 0.25
138.8112129706274
45.0
405.8150102178976 267.91139027309094
0
405.8150102178976 173.80588447945144
0.25 0.25 0.25 0.25
94.10550579363952
45.0
322.78007598175316 471.7134814624402
2
486.2339713041375 471.7134814624402
0.25 0.25 0.25 0.25
163.4538953223844
45.0
355.1381097997722 434.9032802472043
3
497.7247376667025 434.9032802472043
0.25 0.25 0.25 0.25
147.1371525335253
45.0
471.25137126393815 169.57163857024375
0
471.25137126393815 13.918310191292164
0.25 0.25 0.25 0.25
155.65332837895158
45.0
104.87596728727075 420.02258074337556
0
104.87596728727075 443.0870857077447
0.25 0.25 0.25 0.25
136.8903335488798
45.0
346.0028198800482 209.39209166980288
1
346.0028198800482 313.7729992427866
0.25 0.25 0.25 0.25
104.38090757298374
45.0
321.1575120462775 86.18392412847811
1
321.1575120462775 247.9959938375498
0.25 0.25 0.25 0.25
161.8120697090717
45.0
250.18334905233246 160.9664332414016
3
143.63727931195712 160.9664332414016
0.25 0.25 0.25 0.25
106.54606974037533
45.0
193.08248448415117 75.04129684992415
1
193.08248448415117 228.11221094725346
0.25 0.25 0.25 0.25
153.0709140973293
45.0
135.25878143729415 198.95834831170566
0
135.25878143729415 67.63264150265712
0.25 0.25 0.25 0.25
131.32570680904854
45.0
348.9738782961234 75.05573489419403
3
259.12891070801527 75.05573489419403
0.25 0.25 0.25 0.25
89.84496758810813
45.0
186.2841003248934 117.27221716619735
1
186.2841003248934 267.8611776641193
0.25 0.25 0.25 0.25
150.58896049792193
45.0
154.02542211460297 21.758761950077997
1
154.02542211460297 126.13595701232771
0.25 0.25 0.25 0.25
147.8947189624057
45.0
443.533895887658 139.63183698527862
3
410.14331651871726 139.63183698527862
0.25 0.25 0.25 0.25
146.32278759362472
45.0
33.824644263298126 398.9549250139404
0
33.824644263298126 250.4751867869569
0.25 0.25 0.25 0.25
148.47973822698353
45.0
462.7244315541733 235.39464977181387
0
462.7244315541733 73.035397267691
0.25 0.25 0.25 0.25
162.35925250412288
45.0
167.7389548237468 98.69570428251808
3
41.81817584634183 98.69570428251808
0.25 0.25 0.25 0.25
125.92077897740498
45.0
160.05287831551377 169.13096873379172
3
46.4099395969169 169.13096873379172
0.25 0.25 0.25 0.25
113.64293871859687
45.0
220.01511344757714 0.8310962222308831
3
74.07851264997299 0.8310962222308831
0.25 0.25 0.25 0.25
145.93660079760414
45.0
224.25122248188387 116.82649144460004
3
70.69132143737772 116.82649144460004
0.25 0.25 0.25 0.25
153.55990104450615
45.0
397.6615098633458 315.7838214671382
1
397.6615098633458 490.2699876451899
0.25 0.25 0.25 0.25
174.4861661780517
45.0
357.9097698307377 324.24586006441893
2
456.1849678864056 324.24586006441893
0.25 0.25 0.25 0.25
98.27519805566793
45.0
348.4893197477641 481.06497450400184
0
348.4893197477641 363.6219705142503
0.25 0.25 0.25 0.25
117.44300398975153
45.0
355.1322718420673 147.72015467996115
2
473.41002030935533 147.72015467996115
0.25 0.25 0.25 0.25
118.27774846728803
45.0
465.4369098734618 45.43346670480824
1
465.4369098734618 64.4853363549109
0.25 0.25 0.25 0.25
109.91880305971914
45.0
192.52099511896756 354.79577459545027
0
192.52099511896756 225.97926610340835
0.25 0.25 0.25 0.25
128.81650849204192
45.0
425.2181194917731 202.77784706605124
0
425.2181194917731 177.73913056653336
0.25 0.25 0.25 0.25
25.03871649951787
45.0
396.3265923328115 146.85548188253517
0
396.3265923328115 124.81849673732087
0.25 0.25 0.25 0.25
22.036985145214306
45.0
16.513736357998972 40.02560768578699
2
21.93664291084528 40.02560768578699
0.25 0.25 0.25 0.25
5.422906552846307
45.0
297.32018383119623 176.2092614318413
1
297.32018383119623 179.70807175628966
0.25 0.25 0.25 0.25
3.498810324448365
45.0
135.79226941256545 247.75211424616273
1
135.79226941256545 259.6257915227847
0.25 0.25 0.25 0.25
11.873677276621986
45.0
406.44996529448684 436.08162892108436
3
359.73612606183235 436.08162892108436
0.25 0.25 0.25 0.25
46.71383923265447
45.0
120.47774661930802 52.82698616982856
2
129.79131201876828 52.82698616982856
0.25 0.25 0.25 0.25
9.313565399460256
45.0
268.6307681729593 476.8682051292966
3
247.8386706536803 476.8682051292966
0.25 0.25 0.25 0.25
20.79209751927897
45.0
366.5314251550391 447.9703091308486
3
320.82716692859736 447.9703091308486
0.25 0.25 0.25 0.25
45.704258226441695
45.0
156.08811125056104 383.63436369720984
3
136.7270124019763 383.63436369720984
0.25 0.25 0.25 0.25
19.36109884858474
45.0
355.5812543745333 243.11496891299632
2
383.5494191237833 243.11496891299632
0.25 0.25 0.25 0.25
27.96816474925002
45.0
122.59130468156602 463.8309667059537
1
122.59130468156602 478.8356030369609
0.25 0.25 0.25 0.25
15.004636331007164
45.0
410.32125753208334 262.6937491596394
1
410.32125753208334 309.58838970631905
0.25 0.25 0.25 0.25
46.894640546679646
45.0
176.55050689981044 412.26559149350044
2
198.47476333883935 412.26559149350044
0.25 0.25 0.25 0.25
21.924256439028895
45.0
59.47588586955508 20.690526151988934
2
73.56272632317186 20.690526151988934
0.25 0.25 0.25 0.25
14.086840453616778
45.0
260.8563396533903 93.19980631577792
0
260.8563396533903 82.1646493205201
0.25 0.25 0.25 0.25
11.035156995257827
45.0
241.7081904920504 38.391267581435834
1
241.7081904920504 83.46755619368417
0.25 0.25 0.25 0.25
45.07628861224834
45.0
463.34393383682243 206.37897557481907
0
463.34393383682243 158.33278487761132
0.25 0.25 0.25 0.25
48.046190697207756
45.0
462.15953375035826 329.6843993378895
3
430.64525963157365 329.6843993378895
0.25 0.25 0.25 0.25
31.514274118784623
45.0
