42475
324.28595028828227 350.81706146647696
3
153.401469518808 350.81706146647696
0.25 0.25 0.25 0.25
170.88448076947427
45.0
430.16100462738746 271.91773536961307
3
337.8940758544828 271.91773536961307
0.25 0.25 0.25 0.25
92.26692877290465
45.0
469.02170881125267 355.80433986732476
3
392.16707821811997 355.80433986732476
0.25 0.25 0.25 0.25
138.8112129706274
45.0
205.35477367043865 267.911390273091
3
111.24926787679912 267.911390273091
0.25 0.25 0.25 0.25
94.10550579363952
45.0
342.05670404744683 76.47808870179398
1
342.05670404744683 239.93198402417838
0.25 0.25 0.25 0.25
163.4538953223844
45.0
265.257906595741 140.6289751801537
2
412.3950591292663 140.6289751801537
0.25 0.25 0.25 0.25
147.1371525335253
45.0
127.86867332549775 141.73501818765942
2
283.52200170444934 141.73501818765942
0.25 0.25 0.25 0.25
155.65332837895158
45.0
199.998635678309 347.96441731670643
3
63.108302129429205 347.96441731670643
0.25 0.25 0.25 0.25
136.8903335488798
45.0
154.00376084738957 318.991638805205
3
49.62285327440583 318.991638805205
0.25 0.25 0.25 0.25
104.38090757298374
45.0
262.9023485551378 311.86953976202744
3
101.0902788460661 311.86953976202744
0.25 0.25 0.25 0.25
161.8120697090717
45.0
168.33565211152796 325.3079225878893
1
168.33565211152796 431.85399232826467
0.25 0.25 0.25 0.25
106.54606974037533
45.0
92.90311024106938 126.38146206179124
1
92.90311024106938 279.45237615912055
0.25 0.25 0.25 0.25
153.0709140973293
45.0
208.1126845174632 285.3619657082557
2
339.43839132651175 285.3619657082557
0.25 0.25 0.25 0.25
131.32570680904854
45.0
337.268521765313 489.1645032423033
3
247.42355417720484 489.1645032423033
0.25 0.25 0.25 0.25
89.84496758810813
45.0
48.99188722705861 105.49300720775895
1
48.99188722705861 256.0819677056809
0.25 0.25 0.25 0.25
150.58896049792193
45.0
189.2884548514429 48.76730352360187
1
189.2884548514429 99.12741543880384
0.25 0.25 0.25 0.25
147.8947189624057
45.0
272.18588647727427 323.5960389509687
2
418.508674070899 323.5960389509687
0.25 0.25 0.25 0.25
146.32278759362472
45.0
430.9527592268091 53.68434884253378
3
282.4730209998256 53.68434884253378
0.25 0.25 0.25 0.25
148.47973822698353
45.0
112.1614415706648 458.4389875426566
2
274.5206940747877 458.4389875426566
0.25 0.25 0.25 0.25
162.35925250412288
45.0
313.8454656281533 323.26402356513654
0
313.8454656281533 197.34324458773153
0.25 0.25 0.25 0.25
125.92077897740498
45.0
203.66238630764857 419.2032946383571
0
203.66238630764857 305.56035591976024
0.25 0.25 0.25 0.25
113.64293871859687
45.0
30.96610148351516 373.97228186535654
0
30.96610148351516 480.09111733703935
0.25 0.25 0.25 0.25
145.93660079760414
45.0
307.6265015417577 40.454696021326185
2
461.18640258626385 40.454696021326185
0.25 0.25 0.25 0.25
153.55990104450615
45.0
270.0923407536043 154.47947738427536
2
444.57850693165597 154.47947738427536
0.25 0.25 0.25 0.25
174.4861661780517
45.0
347.2646360022585 299.90136715622987
0
347.2646360022585 201.62616910056192
0.25 0.25 0.25 0.25
98.27519805566793
45.0
7.308624395714304 341.03605342425885
2
110.13437959403723 341.03605342425885
0.25 0.25 0.25 0.25
117.44300398975153
45.0
301.3542595803715 83.22041847436896
1
301.3542595803715 35.05732999291908
0.25 0.25 0.25 0.25
118.27774846728803
45.0
105.61865035018936 66.89501162986336
2
215.5374534099085 66.89501162986336
0.25 0.25 0.25 0.25
109.91880305971914
45.0
58.42378511841565 252.06646318172346
0
58.42378511841565 123.24995468968154
0.25 0.25 0.25 0.25
128.81650849204192
45.0
450.256835991291 52.545548068944
0
450.256835991291 27.50683156942613
0.25 0.25 0.25 0.25
25.03871649951787
45.0
440.40056262324015 37.77606774453518
2
462.43754776845446 37.77606774453518
0.25 0.25 0.25 0.25
22.036985145214306
45.0
168.3551198376957 34.60270113294068
0
168.3551198376957 29.179794580094374
0.25 0.25 0.25 0.25
5.422906552846307
45.0
360.29876967126665 207.6985543518765
1
360.29876967126665 211.19736467632487
0.25 0.25 0.25 0.25
3.498810324448365
45.0
6.6918579068984165 117.14166420332099
1
6.6918579068984165 129.01534147994298
0.25 0.25 0.25 0.25
11.873677276621986
45.0
126.16692989855997 12.04738729120443
2
172.88076913121444 12.04738729120443
0.25 0.25 0.25 0.25
46.71383923265447
45.0
348.6490256114584 96.19006022153556
1
348.6490256114584 105.50362562099582
0.25 0.25 0.25 0.25
9.313565399460256
45.0
268.6307681729593 289.7393274557859
2
289.42286569223825 289.7393274557859
0.25 0.25 0.25 0.25
20.79209751927897
45.0
143.50381500454802 162.75739780876341
1
143.50381500454802 208.46165603520512
0.25 0.25 0.25 0.25
45.704258226441695
45.0
192.41166802396418 480.83794436269704
2
211.7727668725489 480.83794436269704
0.25 0.25 0.25 0.25
19.36109884858474
45.0
168.95994488821623 410.92395740849645
0
168.95994488821623 382.9557926592464
0.25 0.25 0.25 0.25
27.96816474925002
45.0
172.1907877610965 403.81242138192493
2
187.19542409210365 403.81242138192493
0.25 0.25 0.25 0.25
15.004636331007164
45.0
199.30906957475207 425.5133105208277
2
246.20371012143173 425.5133105208277
0.25 0.25 0.25 0.25
46.894640546679646
45.0
152.31333968562302 272.2042566639973
1
152.31333968562302 294.1285131030262
0.25 0.25 0.25 0.25
21.924256439028895
45.0
109.56619957384626 231.99313295624063
1
109.56619957384626 246.07997340985742
0.25 0.25 0.25 0.25
14.086840453616778
45.0
213.65541114269638 203.55137626835622
0
213.65541114269638 192.5162192730984
0.25 0.25 0.25 0.25
11.035156995257827
45.0
406.0031511404995 9.958280030260639
2
451.0794397527478 9.958280030260639
0.25 0.25 0.25 0.25
45.07628861224834
45.0
367.2515524424068 119.25659882176637
3
319.20536174519907 119.25659882176637
0.25 0.25 0.25 0.25
48.046190697207756
45.0
434.8408720921802 392.7129475754587
1
434.8408720921802 424.2272216942433
0.25 0.25 0.25 0.25
31.514274118784623
45.0
