42475
42.789895867511916 136.5294962251002
2
213.67437663698618 136.5294962251002
0.25 0.25 0.25 0.25
170.88448076947427
45.0
293.03820905389864 271.91773536961307
2
385.3051378268033 271.91773536961307
0.25 0.25 0.25 0.25
92.26692877290465
45.0
469.02170881125267 49.860404720461645
3
330.2104958406253 49.860404720461645
0.25 0.25 0.25 0.25
138.8112129706274
45.0
265.17275529775895 167.4555749650719
2
359.27826109139846 167.4555749650719
0.25 0.25 0.25 0.25
94.10550579363952
45.0
494.4894006301688 57.20146063610031
3
331.03550530778443 57.20146063610031
0.25 0.25 0.25 0.25
163.4538953223844
45.0
412.3950591292663 140.6289751801537
1
412.3950591292663 6.508177353371593
0.25 0.25 0.25 0.25
147.1371525335253
45.0
217.4419719781588 386.96164521927204
3
61.788643599207205 386.96164521927204
0.25 0.25 0.25 0.25
155.65332837895158
45.0
378.6566343850303 62.706583329932926
3
241.76630083615052 62.706583329932926
0.25 0.25 0.25 0.25
136.8903335488798
45.0
49.62285327440583 54.72291575689252
2
54.75805429857792 54.72291575689252
0.25 0.25 0.25 0.25
104.38090757298374
45.0
193.40627882650745 311.86953976202744
0
193.40627882650745 150.05747005295575
0.25 0.25 0.25 0.25
161.8120697090717
45.0
298.9339991865954 35.41565896985864
3
192.38792944622003 35.41565896985864
0.25 0.25 0.25 0.25
106.54606974037533
45.0
60.167803856259866 44.80694664576703
1
60.167803856259866 197.87786074309633
0.25 0.25 0.25 0.25
153.0709140973293
45.0
397.9101950553911 401.38096620125896
3
470.7640981355603 401.38096620125896
0.25 0.25 0.25 0.25
131.32570680904854
45.0
438.81884588423156 39.93966530176256
3
471.3361865276603 39.93966530176256
0.25 0.25 0.25 0.25
89.84496758810813
45.0
47.474349785409856 442.7401112984753
0
47.474349785409856 406.6709282036028
0.25 0.25 0.25 0.25
150.58896049792193
45.0
189.2884548514429 394.91685336361525
2
337.1831738138486 394.91685336361525
0.25 0.25 0.25 0.25
147.8947189624057
45.0
418.508674070899 323.5960389509687
3
272.18588647727427 323.5960389509687
0.25 0.25 0.25 0.25
146.32278759362472
45.0
133.9932827728421 313.03853066064755
2
282.4730209998256 313.03853066064755
0.25 0.25 0.25 0.25
148.47973822698353
45.0
248.67620909952495 107.87599755914812
2
411.03546160364783 107.87599755914812
0.25 0.25 0.25 0.25
162.35925250412288
45.0
447.13247642479826 71.42246561032655
3
426.94674459779674 71.42246561032655
0.25 0.25 0.25 0.25
125.92077897740498
45.0
23.623491129545215 441.98974310572885
2
90.01944758905165 441.98974310572885
0.25 0.25 0.25 0.25
113.64293871859687
45.0
260.9071001116931 480.09111733703935
0
260.9071001116931 334.15451653943524
0.25 0.25 0.25 0.25
145.93660079760414
45.0
0.5066994527454085 270.3863924891062
0
0.5066994527454085 116.82649144460004
0.25 0.25 0.25 0.25
153.55990104450615
45.0
223.17534368529414 415.89601821818985
2
397.6615098633458 415.89601821818985
0.25 0.25 0.25 0.25
174.4861661780517
45.0
357.9097698307377 103.35097104489405
2
456.1849678864056 103.35097104489405
0.25 0.25 0.25 0.25
98.27519805566793
45.0
124.75162838546584 363.6219705142503
1
124.75162838546584 481.06497450400184
0.25 0.25 0.25 0.25
117.44300398975153
45.0
473.41002030935533 207.11309072190292
0
473.41002030935533 88.83534225461489
0.25 0.25 0.25 0.25
118.27774846728803
45.0
94.88787788766162 273.59217001182174
1
94.88787788766162 383.5109730715409
0.25 0.25 0.25 0.25
109.91880305971914
45.0
168.67716392933278 350.35090373743
3
39.86065543729086 350.35090373743
0.25 0.25 0.25 0.25
128.81650849204192
45.0
375.14068649273736 52.545548068944
2
400.17940299225523 52.545548068944
0.25 0.25 0.25 0.25
25.03871649951787
45.0
251.08164534375942 103.88702318017809
1
251.08164534375942 125.92400832539239
0.25 0.25 0.25 0.25
22.036985145214306
45.0
168.3551198376957 40.02560768578699
1
168.3551198376957 45.448514238633294
0.25 0.25 0.25 0.25
5.422906552846307
45.0
342.80471804902487 228.69141629856665
3
339.3059077245765 228.69141629856665
0.25 0.25 0.25 0.25
3.498810324448365
45.0
66.06024429000836 140.88901875656495
2
77.93392156663035 140.88901875656495
0.25 0.25 0.25 0.25
11.873677276621986
45.0
313.02228682917786 58.7612265238589
1
313.02228682917786 105.47506575651337
0.25 0.25 0.25 0.25
46.71383923265447
45.0
413.84398340768 96.19006022153556
2
423.15754880714024 96.19006022153556
0.25 0.25 0.25 0.25
9.313565399460256
45.0
164.67028057656444 331.3235224943438
1
164.67028057656444 352.1156200136228
0.25 0.25 0.25 0.25
20.79209751927897
45.0
280.61658968387314 345.57443071453025
0
280.61658968387314 299.87017248808854
0.25 0.25 0.25 0.25
45.704258226441695
45.0
289.21716226688784 403.3935489683581
2
308.57826111547257 403.3935489683581
0.25 0.25 0.25 0.25
19.36109884858474
45.0
224.89627438671624 393.2988893467533
1
224.89627438671624 421.26705409600333
0.25 0.25 0.25 0.25
27.96816474925002
45.0
187.19542409210365 403.81242138192493
3
172.1907877610965 403.81242138192493
0.25 0.25 0.25 0.25
15.004636331007164
45.0
433.78227230815025 237.93474833410917
2
480.6769128548299 237.93474833410917
0.25 0.25 0.25 0.25
46.894640546679646
45.0
20.767801051449638 381.82553885914183
2
1.156455387579257 381.82553885914183
0.25 0.25 0.25 0.25
21.924256439028895
45.0
194.08724229554696 105.2115688736896
1
194.08724229554696 119.29840932730637
0.25 0.25 0.25 0.25
14.086840453616778
45.0
125.37415518063371 214.58653326361406
0
125.37415518063371 203.55137626835622
0.25 0.25 0.25 0.25
11.035156995257827
45.0
98.15767412476882 80.19429719423604
1
98.15767412476882 125.27058580648438
0.25 0.25 0.25 0.25
45.07628861224834
45.0
488.60987546596994 208.09673141732515
3
463.3439338368223 208.09673141732515
0.25 0.25 0.25 0.25
48.046190697207756
45.0
344.55920907632753 292.1443112366951
3
313.0449349575429 292.1443112366951
0.25 0.25 0.25 0.25
31.514274118784623
45.0
