42475
153.401469518808 205.23946531384834
2
17.483011250666266 205.23946531384834
0.25 0.25 0.25 0.25
170.88448076947427
45.0
230.6909305796271 179.65080659670843
2
322.9578593525317 179.65080659670843
0.25 0.25 0.25 0.25
92.26692877290465
45.0
392.16707821811997 394.89474339702883
3
469.02170881125267 394.89474339702883
0.25 0.25 0.25 0.25
138.8112129706274
45.0
205.35477367043865 208.96644820948615
0
205.35477367043865 114.86094241584662
0.25 0.25 0.25 0.25
94.10550579363952
45.0
167.58160998540004 239.93198402417838
2
331.03550530778443 239.93198402417838
0.25 0.25 0.25 0.25
163.4538953223844
45.0
412.3950591292663 170.58904291483077
3
265.257906595741 170.58904291483077
0.25 0.25 0.25 0.25
147.1371525335253
45.0
339.091311811357 52.16171953499827
2
494.7446401903086 52.16171953499827
0.25 0.25 0.25 0.25
155.65332837895158
45.0
158.2309705204675 484.8547508655862
0
158.2309705204675 378.25491558553404
0.25 0.25 0.25 0.25
136.8903335488798
45.0
428.47260886067545 275.1825630753675
1
428.47260886067545 379.56347064835126
0.25 0.25 0.25 0.25
104.38090757298374
45.0
413.4735120267188 40.882181401685784
1
413.4735120267188 120.92988830738591
0.25 0.25 0.25 0.25
161.8120697090717
45.0
85.8418597058447 5.669713366763261
1
85.8418597058447 100.87635637361207
0.25 0.25 0.25 0.25
106.54606974037533
45.0
447.88414746694275 197.87786074309633
1
447.88414746694275 350.94877484042564
0.25 0.25 0.25 0.25
153.0709140973293
45.0
317.1901427187309 22.710552090158615
3
185.86443590968236 22.710552090158615
0.25 0.25 0.25 0.25
131.32570680904854
45.0
427.1134893534211 399.3195356541951
3
337.2685217653129 399.3195356541951
0.25 0.25 0.25 0.25
89.84496758810813
45.0
48.99188722705861 310.2046911911343
0
48.99188722705861 159.61573069321238
0.25 0.25 0.25 0.25
150.58896049792193
45.0
219.13266929893427 48.76730352360187
2
367.02738826134 48.76730352360187
0.25 0.25 0.25 0.25
147.8947189624057
45.0
313.10526389722463 30.950463763719256
2
459.4280514908494 30.950463763719256
0.25 0.25 0.25 0.25
146.32278759362472
45.0
24.871712134743177 352.39669824953216
0
24.871712134743177 203.91696002254864
0.25 0.25 0.25 0.25
148.47973822698353
45.0
462.7244315541733 432.5945025673939
0
462.7244315541733 270.235250063271
0.25 0.25 0.25 0.25
162.35925250412288
45.0
69.37013949258326 432.2606502992934
2
195.29091846998824 432.2606502992934
0.25 0.25 0.25 0.25
125.92077897740498
45.0
408.1618152774705 214.7038656685351
3
294.51887655887367 214.7038656685351
0.25 0.25 0.25 0.25
113.64293871859687
45.0
30.96610148351516 209.77412132506
2
114.97049931408898 209.77412132506
0.25 0.25 0.25 0.25
145.93660079760414
45.0
385.25369636923006 38.185897711636926
1
385.25369636923006 191.74579875614307
0.25 0.25 0.25 0.25
153.55990104450615
45.0
253.3661577805508 415.89601821818985
3
78.8799916024991 415.89601821818985
0.25 0.25 0.25 0.25
174.4861661780517
45.0
445.53983405792644 398.1765652118978
0
445.53983405792644 299.90136715622987
0.25 0.25 0.25 0.25
98.27519805566793
45.0
64.29566030347817 11.292958544995741
2
53.14734368627336 11.292958544995741
0.25 0.25 0.25 0.25
117.44300398975153
45.0
462.0902434850525 373.55392767064086
3
343.8124950177645 373.55392767064086
0.25 0.25 0.25 0.25
118.27774846728803
45.0
454.70613741093405 286.73261774930165
3
435.3750595293468 286.73261774930165
0.25 0.25 0.25 0.25
109.91880305971914
45.0
58.42378511841565 5.5665538023603744
2
70.39272337362627 5.5665538023603744
0.25 0.25 0.25 0.25
128.81650849204192
45.0
350.1019699932195 2.468115069908258
3
325.0632534937016 2.468115069908258
0.25 0.25 0.25 0.25
25.03871649951787
45.0
330.21563689716857 15.739082599320877
2
352.2526220423829 15.739082599320877
0.25 0.25 0.25 0.25
22.036985145214306
45.0
168.3551198376957 23.756888027248067
2
173.778026390542 23.756888027248067
0.25 0.25 0.25 0.25
5.422906552846307
45.0
349.8023386979216 204.19974402742815
3
346.3035283734732 204.19974402742815
0.25 0.25 0.25 0.25
3.498810324448365
45.0
54.186567013386366 93.394309650077
2
66.06024429000836 93.394309650077
0.25 0.25 0.25 0.25
11.873677276621986
45.0
79.4530906659055 34.66645194145004
3
32.739251433251034 34.66645194145004
0.25 0.25 0.25 0.25
46.71383923265447
45.0
385.9032872092993 226.5799758139792
1
385.9032872092993 235.89354121343945
0.25 0.25 0.25 0.25
9.313565399460256
45.0
206.25447561512237 227.36303489794898
0
206.25447561512237 206.57093737867
0.25 0.25 0.25 0.25
20.79209751927897
45.0
280.61658968387314 117.05313958232172
3
234.91233145743143 117.05313958232172
0.25 0.25 0.25 0.25
45.704258226441695
45.0
95.60617378104052 422.75464781694285
0
95.60617378104052 403.3935489683581
0.25 0.25 0.25 0.25
19.36109884858474
45.0
85.05545064046618 494.82845165624656
0
85.05545064046618 466.8602869069965
0.25 0.25 0.25 0.25
27.96816474925002
45.0
97.16760610606067 418.8170577129321
0
97.16760610606067 403.81242138192493
0.25 0.25 0.25 0.25
15.004636331007164
45.0
246.20371012143173 284.8293888807889
3
199.30906957475207 284.8293888807889
0.25 0.25 0.25 0.25
46.894640546679646
45.0
64.61631392950743 316.0527695420551
2
86.54057036853632 316.0527695420551
0.25 0.25 0.25 0.25
21.924256439028895
45.0
137.7398804810798 316.51417567794135
2
151.8267209346966 316.51417567794135
0.25 0.25 0.25 0.25
14.086840453616778
45.0
235.72572513321205 159.41074828732488
3
224.69056813795422 159.41074828732488
0.25 0.25 0.25 0.25
11.035156995257827
45.0
44.759734981983875 9.958280030260639
1
44.759734981983875 55.03456864250898
0.25 0.25 0.25 0.25
45.07628861224834
45.0
104.24034988830795 71.21040812455863
1
104.24034988830795 119.25659882176637
0.25 0.25 0.25 0.25
48.046190697207756
45.0
214.2409532606879 487.25576993181255
0
214.2409532606879 481.2299559494028
0.25 0.25 0.25 0.25
31.514274118784623
45.0
