34325
421.9032996649387 382.85310150856645
0
421.9032996649387 256.4600520814348
0.25 0.25 0.25 0.25
126.39304942713166
45.0
494.0359575423982 121.05904260948012
3
359.17748746113966 121.05904260948012
0.25 0.25 0.25 0.25
146.78655499646214
45.0
229.9566779647223 124.24022513250293
1
229.9566779647223 39.324024894092645
0.25 0.25 0.25 0.25
163.56425002659557
45.0
496.2573364930931 456.88798805266265
3
363.5103966155539 456.88798805266265
0.25 0.25 0.25 0.25
140.23226689135305
45.0
415.06324101188136 395.54810923136074
0
415.06324101188136 467.11347490829564
0.25 0.25 0.25 0.25
137.33841586034364
45.0
453.79882782389734 437.0032037961636
3
452.0952350699488 437.0032037961636
0.25 0.25 0.25 0.25
94.10593710615387
45.0
158.9963705719147 319.8706963940151
3
18.822371841784104 319.8706963940151
0.25 0.25 0.25 0.25
140.1739987301306
45.0
401.29552064672794 453.4772783358495
3
430.1607931058227 453.4772783358495
0.25 0.25 0.25 0.25
168.5436862474494
45.0
366.17369530697414 297.471366464651
3
255.53836573231376 297.471366464651
0.25 0.25 0.25 0.25
110.63532957466037
45.0
148.7517974369123 38.87725942413027
1
148.7517974369123 212.92630715831936
0.25 0.25 0.25 0.25
174.0490477341891
45.0
31.393250435719665 315.6562361855583
1
31.393250435719665 485.80188756222685
0.25 0.25 0.25 0.25
170.14565137666852
45.0
423.2217184889679 171.82108361454803
3
420.83384999780696 171.82108361454803
0.25 0.25 0.25 0.25
155.9444315132251
45.0
2.486804702451309 138.63536679296737
2
157.9517542209536 138.63536679296737
0.25 0.25 0.25 0.25
155.4649495185023
45.0
232.22877851118338 263.27777069099193
0
232.22877851118338 128.7093309557654
0.25 0.25 0.25 0.25
134.56843973522652
45.0
301.47358170576297 367.66980674876015
3
153.24109949263698 367.66980674876015
0.25 0.25 0.25 0.25
148.232482213126
45.0
271.55780908503345 474.0313217952664
0
271.55780908503345 376.7713494763651
0.25 0.25 0.25 0.25
149.19732872836843
45.0
37.78759079208966 331.5871107840765
1
37.78759079208966 439.8933083120612
0.25 0.25 0.25 0.25
108.30619752798468
45.0
485.2129898398973 340.3276371504036
3
420.2704103112462 340.3276371504036
0.25 0.25 0.25 0.25
94.51659984885649
45.0
4.662851548734835 189.7184201981702
1
4.662851548734835 301.6983457260194
0.25 0.25 0.25 0.25
111.97992552784919
45.0
347.84257441262605 209.68869238706282
1
347.84257441262605 366.4634043221438
0.25 0.25 0.25 0.25
156.77471193508097
45.0
69.55432529498279 172.10731426799296
2
165.07454174299338 172.10731426799296
0.25 0.25 0.25 0.25
95.52021644801059
45.0
367.20725694799364 319.01827488366087
3
259.6980197236529 319.01827488366087
0.25 0.25 0.25 0.25
107.5092372243407
45.0
103.91991893453005 468.8937744140426
0
103.91991893453005 394.36862576144233
0.25 0.25 0.25 0.25
136.73759982451512
45.0
430.102973278789 67.80259316065975
1
430.102973278789 31.572715923928655
0.25 0.25 0.25 0.25
99.37530908458841
45.0
458.65793859377334 164.34120911286578
3
437.32045553622834 164.34120911286578
0.25 0.25 0.25 0.25
104.02160586999837
45.0
315.5216009367059 155.18076167196625
3
199.09820366585888 155.18076167196625
0.25 0.25 0.25 0.25
116.42339727084703
45.0
115.88899817997248 314.47643834288453
2
250.45599404134717 314.47643834288453
0.25 0.25 0.25 0.25
134.5669958613747
45.0
158.2208924927435 401.0806124856672
2
311.8238517137314 401.0806124856672
0.25 0.25 0.25 0.25
153.6029592209879
45.0
95.45693612650476 454.83254289967977
2
265.17074115348566 454.83254289967977
0.25 0.25 0.25 0.25
169.7138050269809
45.0
279.5160810931613 268.07155019113173
0
279.5160810931613 116.74487219708192
0.25 0.25 0.25 0.25
151.32667799404982
45.0
8.634267960808756 93.2633654927231
2
141.55136531456958 93.2633654927231
0.25 0.25 0.25 0.25
132.91709735376082
45.0
280.1967250747051 462.4634757500919
0
280.1967250747051 397.38194436268896
0.25 0.25 0.25 0.25
140.1545798872191
45.0
235.52373341191873 14.003279896314382
3
82.03151356167916 14.003279896314382
0.25 0.25 0.25 0.25
153.49221985023956
45.0
288.00403863686756 156.4091242939318
2
414.5789732837993 156.4091242939318
0.25 0.25 0.25 0.25
126.57493464693172
45.0
432.9815412574735 166.59775945904926
3
332.17326097636567 166.59775945904926
0.25 0.25 0.25 0.25
100.80828028110784
45.0
374.8689907004205 481.3398861969096
0
374.8689907004205 380.7795513399601
0.25 0.25 0.25 0.25
100.56033485694951
45.0
143.81935557513384 240.50054113834938
2
242.2909870703338 240.50054113834938
0.25 0.25 0.25 0.25
98.47163149519997
45.0
444.3720001164173 221.79892248001843
0
444.3720001164173 94.87432583692083
0.25 0.25 0.25 0.25
126.9245966430976
45.0
325.15670689307666 324.5053789220827
3
229.95049113947005 324.5053789220827
0.25 0.25 0.25 0.25
95.20621575360663
45.0
494.5309968745799 246.5711216439925
3
355.5788871894366 246.5711216439925
0.25 0.25 0.25 0.25
138.95210968514328
45.0
191.1127214295782 196.7818822951965
1
191.1127214295782 322.4864775477389
0.25 0.25 0.25 0.25
125.70459525254238
45.0
329.031681404699 286.2454465290004
2
441.47678097672167 286.2454465290004
0.25 0.25 0.25 0.25
112.44509957202267
45.0
2.410512928463902 324.7817167723838
1
2.410512928463902 456.6946929769025
0.25 0.25 0.25 0.25
131.91297620451869
45.0
21.36218412103898 493.839625955571
0
21.36218412103898 358.5178939908045
0.25 0.25 0.25 0.25
147.6424800536245
45.0
355.83955028597126 271.3553453582003
1
355.83955028597126 388.7417476668877
0.25 0.25 0.25 0.25
117.38640230868741
45.0
385.4159261323444 324.30060494726183
3
284.30683832661094 324.30060494726183
0.25 0.25 0.25 0.25
101.10908780573347
45.0
368.5241506866422 228.90130730288521
3
235.7594177153463 228.90130730288521
0.25 0.25 0.25 0.25
132.7647329712959
45.0
97.9792639977149 404.9431363550774
0
97.9792639977149 316.1732869290281
0.25 0.25 0.25 0.25
88.76984942604932
45.0
