29378
118.51194854748664 148.95772192220574
3
110.46308371875548 148.95772192220574
0.25 0.25 0.25 0.25
8.048864828731151
45.0
300.3954550519534 181.02703941345462
0
300.3954550519534 149.23213438470418
0.25 0.25 0.25 0.25
31.794905028750442
45.0
453.85339907580885 443.48429863428555
1
453.85339907580885 443.69959446710413
0.25 0.25 0.25 0.25
0.215295832818585
45.0
445.4032088759919 149.72051965279314
1
445.4032088759919 154.4615928805169
0.25 0.25 0.25 0.25
4.741073227723747
45.0
428.7776719751963 340.4958214239918
0
428.7776719751963 300.38950443064823
0.25 0.25 0.25 0.25
40.10631699334357
45.0
12.69281947723769 169.4654050739473
1
12.69281947723769 173.21560288467225
0.25 0.25 0.25 0.25
3.7501978107249534
45.0
279.057975897637 489.2146054392112
0
279.057975897637 463.79926828504676
0.25 0.25 0.25 0.25
46.98612627574202
45.0
17.30276115027287 309.12636063088956
1
17.30276115027287 346.694151166655
0.25 0.25 0.25 0.25
37.56779053576545
45.0
399.4505289617141 370.4258912976834
2
429.9131916403195 370.4258912976834
0.25 0.25 0.25 0.25
30.4626626786054
45.0
381.1805954300473 265.707999506595
1
381.1805954300473 287.1771632520711
0.25 0.25 0.25 0.25
21.469163745476106
45.0
218.2623273168902 383.1359772517878
3
197.87249698295318 383.1359772517878
0.25 0.25 0.25 0.25
20.38983033393703
45.0
42.820282101419025 450.7014512031078
2
52.427261260356204 450.7014512031078
0.25 0.25 0.25 0.25
9.606979158937179
45.0
497.5604659595737 68.03124436049978
0
497.5604659595737 24.551503450626917
0.25 0.25 0.25 0.25
43.479740909872866
45.0
280.1355904954054 459.99438429122074
0
280.1355904954054 438.0683870747781
0.25 0.25 0.25 0.25
21.9259972164426
45.0
68.48590277777961 325.9760676963906
0
68.48590277777961 323.9628620768938
0.25 0.25 0.25 0.25
2.0132056194967607
45.0
36.18343113163771 308.59313624476664
2
79.85200065037421 308.59313624476664
0.25 0.25 0.25 0.25
43.6685695187365
45.0
159.46509400551824 391.7102834142274
2
161.7290249644699 391.7102834142274
0.25 0.25 0.25 0.25
2.263930958951643
45.0
83.39861572475235 206.57166132306105
2
91.399815239789 206.57166132306105
0.25 0.25 0.25 0.25
8.001199515036667
45.0
369.62929185350833 418.35195483528867
1
369.62929185350833 446.90137538186127
0.25 0.25 0.25 0.25
28.549420546572584
45.0
498.32735890092926 104.05777043582522
1
498.32735890092926 138.9074716755668
0.25 0.25 0.25 0.25
34.84970123974158
45.0
327.90300682679447 233.7204928261462
2
338.1581909054849 233.7204928261462
0.25 0.25 0.25 0.25
10.255184078690444
45.0
305.2609398138683 406.92159436455165
2
349.78283085335704 406.92159436455165
0.25 0.25 0.25 0.25
44.52189103948878
45.0
285.11360387128576 231.16189380803957
3
281.5668537313982 231.16189380803957
0.25 0.25 0.25 0.25
3.546750139887511
45.0
84.90182845616074 338.2113939242282
0
84.90182845616074 303.55871273205787
0.25 0.25 0.25 0.25
34.652681192170334
45.0
106.97841504853636 13.515614077271593
0
106.97841504853636 1.0447859685197791
0.25 0.25 0.25 0.25
12.470828108751814
45.0
214.10907089032037 286.2106850888773
3
201.56296930949074 286.2106850888773
0.25 0.25 0.25 0.25
12.546101580829616
45.0
305.8509087753231 178.35399504282884
2
313.11448409701455 178.35399504282884
0.25 0.25 0.25 0.25
7.263575321691452
45.0
374.78994879593176 476.571940737115
2
399.01540609474216 476.571940737115
0.25 0.25 0.25 0.25
24.225457298810397
45.0
483.5755938027169 412.54208878325943
3
478.36329486576096 412.54208878325943
0.25 0.25 0.25 0.25
5.2122989369559445
45.0
413.4201022007186 427.87416485463325
0
413.4201022007186 400.898992292773
0.25 0.25 0.25 0.25
26.975172561860216
45.0
376.06229418231294 53.89353039494633
2
417.83014442116394 53.89353039494633
0.25 0.25 0.25 0.25
41.767850238850976
45.0
233.95187778052437 469.7269067885255
0
233.95187778052437 420.47140974857746
0.25 0.25 0.25 0.25
49.25549703994804
45.0
264.06491522951046 297.6381703482532
2
271.4323712682839 297.6381703482532
0.25 0.25 0.25 0.25
7.36745603877344
45.0
462.7957248852041 454.09045926667125
2
495.73705680729006 454.09045926667125
0.25 0.25 0.25 0.25
32.94133192208597
45.0
1.1322612282905666 179.33094279421096
2
22.93147666109087 179.33094279421096
0.25 0.25 0.25 0.25
21.799215432800302
45.0
206.5263937676454 81.2105244275572
2
234.8269039332831 81.2105244275572
0.25 0.25 0.25 0.25
28.30051016563769
45.0
130.97672333867783 214.5597336311713
1
130.97672333867783 228.90991178928485
0.25 0.25 0.25 0.25
14.350178158113541
45.0
50.07305036805194 248.56650623837993
0
50.07305036805194 243.22830142994724
0.25 0.25 0.25 0.25
5.338204808432695
45.0
276.1469823220759 211.35825107397392
1
276.1469823220759 215.95836676127664
0.25 0.25 0.25 0.25
4.600115687302719
45.0
355.94402264915493 305.72725153993724
0
355.94402264915493 260.4620780200434
0.25 0.25 0.25 0.25
45.265173519893814
45.0
363.88420309907906 186.56850928700374
3
320.13614082737206 186.56850928700374
0.25 0.25 0.25 0.25
43.74806227170701
45.0
399.4825580967974 313.49077289274754
1
399.4825580967974 361.1398541120175
0.25 0.25 0.25 0.25
47.64908121926992
45.0
497.79897548580567 487.79592820489904
0
497.79897548580567 473.4767768049152
0.25 0.25 0.25 0.25
38.727294990185825
45.0
287.18662172029633 217.77985710937776
2
322.0187480188023 217.77985710937776
0.25 0.25 0.25 0.25
34.832126298505955
45.0
305.11646684777315 2.521704256066144
3
269.96368240249456 2.521704256066144
0.25 0.25 0.25 0.25
35.15278444527858
45.0
208.18858445687016 25.669514577550817
2
238.27175834406762 25.669514577550817
0.25 0.25 0.25 0.25
30.083173887197457
45.0
466.9322386643022 493.9663251441246
0
466.9322386643022 478.4110827000148
0.25 0.25 0.25 0.25
15.55524244410979
45.0
280.41610654491876 374.0326259956294
1
280.41610654491876 405.6895844513084
0.25 0.25 0.25 0.25
31.656958455679014
45.0
