3253
485.5714992478969 318.3933051742807
3
359.3045334477339 318.3933051742807
0.25 0.25 0.25 0.25
126.26696580016302
45.0
454.6648696251068 76.66196394816308
1
454.6648696251068 39.0269817402739
0.25 0.25 0.25 0.25
115.68894568843697
45.0
428.08672255371675 85.11658427336016
1
428.08672255371675 59.04248795154467
0.25 0.25 0.25 0.25
144.15907222490483
45.0
119.41709226728996 368.7535866102155
3
69.7520921559067 368.7535866102155
0.25 0.25 0.25 0.25
49.665000111383264
45.0
353.88443262043484 301.99899278414375
0
353.88443262043484 253.60119339023944
0.25 0.25 0.25 0.25
48.3977993939043
45.0
30.466486221118775 437.2759067517035
2
47.4672535216971 437.2759067517035
0.25 0.25 0.25 0.25
17.000767300578328
45.0
480.91414863415116 297.1196684698722
3
482.9507893210405 297.1196684698722
0.25 0.25 0.25 0.25
36.13506204480836
45.0
101.09321040239826 330.12543533216945
3
84.73203690755027 330.12543533216945
0.25 0.25 0.25 0.25
16.361173494847993
45.0
302.3410024106488 253.80165467307074
1
302.3410024106488 274.92931248190666
0.25 0.25 0.25 0.25
21.12765780883593
45.0
319.13652643819063 323.524524729249
1
319.13652643819063 339.1013506981521
0.25 0.25 0.25 0.25
15.576825968903135
45.0
4.663791486277773 316.25532852339353
2
9.361401936122888 316.25532852339353
0.25 0.25 0.25 0.25
14.025193422400662
45.0
254.8460673361317 272.007571749909
2
274.7043039794165 272.007571749909
0.25 0.25 0.25 0.25
19.858236643284805
45.0
381.4786055265313 324.9217817756552
1
381.4786055265313 355.90994020476546
0.25 0.25 0.25 0.25
30.988158429110293
45.0
396.5620306955355 447.6095493293042
3
355.1742938337124 447.6095493293042
0.25 0.25 0.25 0.25
41.38773686182308
45.0
115.64714528737034 102.89234533751389
2
116.0825843841155 102.89234533751389
0.25 0.25 0.25 0.25
0.43543909674517156
45.0
457.85323891495614 8.400587466481756
1
457.85323891495614 13.307923287603812
0.25 0.25 0.25 0.25
4.9073358211220555
45.0
90.50781316695682 205.75437778168572
2
93.84568155245874 205.75437778168572
0.25 0.25 0.25 0.25
3.337868385501924
45.0
144.40611947649091 467.7882503178731
0
144.40611947649091 443.2896089041255
0.25 0.25 0.25 0.25
24.498641413747652
45.0
385.4647800698715 347.07639590408303
0
385.4647800698715 326.98387228455124
0.25 0.25 0.25 0.25
20.092523619531814
45.0
182.9084045120288 253.45952155511463
2
228.5223624802861 253.45952155511463
0.25 0.25 0.25 0.25
45.61395796825729
45.0
450.46234216098253 144.22273249519986
0
450.46234216098253 135.97205734558045
0.25 0.25 0.25 0.25
8.250675149619408
45.0
143.56801846116193 212.7496014418486
1
143.56801846116193 212.9739410418371
0.25 0.25 0.25 0.25
0.2243395999884934
45.0
240.98550216887546 401.75485680113235
1
240.98550216887546 449.9726415860687
0.25 0.25 0.25 0.25
48.21778478493635
45.0
393.07246724956667 12.720041860924276
2
414.0645417964969 12.720041860924276
0.25 0.25 0.25 0.25
20.992074546930205
45.0
155.8731262167281 273.41780107593365
3
143.3598311307235 273.41780107593365
0.25 0.25 0.25 0.25
12.513295086004616
45.0
349.15498702596597 143.41526730462755
2
357.8996315721703 143.41526730462755
0.25 0.25 0.25 0.25
8.744644546204327
45.0
421.76643461145846 448.023666304792
0
421.76643461145846 401.0639406560033
0.25 0.25 0.25 0.25
46.959725648788734
45.0
489.18086439841517 59.454859107058155
1
489.18086439841517 108.30902566206255
0.25 0.25 0.25 0.25
48.8541665550044
45.0
251.7083615427708 376.11199664908486
2
257.305918946241 376.11199664908486
0.25 0.25 0.25 0.25
5.597557403470166
45.0
303.5478000295283 135.7820315142461
0
303.5478000295283 96.16120769241903
0.25 0.25 0.25 0.25
39.62082382182709
45.0
323.66085829969364 414.2381258147612
0
323.66085829969364 368.4865731630907
0.25 0.25 0.25 0.25
45.751552651670444
45.0
354.8638211696811 144.9039760489458
0
354.8638211696811 130.7868720323395
0.25 0.25 0.25 0.25
14.117104016606296
45.0
335.7300500674966 202.71312385860176
0
335.7300500674966 188.86853718935077
0.25 0.25 0.25 0.25
13.844586669250997
45.0
50.5573486212041 391.75442912850093
2
73.00919101584624 391.75442912850093
0.25 0.25 0.25 0.25
22.451842394642146
45.0
89.79311158449991 371.15727193811347
2
102.85692393868874 371.15727193811347
0.25 0.25 0.25 0.25
13.063812354188824
45.0
132.49422340047556 441.9138055346479
2
142.0394232637961 441.9138055346479
0.25 0.25 0.25 0.25
9.545199863320535
45.0
431.25175956919963 251.64113004155413
3
403.02570313803756 251.64113004155413
0.25 0.25 0.25 0.25
28.22605643116206
45.0
77.90448418306991 29.67381463090193
1
77.90448418306991 68.2085331162435
0.25 0.25 0.25 0.25
38.53471848534157
45.0
288.019670783539 188.26266104743144
1
288.019670783539 231.706274827074
0.25 0.25 0.25 0.25
43.44361377964257
45.0
373.62225252751097 16.680208709628047
0
373.62225252751097 5.910651074611851
0.25 0.25 0.25 0.25
10.769557635016197
45.0
494.8336395404646 153.81464039034972
3
467.8833244919065 153.81464039034972
0.25 0.25 0.25 0.25
26.95031504855816
45.0
400.9330474090615 356.50364506244443
1
400.9330474090615 390.5554817152939
0.25 0.25 0.25 0.25
34.05183665284951
45.0
188.5252815394102 114.47919775605666
3
181.20811114972304 114.47919775605666
0.25 0.25 0.25 0.25
7.31717038968715
45.0
158.9353541717326 423.4781836333723
3
113.56488585720558 423.4781836333723
0.25 0.25 0.25 0.25
45.37046831452701
45.0
121.69581934909434 65.62985493274542
0
121.69581934909434 38.62315022745977
0.25 0.25 0.25 0.25
27.00670470528565
45.0
389.1535203672454 184.30217259328197
1
389.1535203672454 220.31942359617165
0.25 0.25 0.25 0.25
36.01725100288968
45.0
220.03529910464994 17.930514802446737
1
220.03529910464994 66.03976574700125
0.25 0.25 0.25 0.25
48.10925094455452
45.0
100.77320355279178 278.25138743934724
3
79.55795888254733 278.25138743934724
0.25 0.25 0.25 0.25
21.21524467024446
45.0
