3253
495.707225649201 449.34421602800154
0
495.707225649201 323.07725022783853
0.25 0.25 0.25 0.25
126.26696580016302
45.0
462.5774575244684 382.5282898175411
3
346.8885118360314 382.5282898175411
0.25 0.25 0.25 0.25
115.68894568843697
45.0
418.6406996470446 49.92898237721073
1
418.6406996470446 94.2300898476941
0.25 0.25 0.25 0.25
144.15907222490483
45.0
277.90290862377617 468.08358683298206
0
277.90290862377617 482.25141305563466
0.25 0.25 0.25 0.25
49.665000111383264
45.0
160.29323504481766 205.20339399633514
2
208.69103443872197 205.20339399633514
0.25 0.25 0.25 0.25
48.3977993939043
45.0
343.55039439160447 233.2666991447635
3
326.54962709102614 233.2666991447635
0.25 0.25 0.25 0.25
17.000767300578328
45.0
227.9687143204926 466.0132414392799
0
227.9687143204926 497.8516965159117
0.25 0.25 0.25 0.25
36.13506204480836
45.0
2.9261694333103137 493.7371702806495
2
13.43500406153768 493.7371702806495
0.25 0.25 0.25 0.25
16.361173494847993
45.0
238.95802898414104 133.49626887068757
3
217.83037117530512 133.49626887068757
0.25 0.25 0.25 0.25
21.12765780883593
45.0
272.4060485314813 463.71595844937696
0
272.4060485314813 448.13913248047385
0.25 0.25 0.25 0.25
15.576825968903135
45.0
205.71410984973215 190.02858772178757
3
191.6889164273315 190.02858772178757
0.25 0.25 0.25 0.25
14.025193422400662
45.0
3.311009026570815 13.850495387206472
1
3.311009026570815 6.007741256078333
0.25 0.25 0.25 0.25
19.858236643284805
45.0
40.608862806318136 210.25584178769054
3
9.620704377207844 210.25584178769054
0.25 0.25 0.25 0.25
30.988158429110293
45.0
472.5804434027492 428.2272400852265
1
472.5804434027492 469.6149769470496
0.25 0.25 0.25 0.25
41.38773686182308
45.0
113.46994980364448 101.58602804727838
0
113.46994980364448 101.1505889505332
0.25 0.25 0.25 0.25
0.43543909674517156
45.0
493.0734028738234 57.473945677702304
1
493.0734028738234 62.38128149882436
0.25 0.25 0.25 0.25
4.9073358211220555
45.0
157.26518087699534 199.07864101068185
2
160.60304926249728 199.07864101068185
0.25 0.25 0.25 0.25
3.337868385501924
45.0
144.4061194764909 238.22805271715524
3
119.90747806274324 238.22805271715524
0.25 0.25 0.25 0.25
24.498641413747652
45.0
493.98007821293777 226.52125418689224
3
473.887554593406 226.52125418689224
0.25 0.25 0.25 0.25
20.092523619531814
45.0
90.7753432975149 385.13589000048745
0
90.7753432975149 339.52193203223015
0.25 0.25 0.25 0.25
45.61395796825729
45.0
367.9555906647887 259.7321845898716
0
367.9555906647887 251.4815094402522
0.25 0.25 0.25 0.25
8.250675149619408
45.0
145.3627352610699 214.99299744173356
0
145.3627352610699 214.76865784174507
0.25 0.25 0.25 0.25
0.2243395999884934
45.0
109.11247180934217 176.8585606181038
0
109.11247180934217 128.64077583316745
0.25 0.25 0.25 0.25
48.21778478493635
45.0
330.09624360877604 50.25618177986633
3
309.1041690618458 50.25618177986633
0.25 0.25 0.25 0.25
20.992074546930205
45.0
155.87312621672814 323.4709814199522
0
155.87312621672814 310.95768633394755
0.25 0.25 0.25 0.25
12.513295086004616
45.0
340.41034247976165 187.1384900356491
1
340.41034247976165 195.88313458185343
0.25 0.25 0.25 0.25
8.744644546204327
45.0
59.934390796585404 434.1779049293553
2
106.89411644537414 434.1779049293553
0.25 0.25 0.25 0.25
46.959725648788734
45.0
315.4024693815673 59.45485910705824
1
315.4024693815673 108.30902566206264
0.25 0.25 0.25 0.25
48.8541665550044
45.0
285.2937059635917 342.52665222826397
0
285.2937059635917 336.9290948247938
0.25 0.25 0.25 0.25
5.597557403470166
45.0
251.14373347605093 184.88225979039572
2
290.764557297878 184.88225979039572
0.25 0.25 0.25 0.25
39.62082382182709
45.0
467.44967459145505 93.97725725306802
0
467.44967459145505 48.225704601397574
0.25 0.25 0.25 0.25
45.751552651670444
45.0
453.68354928592504 130.78687203233946
2
467.8006533025313 130.78687203233946
0.25 0.25 0.25 0.25
14.117104016606296
45.0
321.88546339824563 216.55771052785275
1
321.88546339824563 230.40229719710374
0.25 0.25 0.25 0.25
13.844586669250997
45.0
73.00919101584624 324.39890194457445
0
73.00919101584624 301.9470595499323
0.25 0.25 0.25 0.25
22.451842394642146
45.0
311.87792160570996 302.2474192071659
3
298.81410925152113 302.2474192071659
0.25 0.25 0.25 0.25
13.063812354188824
45.0
151.58462312711663 348.09179747230036
1
151.58462312711663 357.6369973356209
0.25 0.25 0.25 0.25
9.545199863320535
45.0
374.7996467068755 195.18901717923004
2
403.02570313803756 195.18901717923004
0.25 0.25 0.25 0.25
28.22605643116206
45.0
270.5780766097777 240.06921476648904
1
270.5780766097777 278.6039332518306
0.25 0.25 0.25 0.25
38.53471848534157
45.0
374.9068983428242 188.26266104743144
1
374.9068983428242 231.706274827074
0.25 0.25 0.25 0.25
43.44361377964257
45.0
416.7004830675758 167.45401559985478
2
427.47004070259203 167.45401559985478
0.25 0.25 0.25 0.25
10.769557635016197
45.0
279.2311191519995 399.20581903072144
0
279.2311191519995 372.2555039821633
0.25 0.25 0.25 0.25
26.95031504855816
45.0
416.3110322593266 234.87431510336168
1
416.3110322593266 268.9261517562112
0.25 0.25 0.25 0.25
34.05183665284951
45.0
195.84245192909736 151.06504970449245
2
203.15962231878453 151.06504970449245
0.25 0.25 0.25 0.25
7.31717038968715
45.0
22.823949228151555 16.99366588303515
2
22.546519086375454 16.99366588303515
0.25 0.25 0.25 0.25
45.37046831452701
45.0
175.7092287596656 258.4506015306823
3
148.70252405437995 258.4506015306823
0.25 0.25 0.25 0.25
27.00670470528565
45.0
403.22600169632756 184.30217259328197
1
403.22600169632756 220.31942359617165
0.25 0.25 0.25 0.25
36.01725100288968
45.0
27.59829532643188 499.0230242479918
2
20.510955618122637 499.0230242479918
0.25 0.25 0.25 0.25
48.10925094455452
45.0
291.7104055849919 299.4666321095917
0
291.7104055849919 278.25138743934724
0.25 0.25 0.25 0.25
21.21524467024446
45.0
