72365
462.8436926796102 352.72809522163084
3
447.4949189494065 352.72809522163084
0.25 0.25 0.25 0.25
15.348773730203646
45.0
110.16163434338381 49.823884904011095
3
99.83688999950702 49.823884904011095
0.25 0.25 0.25 0.25
10.324744343876791
45.0
34.35868665349811 239.9407060704741
0
34.35868665349811 220.5459981239406
0.25 0.25 0.25 0.25
19.3947079465335
45.0
39.24414370558783 64.55083833858711
3
34.36850839741043 64.55083833858711
0.25 0.25 0.25 0.25
4.875635308177401
45.0
368.9122580465644 259.01844542475
1
368.9122580465644 306.1692265426169
0.25 0.25 0.25 0.25
47.15078111786695
45.0
434.050356425238 52.701907272667555
3
428.71616906144567 52.701907272667555
0.25 0.25 0.25 0.25
5.33418736379237
45.0
434.4271540997695 409.07515632109204
2
459.0792883805636 409.07515632109204
0.25 0.25 0.25 0.25
24.65213428079408
45.0
403.69114463099106 493.2761936281953
0
403.69114463099106 452.12714086685753
0.25 0.25 0.25 0.25
41.149052761337785
45.0
487.3165441972501 370.27450951698313
3
452.44706472270394 370.27450951698313
0.25 0.25 0.25 0.25
34.86947947454614
45.0
110.8077414691349 30.68428903541527
1
110.8077414691349 5.637881021157156
0.25 0.25 0.25 0.25
36.322170056572425
45.0
144.61843889806698 128.66464331358077
3
111.67474633102941 128.66464331358077
0.25 0.25 0.25 0.25
32.943692567037566
45.0
73.56463912612847 20.163325489156165
3
59.38153265125844 20.163325489156165
0.25 0.25 0.25 0.25
14.183106474870028
45.0
183.26604397599255 473.99401149791356
0
183.26604397599255 426.4554782293769
0.25 0.25 0.25 0.25
47.53853326853662
45.0
468.89675959748183 25.615330445645554
1
468.89675959748183 11.379145838047435
0.25 0.25 0.25 0.25
36.99447628369299
45.0
35.591742904453966 102.21884534047443
3
1.2915726958227083 102.21884534047443
0.25 0.25 0.25 0.25
34.30017020863126
45.0
299.95567382821173 17.94303458187528
3
258.1500219040819 17.94303458187528
0.25 0.25 0.25 0.25
41.80565192412985
45.0
483.74886710256334 363.30771297129013
3
474.1690697214857 363.30771297129013
0.25 0.25 0.25 0.25
9.579797381077631
45.0
105.54919094375956 125.53146288806897
3
85.94101967242207 125.53146288806897
0.25 0.25 0.25 0.25
19.608171271337486
45.0
330.5247138270047 407.8082838043558
2
351.56655267474935 407.8082838043558
0.25 0.25 0.25 0.25
21.04183884774465
45.0
18.899162658864725 111.42794348914859
2
27.720887740483803 111.42794348914859
0.25 0.25 0.25 0.25
8.82172508161908
45.0
487.3908178279148 178.9229745527059
3
470.50504762468915 178.9229745527059
0.25 0.25 0.25 0.25
16.885770203225647
45.0
190.99327766860418 7.7217562760626315
2
197.01097087837104 7.7217562760626315
0.25 0.25 0.25 0.25
6.0176932097668505
45.0
360.6144654794858 499.00021839818254
3
355.3537825178595 499.00021839818254
0.25 0.25 0.25 0.25
5.26068296162629
45.0
157.34628887213876 442.7362618623473
1
157.34628887213876 490.12402291032026
0.25 0.25 0.25 0.25
47.38776104797297
45.0
323.44839023035587 90.71830558854434
1
323.44839023035587 93.69262104229725
0.25 0.25 0.25 0.25
2.974315453752907
45.0
456.4704352932423 28.536694142809772
3
414.6606117357345 28.536694142809772
0.25 0.25 0.25 0.25
41.809823557507805
45.0
326.4697430785167 447.08147509156225
2
351.6619650076372 447.08147509156225
0.25 0.25 0.25 0.25
25.192221929120556
45.0
112.35275902421965 25.54208807491318
1
112.35275902421965 25.615760572584595
0.25 0.25 0.25 0.25
0.07367249767141204
45.0
387.2532351591174 321.15447403431347
0
387.2532351591174 312.5649900591912
0.25 0.25 0.25 0.25
8.589483975122263
45.0
451.46757549950644 221.16152989477092
3
409.0930241284144 221.16152989477092
0.25 0.25 0.25 0.25
42.37455137109202
45.0
110.02422844225055 374.91504109698747
0
110.02422844225055 365.1782790980689
0.25 0.25 0.25 0.25
9.736761998918558
45.0
277.08566895495056 112.37827487763072
1
277.08566895495056 149.68759896172827
0.25 0.25 0.25 0.25
37.309324084097554
45.0
135.66108511753788 65.23218430734964
1
135.66108511753788 86.22655825057657
0.25 0.25 0.25 0.25
20.994373943226936
45.0
380.65526119615686 89.9697373393489
0
380.65526119615686 65.9258254505845
0.25 0.25 0.25 0.25
24.043911888764395
45.0
428.76979596498074 279.99645043154857
1
428.76979596498074 301.101813576405
0.25 0.25 0.25 0.25
21.10536314485641
45.0
45.98238503981973 166.19351671154976
0
45.98238503981973 133.79977463992373
0.25 0.25 0.25 0.25
32.39374207162602
45.0
326.75710843880125 297.8795397246545
3
283.7801755854946 297.8795397246545
0.25 0.25 0.25 0.25
42.97693285330664
45.0
484.48444449553085 55.27138090826256
0
484.48444449553085 40.77965901478139
0.25 0.25 0.25 0.25
14.491721893481174
45.0
261.6469326114177 416.4857750531236
2
289.1295400223359 416.4857750531236
0.25 0.25 0.25 0.25
27.48260741091818
45.0
47.369185922464965 102.27521807480252
2
53.59242199966843 102.27521807480252
0.25 0.25 0.25 0.25
6.22323607720347
45.0
454.8231385512995 458.56971109578956
3
499.17036530147686 458.56971109578956
0.25 0.25 0.25 0.25
46.00649614722365
45.0
275.1065350303983 424.68935664538685
1
275.1065350303983 448.76305082083735
0.25 0.25 0.25 0.25
24.073694175450473
45.0
335.5817589953989 436.74871518153935
2
342.77737569016114 436.74871518153935
0.25 0.25 0.25 0.25
7.195616694762252
45.0
116.22342624283141 407.15041493243257
2
154.82137323232078 407.15041493243257
0.25 0.25 0.25 0.25
38.59794698948937
45.0
248.17912658689815 332.69855614064113
3
210.72914343348748 332.69855614064113
0.25 0.25 0.25 0.25
37.44998315341066
45.0
400.6182066068378 15.728305192750774
3
372.26894048493125 15.728305192750774
0.25 0.25 0.25 0.25
28.349266121906574
45.0
158.92960851925415 71.79519067392447
2
188.0263500635997 71.79519067392447
0.25 0.25 0.25 0.25
29.09674154434555
45.0
402.55007533330854 0.6951400188481038
2
415.2198762395036 0.6951400188481038
0.25 0.25 0.25 0.25
12.66980090619504
45.0
