72365
155.86821807553687 475.51828506326024
3
140.51944434533323 475.51828506326024
0.25 0.25 0.25 0.25
15.348773730203646
45.0
244.3833108137822 39.49914056013431
2
254.708055157659 39.49914056013431
0.25 0.25 0.25 0.25
10.324744343876791
45.0
62.61485307916939 236.402179373121
2
82.0095610257029 236.402179373121
0.25 0.25 0.25 0.25
19.3947079465335
45.0
107.5030380200715 64.55083833858711
2
112.37867332824891 64.55083833858711
0.25 0.25 0.25 0.25
4.875635308177401
45.0
432.6510209571736 316.62452451444767
2
479.80180207504054 316.62452451444767
0.25 0.25 0.25 0.25
47.15078111786695
45.0
498.06060479074625 21.976715820425618
1
498.06060479074625 27.310903184217988
0.25 0.25 0.25 0.25
5.33418736379237
45.0
360.47075125738724 236.51021635553343
2
385.1228855381813 236.51021635553343
0.25 0.25 0.25 0.25
24.65213428079408
45.0
432.41746366443545 41.66149226919579
0
432.41746366443545 0.5124395078580051
0.25 0.25 0.25 0.25
41.149052761337785
45.0
268.5970994809269 152.767682601209
1
268.5970994809269 187.63716207575516
0.25 0.25 0.25 0.25
34.86947947454614
45.0
70.80310881372725 413.2073980736842
2
107.12527887029967 413.2073980736842
0.25 0.25 0.25 0.25
36.322170056572425
45.0
441.111672001405 113.63042764455551
2
474.05536456844254 113.63042764455551
0.25 0.25 0.25 0.25
32.943692567037566
45.0
357.22676862352904 388.92409383577694
2
371.4098750983991 388.92409383577694
0.25 0.25 0.25 0.25
14.183106474870028
45.0
339.6578219779102 3.0821225481835626
2
387.19635524644684 3.0821225481835626
0.25 0.25 0.25 0.25
47.53853326853662
45.0
467.74761925719224 491.15819718576654
0
467.74761925719224 471.8473265305405
0.25 0.25 0.25 0.25
36.99447628369299
45.0
315.2881685231978 69.28200570268186
2
349.588338731829 69.28200570268186
0.25 0.25 0.25 0.25
34.30017020863126
45.0
7.316110359302797 56.41304032688879
0
7.316110359302797 14.607388402758943
0.25 0.25 0.25 0.25
41.80565192412985
45.0
407.1104880539422 286.669333922669
0
407.1104880539422 277.0895365415914
0.25 0.25 0.25 0.25
9.579797381077631
45.0
223.18148373357275 207.80744872466835
2
242.78965500491023 207.80744872466835
0.25 0.25 0.25 0.25
19.608171271337486
45.0
6.144707736909794 449.89196149984514
2
14.897131110834856 449.89196149984514
0.25 0.25 0.25 0.25
21.04183884774465
45.0
463.1304825168621 279.0407200399113
2
471.9522075984812 279.0407200399113
0.25 0.25 0.25 0.25
8.82172508161908
45.0
200.33272437307858 330.89490638173686
0
200.33272437307858 314.0091361785112
0.25 0.25 0.25 0.25
16.885770203225647
45.0
67.76753035137044 122.05792726163274
1
67.76753035137044 128.0756204713996
0.25 0.25 0.25 0.25
6.0176932097668505
45.0
481.6101735968904 462.17543766679853
3
476.3494906352641 462.17543766679853
0.25 0.25 0.25 0.25
5.26068296162629
45.0
316.53132160759094 168.12373155964508
1
316.53132160759094 215.51149260761804
0.25 0.25 0.25 0.25
47.38776104797297
45.0
290.7309202390737 81.79535922728562
1
290.7309202390737 84.76967468103852
0.25 0.25 0.25 0.25
2.974315453752907
45.0
327.6051992405316 237.58581193034877
0
327.6051992405316 195.77598837284097
0.25 0.25 0.25 0.25
41.809823557507805
45.0
6.6597351647714405 26.50257946133486
1
6.6597351647714405 51.69480139045542
0.25 0.25 0.25 0.25
25.192221929120556
45.0
112.50010401956247 24.952708093541872
3
112.42643152189106 24.952708093541872
0.25 0.25 0.25 0.25
0.07367249767141204
45.0
483.9045052140484 312.5649900591912
3
475.31502123892614 312.5649900591912
0.25 0.25 0.25 0.25
8.589483975122263
45.0
459.8636610581815 143.22019953884882
0
459.8636610581815 100.84564816775679
0.25 0.25 0.25 0.25
42.37455137109202
45.0
36.02720154152784 401.1394329278858
3
26.290439542609278 401.1394329278858
0.25 0.25 0.25 0.25
9.736761998918558
45.0
499.058386540464 186.09631779514973
0
499.058386540464 148.78699371105216
0.25 0.25 0.25 0.25
37.309324084097554
45.0
101.40228650597729 186.70030301137365
0
101.40228650597729 165.7059290681467
0.25 0.25 0.25 0.25
20.994373943226936
45.0
29.840882192795508 405.1081129965988
0
29.840882192795508 381.0642011078344
0.25 0.25 0.25 0.25
24.043911888764395
45.0
162.18037209099882 424.52846554046147
1
162.18037209099882 445.6338286853179
0.25 0.25 0.25 0.25
21.10536314485641
45.0
370.93025767091166 388.7437069925251
3
338.5365155992856 388.7437069925251
0.25 0.25 0.25 0.25
32.39374207162602
45.0
103.01222009426516 188.86458527014696
3
60.03528724095852 188.86458527014696
0.25 0.25 0.25 0.25
42.97693285330664
45.0
49.73278769109584 171.20515605611195
2
64.224509584577 171.20515605611195
0.25 0.25 0.25 0.25
14.491721893481174
45.0
179.19911037866316 391.135973070449
3
151.716502967745 391.135973070449
0.25 0.25 0.25 0.25
27.48260741091818
45.0
240.28950431577243 208.07023138726146
1
240.28950431577243 214.29346746446492
0.25 0.25 0.25 0.25
6.22323607720347
45.0
131.11839612368775 403.41080046253956
2
177.1248922709114 403.41080046253956
0.25 0.25 0.25 0.25
46.00649614722365
45.0
130.66436997769546 424.68935664538685
1
130.66436997769546 448.76305082083735
0.25 0.25 0.25 0.25
24.073694175450473
45.0
256.4299753530143 225.0573001646354
1
256.4299753530143 232.25291685939766
0.25 0.25 0.25 0.25
7.195616694762252
45.0
189.0135279463596 410.69703665915654
3
150.41558095687023 410.69703665915654
0.25 0.25 0.25 0.25
38.59794698948937
45.0
414.77102503240604 79.2512585468761
2
452.2210081858167 79.2512585468761
0.25 0.25 0.25 0.25
37.44998315341066
45.0
194.7163819532002 48.74591278433254
0
194.7163819532002 20.396646662425965
0.25 0.25 0.25 0.25
28.349266121906574
45.0
92.23027788760459 159.08541530696112
1
92.23027788760459 188.18215685130667
0.25 0.25 0.25 0.25
29.09674154434555
45.0
470.7519156047408 493.9031037710461
0
470.7519156047408 493.4270953227588
0.25 0.25 0.25 0.25
12.66980090619504
45.0
