72365
478.19246640981385 229.9379053800015
1
478.19246640981385 245.28667911020514
0.25 0.25 0.25 0.25
15.348773730203646
45.0
48.213168280123085 60.14862924788788
0
48.213168280123085 49.823884904011095
0.25 0.25 0.25 0.25
10.324744343876791
45.0
62.61485307916939 317.51953785660817
0
62.61485307916939 298.12482991007465
0.25 0.25 0.25 0.25
19.3947079465335
45.0
131.88121456095854 84.05337957129674
3
127.00557925278113 84.05337957129674
0.25 0.25 0.25 0.25
4.875635308177401
45.0
473.04741680709253 269.47374339658074
1
473.04741680709253 316.62452451444767
0.25 0.25 0.25 0.25
47.15078111786695
45.0
464.6000836627073 63.37028200025229
1
464.6000836627073 68.70446936404466
0.25 0.25 0.25 0.25
5.33418736379237
45.0
459.0792883805636 492.3163065557316
2
483.73142266135767 492.3163065557316
0.25 0.25 0.25 0.25
24.65213428079408
45.0
20.92693605105768 494.3010726439113
2
20.222116710280105 494.3010726439113
0.25 0.25 0.25 0.25
41.149052761337785
45.0
408.0750173791115 187.63716207575516
2
442.94449685365765 187.63716207575516
0.25 0.25 0.25 0.25
34.86947947454614
45.0
179.7696189834445 497.12750022914327
0
179.7696189834445 466.5503297142843
0.25 0.25 0.25 0.25
36.322170056572425
45.0
309.3369017332548 212.46150534566817
3
276.3932091662173 212.46150534566817
0.25 0.25 0.25 0.25
32.943692567037566
45.0
59.38153265125844 388.92409383577694
2
73.56463912612847 388.92409383577694
0.25 0.25 0.25 0.25
14.183106474870028
45.0
373.42017705013905 472.3032101371827
2
420.9587103186757 472.3032101371827
0.25 0.25 0.25 0.25
47.53853326853662
45.0
134.79733270395548 121.21343434883681
3
97.80285642026249 121.21343434883681
0.25 0.25 0.25 0.25
36.99447628369299
45.0
273.1097889732273 417.57877173868815
1
273.1097889732273 451.8789419473194
0.25 0.25 0.25 0.25
34.30017020863126
45.0
201.71214926134644 441.91913658355304
2
243.5178011854763 441.91913658355304
0.25 0.25 0.25 0.25
41.80565192412985
45.0
387.95089329178694 296.24913130374665
2
397.5306906728646 296.24913130374665
0.25 0.25 0.25 0.25
9.579797381077631
45.0
282.0059975475852 105.9232916167314
0
282.0059975475852 86.31512034539392
0.25 0.25 0.25 0.25
19.608171271337486
45.0
99.06448650181346 281.5572507178879
0
99.06448650181346 260.5154118701432
0.25 0.25 0.25 0.25
21.04183884774465
45.0
483.9391669934233 305.5058952847686
3
475.11744191180424 305.5058952847686
0.25 0.25 0.25 0.25
8.82172508161908
45.0
445.06610135918254 94.49412353657763
2
461.9518715624082 94.49412353657763
0.25 0.25 0.25 0.25
16.885770203225647
45.0
70.63941347326708 182.23485935930134
3
64.62172026350024 182.23485935930134
0.25 0.25 0.25 0.25
6.0176932097668505
45.0
407.96061213412236 414.82929101216195
0
407.96061213412236 409.56860805053566
0.25 0.25 0.25 0.25
5.26068296162629
45.0
394.28509411200355 452.45029784748283
1
394.28509411200355 499.8380588954558
0.25 0.25 0.25 0.25
47.38776104797297
45.0
243.1418729790271 114.5128292185676
3
240.16755752527422 114.5128292185676
0.25 0.25 0.25 0.25
2.974315453752907
45.0
254.29656518439037 55.08295297220584
2
296.1063887418982 55.08295297220584
0.25 0.25 0.25 0.25
41.809823557507805
45.0
183.00528866861538 376.572971404594
1
183.00528866861538 401.76519333371454
0.25 0.25 0.25 0.25
25.192221929120556
45.0
112.79479401024811 24.437000609841977
2
112.86846650791952 24.437000609841977
0.25 0.25 0.25 0.25
0.07367249767141204
45.0
284.1794274576501 261.0280862084575
2
292.76891143277237 261.0280862084575
0.25 0.25 0.25 0.25
8.589483975122263
45.0
158.76537660199028 348.28518400804694
2
201.1399279730823 348.28518400804694
0.25 0.25 0.25 0.25
42.37455137109202
45.0
90.55070444441341 459.56000492139714
3
80.81394244549486 459.56000492139714
0.25 0.25 0.25 0.25
9.736761998918558
45.0
433.67471556197506 111.47766962695461
3
396.3653914778775 111.47766962695461
0.25 0.25 0.25 0.25
37.309324084097554
45.0
108.54145292629205 338.15904556929985
0
108.54145292629205 317.1646716260729
0.25 0.25 0.25 0.25
20.994373943226936
45.0
101.9726178590887 162.10147300564205
1
101.9726178590887 186.14538489440645
0.25 0.25 0.25 0.25
24.043911888764395
45.0
91.0839856472781 132.25890841755376
3
69.97862250242169 132.25890841755376
0.25 0.25 0.25 0.25
21.10536314485641
45.0
337.526063684454 287.3188722912146
2
369.91980575608005 287.3188722912146
0.25 0.25 0.25 0.25
32.39374207162602
45.0
446.8276829207183 283.881676116226
0
446.8276829207183 240.90474326291937
0.25 0.25 0.25 0.25
42.97693285330664
45.0
209.14172851938878 55.27138090826256
1
209.14172851938878 69.76310280174373
0.25 0.25 0.25 0.25
14.491721893481174
45.0
491.00960069031845 86.6944861221053
3
481.50779189876334 86.6944861221053
0.25 0.25 0.25 0.25
27.48260741091818
45.0
178.05714354373777 214.29346746446492
1
178.05714354373777 220.5167035416684
0.25 0.25 0.25 0.25
6.22323607720347
45.0
223.13138841813506 357.4043043153159
1
223.13138841813506 403.41080046253956
0.25 0.25 0.25 0.25
46.00649614722365
45.0
10.295899100443105 280.24719159268386
2
34.36959327589358 280.24719159268386
0.25 0.25 0.25 0.25
24.073694175450473
45.0
342.77737569016114 361.774017365118
3
335.5817589953989 361.774017365118
0.25 0.25 0.25 0.25
7.195616694762252
45.0
386.40905516925704 329.95452095345377
0
386.40905516925704 291.35657396396437
0.25 0.25 0.25 0.25
38.59794698948937
45.0
238.67065440744054 442.60154493889496
1
238.67065440744054 480.0515280923056
0.25 0.25 0.25 0.25
37.44998315341066
45.0
230.84133380837682 185.82390192419012
2
259.1905999302834 185.82390192419012
0.25 0.25 0.25 0.25
28.349266121906574
45.0
373.31758682192424 246.37563993999777
3
344.2208452775787 246.37563993999777
0.25 0.25 0.25 0.25
29.09674154434555
45.0
318.71430473040004 366.7290862608082
3
306.044503824205 366.7290862608082
0.25 0.25 0.25 0.25
12.66980090619504
45.0
