4531
201.53132928443046 319.0446783385463
3
105.39540644546999 319.0446783385463
0.25 0.25 0.25 0.25
96.13592283896047
45.0
414.55515262780636 177.94743610952787
0
414.55515262780636 32.828108954792526
0.25 0.25 0.25 0.25
145.11932715473534
45.0
142.22979217324712 337.73143078540113
2
310.38558251716046 337.73143078540113
0.25 0.25 0.25 0.25
168.15579034391334
45.0
182.47693609180538 483.11447433437434
3
93.2435507010796 483.11447433437434
0.25 0.25 0.25 0.25
89.23338539072579
45.0
236.15025177342346 472.8801333111196
0
236.15025177342346 301.7655463253746
0.25 0.25 0.25 0.25
171.114586985745
45.0
346.1651601399732 347.3190851144507
2
433.7650664009294 347.3190851144507
0.25 0.25 0.25 0.25
87.59990626095622
45.0
13.837525692906496 269.063201876157
1
13.837525692906496 357.644029439593
0.25 0.25 0.25 0.25
88.58082756343599
45.0
144.1427569579829 69.78429073113944
2
273.50019503118256 69.78429073113944
0.25 0.25 0.25 0.25
129.35743807319966
45.0
52.968142297274454 259.52752016712407
1
52.968142297274454 378.4595476295144
0.25 0.25 0.25 0.25
118.93202746239032
45.0
231.81487955074977 87.55369270210228
3
117.0860593876365 87.55369270210228
0.25 0.25 0.25 0.25
114.72882016311327
45.0
86.76708416610167 157.36211742973836
3
67.70100346466441 157.36211742973836
0.25 0.25 0.25 0.25
19.066080701437254
45.0
311.7182064231235 8.634476566956423
1
311.7182064231235 39.55172066482721
0.25 0.25 0.25 0.25
48.18619723178363
45.0
429.90316035893863 5.243172973954935
3
425.8881496712317 5.243172973954935
0.25 0.25 0.25 0.25
4.0150106877069325
45.0
96.53661798629315 480.92684658187585
1
96.53661798629315 494.72123252265305
0.25 0.25 0.25 0.25
13.794385940777204
45.0
251.5769584620507 65.73964992113281
1
251.5769584620507 110.31986314163305
0.25 0.25 0.25 0.25
44.580213220500234
45.0
185.8623478111723 16.55960125362931
3
136.27508388419722 16.55960125362931
0.25 0.25 0.25 0.25
49.58726392697507
45.0
484.97902249593835 461.4726478478323
0
484.97902249593835 444.51631386187535
0.25 0.25 0.25 0.25
16.956333985956967
45.0
323.45804331475534 214.8720991996132
0
323.45804331475534 205.46351662035028
0.25 0.25 0.25 0.25
9.408582579262909
45.0
39.96177170115391 7.5285884375403995
2
59.08574052401465 7.5285884375403995
0.25 0.25 0.25 0.25
19.12396882286075
45.0
265.32079269821054 294.61858326791116
3
234.8185864873685 294.61858326791116
0.25 0.25 0.25 0.25
30.502206210842054
45.0
297.20741063244225 337.6885998979032
2
329.15471546759335 337.6885998979032
0.25 0.25 0.25 0.25
31.947304835151087
45.0
403.42405358500247 177.75496860346098
3
388.55130803992597 177.75496860346098
0.25 0.25 0.25 0.25
14.872745545076521
45.0
167.72810970985228 220.6781963311161
2
194.54395318539667 220.6781963311161
0.25 0.25 0.25 0.25
26.815843475544384
45.0
407.5589178081049 380.78094147597943
3
393.7884806847271 380.78094147597943
0.25 0.25 0.25 0.25
13.770437123377816
45.0
473.45212686999866 82.62249389005274
1
473.45212686999866 121.15901560175405
0.25 0.25 0.25 0.25
38.536521711701305
45.0
133.10403404341 200.56966983914594
0
133.10403404341 193.94394213561645
0.25 0.25 0.25 0.25
6.625727703529483
45.0
262.555266239894 474.34805009659084
1
262.555266239894 486.68360683318355
0.25 0.25 0.25 0.25
12.335556736592723
45.0
137.51640122877166 427.3894482847097
3
123.10859748918097 427.3894482847097
0.25 0.25 0.25 0.25
14.407803739590697
45.0
398.83986917722916 47.636413553061686
2
440.6821583680874 47.636413553061686
0.25 0.25 0.25 0.25
41.84228919085825
45.0
314.3166079939324 23.2046607505811
1
314.3166079939324 21.223333238817588
0.25 0.25 0.25 0.25
44.427993989398686
45.0
230.47679838739032 136.7932992925533
0
230.47679838739032 136.598418879417
0.25 0.25 0.25 0.25
0.19488041313626137
45.0
405.1958231747 298.1666632607612
1
405.1958231747 340.68192940232666
0.25 0.25 0.25 0.25
42.515266141565455
45.0
144.13762276443546 464.1268525640577
3
117.12611399616223 464.1268525640577
0.25 0.25 0.25 0.25
27.011508768273234
45.0
370.74586320753923 148.3899537624712
3
337.23654111108385 148.3899537624712
0.25 0.25 0.25 0.25
33.50932209645536
45.0
273.07976583491785 396.88120361341083
2
293.275326031527 396.88120361341083
0.25 0.25 0.25 0.25
20.195560196609186
45.0
178.36860750950092 123.06034001898865
3
144.47597956420262 123.06034001898865
0.25 0.25 0.25 0.25
33.8926279452983
45.0
244.49013672463087 392.80879196356636
0
244.49013672463087 390.4241330693875
0.25 0.25 0.25 0.25
2.3846588941788593
45.0
472.7493524788027 264.86443313552076
0
472.7493524788027 243.5245371825355
0.25 0.25 0.25 0.25
21.33989595298525
45.0
243.89289513678153 242.40225313635167
3
217.3046469044181 242.40225313635167
0.25 0.25 0.25 0.25
26.588248232363433
45.0
72.6470825134069 251.8317232830832
2
104.58577426231491 251.8317232830832
0.25 0.25 0.25 0.25
31.938691748908006
45.0
276.76300098895587 382.3254670884627
1
276.76300098895587 389.2333311421146
0.25 0.25 0.25 0.25
6.9078640536519185
45.0
172.82251504959433 109.43823472623495
2
209.98780433265 109.43823472623495
0.25 0.25 0.25 0.25
37.16528928305568
45.0
403.8094674828077 180.6546487054365
1
403.8094674828077 213.48721297417137
0.25 0.25 0.25 0.25
32.83256426873487
45.0
482.23825356355104 325.3343252617084
1
482.23825356355104 339.84252514895144
0.25 0.25 0.25 0.25
14.508199887243062
45.0
77.61448192753531 241.014634993304
2
88.8226985763927 241.014634993304
0.25 0.25 0.25 0.25
11.208216648857384
45.0
6.0446209938617415 8.076404499203576
2
23.360904956733762 8.076404499203576
0.25 0.25 0.25 0.25
17.31628396287202
45.0
314.3884237351001 46.60055058184821
1
314.3884237351001 94.75772502346058
0.25 0.25 0.25 0.25
48.15717444161237
45.0
138.01574575179686 47.88182590867769
1
138.01574575179686 53.59916814522447
0.25 0.25 0.25 0.25
5.71734223654678
45.0
