4531
183.01236207141147 300.1902987203763
2
279.14828491037196 300.1902987203763
0.25 0.25 0.25 0.25
96.13592283896047
45.0
269.435825473071 404.844930086409
2
414.55515262780636 404.844930086409
0.25 0.25 0.25 0.25
145.11932715473534
45.0
194.08178851457956 124.90193012408741
1
194.08178851457956 43.253860219825924
0.25 0.25 0.25 0.25
168.15579034391334
45.0
174.45660547109782 427.6521402748998
0
174.45660547109782 483.11447433437445
0.25 0.25 0.25 0.25
89.23338539072579
45.0
186.14148794147678 114.95289292408404
2
357.2560749272218 114.95289292408404
0.25 0.25 0.25 0.25
171.114586985745
45.0
83.3654413571045 48.11833520210048
2
4.234464903851716 48.11833520210048
0.25 0.25 0.25 0.25
87.59990626095622
45.0
456.7416635100865 85.26010837758697
3
454.67750892647757 85.26010837758697
0.25 0.25 0.25 0.25
88.58082756343599
45.0
144.1427569579829 283.42851890286227
1
144.1427569579829 412.7859569760619
0.25 0.25 0.25 0.25
129.35743807319966
45.0
52.968142297274454 378.4595476295144
2
171.90016975966478 378.4595476295144
0.25 0.25 0.25 0.25
118.93202746239032
45.0
391.43927849189095 174.46332909214362
0
391.43927849189095 59.73450892903034
0.25 0.25 0.25 0.25
114.72882016311327
45.0
182.09748767328796 109.56301239038321
1
182.09748767328796 128.62909309182047
0.25 0.25 0.25 0.25
19.066080701437254
45.0
190.9798984626852 353.0348175524
3
142.79370123090158 353.0348175524
0.25 0.25 0.25 0.25
48.18619723178363
45.0
405.81309623269703 22.861901839993592
0
405.81309623269703 18.84689115228666
0.25 0.25 0.25 0.25
4.0150106877069325
45.0
344.88373211857737 218.83351370710898
0
344.88373211857737 205.03912776633177
0.25 0.25 0.25 0.25
13.794385940777204
45.0
251.5769584620507 157.16141618136837
2
296.15717168255094 157.16141618136837
0.25 0.25 0.25 0.25
44.580213220500234
45.0
227.19489027764894 107.479407647081
3
177.60762635067385 107.479407647081
0.25 0.25 0.25 0.25
49.58726392697507
45.0
315.4156826363686 207.12763805847771
2
332.3720166223256 207.12763805847771
0.25 0.25 0.25 0.25
16.956333985956967
45.0
304.6408781562296 186.64635146182445
0
304.6408781562296 177.23776888256154
0.25 0.25 0.25 0.25
9.408582579262909
45.0
17.410134767428342 351.760027249034
2
36.53410359028909 351.760027249034
0.25 0.25 0.25 0.25
19.12396882286075
45.0
460.1593514042107 477.6318205329636
0
460.1593514042107 447.12961432212154
0.25 0.25 0.25 0.25
30.502206210842054
45.0
456.9439348081977 337.68859989790315
1
456.9439348081977 369.63590473305425
0.25 0.25 0.25 0.25
31.947304835151087
45.0
102.44309420359852 266.9914418739201
1
102.44309420359852 281.8641874189966
0.25 0.25 0.25 0.25
14.872745545076521
45.0
435.8865444652962 32.967292002305385
2
462.7023879408406 32.967292002305385
0.25 0.25 0.25 0.25
26.815843475544384
45.0
352.4771693145937 394.55137859935724
1
352.4771693145937 408.32181572273504
0.25 0.25 0.25 0.25
13.770437123377816
45.0
203.69647488808948 377.8662021461289
1
203.69647488808948 416.4027238578302
0.25 0.25 0.25 0.25
38.536521711701305
45.0
245.74140500341133 200.56966983914594
2
252.36713270694082 200.56966983914594
0.25 0.25 0.25 0.25
6.625727703529483
45.0
274.89082297648673 426.9674960106675
3
262.555266239894 426.9674960106675
0.25 0.25 0.25 0.25
12.335556736592723
45.0
151.92420496836235 398.57384080552833
3
137.51640122877166 398.57384080552833
0.25 0.25 0.25 0.25
14.407803739590697
45.0
433.79097405933777 340.53243788906946
0
433.79097405933777 298.6901486982112
0.25 0.25 0.25 0.25
41.84228919085825
45.0
3.3206500681415605 490.0687328777967
2
47.74864405754025 490.0687328777967
0.25 0.25 0.25 0.25
44.427993989398686
45.0
230.28191797425404 135.2342559874631
1
230.28191797425404 135.42913640059936
0.25 0.25 0.25 0.25
0.19488041313626137
45.0
320.16529089156904 64.1043446157569
3
277.6500247500036 64.1043446157569
0.25 0.25 0.25 0.25
42.515266141565455
45.0
477.7012544797392 58.95422103995905
3
495.28723675198756 58.95422103995905
0.25 0.25 0.25 0.25
27.011508768273234
45.0
471.27382949690536 320.7405555879037
3
495.21684840663926 320.7405555879037
0.25 0.25 0.25 0.25
33.50932209645536
45.0
353.8620066213545 461.74987501032496
3
333.66644642474535 461.74987501032496
0.25 0.25 0.25 0.25
20.195560196609186
45.0
262.235555779377 12.51017176220455
3
228.34292783407872 12.51017176220455
0.25 0.25 0.25 0.25
33.8926279452983
45.0
287.4139968198505 461.9638998947536
3
285.02933792567165 461.9638998947536
0.25 0.25 0.25 0.25
2.3846588941788593
45.0
79.1128325085069 33.894110206272686
0
79.1128325085069 12.554214253287437
0.25 0.25 0.25 0.25
21.33989595298525
45.0
287.8720695104872 215.81400490398823
3
261.2838212781238 215.81400490398823
0.25 0.25 0.25 0.25
26.588248232363433
45.0
50.60894654835045 325.6096625647509
3
18.670254799442446 325.6096625647509
0.25 0.25 0.25 0.25
31.938691748908006
45.0
256.03940882800015 202.72100169351313
1
256.03940882800015 209.62886574716504
0.25 0.25 0.25 0.25
6.9078640536519185
45.0
46.70641000623623 406.7605489906804
2
83.87169928929191 406.7605489906804
0.25 0.25 0.25 0.25
37.16528928305568
45.0
60.4607528575051 16.491827361762148
3
27.62818858877023 16.491827361762148
0.25 0.25 0.25 0.25
32.83256426873487
45.0
61.50045683350247 296.3179254872223
1
61.50045683350247 310.82612537446533
0.25 0.25 0.25 0.25
14.508199887243062
45.0
335.4034648512552 285.84750158873356
1
335.4034648512552 297.05571823759095
0.25 0.25 0.25 0.25
11.208216648857384
45.0
109.9423247710939 217.03528701813275
3
92.62604080822187 217.03528701813275
0.25 0.25 0.25 0.25
17.31628396287202
45.0
303.08776046124035 471.8277050020281
0
303.08776046124035 480.01512055635953
0.25 0.25 0.25 0.25
48.15717444161237
45.0
229.4932215365454 72.18236105880467
1
229.4932215365454 77.89970329535146
0.25 0.25 0.25 0.25
5.71734223654678
45.0
