4531
125.51721084284618 396.32622155933666
3
29.381288003885714 396.32622155933666
0.25 0.25 0.25 0.25
96.13592283896047
45.0
45.14004790259884 112.29121819994282
2
99.97927925213651 112.29121819994282
0.25 0.25 0.25 0.25
145.11932715473534
45.0
25.925998170666276 257.31875221408035
2
142.22979217324706 257.31875221408035
0.25 0.25 0.25 0.25
168.15579034391334
45.0
342.51094617124073 89.31541136743887
3
253.27756078051493 89.31541136743887
0.25 0.25 0.25 0.25
89.23338539072579
45.0
140.38961961446773 441.48400048002827
2
30.724967371277273 441.48400048002827
0.25 0.25 0.25 0.25
171.114586985745
45.0
25.361223100134538 39.481571058855735
1
25.361223100134538 127.08147731981195
0.25 0.25 0.25 0.25
87.59990626095622
45.0
86.49143902735337 22.290177616355066
2
2.089388536082623 22.290177616355066
0.25 0.25 0.25 0.25
88.58082756343599
45.0
233.84897699242663 402.70537670687247
3
104.49153891922697 402.70537670687247
0.25 0.25 0.25 0.25
129.35743807319966
45.0
44.119418304480234 335.1326171448276
1
44.119418304480234 454.06464460721793
0.25 0.25 0.25 0.25
118.93202746239032
45.0
117.08605938763684 317.01133302832886
2
231.8148795507501 317.01133302832886
0.25 0.25 0.25 0.25
114.72882016311327
45.0
391.82437538909784 243.02557730044393
2
410.8904560905351 243.02557730044393
0.25 0.25 0.25 0.25
19.066080701437254
45.0
182.59953752412753 172.20017049272178
0
182.59953752412753 124.01397326093814
0.25 0.25 0.25 0.25
48.18619723178363
45.0
477.7515938238019 99.14710490642533
2
481.76660451150883 99.14710490642533
0.25 0.25 0.25 0.25
4.0150106877069325
45.0
393.02293500665576 463.89560965501533
1
393.02293500665576 477.68999559579254
0.25 0.25 0.25 0.25
13.794385940777204
45.0
302.2667666050616 335.48226906336924
0
302.2667666050616 290.902055842869
0.25 0.25 0.25 0.25
44.580213220500234
45.0
375.9566820585742 437.98049554964484
3
326.3694181315991 437.98049554964484
0.25 0.25 0.25 0.25
49.58726392697507
45.0
10.20167088914311 376.69097791804745
1
10.20167088914311 393.6473119040044
0.25 0.25 0.25 0.25
16.956333985956967
45.0
356.6501489903066 305.2901892579796
2
366.0587315695695 305.2901892579796
0.25 0.25 0.25 0.25
9.408582579262909
45.0
36.53410359028911 447.3798713633379
2
55.65807241314985 447.3798713633379
0.25 0.25 0.25 0.25
19.12396882286075
45.0
368.6527327716845 247.84832356945768
2
399.1549389825266 247.84832356945768
0.25 0.25 0.25 0.25
30.502206210842054
45.0
127.741102334838 433.53051440335645
2
159.6884071699891 433.53051440335645
0.25 0.25 0.25 0.25
31.947304835151087
45.0
328.86652660362057 341.3551695993026
1
328.86652660362057 356.2279151443791
0.25 0.25 0.25 0.25
14.872745545076521
45.0
81.42827297490467 216.1890906824516
2
108.24411645044906 216.1890906824516
0.25 0.25 0.25 0.25
26.815843475544384
45.0
303.2619026009612 353.2400672292238
3
289.4914654775834 353.2400672292238
0.25 0.25 0.25 0.25
13.770437123377816
45.0
165.15995317638817 123.10858010598815
0
165.15995317638817 84.57205839428684
0.25 0.25 0.25 0.25
38.536521711701305
45.0
464.39041921988456 21.675021843849855
0
464.39041921988456 15.049294140320372
0.25 0.25 0.25 0.25
6.625727703529483
45.0
3.508574771446707 451.6386094838529
0
3.508574771446707 439.3030527472602
0.25 0.25 0.25 0.25
12.335556736592723
45.0
366.75672965690256 225.68019593044005
2
381.16453339649325 225.68019593044005
0.25 0.25 0.25 0.25
14.407803739590697
45.0
193.84336380353602 291.31684055440235
3
152.00107461267777 291.31684055440235
0.25 0.25 0.25 0.25
41.84228919085825
45.0
2.5803795910830445 445.640738888398
1
2.5803795910830445 490.0687328777967
0.25 0.25 0.25 0.25
44.427993989398686
45.0
241.19522110988544 135.62401681373564
1
241.19522110988544 135.8188972268719
0.25 0.25 0.25 0.25
0.19488041313626137
45.0
210.38429020478748 316.75055931190883
2
252.89955634635294 316.75055931190883
0.25 0.25 0.25 0.25
42.515266141565455
45.0
279.1951666058016 211.73504221666337
1
279.1951666058016 238.74655098493662
0.25 0.25 0.25 0.25
27.011508768273234
45.0
188.35328664487994 393.0388626744754
1
188.35328664487994 426.5481847709308
0.25 0.25 0.25 0.25
33.50932209645536
45.0
50.049197310829136 417.07676381002005
3
29.85363711421995 417.07676381002005
0.25 0.25 0.25 0.25
20.195560196609186
45.0
211.22913824772905 12.51017176220455
3
177.33651030243075 12.51017176220455
0.25 0.25 0.25 0.25
33.8926279452983
45.0
280.2600201373139 449.80372102062825
0
280.2600201373139 447.4190621264494
0.25 0.25 0.25 0.25
2.3846588941788593
45.0
79.1128325085069 497.4216015913341
2
100.45272846149214 497.4216015913341
0.25 0.25 0.25 0.25
21.33989595298525
45.0
20.833476448063834 166.7749031789101
0
20.833476448063834 140.18665494654667
0.25 0.25 0.25 0.25
26.588248232363433
45.0
428.4714296852697 301.0265922322045
2
460.4101214341777 301.0265922322045
0.25 0.25 0.25 0.25
31.938691748908006
45.0
401.1045539546902 333.97041871289935
0
401.1045539546902 327.06255465924744
0.25 0.25 0.25 0.25
6.9078640536519185
45.0
328.409293466824 335.8927810670725
2
365.5745827498797 335.8927810670725
0.25 0.25 0.25 0.25
37.16528928305568
45.0
206.81408187039847 246.16868678811682
0
206.81408187039847 213.33612251938195
0.25 0.25 0.25 0.25
32.83256426873487
45.0
264.61525525490526 384.5016769934305
1
264.61525525490526 399.0098768806736
0.25 0.25 0.25 0.25
14.508199887243062
45.0
447.48563133982907 229.73046425870623
2
458.69384798868646 229.73046425870623
0.25 0.25 0.25 0.25
11.208216648857384
45.0
6.04462099386177 471.2716016501706
2
11.27166296901025 471.2716016501706
0.25 0.25 0.25 0.25
17.31628396287202
45.0
62.301888253178504 480.01512055635953
0
62.301888253178504 431.85794611474716
0.25 0.25 0.25 0.25
48.15717444161237
45.0
69.40763891323544 72.18236105880467
1
69.40763891323544 77.89970329535146
0.25 0.25 0.25 0.25
5.71734223654678
45.0
