4531
451.29832619091655 30.636909821664773
3
452.56575097012296 30.636909821664773
0.25 0.25 0.25 0.25
96.13592283896047
45.0
174.4240849741867 130.4415658600858
2
319.54341212892206 130.4415658600858
0.25 0.25 0.25 0.25
145.11932715473534
45.0
194.0817885145796 78.9928284737465
2
362.23757885849295 78.9928284737465
0.25 0.25 0.25 0.25
168.15579034391334
45.0
431.74433156196653 338.5828068376
3
342.51094617124073 338.5828068376
0.25 0.25 0.25 0.25
89.23338539072579
45.0
4.0374454568069496 414.7964785655581
2
175.15203244255196 414.7964785655581
0.25 0.25 0.25 0.25
171.114586985745
45.0
390.55869214595236 441.0800712341553
0
390.55869214595236 471.32002250488847
0.25 0.25 0.25 0.25
87.59990626095622
45.0
496.2153199576706 288.032660306663
3
407.6344923942346 288.032660306663
0.25 0.25 0.25 0.25
88.58082756343599
45.0
189.08284181276963 303.72024256113093
0
189.08284181276963 174.36280448793127
0.25 0.25 0.25 0.25
129.35743807319966
45.0
163.05144576687056 475.90911146785356
3
44.119418304480234 475.90911146785356
0.25 0.25 0.25 0.25
118.93202746239032
45.0
34.91662069254292 284.45195156030945
2
79.81219947057035 284.45195156030945
0.25 0.25 0.25 0.25
114.72882016311327
45.0
182.09748767328801 281.15773870331844
2
201.16356837472526 281.15773870331844
0.25 0.25 0.25 0.25
19.066080701437254
45.0
230.78573475591116 56.82067379874005
1
230.78573475591116 105.00687103052368
0.25 0.25 0.25 0.25
48.18619723178363
45.0
465.7065617606811 83.0870621555976
3
461.69155107297416 83.0870621555976
0.25 0.25 0.25 0.25
4.0150106877069325
45.0
130.92960213188888 232.62789964788618
1
130.92960213188888 246.42228558866339
0.25 0.25 0.25 0.25
13.794385940777204
45.0
302.26676660506155 42.65608566886227
1
302.26676660506155 1.924127551637966
0.25 0.25 0.25 0.25
44.580213220500234
45.0
384.36171976704884 338.8059676956947
3
334.77445584007376 338.8059676956947
0.25 0.25 0.25 0.25
49.58726392697507
45.0
365.86097942277814 461.4726478478323
1
365.86097942277814 478.4289818337893
0.25 0.25 0.25 0.25
16.956333985956967
45.0
351.683791052544 412.4523333641339
0
351.683791052544 403.043750784871
0.25 0.25 0.25 0.25
9.408582579262909
45.0
323.39363593320036 294.3881207804517
0
323.39363593320036 275.2641519575909
0.25 0.25 0.25 0.25
19.12396882286075
45.0
58.37815418010428 278.3505297802997
1
58.37815418010428 308.8527359911418
0.25 0.25 0.25 0.25
30.502206210842054
45.0
127.83733634637069 273.79399022760094
0
127.83733634637069 241.84668539244984
0.25 0.25 0.25 0.25
31.947304835151087
45.0
176.61302267298174 43.90025869777223
3
161.74027712790522 43.90025869777223
0.25 0.25 0.25 0.25
14.872745545076521
45.0
276.9529687085729 243.004934157996
1
276.9529687085729 269.8207776335404
0.25 0.25 0.25 0.25
26.815843475544384
45.0
358.3436510944724 422.09225284611284
0
358.3436510944724 408.32181572273504
0.25 0.25 0.25 0.25
13.770437123377816
45.0
203.69647488808948 31.037506740817072
1
203.69647488808948 69.57402845251838
0.25 0.25 0.25 0.25
38.536521711701305
45.0
345.1273205563537 15.049294140320375
0
345.1273205563537 8.423566436790892
0.25 0.25 0.25 0.25
6.625727703529483
45.0
348.904163396043 389.9608258008894
0
348.904163396043 377.6252690642967
0.25 0.25 0.25 0.25
12.335556736592723
45.0
402.7184105096464 134.5148975593273
3
388.3106067700557 134.5148975593273
0.25 0.25 0.25 0.25
14.407803739590697
45.0
266.42181729590476 457.62942430044814
2
308.264106486763 457.62942430044814
0.25 0.25 0.25 0.25
41.84228919085825
45.0
424.2761872518414 23.2046607505811
3
379.8481932624427 23.2046607505811
0.25 0.25 0.25 0.25
44.427993989398686
45.0
243.33890565438446 135.2342559874631
3
243.1440252412482 135.2342559874631
0.25 0.25 0.25 0.25
0.19488041313626137
45.0
167.869024063222 88.03571470617479
2
210.38429020478748 88.03571470617479
0.25 0.25 0.25 0.25
42.515266141565455
45.0
99.54013172391379 382.5181506853479
1
99.54013172391379 409.52965945362115
0.25 0.25 0.25 0.25
27.011508768273234
45.0
288.881252934246 398.3185255681363
2
322.39057503070137 398.3185255681363
0.25 0.25 0.25 0.25
33.50932209645536
45.0
172.10196485187194 417.07676381002005
2
192.29752504848113 417.07676381002005
0.25 0.25 0.25 0.25
20.195560196609186
45.0
262.235555779377 275.7446413865315
3
228.34292783407872 275.7446413865315
0.25 0.25 0.25 0.25
33.8926279452983
45.0
227.79752446537879 418.80315539630294
1
227.79752446537879 421.1878142904818
0.25 0.25 0.25 0.25
2.3846588941788593
45.0
198.3058148803013 417.2188145967248
1
198.3058148803013 438.5587105497101
0.25 0.25 0.25 0.25
21.33989595298525
45.0
58.931268249026466 379.4808890378175
0
58.931268249026466 352.8926408054541
0.25 0.25 0.25 0.25
26.588248232363433
45.0
131.1226481612459 50.29901700578359
3
99.18395641233789 50.29901700578359
0.25 0.25 0.25 0.25
31.938691748908006
45.0
414.920282061994 451.88579562389157
0
414.920282061994 444.97793157023966
0.25 0.25 0.25 0.25
6.9078640536519185
45.0
188.44194585345195 292.4543261023705
1
188.44194585345195 329.6196153854262
0.25 0.25 0.25 0.25
37.16528928305568
45.0
60.4607528575051 16.340736906972722
3
27.62818858877023 16.340736906972722
0.25 0.25 0.25 0.25
32.83256426873487
45.0
337.1562546911205 442.53447654240273
3
322.64805480387747 442.53447654240273
0.25 0.25 0.25 0.25
14.508199887243062
45.0
402.6527647443995 263.35511420527837
3
391.44454809554213 263.35511420527837
0.25 0.25 0.25 0.25
11.208216648857384
45.0
370.5691563427451 65.53320119886229
1
370.5691563427451 82.84948516173431
0.25 0.25 0.25 0.25
17.31628396287202
45.0
252.19700629038857 480.01512055635953
2
300.35418073200094 480.01512055635953
0.25 0.25 0.25 0.25
48.15717444161237
45.0
166.60245693453078 152.22515237045965
3
160.885114697984 152.22515237045965
0.25 0.25 0.25 0.25
5.71734223654678
45.0
