4531
125.51721084284618 492.46214439829726
0
125.51721084284618 411.40193276274226
0.25 0.25 0.25 0.25
96.13592283896047
45.0
374.38264347845984 257.4105453546783
3
229.2633163237245 257.4105453546783
0.25 0.25 0.25 0.25
145.11932715473534
45.0
319.3203245806404 229.27913469069966
3
151.16453423672704 229.27913469069966
0.25 0.25 0.25 0.25
168.15579034391334
45.0
468.60985296599904 52.44988996340631
1
468.60985296599904 36.78349542731948
0.25 0.25 0.25 0.25
89.23338539072579
45.0
391.5667723436229 189.5993036340115
1
391.5667723436229 360.7138906197565
0.25 0.25 0.25 0.25
171.114586985745
45.0
273.36309788101005 75.88260218833734
3
185.76319162005382 75.88260218833734
0.25 0.25 0.25 0.25
87.59990626095622
45.0
23.5215082661214 3.320719185848958
2
65.05931929731459 3.320719185848958
0.25 0.25 0.25 0.25
88.58082756343599
45.0
20.07418570081404 149.58388017152345
1
20.07418570081404 278.9413182447231
0.25 0.25 0.25 0.25
129.35743807319966
45.0
44.119418304480234 259.52752016712407
1
44.119418304480234 378.4595476295144
0.25 0.25 0.25 0.25
118.93202746239032
45.0
411.66246264990207 256.6327677872375
1
411.66246264990207 371.3615879503508
0.25 0.25 0.25 0.25
114.72882016311327
45.0
429.9565367919724 195.49427883261285
3
410.8904560905351 195.49427883261285
0.25 0.25 0.25 0.25
19.066080701437254
45.0
202.89004033014152 220.38636772450542
2
251.07623756192515 220.38636772450542
0.25 0.25 0.25 0.25
48.18619723178363
45.0
473.73658313609496 75.05704078018373
2
477.7515938238019 75.05704078018373
0.25 0.25 0.25 0.25
4.0150106877069325
45.0
351.63977718432415 398.1605309372126
2
365.43416312510135 398.1605309372126
0.25 0.25 0.25 0.25
13.794385940777204
45.0
321.5020757540564 310.1373649918638
1
321.5020757540564 354.71757821236406
0.25 0.25 0.25 0.25
44.580213220500234
45.0
161.24849967765317 57.892143720105935
0
161.24849967765317 8.304879793130866
0.25 0.25 0.25 0.25
49.58726392697507
45.0
74.57999904064172 274.9529740023056
3
57.62366505468476 274.9529740023056
0.25 0.25 0.25 0.25
16.956333985956967
45.0
370.50095621106976 418.1931802091342
3
361.0923736318069 418.1931802091342
0.25 0.25 0.25 0.25
9.408582579262909
45.0
192.95352228403988 418.7523468766367
2
212.07749110690062 418.7523468766367
0.25 0.25 0.25 0.25
19.12396882286075
45.0
338.1505265608424 240.18697580401513
2
368.6527327716845 240.18697580401513
0.25 0.25 0.25 0.25
30.502206210842054
45.0
255.5303216754424 273.79399022760094
3
223.5830168402913 273.79399022760094
0.25 0.25 0.25 0.25
31.947304835151087
45.0
239.63005333316153 385.9734062345321
0
239.63005333316153 371.1006606894556
0.25 0.25 0.25 0.25
14.872745545076521
45.0
462.7023879408406 377.084151535718
0
462.7023879408406 350.2683080601736
0.25 0.25 0.25 0.25
26.815843475544384
45.0
413.42539958798363 412.6625016733535
3
399.65496246460583 412.6625016733535
0.25 0.25 0.25 0.25
13.770437123377816
45.0
27.522655382118366 431.40075379959865
2
11.013866329582939 431.40075379959865
0.25 0.25 0.25 0.25
38.536521711701305
45.0
431.2617807022371 154.1895759144395
2
437.8875084057666 154.1895759144395
0.25 0.25 0.25 0.25
6.625727703529483
45.0
70.50476564810963 488.64527969363104
3
58.169208911516904 488.64527969363104
0.25 0.25 0.25 0.25
12.335556736592723
45.0
251.49429974017704 153.6411772324866
3
237.08649600058635 153.6411772324866
0.25 0.25 0.25 0.25
14.407803739590697
45.0
231.47071241379615 461.8443648810462
0
231.47071241379615 420.00207569018795
0.25 0.25 0.25 0.25
41.84228919085825
45.0
114.020499803109 332.2192911646084
0
114.020499803109 287.7912971752097
0.25 0.25 0.25 0.25
44.427993989398686
45.0
241.3901015230217 133.6752126823729
1
241.3901015230217 133.87009309550916
0.25 0.25 0.25 0.25
0.19488041313626137
45.0
109.37145153016513 491.0394973778349
3
66.85618538859967 491.0394973778349
0.25 0.25 0.25 0.25
42.515266141565455
45.0
98.96595615002371 437.11534379578444
1
98.96595615002371 464.1268525640577
0.25 0.25 0.25 0.25
27.011508768273234
45.0
355.89989712715675 57.945641709921766
1
355.89989712715675 91.45496380637712
0.25 0.25 0.25 0.25
33.50932209645536
45.0
423.9868312159446 295.90340263036506
3
403.79127101933545 295.90340263036506
0.25 0.25 0.25 0.25
20.195560196609186
45.0
466.6234206582368 63.18163806645151
3
499.48395139646493 63.18163806645151
0.25 0.25 0.25 0.25
33.8926279452983
45.0
287.4139968198505 478.4196277507747
3
285.02933792567165 478.4196277507747
0.25 0.25 0.25 0.25
2.3846588941788593
45.0
79.1128325085069 267.83954292582786
3
57.77293655552165 267.83954292582786
0.25 0.25 0.25 0.25
21.33989595298525
45.0
191.87250941084366 19.34283444763399
1
191.87250941084366 45.931082679997424
0.25 0.25 0.25 0.25
26.588248232363433
45.0
274.17978879070654 28.26088104072722
1
274.17978879070654 60.199572789635226
0.25 0.25 0.25 0.25
31.938691748908006
45.0
387.28882584738636 340.87828276655125
3
380.38096179373446 340.87828276655125
0.25 0.25 0.25 0.25
6.9078640536519185
45.0
229.07004577901105 295.2646811415133
1
229.07004577901105 332.429970424569
0.25 0.25 0.25 0.25
37.16528928305568
45.0
88.67899654821537 147.82208443670163
2
121.51156081695024 147.82208443670163
0.25 0.25 0.25 0.25
32.83256426873487
45.0
105.02505649523167 355.4852772189444
2
119.53325638247473 355.4852772189444
0.25 0.25 0.25 0.25
14.508199887243062
45.0
451.64041882045444 39.26673531387104
3
440.43220217159705 39.26673531387104
0.25 0.25 0.25 0.25
11.208216648857384
45.0
57.99347288247783 286.3004228696209
1
57.99347288247783 303.6167068324929
0.25 0.25 0.25 0.25
17.31628396287202
45.0
62.301888253178504 239.2292483482977
2
110.45906269479087 239.2292483482977
0.25 0.25 0.25 0.25
48.15717444161237
45.0
229.4932215365454 13.577772489397013
0
229.4932215365454 7.860430252850233
0.25 0.25 0.25 0.25
5.71734223654678
45.0
