4531
220.3857089026004 8.003861788730404
1
220.3857089026004 88.13206105023006
0.25 0.25 0.25 0.25
96.13592283896047
45.0
84.14398916898921 452.3508003358511
2
60.97533798574614 452.3508003358511
0.25 0.25 0.25 0.25
145.11932715473534
45.0
362.2375788584932 443.34402668495386
3
194.08178851457984 443.34402668495386
0.25 0.25 0.25 0.25
168.15579034391334
45.0
442.1567616432752 464.6817136323583
0
442.1567616432752 446.08490097691595
0.25 0.25 0.25 0.25
89.23338539072579
45.0
498.31686000150324 494.8590443089684
0
498.31686000150324 323.7444573232234
0.25 0.25 0.25 0.25
171.114586985745
45.0
4.234464903851716 375.08335210068753
1
4.234464903851716 462.68325836164377
0.25 0.25 0.25 0.25
87.59990626095622
45.0
289.26399095642944 148.230039138819
2
377.84481851986544 148.230039138819
0.25 0.25 0.25 0.25
88.58082756343599
45.0
408.146499920413 14.633062487273492
3
462.4960620063873 14.633062487273492
0.25 0.25 0.25 0.25
129.35743807319966
45.0
431.6086915450811 259.52752016712407
3
449.45928099252853 259.52752016712407
0.25 0.25 0.25 0.25
118.93202746239032
45.0
264.37426101876935 366.62139025540324
3
149.6454408556561 366.62139025540324
0.25 0.25 0.25 0.25
114.72882016311327
45.0
103.89372284827087 81.09779462398934
0
103.89372284827087 62.031713922552086
0.25 0.25 0.25 0.25
19.066080701437254
45.0
339.06827108693477 261.4756045933309
0
339.06827108693477 213.28940736154726
0.25 0.25 0.25 0.25
48.18619723178363
45.0
489.7966258869227 58.99699802935599
1
489.7966258869227 63.012008717062926
0.25 0.25 0.25 0.25
4.0150106877069325
45.0
434.40609282898737 122.27281212166855
0
434.40609282898737 108.47842618089135
0.25 0.25 0.25 0.25
13.794385940777204
45.0
480.94176221494786 42.65608566886238
1
480.94176221494786 1.9241275516378522
0.25 0.25 0.25 0.25
44.580213220500234
45.0
384.21140351907263 190.04417591476943
2
433.7986674460477 190.04417591476943
0.25 0.25 0.25 0.25
49.58726392697507
45.0
413.2829735883198 427.5599798759184
0
413.2829735883198 410.6036458899614
0.25 0.25 0.25 0.25
16.956333985956967
45.0
445.76961684517283 356.0008378885566
0
445.76961684517283 346.5922553092937
0.25 0.25 0.25 0.25
9.408582579262909
45.0
20.837802878293143 476.124253345219
3
1.7138340554323932 476.124253345219
0.25 0.25 0.25 0.25
19.12396882286075
45.0
149.88477281263044 247.84832356945773
0
149.88477281263044 217.3461173586157
0.25 0.25 0.25 0.25
30.502206210842054
45.0
31.899187829384744 305.74129506275204
2
63.84649266453583 305.74129506275204
0.25 0.25 0.25 0.25
31.947304835151087
45.0
90.90259788239626 207.500459693614
2
105.77534342747279 207.500459693614
0.25 0.25 0.25 0.25
14.872745545076521
45.0
221.35979666094102 403.8999950112624
1
221.35979666094102 430.7158384868068
0.25 0.25 0.25 0.25
26.815843475544384
45.0
421.3293549314827 440.2033759201091
3
407.5589178081049 440.2033759201091
0.25 0.25 0.25 0.25
13.770437123377816
45.0
357.84256173489473 431.40075379959865
0
357.84256173489473 392.86423208789734
0.25 0.25 0.25 0.25
38.536521711701305
45.0
325.25013744576523 114.43520969326259
2
331.8758651492947 114.43520969326259
0.25 0.25 0.25 0.25
6.625727703529483
45.0
65.18635845441034 402.2963825374821
2
77.52191519100306 402.2963825374821
0.25 0.25 0.25 0.25
12.335556736592723
45.0
93.00845860467945 139.2333734928959
3
78.60065486508876 139.2333734928959
0.25 0.25 0.25 0.25
14.407803739590697
45.0
270.6367578765029 131.3209919347782
3
228.79446868564463 131.3209919347782
0.25 0.25 0.25 0.25
41.84228919085825
45.0
63.69147615448574 378.6286126657707
3
19.263482165087055 378.6286126657707
0.25 0.25 0.25 0.25
44.427993989398686
45.0
236.51809119461484 135.0393755743268
3
236.32321078147856 135.0393755743268
0.25 0.25 0.25 0.25
0.19488041313626137
45.0
40.32322563852561 341.34482020914413
2
2.1920405030398484 341.34482020914413
0.25 0.25 0.25 0.25
42.515266141565455
45.0
171.14913153270862 383.09232625923795
0
171.14913153270862 356.0808174909647
0.25 0.25 0.25 0.25
27.011508768273234
45.0
227.14227163499626 277.14757925463175
3
193.6329495385409 277.14757925463175
0.25 0.25 0.25 0.25
33.50932209645536
45.0
495.2309279976187 13.165559877836408
3
475.03536780100956 13.165559877836408
0.25 0.25 0.25 0.25
20.195560196609186
45.0
499.48395139646493 351.4364512151875
3
466.6234206582368 351.4364512151875
0.25 0.25 0.25 0.25
33.8926279452983
45.0
287.4139968198505 464.11167438570146
3
285.02933792567165 464.11167438570146
0.25 0.25 0.25 0.25
2.3846588941788593
45.0
164.47241632044788 371.56391290044706
1
164.47241632044788 392.90380885343234
0.25 0.25 0.25 0.25
21.33989595298525
45.0
127.18646937751757 129.83322211673644
1
127.18646937751757 156.42147034909988
0.25 0.25 0.25 0.25
26.588248232363433
45.0
438.37198546912134 315.70910678089933
1
438.37198546912134 347.64779852980735
0.25 0.25 0.25 0.25
31.938691748908006
45.0
380.38096179373446 306.3389624982917
2
387.28882584738636 306.3389624982917
0.25 0.25 0.25 0.25
6.9078640536519185
45.0
266.2353350620667 403.9501939515376
3
229.07004577901105 403.9501939515376
0.25 0.25 0.25 0.25
37.16528928305568
45.0
235.03232556110873 246.16868678811682
0
235.03232556110873 213.33612251938195
0.25 0.25 0.25 0.25
32.83256426873487
45.0
141.61434158790044 194.76052627652092
1
141.61434158790044 209.26872616376397
0.25 0.25 0.25 0.25
14.508199887243062
45.0
402.6527647443995 16.774347930415882
1
402.6527647443995 27.982564579273266
0.25 0.25 0.25 0.25
11.208216648857384
45.0
109.9423247710939 61.18873135228449
1
109.9423247710939 78.50501531515651
0.25 0.25 0.25 0.25
17.31628396287202
45.0
388.10144607060533 431.85794611474716
2
436.2586205122177 431.85794611474716
0.25 0.25 0.25 0.25
48.15717444161237
45.0
372.42677745021444 87.90322156450516
0
372.42677745021444 82.18587932795838
0.25 0.25 0.25 0.25
5.71734223654678
45.0
