19634
136.9065500618159 135.6896989009336
1
136.9065500618159 237.48710286318104
0.25 0.25 0.25 0.25
101.79740396224744
45.0
442.2038578867749 156.08987957468275
1
442.2038578867749 16.90037192253476
0.25 0.25 0.25 0.25
172.9902514972175
45.0
364.13287880346525 12.15191401557334
2
461.33435205378146 12.15191401557334
0.25 0.25 0.25 0.25
97.20147325031623
45.0
425.49059418444017 285.271196577878
0
425.49059418444017 138.44161332807255
0.25 0.25 0.25 0.25
146.82958324980547
45.0
295.685919869029 370.8483900596508
0
295.685919869029 472.5821930647311
0.25 0.25 0.25 0.25
156.56941687561815
45.0
49.5264584739229 36.09065325979526
2
105.66215437653102 36.09065325979526
0.25 0.25 0.25 0.25
155.18861285045392
45.0
492.6925330771608 380.7503125985513
0
492.6925330771608 231.339145896704
0.25 0.25 0.25 0.25
149.41116670184732
45.0
184.4636951747189 154.76386483514892
1
184.4636951747189 248.8149574381797
0.25 0.25 0.25 0.25
94.05109260303078
45.0
34.36477664024534 272.65765122044684
2
131.67715740450726 272.65765122044684
0.25 0.25 0.25 0.25
166.0419340447526
45.0
438.92487440734703 372.68327267116604
1
438.92487440734703 477.1987926055789
0.25 0.25 0.25 0.25
104.51551993441286
45.0
75.5395883117846 340.81085801882864
2
19.693995684659825 340.81085801882864
0.25 0.25 0.25 0.25
95.23358399644442
45.0
300.48685902803015 79.04808335105986
3
188.12529187428686 79.04808335105986
0.25 0.25 0.25 0.25
112.3615671537433
45.0
190.35647101076003 8.927297996264969
1
190.35647101076003 128.65562493519144
0.25 0.25 0.25 0.25
119.72832693892647
45.0
301.5194823808673 389.2276674936595
0
301.5194823808673 227.34349145965402
0.25 0.25 0.25 0.25
161.8841760340055
45.0
306.2595151017887 355.19448659422267
0
306.2595151017887 475.3115926782791
0.25 0.25 0.25 0.25
169.4939207274982
45.0
131.275223835372 496.3175034946766
0
131.275223835372 351.15763419834184
0.25 0.25 0.25 0.25
152.52486230698156
45.0
195.9957164503178 316.39598387430016
3
39.128023632159454 316.39598387430016
0.25 0.25 0.25 0.25
156.86769281815833
45.0
148.43523315444074 305.364351083584
2
319.9624073712579 305.364351083584
0.25 0.25 0.25 0.25
171.52717421681714
45.0
29.551100486551206 170.47983211485953
2
188.5337370449379 170.47983211485953
0.25 0.25 0.25 0.25
158.9826365583867
45.0
230.7588644788243 100.31431008628033
1
230.7588644788243 270.1419371842218
0.25 0.25 0.25 0.25
169.82762709794144
45.0
151.4637709588145 465.8036749024443
3
33.14397461366633 465.8036749024443
0.25 0.25 0.25 0.25
118.31979634514818
45.0
275.45310587875986 2.712500144794035
2
387.3063429800295 2.712500144794035
0.25 0.25 0.25 0.25
111.85323710126966
45.0
108.61338265936266 275.8034883236061
2
28.057077156225148 275.8034883236061
0.25 0.25 0.25 0.25
136.6704598155878
45.0
466.90221023763456 33.55983728513331
3
318.1420857074937 33.55983728513331
0.25 0.25 0.25 0.25
148.76012453014084
45.0
132.88603319419093 440.3586793935324
0
132.88603319419093 345.8349464045228
0.25 0.25 0.25 0.25
94.5237329890096
45.0
26.277732564971018 329.017528160563
2
122.03072629157498 329.017528160563
0.25 0.25 0.25 0.25
148.308458856546
45.0
217.02092559862135 18.555218835024732
2
389.7932537297554 18.555218835024732
0.25 0.25 0.25 0.25
172.77232813113406
45.0
275.05907609057147 205.89134666558118
2
378.66111054468155 205.89134666558118
0.25 0.25 0.25 0.25
103.6020344541101
45.0
279.32372701890336 241.47590922537358
0
279.32372701890336 132.39114695268466
0.25 0.25 0.25 0.25
109.08476227268893
45.0
318.18875324179805 35.31877953474114
1
318.18875324179805 43.6755830935895
0.25 0.25 0.25 0.25
8.356803558848364
45.0
12.967897798287868 117.2276408494117
3
7.277924039858568 117.2276408494117
0.25 0.25 0.25 0.25
5.689973758429301
45.0
320.41472700766104 219.9272358478238
2
323.88726847030205 219.9272358478238
0.25 0.25 0.25 0.25
3.47254146264101
45.0
201.6750599821466 286.35514979680806
2
226.100595511039 286.35514979680806
0.25 0.25 0.25 0.25
24.425535528892407
45.0
32.65289715386825 272.6593624843088
1
32.65289715386825 296.1510539512247
0.25 0.25 0.25 0.25
23.4916914669159
45.0
360.10319387446424 341.1767863204946
0
360.10319387446424 325.11232474059995
0.25 0.25 0.25 0.25
16.06446157989465
45.0
161.56581460824688 432.82790444606917
0
161.56581460824688 390.3802294692639
0.25 0.25 0.25 0.25
42.44767497680525
45.0
364.2091134502857 495.2724063394117
0
364.2091134502857 466.27201587976606
0.25 0.25 0.25 0.25
29.000390459645647
45.0
310.05379183894297 243.27503501985012
1
310.05379183894297 269.9923794767126
0.25 0.25 0.25 0.25
26.717344456862463
45.0
315.9474843862115 375.18070303696265
2
356.4543828710092 375.18070303696265
0.25 0.25 0.25 0.25
40.50689848479772
45.0
318.1007597878988 419.86643046741335
2
358.21532627773695 419.86643046741335
0.25 0.25 0.25 0.25
40.114566489838154
45.0
381.49488958760935 105.62158091936337
1
381.49488958760935 111.27310006658577
0.25 0.25 0.25 0.25
5.6515191472224
45.0
76.88840518078852 204.96189801197426
0
76.88840518078852 188.90063671133353
0.25 0.25 0.25 0.25
16.061261300640712
45.0
463.81425711768907 171.7740784766943
3
495.09537643241816 171.7740784766943
0.25 0.25 0.25 0.25
41.09036644989275
45.0
422.5899487830749 183.4524423930137
3
381.7862500264148 183.4524423930137
0.25 0.25 0.25 0.25
40.803698756660076
45.0
21.72160711686628 325.40220433333195
1
21.72160711686628 359.29389776502666
0.25 0.25 0.25 0.25
33.89169343169472
45.0
45.51093503708172 86.36404594795164
2
58.281882620399294 86.36404594795164
0.25 0.25 0.25 0.25
12.770947583317572
45.0
277.8958307351944 218.87710546944166
2
317.29661987123404 218.87710546944166
0.25 0.25 0.25 0.25
39.40078913603966
45.0
38.108017407171815 331.99714635889814
0
38.108017407171815 295.8688609778136
0.25 0.25 0.25 0.25
36.12828538108454
45.0
