5107
208.7708170333703 373.16526724990104
0
208.7708170333703 476.0594662029648
0.25 0.25 0.25 0.25
150.7752665471342
45.0
336.4532358483848 169.5362675316211
2
430.868666075325 169.5362675316211
0.25 0.25 0.25 0.25
94.41543022694019
45.0
464.9748209300442 350.35250792663385
3
362.7440517124712 350.35250792663385
0.25 0.25 0.25 0.25
102.23076921757296
45.0
143.85140241688643 221.3941826265927
0
143.85140241688643 49.83154879450302
0.25 0.25 0.25 0.25
171.5626338320897
45.0
183.99615224643665 324.8136366830115
0
183.99615224643665 191.2668509437241
0.25 0.25 0.25 0.25
133.5467857392874
45.0
86.54083309521047 186.9288436240803
2
252.94064392789915 186.9288436240803
0.25 0.25 0.25 0.25
166.39981083268867
45.0
85.11929662678642 185.32067054807987
2
183.7780023920502 185.32067054807987
0.25 0.25 0.25 0.25
98.65870576526379
45.0
394.4631010210137 105.18186500533835
3
449.36993937848456 105.18186500533835
0.25 0.25 0.25 0.25
156.16695960050168
45.0
450.2878058363692 183.70667109477455
0
450.2878058363692 60.329877232804165
0.25 0.25 0.25 0.25
123.37679386197038
45.0
113.91365124161246 433.7059915129076
2
58.23563709925742 433.7059915129076
0.25 0.25 0.25 0.25
172.14928834086987
45.0
108.17358388480113 422.31421753071334
3
12.451112250389457 422.31421753071334
0.25 0.25 0.25 0.25
95.72247163441168
45.0
259.54079664417054 335.1627487532194
0
259.54079664417054 184.3509124636936
0.25 0.25 0.25 0.25
150.8118362895258
45.0
423.14099465430706 456.7212703787561
0
423.14099465430706 284.1225053025321
0.25 0.25 0.25 0.25
172.59876507622403
45.0
32.697673214666935 384.55877994136597
0
32.697673214666935 293.4607447815656
0.25 0.25 0.25 0.25
91.09803515980038
45.0
289.4394504352549 108.6992991255895
2
461.8429518818542 108.6992991255895
0.25 0.25 0.25 0.25
172.4035014465993
45.0
202.50433161300384 164.0557971012647
3
77.12148948095509 164.0557971012647
0.25 0.25 0.25 0.25
125.38284213204875
45.0
214.93030646464703 409.36826955440347
0
214.93030646464703 236.50189715571022
0.25 0.25 0.25 0.25
172.86637239869324
45.0
247.97757691930386 459.57535645699693
0
247.97757691930386 406.59576456927755
0.25 0.25 0.25 0.25
133.8288789737255
45.0
291.36981131681915 109.44910151625515
2
437.68757490704 109.44910151625515
0.25 0.25 0.25 0.25
146.31776359022086
45.0
43.723799263829164 259.4044325404018
0
43.723799263829164 107.08583107889183
0.25 0.25 0.25 0.25
152.31860146150996
45.0
127.6309512380121 221.74485316201122
3
35.55019057731613 221.74485316201122
0.25 0.25 0.25 0.25
92.08076066069597
45.0
90.5672765136818 499.0118321314021
0
90.5672765136818 345.6171030501622
0.25 0.25 0.25 0.25
153.39472908123992
45.0
327.4549960797811 62.17982700760314
1
327.4549960797811 90.99853617342535
0.25 0.25 0.25 0.25
153.1783631810285
45.0
47.48605576656337 28.676391573383967
2
201.23247911595388 28.676391573383967
0.25 0.25 0.25 0.25
153.7464233493905
45.0
349.42024632222046 356.68286802192995
3
235.61307686803147 356.68286802192995
0.25 0.25 0.25 0.25
113.807169454189
45.0
160.78027022392288 239.17483968529174
0
160.78027022392288 91.63116305675766
0.25 0.25 0.25 0.25
147.5436766285341
45.0
455.0493043418263 405.978962805745
3
374.6205292790039 405.978962805745
0.25 0.25 0.25 0.25
170.33016637916978
45.0
156.40436726582877 368.55725255481434
2
320.7404505851938 368.55725255481434
0.25 0.25 0.25 0.25
164.33608331936503
45.0
195.84157924278844 30.16442759421622
1
195.84157924278844 58.60201207971589
0.25 0.25 0.25 0.25
88.76643967393211
45.0
100.09024598818854 38.25597971796813
2
203.76790316652492 38.25597971796813
0.25 0.25 0.25 0.25
103.67765717833637
45.0
439.86985501821493 210.19258000980517
3
315.81894342530416 210.19258000980517
0.25 0.25 0.25 0.25
124.05091159291078
45.0
444.54245679072267 248.06078284197554
0
444.54245679072267 117.1095166616019
0.25 0.25 0.25 0.25
130.95126618037364
45.0
4.9898481461036965 261.61291180218836
0
4.9898481461036965 173.82680990994945
0.25 0.25 0.25 0.25
87.78610189223892
45.0
370.6901062522486 163.3395715342875
1
370.6901062522486 330.7829452023427
0.25 0.25 0.25 0.25
167.44337366805522
45.0
66.57723323597997 18.130520918718958
2
49.830314363923435 18.130520918718958
0.25 0.25 0.25 0.25
116.40754759990341
45.0
287.39449424083506 364.57273901687523
1
287.39449424083506 474.1741326784786
0.25 0.25 0.25 0.25
109.60139366160337
45.0
160.1128247627908 308.7192408642065
1
160.1128247627908 471.8113070694467
0.25 0.25 0.25 0.25
163.0920662052402
45.0
461.5616669558576 333.89188053626685
1
461.5616669558576 448.7419370204211
0.25 0.25 0.25 0.25
114.8500564841543
45.0
138.90515629272682 109.74610059957433
1
138.90515629272682 29.19512890186138
0.25 0.25 0.25 0.25
138.9412295014357
45.0
359.3136110542999 173.20549349499652
0
359.3136110542999 146.53130727184669
0.25 0.25 0.25 0.25
26.67418622314984
45.0
127.05610641986843 326.4624956001977
2
127.3703183172046 326.4624956001977
0.25 0.25 0.25 0.25
0.3142118973361807
45.0
427.90719794476024 339.6280091062643
2
463.68741328482497 339.6280091062643
0.25 0.25 0.25 0.25
35.78021534006475
45.0
147.40853796103394 186.0941137327792
0
147.40853796103394 142.47990398482509
0.25 0.25 0.25 0.25
43.61420974795411
45.0
489.7921360348593 338.3362019528688
1
489.7921360348593 356.6717387080337
0.25 0.25 0.25 0.25
18.33553675516488
45.0
409.7995941999001 205.88557801846014
2
433.04402415227753 205.88557801846014
0.25 0.25 0.25 0.25
23.244429952377406
45.0
491.32042579490246 337.415275301686
0
491.32042579490246 326.3900230370253
0.25 0.25 0.25 0.25
11.025252264660685
45.0
372.753740872478 246.39243112134784
1
372.753740872478 252.45579614699392
0.25 0.25 0.25 0.25
6.063365025646078
45.0
389.1152171430414 288.3027081759274
0
389.1152171430414 252.4886946507056
0.25 0.25 0.25 0.25
35.814013525221824
45.0
