5107
259.06031355071644 166.96313487282748
1
259.06031355071644 317.7384014199617
0.25 0.25 0.25 0.25
150.7752665471342
45.0
263.33157288353095 250.71298790031165
2
357.74700311047116 250.71298790031165
0.25 0.25 0.25 0.25
94.41543022694019
45.0
43.05174354509792 394.9678922780927
0
43.05174354509792 292.7371230605197
0.25 0.25 0.25 0.25
102.23076921757296
45.0
189.88949700101543 372.96538171242184
3
18.32686316892574 372.96538171242184
0.25 0.25 0.25 0.25
171.5626338320897
45.0
281.81670479641366 274.5460060991262
0
281.81670479641366 140.9992203598388
0.25 0.25 0.25 0.25
133.5467857392874
45.0
403.05178937964774 457.85564465639084
3
430.5483997876636 457.85564465639084
0.25 0.25 0.25 0.25
166.39981083268867
45.0
13.539409138477367 38.822625677171914
2
112.19811490374116 38.822625677171914
0.25 0.25 0.25 0.25
98.65870576526379
45.0
46.644121445596795 20.81461978864155
1
46.644121445596795 135.35233981186013
0.25 0.25 0.25 0.25
156.16695960050168
45.0
432.84135222549844 381.23470179812966
0
432.84135222549844 257.8579079361593
0.25 0.25 0.25 0.25
123.37679386197038
45.0
377.079491603366 474.27235967290017
3
204.93020326249615 474.27235967290017
0.25 0.25 0.25 0.25
172.14928834086987
45.0
118.34548820744641 82.19961464894976
1
118.34548820744641 177.92208628336144
0.25 0.25 0.25 0.25
95.72247163441168
45.0
464.336305702676 96.19460685598165
1
464.336305702676 247.00644314550743
0.25 0.25 0.25 0.25
150.8118362895258
45.0
338.43924656527736 426.4928671319087
3
488.9619883584986 426.4928671319087
0.25 0.25 0.25 0.25
172.59876507622403
45.0
488.1878490136688 437.4019232546415
0
488.1878490136688 471.50004158555817
0.25 0.25 0.25 0.25
91.09803515980038
45.0
289.1409923866348 74.27829044599366
3
116.73749094003551 74.27829044599366
0.25 0.25 0.25 0.25
172.4035014465993
45.0
220.8807539513432 202.90451812571186
0
220.8807539513432 77.52167599366311
0.25 0.25 0.25 0.25
125.38284213204875
45.0
77.08600416396115 310.89836594002907
2
249.9523765626544 310.89836594002907
0.25 0.25 0.25 0.25
172.86637239869324
45.0
21.218112338126446 184.4844139036633
2
155.04699131185194 184.4844139036633
0.25 0.25 0.25 0.25
133.8288789737255
45.0
243.89281385467194 473.7859712903901
3
97.57505026445108 473.7859712903901
0.25 0.25 0.25 0.25
146.31776359022086
45.0
4.007437263088036 12.063254923331556
1
4.007437263088036 140.2553465381784
0.25 0.25 0.25 0.25
152.31860146150996
45.0
424.85361272616376 266.2978744638857
3
483.06562661314024 266.2978744638857
0.25 0.25 0.25 0.25
92.08076066069597
45.0
466.8541020742417 415.4880204121563
0
466.8541020742417 431.1172505066038
0.25 0.25 0.25 0.25
153.39472908123992
45.0
12.416991071094628 287.60673245583104
2
140.76137210993386 287.60673245583104
0.25 0.25 0.25 0.25
153.1783631810285
45.0
353.68240600742104 108.7908443928876
3
199.93598265803053 108.7908443928876
0.25 0.25 0.25 0.25
153.7464233493905
45.0
89.05936239115005 405.21191819733156
0
89.05936239115005 291.4047487431426
0.25 0.25 0.25 0.25
113.807169454189
45.0
160.78027022392288 124.60117379707478
1
160.78027022392288 272.14485042560887
0.25 0.25 0.25 0.25
147.5436766285341
45.0
418.5825258290413 473.1706871861023
0
418.5825258290413 356.4991464347279
0.25 0.25 0.25 0.25
170.33016637916978
45.0
105.8162166402054 11.918085748464534
1
105.8162166402054 152.4179975709005
0.25 0.25 0.25 0.25
164.33608331936503
45.0
355.3155096769611 455.93767705018536
3
266.549070003029 455.93767705018536
0.25 0.25 0.25 0.25
88.76643967393211
45.0
288.0121500381367 349.2889512529772
2
391.6898072164731 349.2889512529772
0.25 0.25 0.25 0.25
103.67765717833637
45.0
71.51920586685571 207.51639830920976
0
71.51920586685571 83.46548671629898
0.25 0.25 0.25 0.25
124.05091159291078
45.0
265.98106116735994 33.768379924217356
1
265.98106116735994 164.719646104591
0.25 0.25 0.25 0.25
130.95126618037364
45.0
365.2349029443469 467.7301869144203
2
453.0210048365858 467.7301869144203
0.25 0.25 0.25 0.25
87.78610189223892
45.0
150.280982785242 115.62427170184807
1
150.280982785242 51.81910196620714
0.25 0.25 0.25 0.25
167.44337366805522
45.0
324.7887911670143 319.6852353192985
0
324.7887911670143 203.2776877193951
0.25 0.25 0.25 0.25
116.40754759990341
45.0
301.37484520389086 72.93109833249213
3
191.7734515422875 72.93109833249213
0.25 0.25 0.25 0.25
109.60139366160337
45.0
108.72886328244238 351.6144464013239
0
108.72886328244238 485.29348739343595
0.25 0.25 0.25 0.25
163.0920662052402
45.0
249.482289239634 199.28984710671259
2
364.3323457237883 199.28984710671259
0.25 0.25 0.25 0.25
114.8500564841543
45.0
393.21689232643746 385.74429755076005
3
467.8418781721268 385.74429755076005
0.25 0.25 0.25 0.25
138.9412295014357
45.0
132.86501152564506 293.52131486728945
1
132.86501152564506 320.1955010904393
0.25 0.25 0.25 0.25
26.67418622314984
45.0
110.71708775838712 321.12089334548267
0
110.71708775838712 320.8066814481465
0.25 0.25 0.25 0.25
0.3142118973361807
45.0
459.9953542411995 304.4158670149012
2
495.7755695812642 304.4158670149012
0.25 0.25 0.25 0.25
35.78021534006475
45.0
192.1246674137646 232.83514768367777
2
235.7388771617187 232.83514768367777
0.25 0.25 0.25 0.25
43.61420974795411
45.0
178.08801119705657 358.41419474339637
3
159.7524744418917 358.41419474339637
0.25 0.25 0.25 0.25
18.33553675516488
45.0
60.64363286646744 485.3082494947606
0
60.64363286646744 462.0638195423832
0.25 0.25 0.25 0.25
23.244429952377406
45.0
37.8916829088108 12.094841083332875
1
37.8916829088108 23.12009334799356
0.25 0.25 0.25 0.25
11.025252264660685
45.0
463.5354034350779 414.0591274424718
3
457.47203840943183 414.0591274424718
0.25 0.25 0.25 0.25
6.063365025646078
45.0
4.838931634398591 10.167736092785276
1
4.838931634398591 25.64627743243655
0.25 0.25 0.25 0.25
35.814013525221824
45.0
