5107
304.11921775056516 245.4411298813199
2
454.89448429769936 245.4411298813199
0.25 0.25 0.25 0.25
150.7752665471342
45.0
486.7143638059231 319.7973954891595
3
392.2989335789829 319.7973954891595
0.25 0.25 0.25 0.25
94.41543022694019
45.0
78.35943623548197 145.8909694914879
2
23.87133298209099 145.8909694914879
0.25 0.25 0.25 0.25
102.23076921757296
45.0
253.33328710923033 263.9179158771383
0
253.33328710923033 92.3552820450486
0.25 0.25 0.25 0.25
171.5626338320897
45.0
281.81670479641366 393.18792259731083
0
281.81670479641366 259.6411368580234
0.25 0.25 0.25 0.25
133.5467857392874
45.0
417.73931975671985 483.4738047182783
0
417.73931975671985 350.126384449033
0.25 0.25 0.25 0.25
166.39981083268867
45.0
322.92846878163084 14.829143712276505
1
322.92846878163084 113.4878494775403
0.25 0.25 0.25 0.25
98.65870576526379
45.0
137.0360201774813 113.98333699215334
2
293.202979777983 113.98333699215334
0.25 0.25 0.25 0.25
156.16695960050168
45.0
276.9873082312162 309.800504353107
0
276.9873082312162 186.4237104911366
0.25 0.25 0.25 0.25
123.37679386197038
45.0
220.2714794920439 474.2723596729004
2
392.4207678329138 474.2723596729004
0.25 0.25 0.25 0.25
172.14928834086987
45.0
236.4994348524506 3.3509526628165816
1
236.4994348524506 99.07342429722826
0.25 0.25 0.25 0.25
95.72247163441168
45.0
18.87347348923197 168.11418667317787
2
131.93836280029382 168.11418667317787
0.25 0.25 0.25 0.25
150.8118362895258
45.0
250.54222957808304 390.90027667456457
2
423.14099465430706 390.90027667456457
0.25 0.25 0.25 0.25
172.59876507622403
45.0
329.61608066673045 342.14711457923295
0
329.61608066673045 251.0490794194326
0.25 0.25 0.25 0.25
91.09803515980038
45.0
289.4394504352549 211.96232516437703
3
117.0359489886556 211.96232516437703
0.25 0.25 0.25 0.25
172.4035014465993
45.0
205.5670686693937 411.75874430897227
2
330.94991080144246 411.75874430897227
0.25 0.25 0.25 0.25
125.38284213204875
45.0
449.0683480855553 372.17003516224406
0
449.0683480855553 199.30366276355082
0.25 0.25 0.25 0.25
172.86637239869324
45.0
350.5357861595196 68.30697483202249
3
216.7069071857941 68.30697483202249
0.25 0.25 0.25 0.25
133.8288789737255
45.0
291.36981131681915 402.0846286966969
0
291.36981131681915 451.5976077130822
0.25 0.25 0.25 0.25
146.31776359022086
45.0
348.3610021868491 477.95324423248144
0
348.3610021868491 325.6346427709715
0.25 0.25 0.25 0.25
152.31860146150996
45.0
253.58045867242757 212.88221560615708
1
253.58045867242757 304.96297626685305
0.25 0.25 0.25 0.25
92.08076066069597
45.0
5.067129057240209 425.2487285627227
2
148.3276000239997 425.2487285627227
0.25 0.25 0.25 0.25
153.39472908123992
45.0
480.6333592608096 171.9283570872543
1
480.6333592608096 325.1067202682828
0.25 0.25 0.25 0.25
153.1783631810285
45.0
28.73890767917021 29.97288803130732
1
28.73890767917021 183.71931138069783
0.25 0.25 0.25 0.25
153.7464233493905
45.0
130.0729565822365 163.82392907361336
1
130.0729565822365 277.63109852780235
0.25 0.25 0.25 0.25
113.807169454189
45.0
242.7124740529799 271.9805760850303
2
390.256150681514 271.9805760850303
0.25 0.25 0.25 0.25
147.5436766285341
45.0
182.30936462481543 341.2846975359902
2
352.6395310039852 341.2846975359902
0.25 0.25 0.25 0.25
170.33016637916978
45.0
278.7899503337642 260.1551695706888
3
114.45386701439915 260.1551695706888
0.25 0.25 0.25 0.25
164.33608331936503
45.0
206.36250662643369 147.368451753648
1
206.36250662643369 236.1348914275801
0.25 0.25 0.25 0.25
88.76643967393211
45.0
137.38958198009294 44.90803788972315
2
241.06723915842932 44.90803788972315
0.25 0.25 0.25 0.25
103.67765717833637
45.0
184.1753245756796 195.00716549637764
3
60.12441298276883 195.00716549637764
0.25 0.25 0.25 0.25
124.05091159291078
45.0
218.37093172437085 117.1095166616019
3
87.41966554399721 117.1095166616019
0.25 0.25 0.25 0.25
130.95126618037364
45.0
189.6626991598691 295.96579098756035
1
189.6626991598691 383.75189287979924
0.25 0.25 0.25 0.25
87.78610189223892
45.0
313.064114444966 163.3395715342875
3
145.62074077691076 163.3395715342875
0.25 0.25 0.25 0.25
167.44337366805522
45.0
399.05295716363366 415.0210921175599
3
282.64540956373025 415.0210921175599
0.25 0.25 0.25 0.25
116.40754759990341
45.0
177.7931005792317 210.60914338228088
0
177.7931005792317 101.00774972067751
0.25 0.25 0.25 0.25
109.60139366160337
45.0
181.5604275313496 25.43031399084373
2
344.6524937365898 25.43031399084373
0.25 0.25 0.25 0.25
163.0920662052402
45.0
184.31251421817183 219.04182405211256
3
69.46245773401753 219.04182405211256
0.25 0.25 0.25 0.25
114.8500564841543
45.0
277.84638579416253 363.7846369363185
2
416.78761529559824 363.7846369363185
0.25 0.25 0.25 0.25
138.9412295014357
45.0
240.57359559845258 480.03008560405567
2
267.2477818216024 480.03008560405567
0.25 0.25 0.25 0.25
26.67418622314984
45.0
116.68711380777452 329.9188264708957
3
116.37290191043834 329.9188264708957
0.25 0.25 0.25 0.25
0.3142118973361807
45.0
499.4676286248897 447.5367283751601
3
464.7521560350456 447.5367283751601
0.25 0.25 0.25 0.25
35.78021534006475
45.0
108.02307212080132 58.37830869186157
1
108.02307212080132 101.99251843981568
0.25 0.25 0.25 0.25
43.61420974795411
45.0
361.44337874870524 10.03899639526378
3
343.1078419935404 10.03899639526378
0.25 0.25 0.25 0.25
18.33553675516488
45.0
171.80066665730664 73.04758141006872
2
195.04509660968404 73.04758141006872
0.25 0.25 0.25 0.25
23.244429952377406
45.0
486.6290696757761 469.7183024776145
0
486.6290696757761 458.6930502129538
0.25 0.25 0.25 0.25
11.025252264660685
45.0
366.6903758468319 191.82214589053314
1
366.6903758468319 197.88551091617921
0.25 0.25 0.25 0.25
6.063365025646078
45.0
219.7230127857295 460.9991971475199
3
183.9089992605077 460.9991971475199
0.25 0.25 0.25 0.25
35.814013525221824
45.0
