5107
243.55498260803228 262.3115355900222
2
394.3302491551665 262.3115355900222
0.25 0.25 0.25 0.25
150.7752665471342
45.0
392.2989335789829 491.3717440569602
0
392.2989335789829 396.95631383002
0.25 0.25 0.25 0.25
94.41543022694019
45.0
385.0517438882008 445.1859536382202
2
487.2825131057738 445.1859536382202
0.25 0.25 0.25 0.25
102.23076921757296
45.0
114.47559942434836 263.9179158771383
0
114.47559942434836 92.3552820450486
0.25 0.25 0.25 0.25
171.5626338320897
45.0
451.0897237250115 274.5460060991262
3
415.3634905357011 274.5460060991262
0.25 0.25 0.25 0.25
133.5467857392874
45.0
79.8589777374782 147.47191304516502
2
246.25878857016687 147.47191304516502
0.25 0.25 0.25 0.25
166.39981083268867
45.0
13.539409138477367 11.996740982447704
2
85.11929662678642 11.996740982447704
0.25 0.25 0.25 0.25
98.65870576526379
45.0
487.63181822452555 20.81461978864155
3
331.46485862402386 20.81461978864155
0.25 0.25 0.25 0.25
156.16695960050168
45.0
315.944255543927 60.32987723280422
1
315.944255543927 63.04691662916616
0.25 0.25 0.25 0.25
123.37679386197038
45.0
164.59346534968876 261.55670317203766
0
164.59346534968876 89.40741483116778
0.25 0.25 0.25 0.25
172.14928834086987
45.0
12.451112250389457 422.31421753071334
0
12.451112250389457 326.59174589630163
0.25 0.25 0.25 0.25
95.72247163441168
45.0
455.0722565672936 418.89643269440955
0
455.0722565672936 430.29173101606466
0.25 0.25 0.25 0.25
150.8118362895258
45.0
113.53605495920317 319.71509575987625
0
113.53605495920317 147.11633068365222
0.25 0.25 0.25 0.25
172.59876507622403
45.0
331.69446742453454 253.1274661772366
3
240.59643226473418 253.1274661772366
0.25 0.25 0.25 0.25
91.09803515980038
45.0
289.4394504352549 315.52380925178466
2
461.8429518818542 315.52380925178466
0.25 0.25 0.25 0.25
172.4035014465993
45.0
77.12148948095509 86.70988716283279
1
77.12148948095509 212.09272929488154
0.25 0.25 0.25 0.25
125.38284213204875
45.0
486.2665824777147 199.30366276355082
1
486.2665824777147 372.17003516224406
0.25 0.25 0.25 0.25
172.86637239869324
45.0
43.51766615577429 191.9175985095459
0
43.51766615577429 58.08871953582042
0.25 0.25 0.25 0.25
133.8288789737255
45.0
415.9946615027392 451.5976077130822
0
415.9946615027392 305.27984412286133
0.25 0.25 0.25 0.25
146.31776359022086
45.0
327.14361388976045 126.9440120792624
1
327.14361388976045 279.26261354077235
0.25 0.25 0.25 0.25
152.31860146150996
45.0
390.98486595244424 50.47169910827506
1
390.98486595244424 41.60906155242091
0.25 0.25 0.25 0.25
92.08076066069597
45.0
243.96200559492172 192.22237396892228
3
90.5672765136818 192.22237396892228
0.25 0.25 0.25 0.25
153.39472908123992
45.0
366.1882775581619 134.42836927480255
1
366.1882775581619 18.74999390622594
0.25 0.25 0.25 0.25
153.1783631810285
45.0
201.23247911595388 201.29499522174012
1
201.23247911595388 355.04141857113063
0.25 0.25 0.25 0.25
153.7464233493905
45.0
309.15824531521264 494.7545625638197
2
422.9654147694016 494.7545625638197
0.25 0.25 0.25 0.25
113.807169454189
45.0
46.04232999512732 318.19413042910605
0
46.04232999512732 170.65045380057197
0.25 0.25 0.25 0.25
147.5436766285341
45.0
284.71913796265653 65.31863004740546
3
114.38897158348675 65.31863004740546
0.25 0.25 0.25 0.25
170.33016637916978
45.0
156.40436726582877 124.45099740328075
1
156.40436726582877 288.7870807226458
0.25 0.25 0.25 0.25
164.33608331936503
45.0
261.0388553299737 58.60201207971595
1
261.0388553299737 147.36845175364806
0.25 0.25 0.25 0.25
88.76643967393211
45.0
70.48849658512034 178.71020867966828
0
70.48849658512034 75.03255150133191
0.25 0.25 0.25 0.25
103.67765717833637
45.0
436.0792333888743 210.19258000980517
1
436.0792333888743 334.24349160271595
0.25 0.25 0.25 0.25
124.05091159291078
45.0
396.9323273477336 164.719646104591
3
472.1164064718928 164.719646104591
0.25 0.25 0.25 0.25
130.95126618037364
45.0
48.44337456076326 349.39901369442725
2
39.34272733147566 349.39901369442725
0.25 0.25 0.25 0.25
87.78610189223892
45.0
457.206278071365 167.99981354261874
3
289.7629044033098 167.99981354261874
0.25 0.25 0.25 0.25
167.44337366805522
45.0
49.830314363923435 352.1638126826333
0
49.830314363923435 235.7562650827299
0.25 0.25 0.25 0.25
116.40754759990341
45.0
54.99714378954474 474.1741326784786
2
54.60424987205863 474.1741326784786
0.25 0.25 0.25 0.25
109.60139366160337
45.0
492.25544005817 493.25890983800554
3
329.1633738529298 493.25890983800554
0.25 0.25 0.25 0.25
163.0920662052402
45.0
231.86155398754906 300.24137217887824
1
231.86155398754906 415.0914286630325
0.25 0.25 0.25 0.25
114.8500564841543
45.0
305.3299257015303 248.68733010101005
3
166.3886962000946 248.68733010101005
0.25 0.25 0.25 0.25
138.9412295014357
45.0
359.3136110542999 93.18293482554702
3
332.63942483115005 93.18293482554702
0.25 0.25 0.25 0.25
26.67418622314984
45.0
126.74189452253225 330.23303836823186
0
126.74189452253225 329.9188264708957
0.25 0.25 0.25 0.25
0.3142118973361807
45.0
284.7863365845013 340.19608235496594
3
249.00612124443657 340.19608235496594
0.25 0.25 0.25 0.25
35.78021534006475
45.0
63.30694266807043 273.32253322868735
0
63.30694266807043 229.70832348073324
0.25 0.25 0.25 0.25
43.61420974795411
45.0
306.43676848321064 136.64529764605527
1
306.43676848321064 154.98083440122014
0.25 0.25 0.25 0.25
18.33553675516488
45.0
316.8218743903905 182.64114806608274
1
316.8218743903905 205.88557801846014
0.25 0.25 0.25 0.25
23.244429952377406
45.0
458.24466900092034 425.61729341897166
1
458.24466900092034 436.64254568363236
0.25 0.25 0.25 0.25
11.025252264660685
45.0
409.13393102635445 276.70925624957823
3
403.07056600070837 276.70925624957823
0.25 0.25 0.25 0.25
6.063365025646078
45.0
4.838931634398591 145.04665407504018
2
30.975081890823233 145.04665407504018
0.25 0.25 0.25 0.25
35.814013525221824
45.0
