5107
42.49021954355203 285.36266476857514
0
42.49021954355203 134.58739822144094
0.25 0.25 0.25 0.25
150.7752665471342
45.0
208.74557825116995 61.882127446431255
2
303.16100847811015 61.882127446431255
0.25 0.25 0.25 0.25
94.41543022694019
45.0
451.9748204153898 93.87826163404254
1
451.9748204153898 196.1090308516155
0.25 0.25 0.25 0.25
102.23076921757296
45.0
182.61157365570202 455.4719844554885
2
354.1742074877917 455.4719844554885
0.25 0.25 0.25 0.25
171.5626338320897
45.0
118.82365242144857 191.2668509437241
1
118.82365242144857 324.8136366830115
0.25 0.25 0.25 0.25
133.5467857392874
45.0
430.5483997876636 214.14813868983572
3
403.05178937964774 214.14813868983572
0.25 0.25 0.25 0.25
166.39981083268867
45.0
183.7780023920502 150.8942737897978
2
282.436708157314 150.8942737897978
0.25 0.25 0.25 0.25
98.65870576526379
45.0
79.47188903606468 20.81461978864155
1
79.47188903606468 176.98157938914323
0.25 0.25 0.25 0.25
156.16695960050168
45.0
49.725321535350304 394.2203509023666
2
73.65147232662008 394.2203509023666
0.25 0.25 0.25 0.25
123.37679386197038
45.0
0.11481512359284807 353.57835198623
0
0.11481512359284807 181.42906364536015
0.25 0.25 0.25 0.25
172.14928834086987
45.0
30.32417140549373 283.8164622404185
2
126.0466430399054 283.8164622404185
0.25 0.25 0.25 0.25
95.72247163441168
45.0
464.336305702676 358.37215119886844
0
464.336305702676 207.56031490934265
0.25 0.25 0.25 0.25
150.8118362895258
45.0
439.85283072681307 299.49478363033154
1
439.85283072681307 472.09354870655557
0.25 0.25 0.25 0.25
172.59876507622403
45.0
34.77605997247102 382.48039318356183
2
56.32197518732936 382.48039318356183
0.25 0.25 0.25 0.25
91.09803515980038
45.0
228.0695119531631 108.6992991255895
3
55.666010506563794 108.6992991255895
0.25 0.25 0.25 0.25
172.4035014465993
45.0
471.64643821544064 420.94695547814194
3
346.2635960833919 420.94695547814194
0.25 0.25 0.25 0.25
125.38284213204875
45.0
114.28423855612058 446.5665039465629
2
287.1506109548138 446.5665039465629
0.25 0.25 0.25 0.25
172.86637239869324
45.0
352.0737174694989 406.59576456927755
2
485.9025964432244 406.59576456927755
0.25 0.25 0.25 0.25
133.8288789737255
45.0
195.06047691599053 351.69255283171526
3
48.74271332576967 351.69255283171526
0.25 0.25 0.25 0.25
146.31776359022086
45.0
308.64464018610795 358.80415823025805
2
460.9632416476179 358.80415823025805
0.25 0.25 0.25 0.25
152.31860146150996
45.0
390.98486595244424 9.944407518202155
1
390.98486595244424 102.02516817889813
0.25 0.25 0.25 0.25
92.08076066069597
45.0
387.2224765616812 44.69616683156346
1
387.2224765616812 198.09089591280338
0.25 0.25 0.25 0.25
153.39472908123992
45.0
140.76137210993386 180.60963573388403
0
140.76137210993386 27.431272552855546
0.25 0.25 0.25 0.25
153.1783631810285
45.0
107.5568640407505 31.269384489230674
2
261.303287390141 31.269384489230674
0.25 0.25 0.25 0.25
153.7464233493905
45.0
292.4091762118271 50.01675961942436
2
406.2163456660161 50.01675961942436
0.25 0.25 0.25 0.25
113.807169454189
45.0
46.042329995127346 22.942502831459308
1
46.042329995127346 124.60117379707478
0.25 0.25 0.25 0.25
147.5436766285341
45.0
262.73813968763784 400.4611429847653
0
262.73813968763784 230.1309766055955
0.25 0.25 0.25 0.25
170.33016637916978
45.0
298.1193001271902 340.5902523871946
2
462.4553834465552 340.5902523871946
0.25 0.25 0.25 0.25
164.33608331936503
45.0
154.21346674235002 76.66096099340727
1
154.21346674235002 12.10547868052484
0.25 0.25 0.25 0.25
88.76643967393211
45.0
89.92190689184491 208.83472229127702
1
89.92190689184491 312.5123794696134
0.25 0.25 0.25 0.25
103.67765717833637
45.0
327.21373630939104 405.14545239863037
0
327.21373630939104 470.80363600845885
0.25 0.25 0.25 0.25
124.05091159291078
45.0
210.21387411114551 359.08541861690355
2
341.16514029151915 359.08541861690355
0.25 0.25 0.25 0.25
130.95126618037364
45.0
337.05391219356443 215.4782847019961
2
424.8400140858033 215.4782847019961
0.25 0.25 0.25 0.25
87.78610189223892
45.0
322.38459846162846 455.1712610462897
0
322.38459846162846 287.7278873782345
0.25 0.25 0.25 0.25
167.44337366805522
45.0
140.84139923259931 367.3531637184292
0
140.84139923259931 250.94561611852578
0.25 0.25 0.25 0.25
116.40754759990341
45.0
54.604249872058574 72.93109833249213
2
54.99714378954479 72.93109833249213
0.25 0.25 0.25 0.25
109.60139366160337
45.0
260.3504746651558 209.9699829646426
1
260.3504746651558 373.0620491698828
0.25 0.25 0.25 0.25
163.0920662052402
45.0
291.1174848237489 145.26032234575027
1
291.1174848237489 260.11037882990456
0.25 0.25 0.25 0.25
114.8500564841543
45.0
413.0190911922268 224.8434074348828
0
413.0190911922268 85.90217793344709
0.25 0.25 0.25 0.25
138.9412295014357
45.0
346.2585013108437 213.49875619783995
1
346.2585013108437 240.17294242098978
0.25 0.25 0.25 0.25
26.67418622314984
45.0
112.91657103974038 321.12089334548267
2
113.23078293707655 321.12089334548267
0.25 0.25 0.25 0.25
0.3142118973361807
45.0
495.7755695812642 89.7345749745127
1
495.7755695812642 125.51479031457745
0.25 0.25 0.25 0.25
35.78021534006475
45.0
22.819557123061195 14.764098943907229
1
22.819557123061195 28.850110804046885
0.25 0.25 0.25 0.25
43.61420974795411
45.0
196.42354795222144 321.74312123306663
3
178.08801119705657 321.74312123306663
0.25 0.25 0.25 0.25
18.33553675516488
45.0
223.35464253310926 468.2028906004846
1
223.35464253310926 491.447320552862
0.25 0.25 0.25 0.25
23.244429952377406
45.0
138.51235332576013 67.2211024066363
0
138.51235332576013 56.19585014197562
0.25 0.25 0.25 0.25
11.025252264660685
45.0
439.2819433324936 420.12249246811785
2
445.3453083581397 420.12249246811785
0.25 0.25 0.25 0.25
6.063365025646078
45.0
460.743244193485 368.30787134500343
0
460.743244193485 332.4938578197816
0.25 0.25 0.25 0.25
35.814013525221824
45.0
