5107
52.85818117364272 436.13793131570947
2
97.91708537349149 436.13793131570947
0.25 0.25 0.25 0.25
150.7752665471342
45.0
380.3004734707946 315.77959346132934
3
285.8850432438544 315.77959346132934
0.25 0.25 0.25 0.25
94.41543022694019
45.0
183.71748706577768 173.80133867588552
1
183.71748706577768 276.0321078934585
0.25 0.25 0.25 0.25
102.23076921757296
45.0
307.39270897116774 255.46216974226954
0
307.39270897116774 83.89953591017985
0.25 0.25 0.25 0.25
171.5626338320897
45.0
382.71543781071216 389.9861365079996
3
483.7377764500004 389.9861365079996
0.25 0.25 0.25 0.25
133.5467857392874
45.0
417.46200441445944 194.93451864342012
3
251.06219358177077 194.93451864342012
0.25 0.25 0.25 0.25
166.39981083268867
45.0
53.77823618056368 222.7270948603374
2
44.88046958470011 222.7270948603374
0.25 0.25 0.25 0.25
98.65870576526379
45.0
358.9780406466 228.52105701537204
3
202.8110810460983 228.52105701537204
0.25 0.25 0.25 0.25
156.16695960050168
45.0
281.44811273785007 112.27247364975193
3
158.07131887587968 112.27247364975193
0.25 0.25 0.25 0.25
123.37679386197038
45.0
450.54158980857846 140.86269548536677
3
278.3923014677086 140.86269548536677
0.25 0.25 0.25 0.25
172.14928834086987
45.0
12.4511122503894 109.24532861987353
0
12.4511122503894 13.522856985461857
0.25 0.25 0.25 0.25
95.72247163441168
45.0
90.79305330642819 437.264407671198
0
90.79305330642819 286.4525713816722
0.25 0.25 0.25 0.25
150.8118362895258
45.0
338.43924656527736 497.67804804659704
3
165.84048148905333 497.67804804659704
0.25 0.25 0.25 0.25
172.59876507622403
45.0
303.91339193626396 293.4607447815656
3
212.8153567764636 293.4607447815656
0.25 0.25 0.25 0.25
91.09803515980038
45.0
116.73749094003551 236.4061618162292
0
116.73749094003551 64.0026603696299
0.25 0.25 0.25 0.25
172.4035014465993
45.0
340.13812197061213 170.1812712140445
3
214.75527983856338 170.1812712140445
0.25 0.25 0.25 0.25
125.38284213204875
45.0
164.6072725103838 319.2954544325289
1
164.6072725103838 492.16182683122213
0.25 0.25 0.25 0.25
172.86637239869324
45.0
303.74223949734267 143.5861205373897
3
169.91336052361717 143.5861205373897
0.25 0.25 0.25 0.25
133.8288789737255
45.0
196.03216971693536 254.79517230553125
1
196.03216971693536 401.1129358957521
0.25 0.25 0.25 0.25
146.31776359022086
45.0
234.39955542936218 257.1259148452398
3
82.08095396785222 257.1259148452398
0.25 0.25 0.25 0.25
152.31860146150996
45.0
253.58045867242757 194.1059288395941
0
253.58045867242757 102.02516817889813
0.25 0.25 0.25 0.25
92.08076066069597
45.0
74.5644964553203 102.83004030579536
2
227.9592255365602 102.83004030579536
0.25 0.25 0.25 0.25
153.39472908123992
45.0
191.63919019201188 27.454712421084707
1
191.63919019201188 180.6330756021132
0.25 0.25 0.25 0.25
153.1783631810285
45.0
183.78182748648408 356.337915029054
0
183.78182748648408 202.59149167966348
0.25 0.25 0.25 0.25
153.7464233493905
45.0
146.0704325015433 374.6891988786058
2
259.8776019557323 374.6891988786058
0.25 0.25 0.25 0.25
113.807169454189
45.0
488.67335988072955 436.0092580837229
0
488.67335988072955 288.46558145518884
0.25 0.25 0.25 0.25
147.5436766285341
45.0
202.31296468356152 125.74380505148179
1
202.31296468356152 296.07397143065157
0.25 0.25 0.25 0.25
170.33016637916978
45.0
170.38786734963864 383.2056636229614
0
170.38786734963864 452.4582530576736
0.25 0.25 0.25 0.25
164.33608331936503
45.0
159.22417945293995 170.9376153403948
2
247.99061912687205 170.9376153403948
0.25 0.25 0.25 0.25
88.76643967393211
45.0
387.6507620833439 245.61129407464082
2
491.3284192616803 245.61129407464082
0.25 0.25 0.25 0.25
103.67765717833637
45.0
334.8064435661048 177.1455692823547
0
334.8064435661048 53.09465768944392
0.25 0.25 0.25 0.25
124.05091159291078
45.0
182.6399244299754 379.0120490223492
0
182.6399244299754 248.06078284197554
0.25 0.25 0.25 0.25
130.95126618037364
45.0
29.36303103926835 425.4033676718459
2
117.14913293150727 425.4033676718459
0.25 0.25 0.25 0.25
87.78610189223892
45.0
140.96049876857953 152.90620776849798
1
140.96049876857953 320.3495814365532
0.25 0.25 0.25 0.25
167.44337366805522
45.0
298.19255356952567 50.609098282053765
1
298.19255356952567 167.01664588195717
0.25 0.25 0.25 0.25
116.40754759990341
45.0
41.409686743975044 443.39938775105725
2
68.19170691762832 443.39938775105725
0.25 0.25 0.25 0.25
109.60139366160337
45.0
457.8489904642829 394.5096519384415
0
457.8489904642829 442.39828185631825
0.25 0.25 0.25 0.25
163.0920662052402
45.0
154.38420970087964 422.509475083436
0
154.38420970087964 462.64046843240976
0.25 0.25 0.25 0.25
114.8500564841543
45.0
473.56681074460175 142.6092269650328
3
387.49195975396253 142.6092269650328
0.25 0.25 0.25 0.25
138.9412295014357
45.0
106.19082530249523 199.6691468928637
0
106.19082530249523 172.99496066971386
0.25 0.25 0.25 0.25
26.67418622314984
45.0
112.28814724506802 339.6593952883172
1
112.28814724506802 339.9736071856534
0.25 0.25 0.25 0.25
0.3142118973361807
45.0
178.51043331452766 232.85543633477172
2
214.29064865459242 232.85543633477172
0.25 0.25 0.25 0.25
35.78021534006475
45.0
287.63163981373054 363.67777692754026
2
331.2458495616847 363.67777692754026
0.25 0.25 0.25 0.25
43.61420974795411
45.0
233.09462146255117 450.0918785192207
0
233.09462146255117 431.75634176405583
0.25 0.25 0.25 0.25
18.33553675516488
45.0
107.13249277122225 159.886230161477
0
107.13249277122225 136.64180020909959
0.25 0.25 0.25 0.25
23.244429952377406
45.0
226.71437144304556 320.80190449383207
2
237.73962370770624 320.80190449383207
0.25 0.25 0.25 0.25
11.025252264660685
45.0
439.45075615458484 416.16665183943803
2
445.5141211802309 416.16665183943803
0.25 0.25 0.25 0.25
6.063365025646078
45.0
210.04514951693233 7.375357386574478
3
174.23113599171052 7.375357386574478
0.25 0.25 0.25 0.25
35.814013525221824
45.0
