43458
51.1099380297681 159.59612216900106
2
81.69939906747535 159.59612216900106
0.25 0.25 0.25 0.25
132.80933709724346
45.0
105.0493037654598 215.24124849981837
2
43.79874105186309 215.24124849981837
0.25 0.25 0.25 0.25
148.8480448173229
45.0
351.8605270165825 313.63552911883284
1
351.8605270165825 440.57225727849226
0.25 0.25 0.25 0.25
126.93672815965941
45.0
103.14429984516751 254.83405997101517
1
103.14429984516751 364.5565917155743
0.25 0.25 0.25 0.25
109.72253174455913
45.0
188.89561398731593 102.53343587618144
1
188.89561398731593 69.09741435682594
0.25 0.25 0.25 0.25
171.63085023300738
45.0
286.56949937787635 463.17570702895637
0
286.56949937787635 364.6893353722148
0.25 0.25 0.25 0.25
172.1349575988288
45.0
437.850998926309 442.52752238068916
0
437.850998926309 350.0303060502528
0.25 0.25 0.25 0.25
92.49721633043636
45.0
367.5525719125937 176.03906227796858
3
252.89116913407736 176.03906227796858
0.25 0.25 0.25 0.25
114.66140277851632
45.0
189.0433082633808 425.1301908015579
3
81.44068604173367 425.1301908015579
0.25 0.25 0.25 0.25
107.60262222164712
45.0
322.43498325442624 192.52566207903558
0
322.43498325442624 39.89842119180554
0.25 0.25 0.25 0.25
152.62724088723004
45.0
365.27697237244024 496.97853710994195
0
365.27697237244024 355.61121970750673
0.25 0.25 0.25 0.25
147.4102431825513
45.0
154.53415974337406 430.82459177194914
0
154.53415974337406 278.0104890405167
0.25 0.25 0.25 0.25
152.81410273143246
45.0
429.82462160823036 23.97191917714221
1
429.82462160823036 100.79048416332198
0.25 0.25 0.25 0.25
124.76240334046419
45.0
345.8425311602033 51.59586497812103
1
345.8425311602033 66.1182410196187
0.25 0.25 0.25 0.25
117.71410599773972
45.0
178.62885337738737 117.11811522490518
1
178.62885337738737 271.71337192740623
0.25 0.25 0.25 0.25
154.59525670250105
45.0
152.1268868556602 406.12021603134565
0
152.1268868556602 479.3674382244816
0.25 0.25 0.25 0.25
114.51234574417275
45.0
207.82236409499126 324.4699059328267
1
207.82236409499126 470.7663287443419
0.25 0.25 0.25 0.25
146.2964228115152
45.0
146.8822042078756 299.80601047777986
3
33.28845744101898 299.80601047777986
0.25 0.25 0.25 0.25
113.59374676685661
45.0
103.76687913246985 306.9484929205904
2
27.855270370332676 306.9484929205904
0.25 0.25 0.25 0.25
131.62214950280253
45.0
336.6574354245672 263.7956763103424
1
336.6574354245672 393.91182859224034
0.25 0.25 0.25 0.25
130.1161522818979
45.0
237.02276115962457 27.047003161219337
2
346.5574275796175 27.047003161219337
0.25 0.25 0.25 0.25
109.53466641999294
45.0
185.81803965110618 5.408698942030867
1
185.81803965110618 134.58370427281693
0.25 0.25 0.25 0.25
129.17500533078606
45.0
354.6211555393031 265.19874733980555
0
354.6211555393031 98.95043679469106
0.25 0.25 0.25 0.25
166.2483105451145
45.0
418.50238576339177 102.17963872606018
1
418.50238576339177 63.413079465378644
0.25 0.25 0.25 0.25
165.59271819143882
45.0
267.6179970262016 432.0576715365304
0
267.6179970262016 315.30235048854604
0.25 0.25 0.25 0.25
116.75532104798432
45.0
131.65481918211128 201.82685217306022
0
131.65481918211128 77.1910084063386
0.25 0.25 0.25 0.25
124.63584376672162
45.0
59.26793519595765 23.506714928959354
2
86.03999600037298 23.506714928959354
0.25 0.25 0.25 0.25
145.30793119633063
45.0
170.1261335138263 352.6194046402151
2
278.4623153856733 352.6194046402151
0.25 0.25 0.25 0.25
108.33618187184702
45.0
338.2195071554595 22.27547471719592
1
338.2195071554595 115.53019504120965
0.25 0.25 0.25 0.25
93.25472032401373
45.0
14.712835348768806 90.02352646314176
0
14.712835348768806 55.678541237080935
0.25 0.25 0.25 0.25
34.34498522606083
45.0
116.6803368422425 105.60196262957538
3
98.54713377504143 105.60196262957538
0.25 0.25 0.25 0.25
18.13320306720107
45.0
128.62022365303437 379.26679771690425
1
128.62022365303437 387.31577118033005
0.25 0.25 0.25 0.25
8.048973463425813
45.0
121.3068572592372 227.40618278971914
0
121.3068572592372 206.86858481702623
0.25 0.25 0.25 0.25
20.5375979726929
45.0
493.1303953871572 190.06412206008935
1
493.1303953871572 202.45156223526786
0.25 0.25 0.25 0.25
12.38744017517851
45.0
53.816135447170296 294.88215315274294
3
8.341836244778904 294.88215315274294
0.25 0.25 0.25 0.25
45.47429920239139
45.0
51.85428913822794 278.94622031268557
1
51.85428913822794 282.9683585343111
0.25 0.25 0.25 0.25
4.02213822162556
45.0
270.33245805432557 247.4491911851814
3
264.2145242865172 247.4491911851814
0.25 0.25 0.25 0.25
6.117933767808409
45.0
313.14682678910765 272.9179187680504
0
313.14682678910765 253.66377376929347
0.25 0.25 0.25 0.25
19.254144998756956
45.0
107.97127262737708 372.25726769673406
2
137.1605929228784 372.25726769673406
0.25 0.25 0.25 0.25
29.189320295501336
45.0
70.85599338649355 460.37017515724006
1
70.85599338649355 485.9953860159126
0.25 0.25 0.25 0.25
25.625210858672542
45.0
124.51364728177636 398.7150174201233
2
138.21697293535166 398.7150174201233
0.25 0.25 0.25 0.25
13.70332565357531
45.0
309.89007444978347 247.5343399158218
0
309.89007444978347 246.39998857296217
0.25 0.25 0.25 0.25
1.134351342859613
45.0
359.8788739887116 451.46473145776645
3
325.71122163545783 451.46473145776645
0.25 0.25 0.25 0.25
34.16765235325374
45.0
122.90131855531384 280.5133686693486
2
129.60730452742726 280.5133686693486
0.25 0.25 0.25 0.25
6.705985972113421
45.0
55.07762338572798 151.9392505786302
3
39.00457398990842 151.9392505786302
0.25 0.25 0.25 0.25
16.07304939581956
45.0
378.63147383744865 168.6184064653212
2
411.8972386906763 168.6184064653212
0.25 0.25 0.25 0.25
33.26576485322766
45.0
214.31539916418615 22.93444151980475
1
214.31539916418615 24.2950830439529
0.25 0.25 0.25 0.25
47.22952456375765
45.0
39.01706524562702 419.3156039446521
1
39.01706524562702 457.03265053415146
0.25 0.25 0.25 0.25
37.71704658949939
45.0
