43458
425.9581186974534 496.5906197758678
0
425.9581186974534 370.60004312688875
0.25 0.25 0.25 0.25
132.80933709724346
45.0
63.112990044199535 318.01108601005654
0
63.112990044199535 169.16304119273366
0.25 0.25 0.25 0.25
148.8480448173229
45.0
351.8605270165826 360.1170049506586
2
478.797255176242 360.1170049506586
0.25 0.25 0.25 0.25
126.93672815965941
45.0
382.32303788297395 193.80088436003876
3
272.6005061384148 193.80088436003876
0.25 0.25 0.25 0.25
109.72253174455913
45.0
243.72139067283183 326.6547307500193
3
72.09054043982445 326.6547307500193
0.25 0.25 0.25 0.25
171.63085023300738
45.0
458.70445697670516 397.49908096518766
0
458.70445697670516 430.36596143598354
0.25 0.25 0.25 0.25
172.1349575988288
45.0
481.97084622161765 482.61659980672584
3
425.531937447946 482.61659980672584
0.25 0.25 0.25 0.25
92.49721633043636
45.0
290.49822465122844 416.0714793731886
2
405.1596274297448 416.0714793731886
0.25 0.25 0.25 0.25
114.66140277851632
45.0
283.7725082789083 49.73012029632608
2
391.37513050055543 49.73012029632608
0.25 0.25 0.25 0.25
107.60262222164712
45.0
290.7432463224077 360.9987714322749
0
290.7432463224077 486.373987680495
0.25 0.25 0.25 0.25
152.62724088723004
45.0
197.94329511877436 168.35410838272628
2
345.35353830132567 168.35410838272628
0.25 0.25 0.25 0.25
147.4102431825513
45.0
177.92737470224677 376.1113120224843
3
25.11327197081431 376.1113120224843
0.25 0.25 0.25 0.25
152.81410273143246
45.0
186.00213475616147 29.674239006001685
1
186.00213475616147 154.43664234646587
0.25 0.25 0.25 0.25
124.76240334046419
45.0
3.8803809482905365 125.54519499927613
2
121.59448694603026 125.54519499927613
0.25 0.25 0.25 0.25
117.71410599773972
45.0
333.8486023926838 250.50242097517855
1
333.8486023926838 405.0976776776796
0.25 0.25 0.25 0.25
154.59525670250105
45.0
496.403974865775 432.8921244348343
3
389.0836793900522 432.8921244348343
0.25 0.25 0.25 0.25
114.51234574417275
45.0
158.84202529773515 382.93724844414294
0
158.84202529773515 236.64082563262772
0.25 0.25 0.25 0.25
146.2964228115152
45.0
372.1945554832797 210.43112687094185
2
485.7883022501363 210.43112687094185
0.25 0.25 0.25 0.25
113.59374676685661
45.0
292.7412504824336 334.2579314850485
0
292.7412504824336 202.635781982246
0.25 0.25 0.25 0.25
131.62214950280253
45.0
61.768135828075884 92.9520597965157
1
61.768135828075884 37.16409248538221
0.25 0.25 0.25 0.25
130.1161522818979
45.0
56.54808363931423 163.64632523863963
2
52.98658278067872 163.64632523863963
0.25 0.25 0.25 0.25
109.53466641999294
45.0
201.70697634125196 23.56617844988949
1
201.70697634125196 152.74118378067556
0.25 0.25 0.25 0.25
129.17500533078606
45.0
312.88222337046795 382.2235377354607
0
312.88222337046795 451.52815171942484
0.25 0.25 0.25 0.25
166.2483105451145
45.0
265.79704927468697 267.772356917499
1
265.79704927468697 433.36507510893784
0.25 0.25 0.25 0.25
165.59271819143882
45.0
369.2137758899196 264.504461056687
2
485.96909693790394 264.504461056687
0.25 0.25 0.25 0.25
116.75532104798432
45.0
267.94366241374104 74.27775854011156
2
392.57950618046266 74.27775854011156
0.25 0.25 0.25 0.25
124.63584376672162
45.0
34.57344087742979 160.75086192347453
1
34.57344087742979 306.05879311980516
0.25 0.25 0.25 0.25
145.30793119633063
45.0
228.51358907891972 77.55958533142777
2
336.84977095076675 77.55958533142777
0.25 0.25 0.25 0.25
108.33618187184702
45.0
8.997450576444322 48.07739828134706
1
8.997450576444322 45.177322042666674
0.25 0.25 0.25 0.25
93.25472032401373
45.0
350.17183072090506 433.47337872375005
1
350.17183072090506 467.8183639498109
0.25 0.25 0.25 0.25
34.34498522606083
45.0
5.207287135094827 130.12967724403853
2
23.340490202295896 130.12967724403853
0.25 0.25 0.25 0.25
18.13320306720107
45.0
40.081515555350464 258.5321957655173
1
40.081515555350464 266.5811692289431
0.25 0.25 0.25 0.25
8.048973463425813
45.0
242.02760558728332 124.7181929262546
3
221.4900076145904 124.7181929262546
0.25 0.25 0.25 0.25
20.5375979726929
45.0
113.8541731965893 450.7001128597345
1
113.8541731965893 463.08755303491296
0.25 0.25 0.25 0.25
12.38744017517851
45.0
126.7773140045625 340.45428832290384
0
126.7773140045625 294.9799891205124
0.25 0.25 0.25 0.25
45.47429920239139
45.0
141.20834549979887 93.92786211790973
1
141.20834549979887 97.95000033953528
0.25 0.25 0.25 0.25
4.02213822162556
45.0
411.04493471391834 351.45406523792394
2
417.1628684817267 351.45406523792394
0.25 0.25 0.25 0.25
6.117933767808409
45.0
436.5492882270521 476.77819624810934
1
436.5492882270521 496.0323412468663
0.25 0.25 0.25 0.25
19.254144998756956
45.0
20.403311740873086 73.14564668874067
0
20.403311740873086 43.95632639323934
0.25 0.25 0.25 0.25
29.189320295501336
45.0
122.10641510383863 437.1289814080699
3
96.48120424516608 437.1289814080699
0.25 0.25 0.25 0.25
25.625210858672542
45.0
135.8495401361545 108.30803176216307
1
135.8495401361545 122.01135741573837
0.25 0.25 0.25 0.25
13.70332565357531
45.0
345.0549660784307 219.17555634433137
3
343.9206147355711 219.17555634433137
0.25 0.25 0.25 0.25
1.134351342859613
45.0
496.54948340172655 128.06437143651192
3
469.2828642450197 128.06437143651192
0.25 0.25 0.25 0.25
34.16765235325374
45.0
102.78336063897356 99.45174742228646
3
96.07737466686014 99.45174742228646
0.25 0.25 0.25 0.25
6.705985972113421
45.0
173.41600561493283 184.08534937026934
1
173.41600561493283 200.1583987660889
0.25 0.25 0.25 0.25
16.07304939581956
45.0
274.7800704714255 128.74642281055762
2
308.0458353246532 128.74642281055762
0.25 0.25 0.25 0.25
33.26576485322766
45.0
442.28303782188505 165.98365673522585
2
489.5125623856427 165.98365673522585
0.25 0.25 0.25 0.25
47.22952456375765
45.0
357.510189322383 231.72690175368814
3
319.7931427328836 231.72690175368814
0.25 0.25 0.25 0.25
37.71704658949939
45.0
