43458
409.7927700399098 426.25597945657194
0
409.7927700399098 293.4466423593285
0.25 0.25 0.25 0.25
132.80933709724346
45.0
444.68170712136566 66.39320368249543
1
444.68170712136566 82.45484113482746
0.25 0.25 0.25 0.25
148.8480448173229
45.0
367.35435229385786 447.98483983912365
2
494.2910804535173 447.98483983912365
0.25 0.25 0.25 0.25
126.93672815965941
45.0
457.3063236767804 74.3335352626622
3
347.58379193222123 74.3335352626622
0.25 0.25 0.25 0.25
109.72253174455913
45.0
154.36608647869883 445.7951363421962
0
154.36608647869883 274.1642861091888
0.25 0.25 0.25 0.25
171.63085023300738
45.0
180.0540329649932 430.3088265581605
3
7.919075366164407 430.3088265581605
0.25 0.25 0.25 0.25
172.1349575988288
45.0
437.850998926309 257.53308971981653
1
437.850998926309 350.0303060502529
0.25 0.25 0.25 0.25
92.49721633043636
45.0
55.52098858369159 301.41007659467226
1
55.52098858369159 416.0714793731886
0.25 0.25 0.25 0.25
114.66140277851632
45.0
488.14882507167783 102.32232413661649
3
380.5462028500307 102.32232413661649
0.25 0.25 0.25 0.25
107.60262222164712
45.0
206.50669164578804 360.9987714322749
2
359.1339325330181 360.9987714322749
0.25 0.25 0.25 0.25
152.62724088723004
45.0
429.0203769281586 265.9014553005577
3
423.5693798892901 265.9014553005577
0.25 0.25 0.25 0.25
147.4102431825513
45.0
67.97866210808553 14.201051930970209
2
84.83544062334693 14.201051930970209
0.25 0.25 0.25 0.25
152.81410273143246
45.0
443.512201775019 398.25912919853477
3
318.7497984345548 398.25912919853477
0.25 0.25 0.25 0.25
124.76240334046419
45.0
359.30230286465996 66.11824101961867
2
477.01640886239966 66.11824101961867
0.25 0.25 0.25 0.25
117.71410599773972
45.0
357.5853765151095 346.66765488259796
3
202.99011981260844 346.66765488259796
0.25 0.25 0.25 0.25
154.59525670250105
45.0
68.22565280904219 93.1942904963822
2
182.73799855321494 93.1942904963822
0.25 0.25 0.25 0.25
114.51234574417275
45.0
354.11878690650644 114.41936250171895
1
354.11878690650644 31.877060309796263
0.25 0.25 0.25 0.25
146.2964228115152
45.0
285.14906195784135 176.91269749135608
1
285.14906195784135 290.5064442582127
0.25 0.25 0.25 0.25
113.59374676685661
45.0
238.1223733535175 438.5706424233929
0
238.1223733535175 306.94849292059035
0.25 0.25 0.25 0.25
131.62214950280253
45.0
377.5866536797506 256.66893281724924
3
247.47050139785267 256.66893281724924
0.25 0.25 0.25 0.25
130.1161522818979
45.0
105.7692403204177 217.74033156107834
0
105.7692403204177 108.20566514108539
0.25 0.25 0.25 0.25
109.53466641999294
45.0
90.04307696660862 90.36626374246663
1
90.04307696660862 219.5412690732527
0.25 0.25 0.25 0.25
129.17500533078606
45.0
357.1312922686162 64.78773702111033
1
357.1312922686162 101.46057352400416
0.25 0.25 0.25 0.25
166.2483105451145
45.0
444.27714916885986 222.56210680545044
3
278.684430977421 222.56210680545044
0.25 0.25 0.25 0.25
165.59271819143882
45.0
267.6179970262016 370.0700336150936
1
267.6179970262016 486.825354663078
0.25 0.25 0.25 0.25
116.75532104798432
45.0
134.56806904833832 47.444835360383024
1
134.56806904833832 77.1910084063386
0.25 0.25 0.25 0.25
124.63584376672162
45.0
393.81137676734863 232.7981107150731
1
393.81137676734863 378.10604191140374
0.25 0.25 0.25 0.25
145.30793119633063
45.0
421.50350215216235 189.06150471901998
3
470.16031597599067 189.06150471901998
0.25 0.25 0.25 0.25
108.33618187184702
45.0
405.6723039153221 89.72827147705851
3
312.41758359130836 89.72827147705851
0.25 0.25 0.25 0.25
93.25472032401373
45.0
470.1123862603188 193.05848214132425
1
470.1123862603188 227.40346736738508
0.25 0.25 0.25 0.25
34.34498522606083
45.0
479.34439818626385 141.86836876397751
1
479.34439818626385 160.00157183117858
0.25 0.25 0.25 0.25
18.13320306720107
45.0
184.96303789701514 210.23835498496237
0
184.96303789701514 202.18938152153655
0.25 0.25 0.25 0.25
8.048973463425813
45.0
1.9187305769202112 279.6914658656517
2
18.61886739577269 279.6914658656517
0.25 0.25 0.25 0.25
20.5375979726929
45.0
468.3555150368002 239.6138827608034
3
455.96807486162174 239.6138827608034
0.25 0.25 0.25 0.25
12.38744017517851
45.0
281.18763145912726 158.45925554556874
2
326.6619306615187 158.45925554556874
0.25 0.25 0.25 0.25
45.47429920239139
45.0
43.81001269497682 246.76911453968117
1
43.81001269497682 250.79125276130674
0.25 0.25 0.25 0.25
4.02213822162556
45.0
294.8041931255591 198.50572104271413
3
288.6862593577507 198.50572104271413
0.25 0.25 0.25 0.25
6.117933767808409
45.0
139.85952180029517 446.2052237568629
1
139.85952180029517 465.45936875561983
0.25 0.25 0.25 0.25
19.254144998756956
45.0
183.92193032763626 430.63590828773675
3
154.73261003213491 430.63590828773675
0.25 0.25 0.25 0.25
29.189320295501336
45.0
19.605571669148464 460.37017515724006
0
19.605571669148464 434.74496429856754
0.25 0.25 0.25 0.25
25.625210858672542
45.0
26.222934907552045 412.41834307369857
1
26.222934907552045 426.12166872727386
0.25 0.25 0.25 0.25
13.70332565357531
45.0
307.6213717640643 233.9221238015064
3
306.4870204212047 233.9221238015064
0.25 0.25 0.25 0.25
1.134351342859613
45.0
25.10338365272105 480.19996383572607
2
9.064268700532693 480.19996383572607
0.25 0.25 0.25 0.25
34.16765235325374
45.0
75.95941675051986 327.4552704741425
3
69.25343077840644 327.4552704741425
0.25 0.25 0.25 0.25
6.705985972113421
45.0
121.7259199682872 457.327189099202
2
137.79896936410677 457.327189099202
0.25 0.25 0.25 0.25
16.07304939581956
45.0
222.17934792381936 498.72394500240216
3
188.9135830705917 498.72394500240216
0.25 0.25 0.25 0.25
33.26576485322766
45.0
261.5449237279438 24.2950830439529
1
261.5449237279438 71.52460760771055
0.25 0.25 0.25 0.25
47.22952456375765
45.0
262.71930747036805 33.28895512934049
1
262.71930747036805 4.428091460158896
0.25 0.25 0.25 0.25
37.71704658949939
45.0
