43458
464.407523276509 425.21479636348795
3
331.59818617926555 425.21479636348795
0.25 0.25 0.25 0.25
132.80933709724346
45.0
43.79874105186309 40.518527413567256
2
192.64678586918598 40.518527413567256
0.25 0.25 0.25 0.25
148.8480448173229
45.0
255.91144941147377 155.7111504046228
1
255.91144941147377 282.6478785642822
0.25 0.25 0.25 0.25
126.93672815965941
45.0
419.81468077987716 60.38342507983238
1
419.81468077987716 170.1059568243915
0.25 0.25 0.25 0.25
109.72253174455913
45.0
330.74136282227903 382.5740134247965
0
330.74136282227903 445.7951363421962
0.25 0.25 0.25 0.25
171.63085023300738
45.0
197.02562782563723 78.00981660436128
1
197.02562782563723 250.14477420319008
0.25 0.25 0.25 0.25
172.1349575988288
45.0
24.63508272587282 130.09711411978043
2
117.13229905630918 130.09711411978043
0.25 0.25 0.25 0.25
92.49721633043636
45.0
106.2771413489141 61.377659499452264
2
220.93854412743042 61.377659499452264
0.25 0.25 0.25 0.25
114.66140277851632
45.0
404.248552706675 498.8435869819708
3
488.14882507167783 498.8435869819708
0.25 0.25 0.25 0.25
107.60262222164712
45.0
372.3105349711136 144.42055662744306
3
475.0622241416563 144.42055662744306
0.25 0.25 0.25 0.25
152.62724088723004
45.0
116.80062531744284 234.02975302269851
0
116.80062531744284 86.6195098401472
0.25 0.25 0.25 0.25
147.4102431825513
45.0
317.3248129423012 180.43181915378068
0
317.3248129423012 27.617716422348224
0.25 0.25 0.25 0.25
152.81410273143246
45.0
59.338958139410735 354.11683739682337
2
184.10136147987492 354.11683739682337
0.25 0.25 0.25 0.25
124.76240334046419
45.0
301.0151508465776 362.11320895633065
3
183.3010448488379 362.11320895633065
0.25 0.25 0.25 0.25
117.71410599773972
45.0
405.65256986488214 254.76252083257702
3
439.7521734326168 254.76252083257702
0.25 0.25 0.25 0.25
154.59525670250105
45.0
76.8978046326853 197.05262438707285
1
76.8978046326853 311.5649701312456
0.25 0.25 0.25 0.25
114.51234574417275
45.0
183.74740441438482 381.0905837162662
3
37.450981602869604 381.0905837162662
0.25 0.25 0.25 0.25
146.2964228115152
45.0
374.0696977415888 299.80601047777986
3
260.4759509747322 299.80601047777986
0.25 0.25 0.25 0.25
113.59374676685661
45.0
27.855270370332676 87.91795558781718
1
27.855270370332676 219.5401050906197
0.25 0.25 0.25 0.25
131.62214950280253
45.0
217.4078944418601 167.48199879053473
3
87.29174215996218 167.48199879053473
0.25 0.25 0.25 0.25
130.1161522818979
45.0
77.39323588029075 217.74033156107834
2
32.1414305397022 217.74033156107834
0.25 0.25 0.25 0.25
109.53466641999294
45.0
431.0821096109036 219.5412690732527
3
301.90710428011755 219.5412690732527
0.25 0.25 0.25 0.25
129.17500533078606
45.0
310.37208664115485 262.68861061049245
3
144.12377609604036 262.68861061049245
0.25 0.25 0.25 0.25
166.2483105451145
45.0
259.35335842331995 280.65973862023304
3
93.76064023188113 280.65973862023304
0.25 0.25 0.25 0.25
165.59271819143882
45.0
112.96705048628405 249.34491887242066
1
112.96705048628405 366.100239920405
0.25 0.25 0.25 0.25
116.75532104798432
45.0
276.68341201242214 335.20244553846294
0
276.68341201242214 210.56660177174132
0.25 0.25 0.25 0.25
124.63584376672162
45.0
214.1924088223892 249.9536290893875
1
214.1924088223892 395.26156028571813
0.25 0.25 0.25 0.25
145.30793119633063
45.0
120.17740720707282 397.2951392043741
2
228.51358907891984 397.2951392043741
0.25 0.25 0.25 0.25
108.33618187184702
45.0
485.2240261291038 369.49243244909974
3
421.52125354688246 369.49243244909974
0.25 0.25 0.25 0.25
93.25472032401373
45.0
186.43776147907295 13.011429215040721
1
186.43776147907295 21.333556011020107
0.25 0.25 0.25 0.25
34.34498522606083
45.0
391.0493490393874 3.1972557736310208
1
391.0493490393874 21.33045884083209
0.25 0.25 0.25 0.25
18.13320306720107
45.0
410.3342948729377 339.0191310631929
2
418.38326833636347 339.0191310631929
0.25 0.25 0.25 0.25
8.048973463425813
45.0
145.68191638577053 124.7181929262546
2
166.21951435846344 124.7181929262546
0.25 0.25 0.25 0.25
20.5375979726929
45.0
307.31879275947995 450.20036573883766
3
294.93135258430146 450.20036573883766
0.25 0.25 0.25 0.25
12.38744017517851
45.0
281.18763145912726 431.73963321252813
2
326.6619306615187 431.73963321252813
0.25 0.25 0.25 0.25
45.47429920239139
45.0
88.92054861866663 379.49967585332405
3
84.89841039704108 379.49967585332405
0.25 0.25 0.25 0.25
4.02213822162556
45.0
209.15312037624153 198.50572104271413
3
203.03518660843312 198.50572104271413
0.25 0.25 0.25 0.25
6.117933767808409
45.0
82.0970868040243 189.18156120211643
2
101.35123180278126 189.18156120211643
0.25 0.25 0.25 0.25
19.254144998756956
45.0
465.80622612634784 80.36406474172071
1
465.80622612634784 109.55338503722204
0.25 0.25 0.25 0.25
29.189320295501336
45.0
199.59882419162759 409.119753439895
1
199.59882419162759 434.74496429856754
0.25 0.25 0.25 0.25
25.625210858672542
45.0
190.32007003945867 398.7150174201233
0
190.32007003945867 385.011691766548
0.25 0.25 0.25 0.25
13.70332565357531
45.0
338.2488580212732 239.59388051580447
3
337.1145066784136 239.59388051580447
0.25 0.25 0.25 0.25
1.134351342859613
45.0
145.73487811354767 305.65604028911
2
179.9025304668014 305.65604028911
0.25 0.25 0.25 0.25
34.16765235325374
45.0
4.512414914841205 45.80385964537906
2
2.193571057272216 45.80385964537906
0.25 0.25 0.25 0.25
6.705985972113421
45.0
189.4890550107524 489.4732878908411
2
205.56210440657196 489.4732878908411
0.25 0.25 0.25 0.25
16.07304939581956
45.0
122.38205336413642 64.24194750727247
2
155.6478182173641 64.24194750727247
0.25 0.25 0.25 0.25
33.26576485322766
45.0
167.0858746004285 196.8532129768048
2
214.31539916418615 196.8532129768048
0.25 0.25 0.25 0.25
47.22952456375765
45.0
92.4943324393544 429.81620969735053
3
54.777285849855005 429.81620969735053
0.25 0.25 0.25 0.25
37.71704658949939
45.0
