43458
316.728612224255 26.786785071757606
1
316.728612224255 106.02255202548585
0.25 0.25 0.25 0.25
132.80933709724346
45.0
299.55851696524866 338.2146170482129
3
150.71047214792577 338.2146170482129
0.25 0.25 0.25 0.25
148.8480448173229
45.0
113.48089597453904 67.17465536014545
1
113.48089597453904 194.11138351980486
0.25 0.25 0.25 0.25
126.93672815965941
45.0
335.0865776332535 254.83405997101517
2
444.80910937781266 254.83405997101517
0.25 0.25 0.25 0.25
109.72253174455913
45.0
154.36608647869883 274.1642861091888
1
154.36608647869883 445.7951363421962
0.25 0.25 0.25 0.25
171.63085023300738
45.0
286.56949937787635 20.419420174557217
2
458.70445697670516 20.419420174557217
0.25 0.25 0.25 0.25
172.1349575988288
45.0
437.850998926309 350.0303060502529
3
469.65178474325467 350.0303060502529
0.25 0.25 0.25 0.25
92.49721633043636
45.0
403.1246225303737 479.9767293864825
0
403.1246225303737 405.36186783500125
0.25 0.25 0.25 0.25
114.66140277851632
45.0
488.14882507167783 359.6645647551478
1
488.14882507167783 467.26718697679496
0.25 0.25 0.25 0.25
107.60262222164712
45.0
85.57118769057652 276.76221675565523
1
85.57118769057652 429.3894576428853
0.25 0.25 0.25 0.25
152.62724088723004
45.0
217.86672918988893 208.20097652495542
0
217.86672918988893 60.79073334240411
0.25 0.25 0.25 0.25
147.4102431825513
45.0
237.64954335477938 27.617716422348224
1
237.64954335477938 125.19638630908423
0.25 0.25 0.25 0.25
152.81410273143246
45.0
318.74979843455475 350.3152908442504
0
318.74979843455475 225.55288750378622
0.25 0.25 0.25 0.25
124.76240334046419
45.0
7.299786833015872 477.54771103092014
2
125.0138928307556 477.54771103092014
0.25 0.25 0.25 0.25
117.71410599773972
45.0
487.81936678238947 419.0961146675917
3
333.2241100798884 419.0961146675917
0.25 0.25 0.25 0.25
154.59525670250105
45.0
381.1515783440057 250.34274673613606
1
381.1515783440057 364.8550924803088
0.25 0.25 0.25 0.25
114.51234574417275
45.0
377.3633271510696 470.7663287443419
3
476.3402500374152 470.7663287443419
0.25 0.25 0.25 0.25
146.2964228115152
45.0
193.89903609269425 154.56897658964658
2
307.49278285955086 154.56897658964658
0.25 0.25 0.25 0.25
113.59374676685661
45.0
27.855270370332676 253.97129689817012
2
159.4774198731352 253.97129689817012
0.25 0.25 0.25 0.25
131.62214950280253
45.0
272.99410772973897 3.5633717465465793
1
272.99410772973897 133.6795240284445
0.25 0.25 0.25 0.25
130.1161522818979
45.0
91.58123810035427 411.0916625187524
0
91.58123810035427 479.37367106125464
0.25 0.25 0.25 0.25
109.53466641999294
45.0
185.81803965110623 90.36626374246663
2
314.9930449818923 90.36626374246663
0.25 0.25 0.25 0.25
129.17500533078606
45.0
310.37208664115485 98.95043679469106
1
310.37208664115485 67.29787375042343
0.25 0.25 0.25 0.25
166.2483105451145
45.0
71.8320779595577 439.80876596030487
0
71.8320779595577 274.216047768866
0.25 0.25 0.25 0.25
165.59271819143882
45.0
150.86267597821725 34.96361265540693
1
150.86267597821725 81.79170839257739
0.25 0.25 0.25 0.25
116.75532104798432
45.0
383.83975658178156 172.08067912710464
0
383.83975658178156 47.444835360383024
0.25 0.25 0.25 0.25
124.63584376672162
45.0
231.3479271967036 459.43050851795124
0
231.3479271967036 314.1225773216206
0.25 0.25 0.25 0.25
145.30793119633063
45.0
288.19295712693855 352.6194046402151
2
396.5291389987856 352.6194046402151
0.25 0.25 0.25 0.25
108.33618187184702
45.0
151.71006650743203 443.99812690287274
0
151.71006650743203 350.743406578859
0.25 0.25 0.25 0.25
93.25472032401373
45.0
152.09277625301212 193.05848214132425
1
152.09277625301212 227.40346736738508
0.25 0.25 0.25 0.25
34.34498522606083
45.0
189.21314911104676 14.935947293570049
2
207.34635217824783 14.935947293570049
0.25 0.25 0.25 0.25
18.13320306720107
45.0
88.37535633590532 427.560638497459
0
88.37535633590532 419.51166503403323
0.25 0.25 0.25 0.25
8.048973463425813
45.0
18.61886739577269 268.48137873510495
0
18.61886739577269 247.94378076241205
0.25 0.25 0.25 0.25
20.5375979726929
45.0
444.9324037369504 214.83900241044637
3
432.5449635617719 214.83900241044637
0.25 0.25 0.25 0.25
12.38744017517851
45.0
144.76473385195308 340.35645235513437
1
144.76473385195308 385.8307515575258
0.25 0.25 0.25 0.25
45.47429920239139
45.0
35.7657362517257 307.10118786406434
0
35.7657362517257 303.0790496424388
0.25 0.25 0.25 0.25
4.02213822162556
45.0
276.45039182213395 235.2133236495646
0
276.45039182213395 229.09538988175618
0.25 0.25 0.25 0.25
6.117933767808409
45.0
139.85952180029517 349.9344987630782
0
139.85952180029517 330.68035376432124
0.25 0.25 0.25 0.25
19.254144998756956
45.0
49.59263203637441 226.31066621922741
2
78.78195233187574 226.31066621922741
0.25 0.25 0.25 0.25
29.189320295501336
45.0
19.605571669148464 434.74496429856754
2
45.230782527821006 434.74496429856754
0.25 0.25 0.25 0.25
25.625210858672542
45.0
83.40367032105044 343.9017148058221
2
97.10699597462575 343.9017148058221
0.25 0.25 0.25 0.25
13.70332565357531
45.0
308.7557231069239 240.7282318586641
2
309.89007444978347 240.7282318586641
0.25 0.25 0.25 0.25
1.134351342859613
45.0
496.54948340172655 446.0323114824723
3
462.3818310484728 446.0323114824723
0.25 0.25 0.25 0.25
34.16765235325374
45.0
116.19533258320041 293.92534061357543
2
122.90131855531384 293.92534061357543
0.25 0.25 0.25 0.25
6.705985972113421
45.0
39.00457398990842 248.3775469535476
2
55.07762338572798 248.3775469535476
0.25 0.25 0.25 0.25
16.07304939581956
45.0
378.63147383744865 268.4157010250042
3
345.365708984221 268.4157010250042
0.25 0.25 0.25 0.25
33.26576485322766
45.0
116.2912727821174 117.39349064732005
0
116.2912727821174 70.1639660835624
0.25 0.25 0.25 0.25
47.22952456375765
45.0
111.85112111237054 381.5985573551527
3
74.13407452287115 381.5985573551527
0.25 0.25 0.25 0.25
37.71704658949939
45.0
