43458
425.9581186974534 175.31600925169775
3
293.14878160021 175.31600925169775
0.25 0.25 0.25 0.25
132.80933709724346
45.0
20.759637398320876 277.3810932592349
2
128.088407419002 277.3810932592349
0.25 0.25 0.25 0.25
148.8480448173229
45.0
171.3802108993304 416.9971892845731
2
298.3169390589898 416.9971892845731
0.25 0.25 0.25 0.25
126.93672815965941
45.0
407.3174664809095 0.6497505311440648
1
407.3174664809095 110.3722822757032
0.25 0.25 0.25 0.25
109.72253174455913
45.0
296.2118353136623 39.312312958781774
3
124.5809850806549 39.312312958781774
0.25 0.25 0.25 0.25
171.63085023300738
45.0
123.31990700572692 258.1738689593317
0
123.31990700572692 86.03891136050288
0.25 0.25 0.25 0.25
172.1349575988288
45.0
443.0013170827459 72.36669817589227
1
443.0013170827459 20.13051815454409
0.25 0.25 0.25 0.25
92.49721633043636
45.0
301.61231699992874 469.26711784829513
0
301.61231699992874 354.6057150697788
0.25 0.25 0.25 0.25
114.66140277851632
45.0
328.2223304902037 412.2567685954382
0
328.2223304902037 480.14060918291466
0.25 0.25 0.25 0.25
107.60262222164712
45.0
190.66082317977876 12.64639655279558
3
38.033582292548715 12.64639655279558
0.25 0.25 0.25 0.25
152.62724088723004
45.0
197.94329511877436 10.927837077684217
3
50.533051936223046 10.927837077684217
0.25 0.25 0.25 0.25
147.4102431825513
45.0
191.34403919362484 471.0745852460833
2
344.1581419250573 471.0745852460833
0.25 0.25 0.25 0.25
152.81410273143246
45.0
313.04747860569535 221.75134095121325
2
437.8098819461595 221.75134095121325
0.25 0.25 0.25 0.25
124.76240334046419
45.0
230.40802908561383 243.25930099701586
2
348.12213508335356 243.25930099701586
0.25 0.25 0.25 0.25
117.71410599773972
45.0
159.77667142515554 240.76408384266495
3
5.181414722654495 240.76408384266495
0.25 0.25 0.25 0.25
154.59525670250105
45.0
129.4478762041519 338.0831840768202
2
243.96022194832466 338.0831840768202
0.25 0.25 0.25 0.25
114.51234574417275
45.0
207.82236409499123 398.54144970252264
2
354.11878690650644 398.54144970252264
0.25 0.25 0.25 0.25
146.2964228115152
45.0
173.43045744929384 108.00639252791848
3
59.83671068243723 108.00639252791848
0.25 0.25 0.25 0.25
113.59374676685661
45.0
496.99164653438146 139.25347050374137
3
371.386203962816 139.25347050374137
0.25 0.25 0.25 0.25
131.62214950280253
45.0
199.21278562632153 167.28024476728015
3
69.09663334442362 167.28024476728015
0.25 0.25 0.25 0.25
130.1161522818979
45.0
261.42941425923675 273.1809916586326
3
151.8947478392438 273.1809916586326
0.25 0.25 0.25 0.25
109.53466641999294
45.0
72.5319710104659 444.4912370885363
2
201.70697634125196 444.4912370885363
0.25 0.25 0.25 0.25
129.17500533078606
45.0
489.17108083283483 218.4853639196593
1
489.17108083283483 384.7336744647738
0.25 0.25 0.25 0.25
166.2483105451145
45.0
444.27714916885986 439.80876596030487
0
444.27714916885986 394.5985158482563
0.25 0.25 0.25 0.25
165.59271819143882
45.0
201.6605654100763 96.95125057684368
3
84.90524436209196 96.95125057684368
0.25 0.25 0.25 0.25
116.75532104798432
45.0
389.6662563142356 207.65335190551428
3
485.6978999190428 207.65335190551428
0.25 0.25 0.25 0.25
124.63584376672162
45.0
221.73138476660267 417.055687567507
2
367.0393159629333 417.055687567507
0.25 0.25 0.25 0.25
145.30793119633063
45.0
145.1517703604494 377.593767793592
3
36.8155884886024 377.593767793592
0.25 0.25 0.25 0.25
108.33618187184702
45.0
431.47422747947326 392.39427977457046
0
431.47422747947326 299.1395594505567
0.25 0.25 0.25 0.25
93.25472032401373
45.0
285.4772887130194 330.43842304556756
0
285.4772887130194 296.09343781950673
0.25 0.25 0.25 0.25
34.34498522606083
45.0
448.12278954493183 257.062098714446
0
448.12278954493183 238.9288956472449
0.25 0.25 0.25 0.25
18.13320306720107
45.0
168.8650909701635 274.6301426923689
1
168.8650909701635 282.6791161557947
0.25 0.25 0.25 0.25
8.048973463425813
45.0
4.4235700850315425 289.01897670779783
0
4.4235700850315425 268.48137873510495
0.25 0.25 0.25 0.25
20.5375979726929
45.0
27.142091970339735 413.537792334199
3
14.754651795161225 413.537792334199
0.25 0.25 0.25 0.25
12.38744017517851
45.0
308.6745108141281 386.69991646274764
3
263.2002116117367 386.69991646274764
0.25 0.25 0.25 0.25
45.47429920239139
45.0
149.25262194305 21.529374128649685
1
149.25262194305 25.551512350275246
0.25 0.25 0.25 0.25
4.02213822162556
45.0
172.44551776939107 333.1002639344988
3
166.32758400158266 333.1002639344988
0.25 0.25 0.25 0.25
6.117933767808409
45.0
159.1136667990521 234.40962877053653
2
178.36781179780905 234.40962877053653
0.25 0.25 0.25 0.25
19.254144998756956
45.0
300.6792115096416 277.47088875725007
3
271.4898912141403 277.47088875725007
0.25 0.25 0.25 0.25
29.189320295501336
45.0
134.1456934828868 488.3794031254149
0
134.1456934828868 462.7541922667424
0.25 0.25 0.25 0.25
25.625210858672542
45.0
138.21697293535166 110.94517869504188
0
138.21697293535166 97.24185304146657
0.25 0.25 0.25 0.25
13.70332565357531
45.0
354.1297768213074 225.98166440148907
3
352.9954254784478 225.98166440148907
0.25 0.25 0.25 0.25
1.134351342859613
45.0
248.2378351733089 196.3996761430194
2
282.40548752656264 196.3996761430194
0.25 0.25 0.25 0.25
34.16765235325374
45.0
75.95941675051986 233.57146686455474
1
75.95941675051986 240.27745283666815
0.25 0.25 0.25 0.25
6.705985972113421
45.0
221.63515380239153 328.74279393264544
2
237.7082031982111 328.74279393264544
0.25 0.25 0.25 0.25
16.07304939581956
45.0
423.8009914463554 237.17699057494667
0
423.8009914463554 203.911225721719
0.25 0.25 0.25 0.25
33.26576485322766
45.0
261.5449237279438 252.2627217016518
3
214.31539916418615 252.2627217016518
0.25 0.25 0.25 0.25
47.22952456375765
45.0
132.811416341109 420.312134701185
2
170.52846293060838 420.312134701185
0.25 0.25 0.25 0.25
37.71704658949939
45.0
