43458
417.6527135812581 292.4054592662445
3
449.53794932149844 292.4054592662445
0.25 0.25 0.25 0.25
132.80933709724346
45.0
360.80907967884536 108.32951740375563
1
360.80907967884536 40.518527413567256
0.25 0.25 0.25 0.25
148.8480448173229
45.0
409.7598419413739 67.1746553601454
1
409.7598419413739 59.762072799514016
0.25 0.25 0.25 0.25
126.93672815965941
45.0
128.79797794291852 184.05606700722137
3
19.075446198359387 184.05606700722137
0.25 0.25 0.25 0.25
109.72253174455913
45.0
154.36608647869895 382.5740134247965
2
325.9969367117063 382.5740134247965
0.25 0.25 0.25 0.25
171.63085023300738
45.0
458.70445697670516 225.36412336635885
1
458.70445697670516 397.49908096518766
0.25 0.25 0.25 0.25
172.1349575988288
45.0
437.850998926309 425.0581427458893
0
437.850998926309 332.56092641545297
0.25 0.25 0.25 0.25
92.49721633043636
45.0
138.22976635556103 250.6539238294498
3
23.568363577044707 250.6539238294498
0.25 0.25 0.25 0.25
114.66140277851632
45.0
488.14882507167783 359.6645647551478
0
488.14882507167783 252.06194253350068
0.25 0.25 0.25 0.25
107.60262222164712
45.0
288.07398029449394 265.35606058265455
1
288.07398029449394 417.9833014698846
0.25 0.25 0.25 0.25
152.62724088723004
45.0
339.90254126245713 413.311698483109
3
192.49229807990582 413.311698483109
0.25 0.25 0.25 0.25
147.4102431825513
45.0
237.64954335477933 278.0104890405168
1
237.64954335477933 430.82459177194926
0.25 0.25 0.25 0.25
152.81410273143246
45.0
305.0622182677662 23.971919177142226
1
305.0622182677662 148.73432251760642
0.25 0.25 0.25 0.25
124.76240334046419
45.0
418.7292568443173 463.0253349894225
3
463.556637157943 463.0253349894225
0.25 0.25 0.25 0.25
117.71410599773972
45.0
439.7521734326168 271.71337192740623
0
439.7521734326168 117.11811522490518
0.25 0.25 0.25 0.25
154.59525670250105
45.0
121.51577515810546 93.19429049638212
3
7.003429413932707 93.19429049638212
0.25 0.25 0.25 0.25
114.51234574417275
45.0
207.82236409499123 178.17348312131148
1
207.82236409499123 324.4699059328267
0.25 0.25 0.25 0.25
146.2964228115152
45.0
146.8822042078756 132.22525568793708
1
146.8822042078756 245.8190024547937
0.25 0.25 0.25 0.25
113.59374676685661
45.0
235.38902863527238 253.97129689817012
0
235.38902863527238 122.3491473953676
0.25 0.25 0.25 0.25
131.62214950280253
45.0
183.80717370302443 427.7143033543306
3
53.69102142112652 427.7143033543306
0.25 0.25 0.25 0.25
130.1161522818979
45.0
91.58123810035427 27.047003161219337
1
91.58123810035427 136.58166958121228
0.25 0.25 0.25 0.25
109.53466641999294
45.0
72.53197101046595 123.7663063887552
1
72.53197101046595 252.94131171954126
0.25 0.25 0.25 0.25
129.17500533078606
45.0
476.6203971862693 262.68861061049245
0
476.6203971862693 96.44030006537795
0.25 0.25 0.25 0.25
166.2483105451145
45.0
93.76064023188113 63.413079465378644
1
93.76064023188113 102.17963872606018
0.25 0.25 0.25 0.25
165.59271819143882
45.0
199.40328716573572 151.7189337033913
1
199.40328716573572 268.4742547513756
0.25 0.25 0.25 0.25
116.75532104798432
45.0
134.56806904833832 421.3523666605479
0
134.56806904833832 296.71652289382627
0.25 0.25 0.25 0.25
124.63584376672162
45.0
86.03999600037298 442.27499014363684
0
86.03999600037298 296.9670589473062
0.25 0.25 0.25 0.25
145.30793119633063
45.0
386.79849725752035 460.95558651206215
0
386.79849725752035 352.6194046402151
0.25 0.25 0.25 0.25
108.33618187184702
45.0
8.997450576444322 141.3321186053608
2
84.25726974756941 141.3321186053608
0.25 0.25 0.25 0.25
93.25472032401373
45.0
255.1277319311946 21.333556011020107
2
289.47271715725543 21.333556011020107
0.25 0.25 0.25 0.25
34.34498522606083
45.0
134.81353990944356 431.99961783919457
0
134.81353990944356 413.8664147719935
0.25 0.25 0.25 0.25
18.13320306720107
45.0
144.71817057988602 403.41371810718164
2
152.76714404331184 403.41371810718164
0.25 0.25 0.25 0.25
8.048973463425813
45.0
59.69406334115849 391.7069665712622
0
59.69406334115849 371.16936859856935
0.25 0.25 0.25 0.25
20.5375979726929
45.0
381.64343381055085 214.83900241044637
0
381.64343381055085 202.45156223526786
0.25 0.25 0.25 0.25
12.38744017517851
45.0
53.816135447170296 67.51065714078598
0
53.816135447170296 22.036357938394588
0.25 0.25 0.25 0.25
45.47429920239139
45.0
55.8764273598535 343.3004318586942
0
55.8764273598535 339.27829363706866
0.25 0.25 0.25 0.25
4.02213822162556
45.0
209.15312037624153 278.03886002422337
3
203.03518660843312 278.03886002422337
0.25 0.25 0.25 0.25
6.117933767808409
45.0
313.14682678910765 99.6306137792379
3
293.8926817903507 99.6306137792379
0.25 0.25 0.25 0.25
19.254144998756956
45.0
49.59263203637441 284.6893068102301
0
49.59263203637441 255.49998651472876
0.25 0.25 0.25 0.25
29.189320295501336
45.0
96.4812042451661 306.61891000520495
0
96.4812042451661 280.99369914653244
0.25 0.25 0.25 0.25
25.625210858672542
45.0
179.32694989607762 357.6050404593974
1
179.32694989607762 371.3083661129727
0.25 0.25 0.25 0.25
13.70332565357531
45.0
305.3526690783451 250.93739394440064
2
306.4870204212047 250.93739394440064
0.25 0.25 0.25 0.25
1.134351342859613
45.0
223.2082645756966 485.6323838110202
2
257.37591692895035 485.6323838110202
0.25 0.25 0.25 0.25
34.16765235325374
45.0
82.66540272263329 206.7475229761011
3
75.95941675051986 206.7475229761011
0.25 0.25 0.25 0.25
6.705985972113421
45.0
55.07762338572798 168.01229997444977
2
71.15067278154754 168.01229997444977
0.25 0.25 0.25 0.25
16.07304939581956
45.0
421.77393704318536 468.0102901443701
0
421.77393704318536 434.74452529114245
0.25 0.25 0.25 0.25
33.26576485322766
45.0
497.69254654673205 164.6230152110777
3
450.4630219829744 164.6230152110777
0.25 0.25 0.25 0.25
47.22952456375765
45.0
114.4511584246258 457.03265053415146
2
152.1682050141252 457.03265053415146
0.25 0.25 0.25 0.25
37.71704658949939
45.0
