12916
21.864943060192047 449.70088452068023
2
111.40179092608238 449.70088452068023
0.25 0.25 0.25 0.25
133.26673398627443
45.0
303.63848459296355 11.486168497382096
2
460.96030870957225 11.486168497382096
0.25 0.25 0.25 0.25
157.3218241166087
45.0
18.23048442812845 438.34718722483274
2
130.2688035916333 438.34718722483274
0.25 0.25 0.25 0.25
112.03831916350484
45.0
272.4841821488825 115.1768607099144
2
407.2571523365931 115.1768607099144
0.25 0.25 0.25 0.25
134.77297018771063
45.0
196.58231119423473 83.22441816522766
2
370.41879696967646 83.22441816522766
0.25 0.25 0.25 0.25
173.83648577544173
45.0
438.71548524273 301.16745716639207
1
438.71548524273 432.9863876061619
0.25 0.25 0.25 0.25
131.81893043976984
45.0
44.49327176166754 81.29270438912796
2
140.48588203481398 81.29270438912796
0.25 0.25 0.25 0.25
95.99261027314644
45.0
492.73895103654024 119.50343558866405
1
492.73895103654024 47.65489018357607
0.25 0.25 0.25 0.25
167.15832577224012
45.0
305.5498698468401 245.52138272230715
3
138.62149832672137 245.52138272230715
0.25 0.25 0.25 0.25
166.92837152011876
45.0
456.6911848534629 204.2052820121544
1
456.6911848534629 354.73988885493145
0.25 0.25 0.25 0.25
150.53460684277704
45.0
130.3565024686725 64.31205916063492
3
12.801340763341145 64.31205916063492
0.25 0.25 0.25 0.25
117.55516170533134
45.0
303.67803580829684 499.9783777389126
0
303.67803580829684 407.45381250153287
0.25 0.25 0.25 0.25
92.52456523737976
45.0
104.85025738033991 63.42850104608972
1
104.85025738033991 61.84079820743622
0.25 0.25 0.25 0.25
125.26929925352594
45.0
460.4785913440169 189.0441636569739
3
336.0477442309874 189.0441636569739
0.25 0.25 0.25 0.25
124.43084711302944
45.0
262.47034614952463 117.68764045347766
1
262.47034614952463 247.76454245440402
0.25 0.25 0.25 0.25
130.07690200092637
45.0
38.36626884622551 87.80345285583688
1
38.36626884622551 34.39731484094014
0.25 0.25 0.25 0.25
122.20076769677702
45.0
436.86549676947027 121.16926444283092
3
452.60649997802136 121.16926444283092
0.25 0.25 0.25 0.25
110.52800325250837
45.0
347.6345026048149 292.0294059768098
1
347.6345026048149 392.4806357754276
0.25 0.25 0.25 0.25
100.45122979861776
45.0
30.11756206521477 90.51298049448246
1
30.11756206521477 61.001488364133024
0.25 0.25 0.25 0.25
151.5144688586155
45.0
296.86537255294843 34.298956059545105
1
296.86537255294843 206.29892921860667
0.25 0.25 0.25 0.25
171.99997315906157
45.0
23.236099034471124 453.6942041427743
2
151.97292192333813 453.6942041427743
0.25 0.25 0.25 0.25
128.736822888867
45.0
200.09292224692786 33.09362247693008
3
41.805909082058236 33.09362247693008
0.25 0.25 0.25 0.25
158.28701316486962
45.0
152.12210984549867 350.98788514089404
3
51.778930570572015 350.98788514089404
0.25 0.25 0.25 0.25
100.34317927492665
45.0
71.0232773056477 193.22046309377836
1
71.0232773056477 326.6525021197449
0.25 0.25 0.25 0.25
133.43203902596653
45.0
370.1218935569575 191.16059712942365
1
370.1218935569575 341.7753723630092
0.25 0.25 0.25 0.25
150.61477523358553
45.0
311.76923057526284 155.57950922253178
1
311.76923057526284 310.898202827652
0.25 0.25 0.25 0.25
155.31869360512025
45.0
37.02238719919913 352.3276394788411
1
37.02238719919913 456.27677365267596
0.25 0.25 0.25 0.25
103.94913417383484
45.0
58.79246696426401 302.26909650550704
2
98.89702165304789 302.26909650550704
0.25 0.25 0.25 0.25
157.6894886173119
45.0
152.80682209845023 222.82564034624076
3
55.97288195789258 222.82564034624076
0.25 0.25 0.25 0.25
96.83394014055764
45.0
175.695389835613 29.462973032079763
1
175.695389835613 30.423361313690933
0.25 0.25 0.25 0.25
0.9603882816111686
45.0
445.3264253100839 405.22918781580586
3
409.9731720750914 405.22918781580586
0.25 0.25 0.25 0.25
35.35325323499248
45.0
73.25369468473579 207.60837022731562
2
121.97165517022266 207.60837022731562
0.25 0.25 0.25 0.25
48.71796048548687
45.0
436.1916167080246 31.128206072024632
1
436.1916167080246 73.43258231513914
0.25 0.25 0.25 0.25
42.30437624311451
45.0
18.25046404289499 140.16010044632816
2
30.29902196325188 140.16010044632816
0.25 0.25 0.25 0.25
48.54948600614687
45.0
72.67259675589028 437.30802808616977
1
72.67259675589028 442.1881215506095
0.25 0.25 0.25 0.25
4.880093464439739
45.0
233.38711309620578 52.97079285502336
3
209.68750661825516 52.97079285502336
0.25 0.25 0.25 0.25
23.699606477950613
45.0
32.47567086390522 301.34668985235953
1
32.47567086390522 318.8793809969947
0.25 0.25 0.25 0.25
17.532691144635187
45.0
204.14613828000807 374.11594970364587
2
234.81115174899423 374.11594970364587
0.25 0.25 0.25 0.25
30.665013468986167
45.0
458.86756031644006 253.20212203476194
3
411.7796485153058 253.20212203476194
0.25 0.25 0.25 0.25
47.08791180113428
45.0
368.4117827887999 267.1826883774313
0
368.4117827887999 218.0471370605452
0.25 0.25 0.25 0.25
49.13555131688612
45.0
390.02998403181283 226.54023970706623
3
387.2998327620343 226.54023970706623
0.25 0.25 0.25 0.25
2.7301512697785135
45.0
209.02566136890562 419.45923362811345
3
162.42188282441396 419.45923362811345
0.25 0.25 0.25 0.25
46.60377854449166
45.0
54.79092175943825 42.54684856680343
1
54.79092175943825 61.70008259609696
0.25 0.25 0.25 0.25
19.153234029293532
45.0
381.2570143781356 258.683978006231
3
367.1317174546985 258.683978006231
0.25 0.25 0.25 0.25
14.12529692343707
45.0
266.87605966288 371.62292057655486
3
255.79390311301023 371.62292057655486
0.25 0.25 0.25 0.25
11.08215654986976
45.0
13.395857220929704 305.250800751266
3
0.1174898585052837 305.250800751266
0.25 0.25 0.25 0.25
13.27836736242442
45.0
413.0997289890403 252.5293341696684
2
436.8590008519982 252.5293341696684
0.25 0.25 0.25 0.25
23.75927186295791
45.0
418.2866335578515 39.56832668537973
1
418.2866335578515 56.65784894036767
0.25 0.25 0.25 0.25
17.089522254987944
45.0
