12916
44.26892883000329 446.70391390302905
2
88.99780515627114 446.70391390302905
0.25 0.25 0.25 0.25
133.26673398627443
45.0
67.07421894060167 89.76660031887877
1
67.07421894060167 67.55522379772992
0.25 0.25 0.25 0.25
157.3218241166087
45.0
479.99202705515233 1.4612169576430745
3
367.95370789164747 1.4612169576430745
0.25 0.25 0.25 0.25
112.03831916350484
45.0
350.6679436505674 15.398546392570267
1
350.6679436505674 150.1715165802809
0.25 0.25 0.25 0.25
134.77297018771063
45.0
198.34313835907514 483.06478097858826
0
198.34313835907514 309.22829520314656
0.25 0.25 0.25 0.25
173.83648577544173
45.0
374.91414079934157 410.27034420270934
3
493.2669287608886 410.27034420270934
0.25 0.25 0.25 0.25
131.81893043976984
45.0
499.7727584050604 295.21718676376736
1
499.7727584050604 391.2097970369138
0.25 0.25 0.25 0.25
95.99261027314644
45.0
343.2803530649444 453.8200871331443
0
343.2803530649444 286.66176136090417
0.25 0.25 0.25 0.25
167.15832577224012
45.0
47.14962264194736 73.8823238400509
1
47.14962264194736 93.04604768006786
0.25 0.25 0.25 0.25
166.92837152011876
45.0
371.1083709709436 107.83763215067509
1
371.1083709709436 258.37223899345213
0.25 0.25 0.25 0.25
150.53460684277704
45.0
72.3600471206904 474.973999624611
0
72.3600471206904 407.4708386700577
0.25 0.25 0.25 0.25
117.55516170533134
45.0
189.7097757782468 147.6935789227457
2
282.23434101562657 147.6935789227457
0.25 0.25 0.25 0.25
92.52456523737976
45.0
478.5037611127102 187.11009746096215
1
478.5037611127102 312.3793967144881
0.25 0.25 0.25 0.25
125.26929925352594
45.0
405.984115351425 189.0441636569739
3
281.5532682383955 189.0441636569739
0.25 0.25 0.25 0.25
124.43084711302944
45.0
319.5480701143232 85.30367842476068
1
319.5480701143232 44.77322357616569
0.25 0.25 0.25 0.25
130.07690200092637
45.0
237.9800873882117 454.4057559461679
0
237.9800873882117 423.3934763570551
0.25 0.25 0.25 0.25
122.20076769677702
45.0
131.52134064906852 452.75327420035603
2
242.0493439015769 452.75327420035603
0.25 0.25 0.25 0.25
110.52800325250837
45.0
365.6836945495253 196.6898490577462
1
365.6836945495253 297.14107885636395
0.25 0.25 0.25 0.25
100.45122979861776
45.0
242.21078526844974 211.76059984647713
1
242.21078526844974 363.2750687050926
0.25 0.25 0.25 0.25
151.5144688586155
45.0
276.86631198579323 498.2999760152052
3
104.86633882673166 498.2999760152052
0.25 0.25 0.25 0.25
171.99997315906157
45.0
213.50145407745 285.90430769784825
0
213.50145407745 157.16748480898124
0.25 0.25 0.25 0.25
128.736822888867
45.0
34.35265894953534 140.09989095298528
1
34.35265894953534 18.187122211884343
0.25 0.25 0.25 0.25
158.28701316486962
45.0
27.973492208755005 451.3310644158207
0
27.973492208755005 350.98788514089404
0.25 0.25 0.25 0.25
100.34317927492665
45.0
128.38448853855303 212.99799554211396
2
261.81652756451956 212.99799554211396
0.25 0.25 0.25 0.25
133.43203902596653
45.0
44.83591812866712 399.0029991332078
2
105.77885710491842 399.0029991332078
0.25 0.25 0.25 0.25
150.61477523358553
45.0
37.15419036810374 0.2608156174115379
1
37.15419036810374 155.0578779877087
0.25 0.25 0.25 0.25
155.31869360512025
45.0
170.02130345545473 73.91045687242575
1
170.02130345545473 177.8595910462606
0.25 0.25 0.25 0.25
103.94913417383484
45.0
98.89702165304789 320.68942542159255
1
98.89702165304789 478.37891403890444
0.25 0.25 0.25 0.25
157.6894886173119
45.0
221.6844523591578 227.8313174048371
3
124.85051221860016 227.8313174048371
0.25 0.25 0.25 0.25
96.83394014055764
45.0
164.1707304562791 32.34413787691327
0
164.1707304562791 31.383749595302103
0.25 0.25 0.25 0.25
0.9603882816111686
45.0
403.15165232973584 76.94099928066322
0
403.15165232973584 41.58774604567074
0.25 0.25 0.25 0.25
35.35325323499248
45.0
486.07454876385475 110.17244925634186
3
437.3565882783679 110.17244925634186
0.25 0.25 0.25 0.25
48.71796048548687
45.0
436.89525456263203 361.30549668962374
1
436.89525456263203 403.60987293273826
0.25 0.25 0.25 0.25
42.30437624311451
45.0
409.2238362644487 217.71986632953752
3
360.67435025830184 217.71986632953752
0.25 0.25 0.25 0.25
48.54948600614687
45.0
97.07306407808898 398.2672803706521
2
101.95315754252871 398.2672803706521
0.25 0.25 0.25 0.25
4.880093464439739
45.0
351.8851454859589 195.16843172272706
2
375.5847519639095 195.16843172272706
0.25 0.25 0.25 0.25
23.699606477950613
45.0
177.91662287171698 155.13988466394989
0
177.91662287171698 137.6071935193147
0.25 0.25 0.25 0.25
17.532691144635187
45.0
449.46624603189736 189.79973721464847
3
418.8012325629112 189.79973721464847
0.25 0.25 0.25 0.25
30.665013468986167
45.0
399.8687042801571 325.0702412846704
0
399.8687042801571 277.9823294835361
0.25 0.25 0.25 0.25
47.08791180113428
45.0
125.4653958743164 469.85058137586043
0
125.4653958743164 481.01386730725346
0.25 0.25 0.25 0.25
49.13555131688612
45.0
387.2998327620343 335.74629049820635
2
390.02998403181283 335.74629049820635
0.25 0.25 0.25 0.25
2.7301512697785135
45.0
183.74253339008908 0.02522672768850498
1
183.74253339008908 46.629005272180166
0.25 0.25 0.25 0.25
46.60377854449166
45.0
60.12848241632288 95.55762011498791
3
40.97524838702935 95.55762011498791
0.25 0.25 0.25 0.25
19.153234029293532
45.0
451.88349899532096 136.8243358500071
0
451.88349899532096 122.69903892657001
0.25 0.25 0.25 0.25
14.12529692343707
45.0
189.30096381379172 149.97978957915984
2
200.38312036366148 149.97978957915984
0.25 0.25 0.25 0.25
11.08215654986976
45.0
119.38781640331449 495.5736888123675
0
119.38781640331449 482.29532144994306
0.25 0.25 0.25 0.25
13.27836736242442
45.0
463.88274818463503 412.7302779931533
0
463.88274818463503 388.9710061301954
0.25 0.25 0.25 0.25
23.75927186295791
45.0
179.03332198802005 148.41641811948764
3
161.9437997330321 148.41641811948764
0.25 0.25 0.25 0.25
17.089522254987944
45.0
