12916
288.3984110327409 184.16640675401513
2
421.6651450190153 184.16640675401513
0.25 0.25 0.25 0.25
133.26673398627443
45.0
415.7765951936592 201.90471091957443
0
415.7765951936592 44.58288680296573
0.25 0.25 0.25 0.25
157.3218241166087
45.0
309.53960059084255 222.6154213693666
0
309.53960059084255 110.57710220586176
0.25 0.25 0.25 0.25
112.03831916350484
45.0
401.3806687896706 36.99309920822947
3
266.60769860196 36.99309920822947
0.25 0.25 0.25 0.25
134.77297018771063
45.0
284.3809676643758 350.4863826909565
3
110.54448188893409 350.4863826909565
0.25 0.25 0.25 0.25
173.83648577544173
45.0
120.52618084503166 39.7378906347588
1
120.52618084503166 171.55682107452864
0.25 0.25 0.25 0.25
131.81893043976984
45.0
347.8614351273031 438.74424424513984
0
347.8614351273031 342.7516339719934
0.25 0.25 0.25 0.25
95.99261027314644
45.0
5.786071646739401 217.7631705892569
2
172.94439741897952 217.7631705892569
0.25 0.25 0.25 0.25
167.15832577224012
45.0
33.017560555534885 407.7390668802884
2
133.91081096458387 407.7390668802884
0.25 0.25 0.25 0.25
166.92837152011876
45.0
144.92983431236783 430.29111954731115
0
144.92983431236783 279.7565127045341
0.25 0.25 0.25 0.25
150.53460684277704
45.0
46.75736559400812 4.753352803285651
1
46.75736559400812 112.80180890204569
0.25 0.25 0.25 0.25
117.55516170533134
45.0
361.76413846453886 147.65033440057096
0
361.76413846453886 55.125769163191194
0.25 0.25 0.25 0.25
92.52456523737976
45.0
107.00465140854745 61.84079820743622
2
18.264647844978498 61.84079820743622
0.25 0.25 0.25 0.25
125.26929925352594
45.0
91.73927310069286 313.23244789090825
0
91.73927310069286 188.8016007778788
0.25 0.25 0.25 0.25
124.43084711302944
45.0
387.9141638551072 443.2351835576386
0
387.9141638551072 313.15828155671227
0.25 0.25 0.25 0.25
130.07690200092637
45.0
6.4214480053423415 345.98042551184574
1
6.4214480053423415 468.18119320862274
0.25 0.25 0.25 0.25
122.20076769677702
45.0
326.3374935169619 342.22527094784766
1
326.3374935169619 452.75327420035603
0.25 0.25 0.25 0.25
110.52800325250837
45.0
347.6345026048149 191.57817617819205
3
247.18327280619712 191.57817617819205
0.25 0.25 0.25 0.25
100.45122979861776
45.0
363.4584046204444 333.71852124336533
1
363.4584046204444 485.2329901019808
0.25 0.25 0.25 0.25
151.5144688586155
45.0
372.86582884890163 154.300029697082
1
372.86582884890163 326.3000028561436
0.25 0.25 0.25 0.25
171.99997315906157
45.0
174.44838052139093 417.5689729683587
0
174.44838052139093 288.8321500794917
0.25 0.25 0.25 0.25
128.736822888867
45.0
99.53708022536341 24.637548666375096
1
99.53708022536341 182.92456183124472
0.25 0.25 0.25 0.25
158.28701316486962
45.0
162.41748809329843 347.9825770343259
1
162.41748809329843 448.3257563092526
0.25 0.25 0.25 0.25
100.34317927492665
45.0
60.92817633082069 476.9009028150507
2
194.36021535678722 476.9009028150507
0.25 0.25 0.25 0.25
133.43203902596653
45.0
370.6564779392595 122.36445800945808
1
370.6564779392595 28.250317224127457
0.25 0.25 0.25 0.25
150.61477523358553
45.0
224.53837533942118 330.04121969421516
0
224.53837533942118 174.7225260890949
0.25 0.25 0.25 0.25
155.31869360512025
45.0
389.2157091520678 79.97157869568497
2
493.16484332590267 79.97157869568497
0.25 0.25 0.25 0.25
103.94913417383484
45.0
4.929398668135377 144.57960788819514
2
162.61888728544727 144.57960788819514
0.25 0.25 0.25 0.25
157.6894886173119
45.0
476.82138547183354 382.98077767564564
0
476.82138547183354 286.146837535088
0.25 0.25 0.25 0.25
96.83394014055764
45.0
208.34859141039243 55.393456635581266
0
208.34859141039243 54.4330683539701
0.25 0.25 0.25 0.25
0.9603882816111686
45.0
413.2605617499461 369.87593458081335
0
413.2605617499461 334.52268134582084
0.25 0.25 0.25 0.25
35.35325323499248
45.0
267.7720287136723 38.37731857563094
2
316.48998919915914 38.37731857563094
0.25 0.25 0.25 0.25
48.71796048548687
45.0
309.98212583328836 80.47989282257055
2
352.2865020764029 80.47989282257055
0.25 0.25 0.25 0.25
42.30437624311451
45.0
241.45868794454503 285.8085584647688
1
241.45868794454503 334.3580444709157
0.25 0.25 0.25 0.25
48.54948600614687
45.0
136.11381179360689 437.30802808616977
1
136.11381179360689 442.1881215506095
0.25 0.25 0.25 0.25
4.880093464439739
45.0
67.48986775055145 100.3700058109246
3
43.790261272600844 100.3700058109246
0.25 0.25 0.25 0.25
23.699606477950613
45.0
2.5897114253651523 330.4667961103017
2
20.12240257000034 330.4667961103017
0.25 0.25 0.25 0.25
17.532691144635187
45.0
32.10150194263443 6.135788075811931
3
1.4364884736482608 6.135788075811931
0.25 0.25 0.25 0.25
30.665013468986167
45.0
95.03352912099126 87.5671127493581
1
95.03352912099126 134.65502455049239
0.25 0.25 0.25 0.25
47.08791180113428
45.0
108.17642221203867 192.3262471368215
3
59.04087089515255 192.3262471368215
0.25 0.25 0.25 0.25
49.13555131688612
45.0
441.9028581576044 313.9050803399783
2
444.6330094273829 313.9050803399783
0.25 0.25 0.25 0.25
2.7301512697785135
45.0
117.20078844253601 300.9180951049366
1
117.20078844253601 347.52187364942824
0.25 0.25 0.25 0.25
46.60377854449166
45.0
351.4588233324625 272.3856569183259
0
351.4588233324625 253.23242288903234
0.25 0.25 0.25 0.25
19.153234029293532
45.0
338.88112360782435 230.43338415935682
2
353.0064205312614 230.43338415935682
0.25 0.25 0.25 0.25
14.12529692343707
45.0
189.30096381379172 482.44448607525237
0
189.30096381379172 471.3623295253826
0.25 0.25 0.25 0.25
11.08215654986976
45.0
26.674224583354132 429.1818520002453
2
39.95259194577855 429.1818520002453
0.25 0.25 0.25 0.25
13.27836736242442
45.0
127.98846663354527 276.28860603262626
3
104.22919477058736 276.28860603262626
0.25 0.25 0.25 0.25
23.75927186295791
45.0
230.30188875298387 336.4011629243551
2
247.3914110079718 336.4011629243551
0.25 0.25 0.25 0.25
17.089522254987944
45.0
