12916
43.26993862411959 218.63076582245932
2
176.53667261039402 218.63076582245932
0.25 0.25 0.25 0.25
133.26673398627443
45.0
482.9706359900799 460.479303852444
0
482.9706359900799 303.1574797358353
0.25 0.25 0.25 0.25
157.3218241166087
45.0
192.23788792587666 110.57710220586182
1
192.23788792587666 1.4612169576430176
0.25 0.25 0.25 0.25
112.03831916350484
45.0
407.2571523365931 363.1282482696764
0
407.2571523365931 228.35527808196582
0.25 0.25 0.25 0.25
134.77297018771063
45.0
459.9782806046579 432.6582168809515
3
366.1852336199004 432.6582168809515
0.25 0.25 0.25 0.25
173.83648577544173
45.0
111.27627991980188 357.9271950324571
2
20.542650519967964 357.9271950324571
0.25 0.25 0.25 0.25
131.81893043976984
45.0
499.7727584050604 304.9675564075715
3
404.23463132179313 304.9675564075715
0.25 0.25 0.25 0.25
95.99261027314644
45.0
11.913656153904867 390.82140562837844
2
179.07198192614499 390.82140562837844
0.25 0.25 0.25 0.25
167.15832577224012
45.0
288.27734951900266 426.90279072030535
2
455.2057210391214 426.90279072030535
0.25 0.25 0.25 0.25
166.92837152011876
45.0
263.6238751720649 462.64909373566854
3
113.08926832928788 462.64909373566854
0.25 0.25 0.25 0.25
150.53460684277704
45.0
130.35650246867243 349.4743833220756
3
12.801340763341088 349.4743833220756
0.25 0.25 0.25 0.25
117.55516170533134
45.0
440.19196327223415 165.42055201174833
3
467.2834714903861 165.42055201174833
0.25 0.25 0.25 0.25
92.52456523737976
45.0
232.2739506620734 184.38901224320057
3
107.00465140854745 184.38901224320057
0.25 0.25 0.25 0.25
125.26929925352594
45.0
281.5532682383955 304.1260016993796
0
281.5532682383955 179.6951545863501
0.25 0.25 0.25 0.25
124.43084711302944
45.0
51.16301213377662 492.0816535437433
0
51.16301213377662 377.84144445533036
0.25 0.25 0.25 0.25
130.07690200092637
45.0
459.9877643559819 309.8111298236071
1
459.9877643559819 432.0118975203841
0.25 0.25 0.25 0.25
122.20076769677702
45.0
20.99333739656015 326.19071929462723
1
20.99333739656015 436.7187225471356
0.25 0.25 0.25 0.25
110.52800325250837
45.0
64.330005153672 200.60277215054725
0
64.330005153672 100.15154235192949
0.25 0.25 0.25 0.25
100.45122979861776
45.0
363.4358769547555 302.6737866947842
3
485.049654186629 302.6737866947842
0.25 0.25 0.25 0.25
151.5144688586155
45.0
207.133768537022 498.2999760152052
0
207.133768537022 329.70005082573323
0.25 0.25 0.25 0.25
171.99997315906157
45.0
181.8675050342741 387.67438985742274
0
181.8675050342741 483.5887872537103
0.25 0.25 0.25 0.25
128.736822888867
45.0
325.04603825846317 342.2143986741464
0
325.04603825846317 183.9273855092768
0.25 0.25 0.25 0.25
158.28701316486962
45.0
470.31061141661166 354.8461625328591
1
470.31061141661166 455.1893418077858
0.25 0.25 0.25 0.25
100.34317927492665
45.0
60.92817633082069 322.2107459512504
2
194.36021535678722 322.2107459512504
0.25 0.25 0.25 0.25
133.43203902596653
45.0
195.45069336225265 495.3143477316946
0
195.45069336225265 354.07087703471984
0.25 0.25 0.25 0.25
150.61477523358553
45.0
56.29720723466687 68.34865398669007
1
56.29720723466687 86.97003961843018
0.25 0.25 0.25 0.25
155.31869360512025
45.0
377.9195718031244 495.76811539102437
2
481.8687059769593 495.76811539102437
0.25 0.25 0.25 0.25
103.94913417383484
45.0
464.2393509127263 320.68942542159255
1
464.2393509127263 478.37891403890444
0.25 0.25 0.25 0.25
157.6894886173119
45.0
68.81736806251519 448.15411922177964
0
68.81736806251519 351.320179081222
0.25 0.25 0.25 0.25
96.83394014055764
45.0
163.21034217466794 51.5519035091366
3
162.24995389305678 51.5519035091366
0.25 0.25 0.25 0.25
0.9603882816111686
45.0
342.55405527996106 453.3577992442241
3
307.20080204496855 453.3577992442241
0.25 0.25 0.25 0.25
35.35325323499248
45.0
96.33086487995989 425.7251160840136
0
96.33086487995989 377.00715559852677
0.25 0.25 0.25 0.25
48.71796048548687
45.0
451.49664654277285 384.86824585168915
1
451.49664654277285 427.17262209480367
0.25 0.25 0.25 0.25
42.30437624311451
45.0
270.4689678216075 316.3244797380781
0
270.4689678216075 267.7749937319312
0.25 0.25 0.25 0.25
48.54948600614687
45.0
126.35362486472741 305.5455045462976
3
121.47353140028767 305.5455045462976
0.25 0.25 0.25 0.25
4.880093464439739
45.0
27.308558161250996 397.32173022603837
0
27.308558161250996 373.62212374808774
0.25 0.25 0.25 0.25
23.699606477950613
45.0
260.4006557441626 155.13988466394989
2
277.93334688879776 155.13988466394989
0.25 0.25 0.25 0.25
17.532691144635187
45.0
151.88857887128256 178.1804244131855
3
121.2235654022964 178.1804244131855
0.25 0.25 0.25 0.25
30.665013468986167
45.0
399.8687042801571 287.0726121300753
0
399.8687042801571 239.98470032894102
0.25 0.25 0.25 0.25
47.08791180113428
45.0
272.87204982497474 175.03727347454378
2
322.00760114186085 175.03727347454378
0.25 0.25 0.25 0.25
49.13555131688612
45.0
420.06164799937636 322.09553414931383
1
420.06164799937636 324.82568541909234
0.25 0.25 0.25 0.25
2.7301512697785135
45.0
115.8181042799223 487.38366273828024
0
115.8181042799223 440.7798841937886
0.25 0.25 0.25 0.25
46.60377854449166
45.0
40.97524838702937 248.78349234933623
3
21.822014357735835 248.78349234933623
0.25 0.25 0.25 0.25
19.153234029293532
45.0
491.61531331093073 159.80689954217144
1
491.61531331093073 173.9321964656085
0.25 0.25 0.25 0.25
14.12529692343707
45.0
178.21880726392197 238.63704197811785
3
167.13665071405222 238.63704197811785
0.25 0.25 0.25 0.25
11.08215654986976
45.0
79.7876940330518 256.5630762887277
0
79.7876940330518 243.28470892630327
0.25 0.25 0.25 0.25
13.27836736242442
45.0
11.302689074523322 468.4733626920571
2
35.06196093748123 468.4733626920571
0.25 0.25 0.25 0.25
23.75927186295791
45.0
247.3914110079718 233.86402939442735
1
247.3914110079718 250.9535516494153
0.25 0.25 0.25 0.25
17.089522254987944
45.0
