12916
246.66650532412424 450.69987472656396
0
246.66650532412424 317.43314074028956
0.25 0.25 0.25 0.25
133.26673398627443
45.0
67.07421894060167 427.38258554686035
2
224.39604305721036 427.38258554686035
0.25 0.25 0.25 0.25
157.3218241166087
45.0
449.69401613906064 118.92197467740533
1
449.69401613906064 230.96029384091017
0.25 0.25 0.25 0.25
112.03831916350484
45.0
102.71655609080534 236.5497278429177
1
102.71655609080534 371.3226980306283
0.25 0.25 0.25 0.25
134.77297018771063
45.0
372.17962413451687 386.11764789862036
3
198.34313835907514 386.11764789862036
0.25 0.25 0.25 0.25
173.83648577544173
45.0
406.8800851280239 37.52959628685238
3
275.0611546882541 37.52959628685238
0.25 0.25 0.25 0.25
131.81893043976984
45.0
20.264190229207344 302.6777367034578
2
75.7284200439391 302.6777367034578
0.25 0.25 0.25 0.25
95.99261027314644
45.0
152.52239022517858 59.45470871733892
2
14.635935547061536 59.45470871733892
0.25 0.25 0.25 0.25
167.15832577224012
45.0
474.04847048767135 88.33536031793037
3
359.0231579922099 88.33536031793037
0.25 0.25 0.25 0.25
166.92837152011876
45.0
435.8243193476584 53.670675169377375
3
413.64107380956455 53.670675169377375
0.25 0.25 0.25 0.25
150.53460684277704
45.0
131.91875347803966 418.5397952859961
0
131.91875347803966 300.98463358066476
0.25 0.25 0.25 0.25
117.55516170533134
45.0
361.76413846453886 183.1907696229257
0
361.76413846453886 90.66620438554594
0.25 0.25 0.25 0.25
92.52456523737976
45.0
268.8032463520304 187.11009746096215
2
394.07254560555634 187.11009746096215
0.25 0.25 0.25 0.25
125.26929925352594
45.0
433.303453926011 64.37075366484936
1
433.303453926011 188.8016007778788
0.25 0.25 0.25 0.25
124.43084711302944
45.0
225.45329982546386 198.91807246829933
0
225.45329982546386 68.84117046737296
0.25 0.25 0.25 0.25
130.07690200092637
45.0
459.9877643559821 301.1927086602781
3
337.7869966592051 301.1927086602781
0.25 0.25 0.25 0.25
122.20076769677702
45.0
336.8305259980883 131.66520589768027
0
336.8305259980883 21.137202645171897
0.25 0.25 0.25 0.25
110.52800325250837
45.0
251.69557079237472 474.88267362933493
0
251.69557079237472 424.6660965720473
0.25 0.25 0.25 0.25
100.45122979861776
45.0
181.99818880370913 332.940636201405
2
333.5126576623246 332.940636201405
0.25 0.25 0.25 0.25
151.5144688586155
45.0
436.86550675764056 474.29841924077664
3
264.86553359857896 474.29841924077664
0.25 0.25 0.25 0.25
171.99997315906157
45.0
83.02526525634309 384.74654747577927
2
45.71155763252392 384.74654747577927
0.25 0.25 0.25 0.25
128.736822888867
45.0
257.82409339023303 83.3715434877123
2
416.11110655510265 83.3715434877123
0.25 0.25 0.25 0.25
158.28701316486962
45.0
460.01523316881185 247.6393977593993
0
460.01523316881185 147.29621848447263
0.25 0.25 0.25 0.25
100.34317927492665
45.0
403.86308217581495 472.4591466465562
0
403.86308217581495 339.0271076205896
0.25 0.25 0.25 0.25
133.43203902596653
45.0
152.90818701656258 248.3882238996223
3
2.2934117829770457 248.3882238996223
0.25 0.25 0.25 0.25
150.61477523358553
45.0
69.21968173430099 67.8270227518671
1
69.21968173430099 223.14571635698735
0.25 0.25 0.25 0.25
155.31869360512025
45.0
140.97152137303397 321.30006695844384
1
140.97152137303397 425.2492011322787
0.25 0.25 0.25 0.25
103.94913417383484
45.0
102.79673792412189 244.5063119383044
0
102.79673792412189 86.81682332099251
0.25 0.25 0.25 0.25
157.6894886173119
45.0
396.536220150472 229.68346176212387
0
396.536220150472 132.84952162156623
0.25 0.25 0.25 0.25
96.83394014055764
45.0
167.05189530111258 19.859090215968063
3
166.09150701950142 19.859090215968063
0.25 0.25 0.25 0.25
0.9603882816111686
45.0
339.26666560510637 51.69665546588095
3
303.91341237011386 51.69665546588095
0.25 0.25 0.25 0.25
35.35325323499248
45.0
242.48474633642047 159.05814346135526
1
242.48474633642047 207.7761039468421
0.25 0.25 0.25 0.25
48.71796048548687
45.0
309.27848797868097 438.8669386684215
2
351.5828642217955 438.8669386684215
0.25 0.25 0.25 0.25
42.30437624311451
45.0
406.64635209207 217.71986632953752
3
358.0968660859231 217.71986632953752
0.25 0.25 0.25 0.25
48.54948600614687
45.0
0.528805210705805 387.00860719400066
2
4.351288253733934 387.00860719400066
0.25 0.25 0.25 0.25
4.880093464439739
45.0
470.383177875712 313.6664641124802
3
446.6835713977614 313.6664641124802
0.25 0.25 0.25 0.25
23.699606477950613
45.0
353.2435343180688 155.13988466394989
0
353.2435343180688 137.6071935193147
0.25 0.25 0.25 0.25
17.532691144635187
45.0
213.21860580925488 116.52426580013275
1
213.21860580925488 147.1892792691189
0.25 0.25 0.25 0.25
30.665013468986167
45.0
400.6257963391257 323.0066717550295
1
400.6257963391257 370.0945835561638
0.25 0.25 0.25 0.25
47.08791180113428
45.0
336.77490930988347 397.3003686658119
1
336.77490930988347 446.435919982698
0.25 0.25 0.25 0.25
49.13555131688612
45.0
359.9983200642493 275.6829625630793
1
359.9983200642493 278.4131138328578
0.25 0.25 0.25 0.25
2.7301512697785135
45.0
94.49745371424717 419.45923362811345
0
94.49745371424717 372.8554550836218
0.25 0.25 0.25 0.25
46.60377854449166
45.0
60.12848241632295 100.00655065468402
0
60.12848241632295 80.85331662539049
0.25 0.25 0.25 0.25
19.153234029293532
45.0
353.0064205312614 272.80927492966805
0
353.0064205312614 258.683978006231
0.25 0.25 0.25 0.25
14.12529692343707
45.0
222.54743346340098 395.65179187618037
1
222.54743346340098 406.7339484260501
0.25 0.25 0.25 0.25
11.08215654986976
45.0
186.01463293244726 66.2401882276263
0
186.01463293244726 52.96182086520189
0.25 0.25 0.25 0.25
13.27836736242442
45.0
491.86318355912806 151.37828750061612
3
484.377544577914 151.37828750061612
0.25 0.25 0.25 0.25
23.75927186295791
45.0
127.76475522305623 347.1797272751628
3
110.67523296806829 347.1797272751628
0.25 0.25 0.25 0.25
17.089522254987944
45.0
