89773
200.93311986132792 302.08017839337515
3
87.40633966617378 302.08017839337515
0.25 0.25 0.25 0.25
113.52678019515415
45.0
250.72629311830497 176.04779725158573
1
250.72629311830497 317.35671221300106
0.25 0.25 0.25 0.25
141.30891496141533
45.0
83.36487920830585 165.73928252136523
2
195.11972720621895 165.73928252136523
0.25 0.25 0.25 0.25
111.7548479979131
45.0
198.17713015269942 482.5156081472214
2
291.69947620931725 482.5156081472214
0.25 0.25 0.25 0.25
93.52234605661783
45.0
468.2290428333025 429.0537401633902
3
332.9600076282735 429.0537401633902
0.25 0.25 0.25 0.25
135.26903520502898
45.0
422.8758558434364 465.4369981599068
0
422.8758558434364 418.1534255068873
0.25 0.25 0.25 0.25
116.40957633320593
45.0
381.6205366115547 372.8961424744974
2
494.52695134778537 372.8961424744974
0.25 0.25 0.25 0.25
112.90641473623064
45.0
394.496174196674 273.924327468181
3
434.2979885039392 273.924327468181
0.25 0.25 0.25 0.25
171.2058372993868
45.0
91.56028898323456 55.80899761787663
1
91.56028898323456 45.48802009613564
0.25 0.25 0.25 0.25
101.29701771401227
45.0
476.5665326463683 53.32657845754488
1
476.5665326463683 45.87070160145538
0.25 0.25 0.25 0.25
99.19728005900026
45.0
236.90490233629998 304.93999875127713
1
236.90490233629998 461.18118301122024
0.25 0.25 0.25 0.25
156.2411842599431
45.0
79.09148988587685 447.77340767369446
0
79.09148988587685 453.47759834448334
0.25 0.25 0.25 0.25
98.74899398182225
45.0
32.36484939281371 497.88698249370475
0
32.36484939281371 351.52064696337
0.25 0.25 0.25 0.25
146.36633553033477
45.0
102.82832874590497 244.7989974502528
2
207.06996474568572 244.7989974502528
0.25 0.25 0.25 0.25
104.24163599978075
45.0
472.68228054933303 315.63491931498726
0
472.68228054933303 144.22802687339174
0.25 0.25 0.25 0.25
171.40689244159552
45.0
487.2871522103311 15.394778433207932
3
359.45612449191026 15.394778433207932
0.25 0.25 0.25 0.25
153.2567232977586
45.0
5.044758821896522 457.309923022695
2
100.62973120894243 457.309923022695
0.25 0.25 0.25 0.25
95.58497238704591
45.0
432.2599782909608 94.46859833992073
1
432.2599782909608 195.5808496838872
0.25 0.25 0.25 0.25
101.11225134396648
45.0
218.55225184370718 38.470364592269846
2
383.86269607650047 38.470364592269846
0.25 0.25 0.25 0.25
165.3104442327933
45.0
464.8298912995699 27.87048275361974
1
464.8298912995699 198.665089209075
0.25 0.25 0.25 0.25
170.79460645545527
45.0
115.89220732346172 348.3438715154864
1
115.89220732346172 396.42750056917515
0.25 0.25 0.25 0.25
48.08362905368876
45.0
385.658666909443 420.605335759891
0
385.658666909443 388.5496910193432
0.25 0.25 0.25 0.25
32.055644740547784
45.0
288.1016799307746 237.38096747249634
3
247.1742550909852 237.38096747249634
0.25 0.25 0.25 0.25
40.92742483978938
45.0
177.03854206979636 341.8085019774469
3
172.35485252756072 341.8085019774469
0.25 0.25 0.25 0.25
4.6836895422356415
45.0
217.06116358269358 252.58229234113506
2
220.74697613482374 252.58229234113506
0.25 0.25 0.25 0.25
3.685812552130158
45.0
288.023915676918 126.97503475303003
0
288.023915676918 77.58269014606049
0.25 0.25 0.25 0.25
49.39234460696954
45.0
339.51882041741715 366.42673417207504
0
339.51882041741715 344.6903202043717
0.25 0.25 0.25 0.25
21.736413967703346
45.0
481.31390716027215 325.42509236848616
3
477.589643649898 325.42509236848616
0.25 0.25 0.25 0.25
41.09644918982987
45.0
62.84695541642133 29.471860256744485
2
97.53589082282605 29.471860256744485
0.25 0.25 0.25 0.25
34.68893540640472
45.0
300.89630465905236 445.51743722213877
0
300.89630465905236 423.15001125388346
0.25 0.25 0.25 0.25
22.367425968255304
45.0
257.44034126069664 407.6099221131687
3
245.724764490065 407.6099221131687
0.25 0.25 0.25 0.25
11.715576770631642
45.0
468.83110552279595 281.28061350603167
2
485.514421500999 281.28061350603167
0.25 0.25 0.25 0.25
16.683315978203026
45.0
264.7344664072251 365.12667158639584
0
264.7344664072251 322.18326671062636
0.25 0.25 0.25 0.25
42.94340487576948
45.0
127.52377375376633 12.14579971579223
2
139.5234673596623 12.14579971579223
0.25 0.25 0.25 0.25
11.999693605895978
45.0
197.24962785539583 207.52997305487813
3
186.6094146525463 207.52997305487813
0.25 0.25 0.25 0.25
10.64021320284953
45.0
109.02767409690854 74.44011978382837
3
96.28590747605563 74.44011978382837
0.25 0.25 0.25 0.25
12.741766620852918
45.0
480.05245747477795 482.7557224134784
2
487.7976569282281 482.7557224134784
0.25 0.25 0.25 0.25
7.745199453450113
45.0
207.6797700927932 11.876336067948913
1
207.6797700927932 58.739787364857335
0.25 0.25 0.25 0.25
46.86345129690842
45.0
344.6442286536337 468.3310685336364
3
340.2493766692495 468.3310685336364
0.25 0.25 0.25 0.25
4.394851984384224
45.0
270.0671774141895 166.57579631331458
1
270.0671774141895 183.77689466209884
0.25 0.25 0.25 0.25
17.20109834878425
45.0
414.4076170653973 209.32488155615815
2
424.624055426967 209.32488155615815
0.25 0.25 0.25 0.25
10.21643836156969
45.0
482.13357375324415 365.46325872925536
0
482.13357375324415 344.83225083116344
0.25 0.25 0.25 0.25
20.63100789809193
45.0
384.88985388742265 65.31050284163243
1
384.88985388742265 99.38659501756284
0.25 0.25 0.25 0.25
34.07609217593041
45.0
228.01849024539254 73.52216470567451
0
228.01849024539254 72.69107512508752
0.25 0.25 0.25 0.25
0.8310895805869967
45.0
212.8331049622185 82.99232662454705
1
212.8331049622185 117.1336459367634
0.25 0.25 0.25 0.25
34.14131931221635
45.0
333.9200553781286 323.1155649664127
3
291.9786429129324 323.1155649664127
0.25 0.25 0.25 0.25
41.94141246519622
45.0
391.9512651174813 99.43851701356768
0
391.9512651174813 92.6694850430566
0.25 0.25 0.25 0.25
6.769031970511074
45.0
12.48890261068933 272.9210551368357
2
4.091499934094287 272.9210551368357
0.25 0.25 0.25 0.25
16.580402544783617
45.0
