89773
314.45990005648207 38.500162192087316
1
314.45990005648207 75.02661800306683
0.25 0.25 0.25 0.25
113.52678019515415
45.0
413.71039861990573 117.40762794133764
3
444.98068641867894 117.40762794133764
0.25 0.25 0.25 0.25
141.30891496141533
45.0
257.6932967666514 269.69284550785164
1
257.6932967666514 381.44769350576473
0.25 0.25 0.25 0.25
111.7548479979131
45.0
75.9089774732854 143.39500762630723
2
17.61336858333243 143.39500762630723
0.25 0.25 0.25 0.25
93.52234605661783
45.0
332.9600076282735 329.4437175019867
0
332.9600076282735 194.1746822969577
0.25 0.25 0.25 0.25
135.26903520502898
45.0
413.0283808245043 327.99021949120163
0
413.0283808245043 211.5806431579957
0.25 0.25 0.25 0.25
116.40957633320593
45.0
150.79378546374693 256.06914806465886
2
263.7002001999776 256.06914806465886
0.25 0.25 0.25 0.25
112.90641473623064
45.0
434.2979885039392 185.22313683733805
3
263.09215120455247 185.22313683733805
0.25 0.25 0.25 0.25
171.2058372993868
45.0
48.647260151146156 346.7298736197907
2
149.94427786515843 346.7298736197907
0.25 0.25 0.25 0.25
101.29701771401227
45.0
300.9573090056391 53.32657845754488
3
201.76002894663884 53.32657845754488
0.25 0.25 0.25 0.25
99.19728005900026
45.0
419.47733376455335 211.25170893167535
3
424.28148197550354 211.25170893167535
0.25 0.25 0.25 0.25
156.2411842599431
45.0
118.4064980777676 237.7653595282726
3
19.65750409594534 237.7653595282726
0.25 0.25 0.25 0.25
98.74899398182225
45.0
325.09752045348336 448.75828506901803
3
178.7311849231486 448.75828506901803
0.25 0.25 0.25 0.25
146.36633553033477
45.0
477.3785127472204 78.73208544849882
3
373.1368767474396 78.73208544849882
0.25 0.25 0.25 0.25
104.24163599978075
45.0
329.7167427573105 201.1107361725381
3
498.876364801094 201.1107361725381
0.25 0.25 0.25 0.25
171.40689244159552
45.0
12.191788058779423 314.106459549723
2
141.0649352389792 314.106459549723
0.25 0.25 0.25 0.25
153.2567232977586
45.0
428.7298269837922 23.535337217006287
3
333.14485459674626 23.535337217006287
0.25 0.25 0.25 0.25
95.58497238704591
45.0
207.79044872369832 498.91760371578664
0
207.79044872369832 397.80535237182016
0.25 0.25 0.25 0.25
101.11225134396648
45.0
61.379142214154115 118.70274503728322
2
226.6895864469474 118.70274503728322
0.25 0.25 0.25 0.25
165.3104442327933
45.0
267.88381198771435 189.88053649363263
3
97.08920553225909 189.88053649363263
0.25 0.25 0.25 0.25
170.79460645545527
45.0
124.5259379449821 146.25314517326746
2
172.60956699867086 146.25314517326746
0.25 0.25 0.25 0.25
48.08362905368876
45.0
37.33972776069675 125.82952005194235
0
37.33972776069675 93.77387531139456
0.25 0.25 0.25 0.25
32.055644740547784
45.0
451.81137928993223 319.23581715207513
2
492.73880412972164 319.23581715207513
0.25 0.25 0.25 0.25
40.92742483978938
45.0
186.40592115426765 323.07374380850433
3
181.722231612032 323.07374380850433
0.25 0.25 0.25 0.25
4.6836895422356415
45.0
246.54766399973485 296.81204296669665
0
246.54766399973485 293.1262304145665
0.25 0.25 0.25 0.25
3.685812552130158
45.0
82.02871229308744 386.08986564848703
1
82.02871229308744 435.48221025545655
0.25 0.25 0.25 0.25
49.39234460696954
45.0
122.1546807403836 322.95390623666833
0
122.1546807403836 301.217492268965
0.25 0.25 0.25 0.25
21.736413967703346
45.0
244.69616795500224 366.521541558316
0
244.69616795500224 325.42509236848616
0.25 0.25 0.25 0.25
41.09644918982987
45.0
97.53589082282605 213.35068758808853
1
97.53589082282605 248.03962299449324
0.25 0.25 0.25 0.25
34.68893540640472
45.0
189.05917481777584 154.7408996348198
3
166.69174884952054 154.7408996348198
0.25 0.25 0.25 0.25
22.367425968255304
45.0
46.55995938932723 311.2162353916722
1
46.55995938932723 322.93181216230386
0.25 0.25 0.25 0.25
11.715576770631642
45.0
130.76931100033107 14.347557854783119
1
130.76931100033107 31.030873832986146
0.25 0.25 0.25 0.25
16.683315978203026
45.0
348.7748897108495 162.49587478013984
2
391.718294586619 162.49587478013984
0.25 0.25 0.25 0.25
42.94340487576948
45.0
7.526837694806595 371.8443956728789
1
7.526837694806595 383.84408927877485
0.25 0.25 0.25 0.25
11.999693605895978
45.0
430.3429100448712 239.45061266342674
2
440.9831232477207 239.45061266342674
0.25 0.25 0.25 0.25
10.64021320284953
45.0
19.835307750938146 87.18188640468128
2
32.57707437179106 87.18188640468128
0.25 0.25 0.25 0.25
12.741766620852918
45.0
294.16767059197457 486.26347977272104
0
294.16767059197457 478.5182803192709
0.25 0.25 0.25 0.25
7.745199453450113
45.0
441.9970265773353 285.17189447842486
0
441.9970265773353 238.30844318151645
0.25 0.25 0.25 0.25
46.86345129690842
45.0
344.6442286536337 371.64432487718364
0
344.6442286536337 367.2494728927994
0.25 0.25 0.25 0.25
4.394851984384224
45.0
476.4803575996002 76.5758763401789
3
459.279259250816 76.5758763401789
0.25 0.25 0.25 0.25
17.20109834878425
45.0
281.593918364991 383.00433370284316
3
271.3774800034213 383.00433370284316
0.25 0.25 0.25 0.25
10.21643836156969
45.0
482.13357375324415 469.48867808600926
0
482.13357375324415 448.85767018791734
0.25 0.25 0.25 0.25
20.63100789809193
45.0
240.27313217734297 417.8647514989548
2
274.34922435327337 417.8647514989548
0.25 0.25 0.25 0.25
34.07609217593041
45.0
262.0931630494592 66.0423584803916
0
262.0931630494592 65.21126889980461
0.25 0.25 0.25 0.25
0.8310895805869967
45.0
188.5935255957279 424.4055197467106
0
188.5935255957279 390.2642004344942
0.25 0.25 0.25 0.25
34.14131931221635
45.0
298.5725420776415 281.17415250121655
0
298.5725420776415 239.23274003602035
0.25 0.25 0.25 0.25
41.94141246519622
45.0
371.644169205948 133.28367686612307
2
378.4132011764591 133.28367686612307
0.25 0.25 0.25 0.25
6.769031970511074
45.0
20.671902478877904 461.7925041466263
3
4.091499934094287 461.7925041466263
0.25 0.25 0.25 0.25
16.580402544783617
45.0
