89773
179.19209810494058 485.6516952709086
3
65.66531790978644 485.6516952709086
0.25 0.25 0.25 0.25
113.52678019515415
45.0
423.3054958784935 247.87894763266024
3
281.9965809170782 247.87894763266024
0.25 0.25 0.25 0.25
141.30891496141533
45.0
94.95214317074168 28.80225356837171
2
206.70699116865478 28.80225356837171
0.25 0.25 0.25 0.25
111.7548479979131
45.0
392.5067484541644 72.39549110972462
1
392.5067484541644 21.126854946893218
0.25 0.25 0.25 0.25
93.52234605661783
45.0
487.35596573659166 392.4690762389296
0
487.35596573659166 472.2618885560414
0.25 0.25 0.25 0.25
135.26903520502898
45.0
344.30499149015174 402.3253911534089
0
344.30499149015174 481.2650325133852
0.25 0.25 0.25 0.25
116.40957633320593
45.0
424.68438552183545 324.62065824257013
3
311.7779707856048 324.62065824257013
0.25 0.25 0.25 0.25
112.90641473623064
45.0
223.29033689728723 122.95739472323393
2
394.496174196674 122.95739472323393
0.25 0.25 0.25 0.25
171.2058372993868
45.0
483.7781826991609 286.99258694452857
1
483.7781826991609 388.28960465854084
0.25 0.25 0.25 0.25
101.29701771401227
45.0
334.3623683983493 276.37405935944537
1
334.3623683983493 375.57133941844563
0.25 0.25 0.25 0.25
99.19728005900026
45.0
393.42819027806354 382.2955290470162
3
237.18700601812043 382.2955290470162
0.25 0.25 0.25 0.25
156.2411842599431
45.0
116.62167043120951 8.441381690084029
1
116.62167043120951 90.30761229173822
0.25 0.25 0.25 0.25
98.74899398182225
45.0
260.3678216678557 325.936541507301
0
260.3678216678557 179.57020597696624
0.25 0.25 0.25 0.25
146.36633553033477
45.0
21.594136739766242 446.0746225398815
2
82.64749926001451 446.0746225398815
0.25 0.25 0.25 0.25
104.24163599978075
45.0
355.91082700907145 483.7580690496875
3
472.682280549333 483.7580690496875
0.25 0.25 0.25 0.25
171.40689244159552
45.0
29.954886508979314 203.13557916958737
2
123.3018367887793 203.13557916958737
0.25 0.25 0.25 0.25
153.2567232977586
45.0
144.7800073384833 398.5908066372257
1
144.7800073384833 494.1757790242716
0.25 0.25 0.25 0.25
95.58497238704591
45.0
455.50525692540793 478.8373694048838
0
455.50525692540793 377.72511806091734
0.25 0.25 0.25 0.25
101.11225134396648
45.0
12.555134594712797 328.4045800416553
0
12.555134594712797 163.09413580886203
0.25 0.25 0.25 0.25
165.3104442327933
45.0
193.58089578951905 316.29759483095677
2
364.3755022449743 316.29759483095677
0.25 0.25 0.25 0.25
170.79460645545527
45.0
250.3868843570641 450.2628237259254
2
298.47051341075286 450.2628237259254
0.25 0.25 0.25 0.25
48.08362905368876
45.0
65.1022195039651 457.44709832093633
3
33.04657476341731 457.44709832093633
0.25 0.25 0.25 0.25
32.055644740547784
45.0
410.8839544501428 8.183581566239951
3
369.9565296103534 8.183581566239951
0.25 0.25 0.25 0.25
40.92742483978938
45.0
181.72223161203203 229.39995296379152
2
186.40592115426767 229.39995296379152
0.25 0.25 0.25 0.25
4.6836895422356415
45.0
77.00028660174755 425.8154822912512
2
80.6860991538777 425.8154822912512
0.25 0.25 0.25 0.25
3.685812552130158
45.0
337.41626028388754 366.94841131666533
2
386.80860489085705 366.94841131666533
0.25 0.25 0.25 0.25
49.39234460696954
45.0
383.1166058384696 3.0923032788819214
3
361.3801918707662 3.0923032788819214
0.25 0.25 0.25 0.25
21.736413967703346
45.0
234.73521202129302 277.3364260348784
0
234.73521202129302 236.23997684504855
0.25 0.25 0.25 0.25
41.09644918982987
45.0
41.21985080279282 236.0813694230199
0
41.21985080279282 201.3924340166152
0.25 0.25 0.25 0.25
34.68893540640472
45.0
406.19926592884025 471.5470274763287
3
383.83183996058494 471.5470274763287
0.25 0.25 0.25 0.25
22.367425968255304
45.0
222.29361094880176 381.509696015462
2
234.00918771943338 381.509696015462
0.25 0.25 0.25 0.25
11.715576770631642
45.0
496.80330382861575 63.39854709720993
3
486.5133801931812 63.39854709720993
0.25 0.25 0.25 0.25
16.683315978203026
45.0
489.90679219545973 223.9947691017855
3
467.1498029287708 223.9947691017855
0.25 0.25 0.25 0.25
42.94340487576948
45.0
47.551349223128895 424.1608130268896
2
59.55104282902487 424.1608130268896
0.25 0.25 0.25 0.25
11.999693605895978
45.0
420.6941051152357 303.0202196140443
1
420.6941051152357 313.66043281689383
0.25 0.25 0.25 0.25
10.64021320284953
45.0
324.19239101209064 65.71931304555373
0
324.19239101209064 52.97754642470082
0.25 0.25 0.25 0.25
12.741766620852918
45.0
402.60046294027654 292.6334934364675
2
410.3456623937267 292.6334934364675
0.25 0.25 0.25 0.25
7.745199453450113
45.0
10.769963626825572 222.4409204165932
2
36.09348767008285 222.4409204165932
0.25 0.25 0.25 0.25
46.86345129690842
45.0
431.2183201427712 496.51011559128983
0
431.2183201427712 499.09503242432595
0.25 0.25 0.25 0.25
4.394851984384224
45.0
98.05619392634691 387.85377907699575
0
98.05619392634691 370.6526807282115
0.25 0.25 0.25 0.25
17.20109834878425
45.0
5.7500826026094 178.6755664714491
2
4.46635575896029 178.6755664714491
0.25 0.25 0.25 0.25
10.21643836156969
45.0
90.14442368949761 127.60278484373993
3
69.51341579140569 127.60278484373993
0.25 0.25 0.25 0.25
20.63100789809193
45.0
463.53147661917717 70.99386586208922
0
463.53147661917717 36.91777368615881
0.25 0.25 0.25 0.25
34.07609217593041
45.0
261.2620734688722 95.96158338152325
2
262.0931630494592 95.96158338152325
0.25 0.25 0.25 0.25
0.8310895805869967
45.0
485.9636594599492 68.65448720378208
3
451.82234014773286 68.65448720378208
0.25 0.25 0.25 0.25
34.14131931221635
45.0
227.87751547666733 490.8812148271976
3
185.93610301147112 490.8812148271976
0.25 0.25 0.25 0.25
41.94141246519622
45.0
499.7442233543412 417.5830196275885
3
492.9751913838301 417.5830196275885
0.25 0.25 0.25 0.25
6.769031970511074
45.0
410.4185636854963 251.16480527906947
3
393.83816114071266 251.16480527906947
0.25 0.25 0.25 0.25
16.580402544783617
45.0
