78793
468.48586288366744 383.9637284486429
0
468.48586288366744 227.22292023689056
0.25 0.25 0.25 0.25
156.74080821175232
45.0
106.43040251635645 273.7347389607058
2
14.944933577900727 273.7347389607058
0.25 0.25 0.25 0.25
121.37533609425718
45.0
181.8644211766464 105.0642055175064
1
181.8644211766464 32.92411379131835
0.25 0.25 0.25 0.25
137.98831930882474
45.0
390.4560283923985 422.60591642925635
0
390.4560283923985 485.73738217570167
0.25 0.25 0.25 0.25
91.65670139504194
45.0
297.88767501270877 410.3901102602813
0
297.88767501270877 311.2733029677806
0.25 0.25 0.25 0.25
99.11680729250072
45.0
66.24933503239077 159.3158158872096
1
66.24933503239077 328.37255917958873
0.25 0.25 0.25 0.25
169.05674329237914
45.0
456.08773491472937 484.27036186910664
3
387.22213189537854 484.27036186910664
0.25 0.25 0.25 0.25
156.69013318989207
45.0
433.8920741138554 486.34949335209683
0
433.8920741138554 381.49537016530974
0.25 0.25 0.25 0.25
132.15513648259343
45.0
16.05187236233286 35.98662063235275
1
16.05187236233286 134.1695100503235
0.25 0.25 0.25 0.25
170.15613068267626
45.0
4.641743386026519 74.9484321299044
1
4.641743386026519 248.43266045036535
0.25 0.25 0.25 0.25
173.48422832046094
45.0
39.76310360673364 91.25262774427887
1
39.76310360673364 28.70494598422087
0.25 0.25 0.25 0.25
119.95757372849974
45.0
162.28609118322234 282.4305017291705
0
162.28609118322234 141.87777601705298
0.25 0.25 0.25 0.25
140.5527257121175
45.0
33.89139166105991 405.39208171140376
0
33.89139166105991 445.3531851497187
0.25 0.25 0.25 0.25
149.2547331388776
45.0
29.8606389376298 7.349542883202162
1
29.8606389376298 154.25127879348406
0.25 0.25 0.25 0.25
161.60082167668622
45.0
223.2461647370037 1.0529918339464075
1
223.2461647370037 143.77669620468782
0.25 0.25 0.25 0.25
144.82968803863423
45.0
343.19962688366604 483.56909976780537
3
241.63436121346388 483.56909976780537
0.25 0.25 0.25 0.25
101.56526567020217
45.0
83.5706094796812 454.54482930398467
2
253.65904718706005 454.54482930398467
0.25 0.25 0.25 0.25
170.08843770737886
45.0
366.85551346387706 288.01511922302825
1
366.85551346387706 436.2933680242005
0.25 0.25 0.25 0.25
148.27824880117225
45.0
429.0077412455985 324.9753184792885
3
400.47410398442344 324.9753184792885
0.25 0.25 0.25 0.25
170.5181547699781
45.0
486.7306890398712 76.91018300958393
1
486.7306890398712 20.126862812488042
0.25 0.25 0.25 0.25
97.03704582207197
45.0
316.6584742638746 412.75901715413534
3
159.08932822246547 412.75901715413534
0.25 0.25 0.25 0.25
157.56914604140914
45.0
268.2728373220896 465.2267634387556
3
145.7013472854421 465.2267634387556
0.25 0.25 0.25 0.25
122.57149003664748
45.0
86.76798605626516 459.7006110167888
2
229.25234893447828 459.7006110167888
0.25 0.25 0.25 0.25
142.48436287821312
45.0
462.722770370066 52.33484651408017
1
462.722770370066 68.74926784438058
0.25 0.25 0.25 0.25
121.08411435846075
45.0
402.62971636318343 411.1807163177939
0
402.62971636318343 318.58077825216174
0.25 0.25 0.25 0.25
92.59993806563214
45.0
233.1688139768669 305.8598155907744
2
337.6100323391288 305.8598155907744
0.25 0.25 0.25 0.25
104.44121836226189
45.0
404.76537798425727 451.4831555958448
0
404.76537798425727 459.6009810508475
0.25 0.25 0.25 0.25
88.9158633533077
45.0
175.2143633213316 356.8938244977563
2
316.39605258763856 356.8938244977563
0.25 0.25 0.25 0.25
141.18168926630696
45.0
64.85023323170839 484.7949044537198
0
64.85023323170839 358.40077984151776
0.25 0.25 0.25 0.25
156.80431570476244
45.0
481.3800242258268 374.415574117347
3
392.3948278774126 374.415574117347
0.25 0.25 0.25 0.25
126.22514789676066
45.0
468.5063680779464 491.65802262970135
3
430.8301265568572 491.65802262970135
0.25 0.25 0.25 0.25
100.66350536519646
45.0
362.9937998460638 342.5731732021585
3
222.8572269911326 342.5731732021585
0.25 0.25 0.25 0.25
140.1365728549312
45.0
38.6837257067038 340.13847160314606
0
38.6837257067038 168.7716363645894
0.25 0.25 0.25 0.25
171.36683523855666
45.0
399.9317902503208 227.9892746193089
3
479.06186757076307 227.9892746193089
0.25 0.25 0.25 0.25
121.0063421789161
45.0
157.52636284650583 74.00773599090226
3
68.70830425455406 74.00773599090226
0.25 0.25 0.25 0.25
88.81805859195177
45.0
388.2539200889969 27.163321412721245
1
388.2539200889969 168.6487845280429
0.25 0.25 0.25 0.25
141.48546311532166
45.0
2.756007739155905 2.6247370296133
2
174.63159306375874 2.6247370296133
0.25 0.25 0.25 0.25
171.87558532460284
45.0
234.19012891599752 142.1654124619725
1
234.19012891599752 231.63271140333924
0.25 0.25 0.25 0.25
89.46729894136675
45.0
448.2401141203683 344.51998732609013
1
448.2401141203683 484.089861082502
0.25 0.25 0.25 0.25
139.56987375641185
45.0
484.24443038519644 391.41819740849064
3
382.20736127331605 391.41819740849064
0.25 0.25 0.25 0.25
102.0370691118804
45.0
11.907416588047681 375.7832960005077
2
156.2393603941648 375.7832960005077
0.25 0.25 0.25 0.25
144.33194380611712
45.0
184.65814505775765 285.0244902338736
0
184.65814505775765 118.8328462507429
0.25 0.25 0.25 0.25
166.19164398313072
45.0
38.92806298125639 498.67744652958277
2
135.0641765078036 498.67744652958277
0.25 0.25 0.25 0.25
96.13611352654722
45.0
452.73031122436157 485.19785550148686
3
286.3954123617595 485.19785550148686
0.25 0.25 0.25 0.25
166.33489886260207
45.0
336.48748451559527 98.32494195201818
1
336.48748451559527 41.20265418563173
0.25 0.25 0.25 0.25
139.5275961376499
45.0
253.9363363567377 382.1539563398061
0
253.9363363567377 266.3878018069096
0.25 0.25 0.25 0.25
115.76615453289648
45.0
220.87173875650865 365.4281171594753
0
220.87173875650865 483.12984511382433
0.25 0.25 0.25 0.25
151.44203772670033
45.0
21.23119074304941 35.832988208509846
2
185.82913843068172 35.832988208509846
0.25 0.25 0.25 0.25
164.5979476876323
45.0
