78793
39.36706850436974 189.66313486951185
2
196.10787671612206 189.66313486951185
0.25 0.25 0.25 0.25
156.74080821175232
45.0
499.5537220450705 27.010555719693656
3
379.0709418606723 27.010555719693656
0.25 0.25 0.25 0.25
121.37533609425718
45.0
456.179799838378 1.15765104690837
1
456.179799838378 136.83066826191637
0.25 0.25 0.25 0.25
137.98831930882474
45.0
9.065638569614038 47.755395503627454
2
82.5910628254279 47.755395503627454
0.25 0.25 0.25 0.25
91.65670139504194
45.0
224.1921426747732 5.090954015285803
3
125.07533538227248 5.090954015285803
0.25 0.25 0.25 0.25
99.11680729250072
45.0
123.6111740494899 376.53533349847737
2
45.445569242889235 376.53533349847737
0.25 0.25 0.25 0.25
169.05674329237914
45.0
31.792274129154237 396.01123640959827
0
31.792274129154237 239.3211032197062
0.25 0.25 0.25 0.25
156.69013318989207
45.0
19.753711904976626 89.88408390431653
1
19.753711904976626 222.03922038690996
0.25 0.25 0.25 0.25
132.15513648259343
45.0
345.1971730990772 113.23272595426599
3
484.6466962182466 113.23272595426599
0.25 0.25 0.25 0.25
170.15613068267626
45.0
443.8629503592233 248.43266045036535
1
443.8629503592233 421.9168887708263
0.25 0.25 0.25 0.25
173.48422832046094
45.0
40.91571673727066 249.42829806976724
2
160.8732904657704 249.42829806976724
0.25 0.25 0.25 0.25
119.95757372849974
45.0
448.3175717107798 63.19862975577399
3
307.7648459986623 63.19862975577399
0.25 0.25 0.25 0.25
140.5527257121175
45.0
198.0514620223853 360.67607004406045
0
198.0514620223853 211.42133690518284
0.25 0.25 0.25 0.25
149.2547331388776
45.0
122.1147107617835 229.7405044396537
1
122.1147107617835 391.3413261163399
0.25 0.25 0.25 0.25
161.60082167668622
45.0
292.2852460892018 185.20014501600667
3
147.45555805056756 185.20014501600667
0.25 0.25 0.25 0.25
144.82968803863423
45.0
69.80914327710286 94.51718084936431
1
69.80914327710286 196.08244651956647
0.25 0.25 0.25 0.25
101.56526567020217
45.0
321.09435367307344 366.5788965736982
3
151.00591596569458 366.5788965736982
0.25 0.25 0.25 0.25
170.08843770737886
45.0
215.06454703105396 29.406363228889518
1
215.06454703105396 177.68461203006177
0.25 0.25 0.25 0.25
148.27824880117225
45.0
215.60267502547455 495.7508723198356
0
215.60267502547455 325.2327175498575
0.25 0.25 0.25 0.25
170.5181547699781
45.0
128.21204753086369 397.65086225508014
0
128.21204753086369 300.6138164330082
0.25 0.25 0.25 0.25
97.03704582207197
45.0
7.706407394282849 370.54634382904317
2
165.275553435692 370.54634382904317
0.25 0.25 0.25 0.25
157.56914604140914
45.0
3.7017775419743373 136.36845274245374
2
118.86971249467314 136.36845274245374
0.25 0.25 0.25 0.25
122.57149003664748
45.0
234.4712686394946 319.82570799108385
2
376.95563151770773 319.82570799108385
0.25 0.25 0.25 0.25
142.48436287821312
45.0
306.08734470849566 279.590411428988
3
185.00323035003493 279.590411428988
0.25 0.25 0.25 0.25
121.08411435846075
45.0
494.8329988846798 181.61754951990645
3
402.23306081904764 181.61754951990645
0.25 0.25 0.25 0.25
92.59993806563214
45.0
159.96129784865286 394.6841828360123
1
159.96129784865286 499.12540119827423
0.25 0.25 0.25 0.25
104.44121836226189
45.0
350.41253506943474 295.5769320028447
2
439.32839842274245 295.5769320028447
0.25 0.25 0.25 0.25
88.9158633533077
45.0
1.1518513525289222 215.71213523144937
1
1.1518513525289222 356.8938244977563
0.25 0.25 0.25 0.25
141.18168926630696
45.0
399.176866250747 425.62079868229443
0
399.176866250747 417.57488561294315
0.25 0.25 0.25 0.25
156.80431570476244
45.0
481.3800242258268 207.70424949603043
3
355.15487632906616 207.70424949603043
0.25 0.25 0.25 0.25
126.22514789676066
45.0
341.3026481048918 326.9201275957995
0
341.3026481048918 226.25662223060306
0.25 0.25 0.25 0.25
100.66350536519646
45.0
108.59328689824196 145.304630300782
1
108.59328689824196 285.4412031557132
0.25 0.25 0.25 0.25
140.1365728549312
45.0
322.8546066706201 30.79621030530717
3
151.48777143206345 30.79621030530717
0.25 0.25 0.25 0.25
171.36683523855666
45.0
415.16334243342067 374.1541712711276
0
415.16334243342067 253.1478290922115
0.25 0.25 0.25 0.25
121.0063421789161
45.0
338.34984339258017 215.4477952734837
2
427.1679019845319 215.4477952734837
0.25 0.25 0.25 0.25
88.81805859195177
45.0
162.8935430148442 490.02674352967995
0
162.8935430148442 348.5412804143583
0.25 0.25 0.25 0.25
141.48546311532166
45.0
247.27208784178075 12.983288556904142
1
247.27208784178075 158.8922967676987
0.25 0.25 0.25 0.25
171.87558532460284
45.0
39.39581938829815 352.7502171797588
1
39.39581938829815 442.2175161211255
0.25 0.25 0.25 0.25
89.46729894136675
45.0
330.1765525433632 213.75950769955728
2
469.74642629977507 213.75950769955728
0.25 0.25 0.25 0.25
139.56987375641185
45.0
341.46597903570813 350.67681517088255
2
443.5030481475885 350.67681517088255
0.25 0.25 0.25 0.25
102.0370691118804
45.0
70.48288736115023 179.8333189802912
2
214.81483116726736 179.8333189802912
0.25 0.25 0.25 0.25
144.33194380611712
45.0
18.466501074626933 359.791132990139
0
18.466501074626933 193.59948900700826
0.25 0.25 0.25 0.25
166.19164398313072
45.0
463.033478441518 136.5585800412648
3
366.8973649149708 136.5585800412648
0.25 0.25 0.25 0.25
96.13611352654722
45.0
50.25559901222016 156.5092714250577
1
50.25559901222016 322.8441702876598
0.25 0.25 0.25 0.25
166.33489886260207
45.0
151.70241892565215 144.93859602491963
0
151.70241892565215 5.410999887269725
0.25 0.25 0.25 0.25
139.5275961376499
45.0
359.78247303432556 160.5416651293218
2
475.54862756722207 160.5416651293218
0.25 0.25 0.25 0.25
115.76615453289648
45.0
213.633473699842 216.39883445166384
0
213.633473699842 64.95679672496351
0.25 0.25 0.25 0.25
151.44203772670033
45.0
130.95444307037678 290.55500033853775
2
33.64350461725553 290.55500033853775
0.25 0.25 0.25 0.25
164.5979476876323
45.0
