78793
434.3284796340663 405.88837242534873
3
277.587671422314 405.88837242534873
0.25 0.25 0.25 0.25
156.74080821175232
45.0
43.942244823843296 90.39126932206575
1
43.942244823843296 30.984066772191426
0.25 0.25 0.25 0.25
121.37533609425718
45.0
128.1939822792298 346.9590792969292
1
128.1939822792298 484.94739860575396
0.25 0.25 0.25 0.25
137.98831930882474
45.0
426.2305688175177 27.453875200492035
1
426.2305688175177 64.2028261945499
0.25 0.25 0.25 0.25
91.65670139504194
45.0
395.92997603479625 85.1939262022223
3
296.81316874229555 85.1939262022223
0.25 0.25 0.25 0.25
99.11680729250072
45.0
412.23997533619706 362.1948737442026
0
412.23997533619706 193.13813045182346
0.25 0.25 0.25 0.25
169.05674329237914
45.0
262.4258702562403 364.55196014781154
2
419.11600344613237 364.55196014781154
0.25 0.25 0.25 0.25
156.69013318989207
45.0
151.9695636772658 249.3402336827163
0
151.9695636772658 117.18509720012287
0.25 0.25 0.25 0.25
132.15513648259343
45.0
356.3641337276854 376.2988819977053
3
186.20800304500912 376.2988819977053
0.25 0.25 0.25 0.25
170.15613068267626
45.0
351.6102000269484 340.106148925295
0
351.6102000269484 486.4096227542441
0.25 0.25 0.25 0.25
173.48422832046094
45.0
480.40660147926747 371.50718537328055
3
360.44902775076775 371.50718537328055
0.25 0.25 0.25 0.25
119.95757372849974
45.0
318.9697369105172 279.78040111929954
1
318.9697369105172 420.3331268314171
0.25 0.25 0.25 0.25
140.5527257121175
45.0
70.58020950567436 196.4488793779351
2
219.83494264455197 196.4488793779351
0.25 0.25 0.25 0.25
149.2547331388776
45.0
161.06639067443336 492.15200791326083
0
161.06639067443336 346.24717041005295
0.25 0.25 0.25 0.25
161.60082167668622
45.0
342.2647711470936 304.5201841816545
3
197.43508310845937 304.5201841816545
0.25 0.25 0.25 0.25
144.82968803863423
45.0
460.41754925588987 24.25722858320546
3
438.01718507390797 24.25722858320546
0.25 0.25 0.25 0.25
101.56526567020217
45.0
423.7474848944389 134.89858013350008
3
406.16407739818226 134.89858013350008
0.25 0.25 0.25 0.25
170.08843770737886
45.0
184.14224068614988 453.376124782833
0
184.14224068614988 305.09787598166076
0.25 0.25 0.25 0.25
148.27824880117225
45.0
253.06487783431393 16.06099106066773
1
253.06487783431393 154.45716370931038
0.25 0.25 0.25 0.25
170.5181547699781
45.0
125.12112767184095 270.9842746537279
3
28.084081849768978 270.9842746537279
0.25 0.25 0.25 0.25
97.03704582207197
45.0
322.84469947710113 332.8740397278182
2
480.41384551851024 332.8740397278182
0.25 0.25 0.25 0.25
157.56914604140914
45.0
410.27240706555733 323.22719369528784
3
287.7009170289099 323.22719369528784
0.25 0.25 0.25 0.25
122.57149003664748
45.0
488.38838516160365 314.6067882860675
3
369.12725196018323 314.6067882860675
0.25 0.25 0.25 0.25
142.48436287821312
45.0
384.8660301391592 342.24458169361606
0
384.8660301391592 221.16046733515532
0.25 0.25 0.25 0.25
121.08411435846075
45.0
41.770655243023626 33.219655288413236
2
50.82928282260852 33.219655288413236
0.25 0.25 0.25 0.25
92.59993806563214
45.0
184.59605947218063 350.27199921339337
0
184.59605947218063 245.83078085113146
0.25 0.25 0.25 0.25
104.44121836226189
45.0
27.17642145741118 117.7452052962292
1
27.17642145741118 206.6610686495369
0.25 0.25 0.25 0.25
88.9158633533077
45.0
95.42084007543116 349.0146218337785
2
236.60252934173812 349.0146218337785
0.25 0.25 0.25 0.25
141.18168926630696
45.0
124.0243390031338 456.0309897748548
0
124.0243390031338 387.1646945203828
0.25 0.25 0.25 0.25
156.80431570476244
45.0
266.16967998065195 373.13413008913176
3
139.9445320838913 373.13413008913176
0.25 0.25 0.25 0.25
126.22514789676066
45.0
330.16662119166074 300.3799129879412
1
330.16662119166074 401.04341835313767
0.25 0.25 0.25 0.25
100.66350536519646
45.0
477.8256372835233 339.06570105701564
3
382.03778986154555 339.06570105701564
0.25 0.25 0.25 0.25
140.1365728549312
45.0
210.05056094526046 196.9726477959293
1
210.05056094526046 368.33948303448597
0.25 0.25 0.25 0.25
171.36683523855666
45.0
94.02058075514628 17.925852830147903
2
26.985761423769816 17.925852830147903
0.25 0.25 0.25 0.25
121.0063421789161
45.0
131.92916841788013 103.62838119300127
0
131.92916841788013 14.810322601049506
0.25 0.25 0.25 0.25
88.81805859195177
45.0
338.37691187310827 133.5256580880973
1
338.37691187310827 275.01112120341895
0.25 0.25 0.25 0.25
141.48546311532166
45.0
184.72760317196438 65.13176092484747
1
184.72760317196438 106.74382439975537
0.25 0.25 0.25 0.25
171.87558532460284
45.0
176.44225326456248 336.95972198967183
3
86.97495432319573 336.95972198967183
0.25 0.25 0.25 0.25
89.46729894136675
45.0
75.5522602613666 399.35114886620306
0
75.5522602613666 259.7812751097912
0.25 0.25 0.25 0.25
139.56987375641185
45.0
311.6814313910428 411.7888885272945
0
311.6814313910428 486.17404236082507
0.25 0.25 0.25 0.25
102.0370691118804
45.0
1.583809945227813 191.22087258114095
1
1.583809945227813 335.5528163872581
0.25 0.25 0.25 0.25
144.33194380611712
45.0
18.466501074626933 456.9164064194358
0
18.466501074626933 290.7247624363051
0.25 0.25 0.25 0.25
166.19164398313072
45.0
326.758007067441 59.28085057220902
3
230.62189354089378 59.28085057220902
0.25 0.25 0.25 0.25
96.13611352654722
45.0
122.05112032354475 150.5374509518952
1
122.05112032354475 15.797447910706865
0.25 0.25 0.25 0.25
166.33489886260207
45.0
196.95988837794536 121.6317689884689
1
196.95988837794536 261.1593651261188
0.25 0.25 0.25 0.25
139.5275961376499
45.0
369.70249088963425 266.3878018069096
0
369.70249088963425 150.62164727401307
0.25 0.25 0.25 0.25
115.76615453289648
45.0
463.66155012300703 425.52238124637756
0
463.66155012300703 423.03558102692205
0.25 0.25 0.25 0.25
151.44203772670033
45.0
185.82913843068172 457.9608548543871
3
21.23119074304941 457.9608548543871
0.25 0.25 0.25 0.25
164.5979476876323
45.0
