78793
371.3002054014012 399.74031261011874
0
371.3002054014012 242.9995043983664
0.25 0.25 0.25 0.25
156.74080821175232
45.0
349.1810747048708 30.98406677219141
1
349.1810747048708 152.3594028664486
0.25 0.25 0.25 0.25
121.37533609425718
45.0
94.11221744100311 1.15765104690837
1
94.11221744100311 136.83066826191637
0.25 0.25 0.25 0.25
137.98831930882474
45.0
259.3645967183562 222.84508294825014
2
351.02129811339813 222.84508294825014
0.25 0.25 0.25 0.25
91.65670139504194
45.0
188.864434374802 302.44137589278773
3
89.74762708230126 302.44137589278773
0.25 0.25 0.25 0.25
99.11680729250072
45.0
404.36282161714905 159.3158158872096
1
404.36282161714905 9.740927405169543
0.25 0.25 0.25 0.25
169.05674329237914
45.0
45.87653620570069 387.4394295398621
0
45.87653620570069 230.74929634997002
0.25 0.25 0.25 0.25
156.69013318989207
45.0
94.66775652682259 239.71217314800845
2
37.48737995577085 239.71217314800845
0.25 0.25 0.25 0.25
132.15513648259343
45.0
261.4500367148471 304.3256407329998
1
261.4500367148471 474.481771415676
0.25 0.25 0.25 0.25
170.15613068267626
45.0
87.03174508890311 16.725056345025223
1
87.03174508890311 156.75917197543572
0.25 0.25 0.25 0.25
173.48422832046094
45.0
400.6964815797396 10.573807400274546
1
400.6964815797396 109.38376632822519
0.25 0.25 0.25 0.25
119.95757372849974
45.0
37.8642854862822 406.85230742611066
0
37.8642854862822 266.2995817139931
0.25 0.25 0.25 0.25
140.5527257121175
45.0
93.57986085565102 345.70361251681277
2
55.67487228322659 345.70361251681277
0.25 0.25 0.25 0.25
149.2547331388776
45.0
253.32046249858706 123.8562088536014
3
91.71964082190084 123.8562088536014
0.25 0.25 0.25 0.25
161.60082167668622
45.0
356.0725874175332 290.71236791121487
3
211.24289937889898 290.71236791121487
0.25 0.25 0.25 0.25
144.82968803863423
45.0
54.1564865750812 180.42978981754482
1
54.1564865750812 281.995055487747
0.25 0.25 0.25 0.25
101.56526567020217
45.0
65.98720198342454 76.25111006242497
1
65.98720198342454 93.83732764495389
0.25 0.25 0.25 0.25
170.08843770737886
45.0
226.25748174081195 415.42838317462724
3
77.9792329396397 415.42838317462724
0.25 0.25 0.25 0.25
148.27824880117225
45.0
377.36517536455483 62.02144922983592
3
206.84702059457672 62.02144922983592
0.25 0.25 0.25 0.25
170.5181547699781
45.0
222.15817349391293 273.4600380151927
2
319.1952193159849 273.4600380151927
0.25 0.25 0.25 0.25
97.03704582207197
45.0
7.706407394282849 461.157915692454
0
7.706407394282849 381.27293826613686
0.25 0.25 0.25 0.25
157.56914604140914
45.0
364.0126925679681 373.34558711095644
3
241.4412025313206 373.34558711095644
0.25 0.25 0.25 0.25
122.57149003664748
45.0
81.54906635124883 29.638062529641275
1
81.54906635124883 112.84630034857184
0.25 0.25 0.25 0.25
142.48436287821312
45.0
431.395685237752 221.16046733515526
3
447.52020040378727 221.16046733515526
0.25 0.25 0.25 0.25
121.08411435846075
45.0
300.9711507179664 403.6194075509418
0
300.9711507179664 311.0194694853096
0.25 0.25 0.25 0.25
92.59993806563214
45.0
382.0222159617478 260.758459843154
3
277.5809975994859 260.758459843154
0.25 0.25 0.25 0.25
104.44121836226189
45.0
328.48703195581953 459.6009810508475
0
328.48703195581953 451.4831555958448
0.25 0.25 0.25 0.25
88.9158633533077
45.0
130.6053654829847 333.43747422605395
2
271.78705474929166 333.43747422605395
0.25 0.25 0.25 0.25
141.18168926630696
45.0
378.4588646412333 230.36037881562035
3
221.65454893647083 230.36037881562035
0.25 0.25 0.25 0.25
156.80431570476244
45.0
149.74571525797646 489.5580948118072
0
149.74571525797646 384.21675729143215
0.25 0.25 0.25 0.25
126.22514789676066
45.0
28.176105096071396 196.30256018607645
0
28.176105096071396 95.63905482087999
0.25 0.25 0.25 0.25
100.66350536519646
45.0
63.676664120719636 361.61716321764027
0
63.676664120719636 221.4805903627091
0.25 0.25 0.25 0.25
140.1365728549312
45.0
210.05056094526046 89.3589998185042
1
210.05056094526046 82.00783542005246
0.25 0.25 0.25 0.25
171.36683523855666
45.0
390.0047879605182 227.98927461930896
3
268.9984457816021 227.98927461930896
0.25 0.25 0.25 0.25
121.0063421789161
45.0
335.16248003040937 281.26449837690484
1
335.16248003040937 370.0825569688566
0.25 0.25 0.25 0.25
88.81805859195177
45.0
86.07947747285672 46.366837798218114
1
86.07947747285672 95.11862531710355
0.25 0.25 0.25 0.25
141.48546311532166
45.0
455.8757398177303 137.99733634737245
1
455.8757398177303 309.8729216719753
0.25 0.25 0.25 0.25
171.87558532460284
45.0
318.47337637716885 336.89050553479296
2
407.94067531853557 336.89050553479296
0.25 0.25 0.25 0.25
89.46729894136675
45.0
110.03938090527919 135.91746245432742
2
249.60925466169104 135.91746245432742
0.25 0.25 0.25 0.25
139.56987375641185
45.0
178.13322304955528 289.38112829661026
2
280.17029216143567 289.38112829661026
0.25 0.25 0.25 0.25
102.0370691118804
45.0
331.54212412874153 365.4596893576878
0
331.54212412874153 490.20836683619507
0.25 0.25 0.25 0.25
144.33194380611712
45.0
319.617059094066 456.9164064194358
0
319.617059094066 376.8919495974335
0.25 0.25 0.25 0.25
166.19164398313072
45.0
38.349666487799354 1.7836017801896844
1
38.349666487799354 97.9197153067369
0.25 0.25 0.25 0.25
96.13611352654722
45.0
382.92539673742385 13.806841086319423
1
382.92539673742385 152.52805777628265
0.25 0.25 0.25 0.25
166.33489886260207
45.0
499.3219076896959 307.77301919902027
0
499.3219076896959 168.24542306137036
0.25 0.25 0.25 0.25
139.5275961376499
45.0
209.12828177484815 154.7814255286079
0
209.12828177484815 39.01527099571143
0.25 0.25 0.25 0.25
115.76615453289648
45.0
280.966002843411 420.62282600803314
0
280.966002843411 269.1807882813328
0.25 0.25 0.25 0.25
151.44203772670033
45.0
130.95444307037678 116.35264560491635
1
130.95444307037678 280.95059329254866
0.25 0.25 0.25 0.25
164.5979476876323
45.0
