43915
408.95022132282315 113.32682042165709
1
408.95022132282315 266.5507344686818
0.25 0.25 0.25 0.25
153.22391404702472
45.0
214.06532610132655 281.4768836514384
3
67.88495081364056 281.4768836514384
0.25 0.25 0.25 0.25
146.180375287686
45.0
238.26629521804534 132.9043951636994
1
238.26629521804534 37.429197333905904
0.25 0.25 0.25 0.25
170.3335924976053
45.0
149.0598366345946 166.22382077396597
3
33.90736680288242 166.22382077396597
0.25 0.25 0.25 0.25
115.15246983171218
45.0
272.19294215217815 321.92190562476264
3
184.60711611384627 321.92190562476264
0.25 0.25 0.25 0.25
87.58582603833187
45.0
43.96175521360311 212.17059454904717
2
95.15928664210026 212.17059454904717
0.25 0.25 0.25 0.25
139.12104185570337
45.0
60.17011241986944 266.6393856592955
2
180.9922820217813 266.6393856592955
0.25 0.25 0.25 0.25
120.82216960191187
45.0
51.08209749579399 38.92433122955802
1
51.08209749579399 52.903376121324754
0.25 0.25 0.25 0.25
91.82770735088278
45.0
416.31343845672427 43.831236408784434
3
306.2552892810177 43.831236408784434
0.25 0.25 0.25 0.25
110.05814917570655
45.0
150.51194103355044 359.4806409221888
1
150.51194103355044 477.89624642359047
0.25 0.25 0.25 0.25
118.41560550140169
45.0
210.18447232518986 185.37372242558433
1
210.18447232518986 311.3286550339876
0.25 0.25 0.25 0.25
125.95493260840327
45.0
307.73897152455294 284.1947225159447
2
480.9913683398747 284.1947225159447
0.25 0.25 0.25 0.25
173.2523968153218
45.0
297.0224050901905 45.16532522955515
2
457.7199101833744 45.16532522955515
0.25 0.25 0.25 0.25
160.6975050931839
45.0
326.7823197813134 301.562813228084
0
326.7823197813134 188.22392129310276
0.25 0.25 0.25 0.25
113.33889193498123
45.0
167.68864034198455 169.99234291439817
1
167.68864034198455 294.8934876965242
0.25 0.25 0.25 0.25
124.90114478212601
45.0
277.69403039822754 228.8266262425256
2
449.522294535265 228.8266262425256
0.25 0.25 0.25 0.25
171.82826413703748
45.0
489.356453461068 477.2386156745082
3
396.5942929535348 477.2386156745082
0.25 0.25 0.25 0.25
114.04925358539722
45.0
71.7941285736294 107.21262747350937
0
71.7941285736294 11.53762789037117
0.25 0.25 0.25 0.25
95.6749995831382
45.0
389.9564107775727 242.0370207164497
2
494.9320344538785 242.0370207164497
0.25 0.25 0.25 0.25
104.97562367630579
45.0
335.9386229291209 226.96426988091866
2
444.87143441050125 226.96426988091866
0.25 0.25 0.25 0.25
108.93281148138033
45.0
173.54954028980296 80.39349901795276
1
173.54954028980296 97.61426020220466
0.25 0.25 0.25 0.25
17.2207611842519
45.0
365.68221634563645 461.47321956378426
3
362.24773020843395 461.47321956378426
0.25 0.25 0.25 0.25
3.4344861372025246
45.0
472.86553339969635 443.023882242809
2
478.55658011824545 443.023882242809
0.25 0.25 0.25 0.25
5.691046718549081
45.0
151.03990864517272 407.79197302434847
3
146.6631076027921 407.79197302434847
0.25 0.25 0.25 0.25
4.376801042380595
45.0
63.36533914715358 150.5300166067902
3
14.886820952337558 150.5300166067902
0.25 0.25 0.25 0.25
48.47851819481602
45.0
345.00873257412627 262.5602819609669
2
393.46538222113253 262.5602819609669
0.25 0.25 0.25 0.25
48.456649647006245
45.0
76.96155775041663 143.2663387494143
2
82.82362507384661 143.2663387494143
0.25 0.25 0.25 0.25
5.862067323429981
45.0
345.2578482528659 352.03663901794454
1
345.2578482528659 366.46132450186144
0.25 0.25 0.25 0.25
14.424685483916921
45.0
63.94718442427569 349.56234468834384
3
42.63658218189349 349.56234468834384
0.25 0.25 0.25 0.25
21.310602242382203
45.0
114.06189906280474 174.8990904443955
3
73.61021958730831 174.8990904443955
0.25 0.25 0.25 0.25
40.45167947549644
45.0
202.0663434960693 452.5759639359418
1
202.0663434960693 479.8203794050835
0.25 0.25 0.25 0.25
27.244415469141707
45.0
347.09604657178664 456.1144849934608
0
347.09604657178664 428.59589556455205
0.25 0.25 0.25 0.25
27.518589428908758
45.0
141.91020532432384 225.73397239392216
3
106.20024077300832 225.73397239392216
0.25 0.25 0.25 0.25
35.70996455131552
45.0
268.63276994062346 185.69787887665706
0
268.63276994062346 147.6091040169142
0.25 0.25 0.25 0.25
38.08877485974288
45.0
486.52743156034785 189.82558301143433
0
486.52743156034785 141.52935869919617
0.25 0.25 0.25 0.25
48.29622431223818
45.0
60.5876290539381 346.4164036643797
1
60.5876290539381 350.2297438821912
0.25 0.25 0.25 0.25
3.813340217811528
45.0
56.872902777797776 324.7378866813119
1
56.872902777797776 371.2411396654944
0.25 0.25 0.25 0.25
46.503252984182495
45.0
333.4889131053797 321.74609241071636
3
327.09974439027565 321.74609241071636
0.25 0.25 0.25 0.25
6.389168715104088
45.0
80.06466182986804 137.60658007435416
1
80.06466182986804 173.5662179490978
0.25 0.25 0.25 0.25
35.959637874743635
45.0
440.12575705884177 389.02492663852024
2
473.3476437941712 389.02492663852024
0.25 0.25 0.25 0.25
33.221886735329406
45.0
106.0108258448416 3.1441781832502684
3
97.5061930941637 3.1441781832502684
0.25 0.25 0.25 0.25
8.5046327506779
45.0
498.60800783864806 285.8305139887474
3
464.54444238523376 285.8305139887474
0.25 0.25 0.25 0.25
34.06356545341427
45.0
387.29365166810624 341.62992685330096
2
403.9670106875924 341.62992685330096
0.25 0.25 0.25 0.25
16.673359019486185
45.0
72.24454756183263 426.3901155571025
1
72.24454756183263 457.6608015805085
0.25 0.25 0.25 0.25
31.27068602340603
45.0
217.055514228851 135.7366726124019
1
217.055514228851 174.1366718216412
0.25 0.25 0.25 0.25
38.39999920923931
45.0
239.14621483652354 222.73111954234759
3
232.92396999143605 222.73111954234759
0.25 0.25 0.25 0.25
6.2222448450874985
45.0
406.1899233968927 137.2809435615457
0
406.1899233968927 119.02119807021563
0.25 0.25 0.25 0.25
18.259745491330087
45.0
155.73918991950765 411.73189887998444
2
193.31962339808769 411.73189887998444
0.25 0.25 0.25 0.25
37.58043347858004
45.0
