24524
372.5445437175931 398.2202850839835
3
238.89368026619928 398.2202850839835
0.25 0.25 0.25 0.25
133.65086345139383
45.0
192.9557452186842 75.46176695803484
1
192.9557452186842 34.91530997854355
0.25 0.25 0.25 0.25
110.37707693657839
45.0
369.6780448786885 233.72601842137493
3
281.166342893741 233.72601842137493
0.25 0.25 0.25 0.25
88.51170198494756
45.0
222.42506772630645 360.42369943148435
0
222.42506772630645 192.77716259832243
0.25 0.25 0.25 0.25
167.64653683316192
45.0
168.59094429989761 435.49813650231164
0
168.59094429989761 328.22112094827605
0.25 0.25 0.25 0.25
107.27701555403557
45.0
145.98424795136995 486.126748610675
0
145.98424795136995 330.8651860733828
0.25 0.25 0.25 0.25
155.26156253729224
45.0
149.14400431101512 115.27760916185557
3
18.84662961084095 115.27760916185557
0.25 0.25 0.25 0.25
130.29737470017417
45.0
471.85737508461875 368.45146666475904
1
471.85737508461875 480.8007739849676
0.25 0.25 0.25 0.25
112.34930732020852
45.0
471.8937144648712 187.1686685528571
3
394.2234996887072 187.1686685528571
0.25 0.25 0.25 0.25
133.88278584642157
45.0
497.9767277178483 364.5713539023308
3
350.04665911063057 364.5713539023308
0.25 0.25 0.25 0.25
151.97661317152114
45.0
102.23941948140127 145.78041949624628
0
102.23941948140127 29.116995556805918
0.25 0.25 0.25 0.25
116.66342393944036
45.0
245.33231591977722 80.08650060704328
1
245.33231591977722 172.06013750686662
0.25 0.25 0.25 0.25
91.97363689982335
45.0
76.54619817726575 287.6646663928108
1
76.54619817726575 391.8248516060862
0.25 0.25 0.25 0.25
104.16018521327544
45.0
34.719266865394104 48.01400457638448
2
120.04320439753872 48.01400457638448
0.25 0.25 0.25 0.25
154.76247126293282
45.0
260.44438907347876 117.64357540939386
1
260.44438907347876 274.5260220247685
0.25 0.25 0.25 0.25
156.88244661537465
45.0
64.50329204639048 185.40770601380058
0
64.50329204639048 86.91810337722076
0.25 0.25 0.25 0.25
98.48960263657982
45.0
177.94399575069 289.3310131980802
0
177.94399575069 162.16545594733842
0.25 0.25 0.25 0.25
127.16555725074178
45.0
32.43787464013788 420.05084396033567
2
141.3921819972436 420.05084396033567
0.25 0.25 0.25 0.25
108.95430735710572
45.0
462.81605441079796 457.6012289673472
0
462.81605441079796 328.2158169885209
0.25 0.25 0.25 0.25
129.3854119788263
45.0
118.84440862712842 133.11036650509573
2
35.222381413914945 133.11036650509573
0.25 0.25 0.25 0.25
154.06679004104336
45.0
104.82893192640398 476.16265616738985
2
38.592044857074626 476.16265616738985
0.25 0.25 0.25 0.25
143.4209767834786
45.0
292.9045251551093 159.57398035756069
1
292.9045251551093 301.60279058459554
0.25 0.25 0.25 0.25
142.02881022703485
45.0
472.4626858425563 417.5011577970399
0
472.4626858425563 256.4439088795578
0.25 0.25 0.25 0.25
161.05724891748213
45.0
78.04952088296844 265.58774336856675
2
62.068471147000025 265.58774336856675
0.25 0.25 0.25 0.25
140.11799202996846
45.0
255.15288693861095 465.17575855151836
0
255.15288693861095 328.0161823254579
0.25 0.25 0.25 0.25
137.15957622606044
45.0
448.7350322074424 189.66303433629872
1
448.7350322074424 287.11766421920913
0.25 0.25 0.25 0.25
97.4546298829104
45.0
350.29969057786457 242.44315016687904
1
350.29969057786457 413.8896302296464
0.25 0.25 0.25 0.25
171.44648006276736
45.0
45.04425678478651 215.85277958091058
2
53.92978490360025 215.85277958091058
0.25 0.25 0.25 0.25
98.97404168838676
45.0
364.77050670062465 206.7800663050904
0
364.77050670062465 45.158750113218446
0.25 0.25 0.25 0.25
161.62131619187195
45.0
415.839470024271 265.80209278970653
1
415.839470024271 398.111632089626
0.25 0.25 0.25 0.25
132.30953929991946
45.0
9.619374155112098 116.58670799727895
2
145.70232383579662 116.58670799727895
0.25 0.25 0.25 0.25
136.08294968068452
45.0
285.4157898896734 437.1098951325034
0
285.4157898896734 308.0684442051248
0.25 0.25 0.25 0.25
129.04145092737863
45.0
386.0280618950344 194.25060337381692
0
386.0280618950344 83.4004916310501
0.25 0.25 0.25 0.25
110.85011174276681
45.0
419.57786211848827 399.69341430162694
0
419.57786211848827 239.2224068769874
0.25 0.25 0.25 0.25
160.47100742463954
45.0
59.392826309610484 333.2799409970821
0
59.392826309610484 216.7292280592271
0.25 0.25 0.25 0.25
116.55071293785502
45.0
376.88026950634986 182.0243471922073
1
376.88026950634986 296.1268602784176
0.25 0.25 0.25 0.25
114.10251308621031
45.0
169.26074987624906 305.44775923015874
1
169.26074987624906 453.170303224239
0.25 0.25 0.25 0.25
147.72254399408024
45.0
186.00993145529958 499.8109605312636
0
186.00993145529958 356.42769128825523
0.25 0.25 0.25 0.25
143.38326924300839
45.0
428.9784266129004 320.05068258450285
0
428.9784266129004 218.49044614471507
0.25 0.25 0.25 0.25
101.56023643978779
45.0
309.01669809122905 168.03118773164346
3
214.535409690868 168.03118773164346
0.25 0.25 0.25 0.25
94.48128840036105
45.0
73.29754209193592 264.056297502217
2
51.967471291237715 264.056297502217
0.25 0.25 0.25 0.25
125.26501338317364
45.0
3.662119629962916 451.83050921874235
0
3.662119629962916 419.1855088802347
0.25 0.25 0.25 0.25
128.983981901023
45.0
355.41056110912655 359.09745153150106
3
204.3647721131837 359.09745153150106
0.25 0.25 0.25 0.25
151.04578899594284
45.0
178.12650457190566 404.35111167352466
2
285.82560473829994 404.35111167352466
0.25 0.25 0.25 0.25
107.69910016639429
45.0
111.78616842893553 87.93896674379363
1
111.78616842893553 214.6021125822764
0.25 0.25 0.25 0.25
126.66314583848276
45.0
204.36519437356117 269.4087696434547
3
68.44130595404471 269.4087696434547
0.25 0.25 0.25 0.25
135.92388841951646
45.0
271.7331670069159 54.405033392334744
2
379.83250031434085 54.405033392334744
0.25 0.25 0.25 0.25
108.09933330742497
45.0
312.2895844202104 112.38369975909873
3
163.92682561262203 112.38369975909873
0.25 0.25 0.25 0.25
148.3627588075884
45.0
