59180
423.7897616739592 137.20685922824
1
423.7897616739592 288.92858849688025
0.25 0.25 0.25 0.25
151.72172926864025
45.0
237.49978768846876 184.99355858089257
1
237.49978768846876 300.63403427516204
0.25 0.25 0.25 0.25
115.64047569426945
45.0
237.75365055493967 104.83575617611791
3
141.2743007479594 104.83575617611791
0.25 0.25 0.25 0.25
96.47934980698028
45.0
77.72630734170237 15.577199692026639
1
77.72630734170237 128.25308357754574
0.25 0.25 0.25 0.25
112.6758838855191
45.0
287.56133782348854 226.7323728972948
2
379.84086704513624 226.7323728972948
0.25 0.25 0.25 0.25
92.27952922164769
45.0
282.20406235874106 339.01893867943835
2
392.185902013293 339.01893867943835
0.25 0.25 0.25 0.25
109.98183965455193
45.0
356.15335920017446 25.92282998329233
1
356.15335920017446 139.48782654100472
0.25 0.25 0.25 0.25
165.41065652429705
45.0
152.39736443613165 365.83737255337394
2
325.8059131392273 365.83737255337394
0.25 0.25 0.25 0.25
173.40854870309565
45.0
473.6603105593838 237.0649171539358
1
473.6603105593838 409.6730833551271
0.25 0.25 0.25 0.25
172.60816620119132
45.0
483.1025506896083 107.72677059883767
1
483.1025506896083 256.98819112982085
0.25 0.25 0.25 0.25
149.26142053098317
45.0
466.9223177080361 451.84080657464244
0
466.9223177080361 450.7041268517564
0.25 0.25 0.25 0.25
97.45506657360113
45.0
32.862525258871756 398.6320296649536
2
113.2345598507145 398.6320296649536
0.25 0.25 0.25 0.25
146.09708510958626
45.0
268.50801089908566 441.39589339276597
3
98.86722139791326 441.39589339276597
0.25 0.25 0.25 0.25
169.6407895011724
45.0
207.5408284909115 459.14298528419704
3
60.833276822783034 459.14298528419704
0.25 0.25 0.25 0.25
146.70755166812847
45.0
199.2803707866075 281.6263088354332
3
40.0078200705355 281.6263088354332
0.25 0.25 0.25 0.25
159.272550716072
45.0
339.37555440283336 228.81520110041788
1
339.37555440283336 336.3621459727947
0.25 0.25 0.25 0.25
107.54694487237678
45.0
123.79133055489842 374.9139142544708
1
123.79133055489842 477.4954272904414
0.25 0.25 0.25 0.25
102.58151303597063
45.0
135.86169625625445 174.47949279769801
2
243.36336056847216 174.47949279769801
0.25 0.25 0.25 0.25
107.50166431221773
45.0
143.14584851516742 151.53390272132762
2
252.87857386285802 151.53390272132762
0.25 0.25 0.25 0.25
109.7327253476906
45.0
186.50137117079635 326.0305702929155
3
29.325332155108185 326.0305702929155
0.25 0.25 0.25 0.25
157.17603901568816
45.0
291.0179566752562 346.44340798289306
2
453.0415033287661 346.44340798289306
0.25 0.25 0.25 0.25
162.02354665350992
45.0
335.10855792714557 316.91260613979244
1
335.10855792714557 464.3461440705446
0.25 0.25 0.25 0.25
147.43353793075215
45.0
418.9233080871559 20.380168993310406
3
485.7250604497642 20.380168993310406
0.25 0.25 0.25 0.25
95.35163146307985
45.0
74.16214811467705 496.73516327381265
0
74.16214811467705 397.06127651662973
0.25 0.25 0.25 0.25
99.67388675718294
45.0
48.49826985056927 346.67922003050126
1
48.49826985056927 491.05347682921456
0.25 0.25 0.25 0.25
144.3742567987133
45.0
179.37261866190045 492.0785703157421
2
273.43973146849487 492.0785703157421
0.25 0.25 0.25 0.25
94.06711280659441
45.0
8.207234996295966 169.159467723567
0
8.207234996295966 71.33975462033787
0.25 0.25 0.25 0.25
97.81971310322912
45.0
453.1444873289996 47.56052327554032
3
331.56420241099386 47.56052327554032
0.25 0.25 0.25 0.25
121.58028491800577
45.0
237.49617615353648 343.73700855175105
2
396.75663078720413 343.73700855175105
0.25 0.25 0.25 0.25
159.26045463366765
45.0
1.6074535305941033 451.6473094444923
2
11.44612329830957 451.6473094444923
0.25 0.25 0.25 0.25
13.053576828903674
45.0
448.23200282759274 360.03507627682507
1
448.23200282759274 360.42245638188894
0.25 0.25 0.25 0.25
0.3873801050638781
45.0
276.75802129191993 300.2647298814534
1
276.75802129191993 327.0377730757822
0.25 0.25 0.25 0.25
26.773043194328817
45.0
115.6486421732626 127.17550816215021
1
115.6486421732626 154.63791680158658
0.25 0.25 0.25 0.25
27.462408639436376
45.0
48.43381458044131 275.1734315227564
0
48.43381458044131 264.48943512555974
0.25 0.25 0.25 0.25
10.68399639719665
45.0
291.1902508680196 370.0868182567192
1
291.1902508680196 389.0000148306151
0.25 0.25 0.25 0.25
18.913196573895874
45.0
192.23534993998152 463.21399405794887
3
145.69019614973857 463.21399405794887
0.25 0.25 0.25 0.25
46.545153790242956
45.0
87.53161846097998 67.7011271320097
2
87.80149295936766 67.7011271320097
0.25 0.25 0.25 0.25
0.2698744983876733
45.0
280.0361005243225 119.12179891265322
1
280.0361005243225 144.76498962784675
0.25 0.25 0.25 0.25
25.64319071519353
45.0
332.14088047061796 94.0348445048752
2
352.4368500406548 94.0348445048752
0.25 0.25 0.25 0.25
20.295969570036874
45.0
24.00906019494156 107.60573571083441
0
24.00906019494156 58.40043264497252
0.25 0.25 0.25 0.25
49.20530306586189
45.0
5.22214605388551 35.74619139686354
1
5.22214605388551 38.2585122599196
0.25 0.25 0.25 0.25
2.512320863056061
45.0
371.33068138453 57.73171558713588
2
381.84329336758407 57.73171558713588
0.25 0.25 0.25 0.25
10.512611983054033
45.0
245.07518381958695 202.61098160077623
0
245.07518381958695 187.9297085610155
0.25 0.25 0.25 0.25
14.681273039760722
45.0
499.3295217386006 18.435001762485612
3
499.0372054363735 18.435001762485612
0.25 0.25 0.25 0.25
0.2923163022270969
45.0
45.770241402081 349.1782800907057
0
45.770241402081 318.42050466770905
0.25 0.25 0.25 0.25
30.75777542299667
45.0
273.33433439135337 45.33522119608868
1
273.33433439135337 50.39711644509538
0.25 0.25 0.25 0.25
5.061895249006692
45.0
417.7088147387652 415.91690420298596
0
417.7088147387652 383.52906925723426
0.25 0.25 0.25 0.25
32.387834945751734
45.0
367.22322805860097 242.3058958909171
2
396.2988962002091 242.3058958909171
0.25 0.25 0.25 0.25
29.075668141608112
45.0
