98000
397.2741421862827 197.0891657728842
1
397.2741421862827 366.5717115407772
0.25 0.25 0.25 0.25
169.482545767893
45.0
479.8454202921168 5.690906499260592
3
361.950047442092 5.690906499260592
0.25 0.25 0.25 0.25
117.8953728500248
45.0
0.49848239910951975 201.2414547418931
2
124.07940519697628 201.2414547418931
0.25 0.25 0.25 0.25
123.58092279786676
45.0
305.43723703132173 173.56808439679475
1
305.43723703132173 262.7848055725499
0.25 0.25 0.25 0.25
89.21672117575515
45.0
86.7577369075853 125.11945320128473
1
86.7577369075853 6.071399892719171
0.25 0.25 0.25 0.25
131.1908530940039
45.0
9.290726679837348 99.5766870555425
1
9.290726679837348 68.49432199829403
0.25 0.25 0.25 0.25
168.07100905383652
45.0
396.1597249450341 38.99628079351231
1
396.1597249450341 185.28979551298679
0.25 0.25 0.25 0.25
146.29351471947447
45.0
369.2043693837562 318.1274179874191
0
369.2043693837562 213.28233495015948
0.25 0.25 0.25 0.25
104.84508303725963
45.0
470.89076342870555 165.56624609616915
3
418.2342240608539 165.56624609616915
0.25 0.25 0.25 0.25
110.87501251044058
45.0
384.75395103755136 119.36287403259095
1
384.75395103755136 292.98539235192845
0.25 0.25 0.25 0.25
173.6225183193375
45.0
207.30011783697614 298.75064315951477
3
103.10572291885478 298.75064315951477
0.25 0.25 0.25 0.25
104.19439491812136
45.0
178.9671732861688 290.4532756335569
0
178.9671732861688 195.23869959540517
0.25 0.25 0.25 0.25
95.21457603815176
45.0
67.72626040795869 87.35602792513514
1
67.72626040795869 197.78174017445224
0.25 0.25 0.25 0.25
110.4257122493171
45.0
181.3548977274007 26.10110061539848
2
320.3845472940957 26.10110061539848
0.25 0.25 0.25 0.25
139.02964956669499
45.0
60.63164278651516 335.221331381191
0
60.63164278651516 187.6952871042687
0.25 0.25 0.25 0.25
147.52604427692233
45.0
455.5557776395317 17.147156733719854
1
455.5557776395317 131.79148553574663
0.25 0.25 0.25 0.25
114.64432880202678
45.0
137.10701314634218 443.74225858610816
2
283.56724826370146 443.74225858610816
0.25 0.25 0.25 0.25
146.46023511735928
45.0
14.298182882429074 156.53395562717952
0
14.298182882429074 51.4430577634985
0.25 0.25 0.25 0.25
105.09089786368101
45.0
2.1170855722048145 88.71675961135634
1
2.1170855722048145 24.35319816379456
0.25 0.25 0.25 0.25
113.0699577751509
45.0
232.7425842378505 481.74594818998173
2
386.06707805107317 481.74594818998173
0.25 0.25 0.25 0.25
153.32449381322266
45.0
238.7763014775112 238.87138607350846
1
238.7763014775112 385.25632096723507
0.25 0.25 0.25 0.25
146.3849348937266
45.0
101.53155752654726 409.0986799076924
2
4.585681721852126 409.0986799076924
0.25 0.25 0.25 0.25
106.11723924839939
45.0
469.5072980895716 380.28536104226214
3
385.76889015787754 380.28536104226214
0.25 0.25 0.25 0.25
144.72381175255094
45.0
479.1933561889673 27.848479986227176
1
479.1933561889673 196.76780227708633
0.25 0.25 0.25 0.25
168.91932229085916
45.0
43.88340688364582 112.2807676782447
2
85.86643340038742 112.2807676782447
0.25 0.25 0.25 0.25
129.74984028403324
45.0
184.90466415416154 75.26564014580683
2
287.8851881846408 75.26564014580683
0.25 0.25 0.25 0.25
102.98052403047926
45.0
27.708003376080626 27.54754170388395
2
119.74178291750343 27.54754170388395
0.25 0.25 0.25 0.25
147.44978629358405
45.0
490.26023167633866 24.412130659876595
1
490.26023167633866 93.01314891860844
0.25 0.25 0.25 0.25
117.42527957848503
45.0
116.02323149302549 148.37430939877277
2
229.06004899357993 148.37430939877277
0.25 0.25 0.25 0.25
113.03681750055443
45.0
172.33707272964443 269.41234318765436
3
29.753536025397523 269.41234318765436
0.25 0.25 0.25 0.25
142.5835367042469
45.0
258.65404707279777 35.61813792943073
1
258.65404707279777 60.06695403105245
0.25 0.25 0.25 0.25
95.68509196048318
45.0
287.3312334580438 243.15702665985395
0
287.3312334580438 86.90055780110293
0.25 0.25 0.25 0.25
156.25646885875102
45.0
301.0304894357605 250.730468833091
2
423.12897995092214 250.730468833091
0.25 0.25 0.25 0.25
122.09849051516161
45.0
271.5189049991433 442.4581078262755
0
271.5189049991433 452.4491963932908
0.25 0.25 0.25 0.25
105.09269578043373
45.0
381.3615297298536 343.6604725386534
3
459.0364824089198 343.6604725386534
0.25 0.25 0.25 0.25
159.60198786122658
45.0
92.33708065140556 441.75332555824525
2
52.04573835104867 441.75332555824525
0.25 0.25 0.25 0.25
144.38281900245423
45.0
141.3576573731566 402.02955638623575
0
141.3576573731566 459.67450686938196
0.25 0.25 0.25 0.25
138.2959367443823
45.0
136.1357864272835 426.21938854085647
0
136.1357864272835 328.3081019347928
0.25 0.25 0.25 0.25
97.9112866060637
45.0
6.765881472108276 485.3505751957265
2
117.08346564943088 485.3505751957265
0.25 0.25 0.25 0.25
110.3175841773226
45.0
330.3302641981589 112.4986489885984
2
371.7295906955395 112.4986489885984
0.25 0.25 0.25 0.25
41.39932649738063
45.0
174.57072290990214 177.23678087158117
1
174.57072290990214 200.4597343700974
0.25 0.25 0.25 0.25
23.222953498516237
45.0
284.8332819103715 87.95007431122505
3
277.631289926479 87.95007431122505
0.25 0.25 0.25 0.25
7.201991983892536
45.0
477.83128527532347 432.9192530312102
3
488.1164406190574 432.9192530312102
0.25 0.25 0.25 0.25
34.0522741056191
45.0
377.1217152805467 308.648309093539
0
377.1217152805467 297.34558600545085
0.25 0.25 0.25 0.25
11.302723088088173
45.0
306.9536078181345 251.04958443044433
1
306.9536078181345 268.2610423240923
0.25 0.25 0.25 0.25
17.211457893647946
45.0
255.17452238944134 76.33574820925165
0
255.17452238944134 38.609775986455155
0.25 0.25 0.25 0.25
37.72597222279649
45.0
485.6741684531827 41.20534741147344
3
466.06385231194935 41.20534741147344
0.25 0.25 0.25 0.25
19.61031614123335
45.0
269.43263381859924 458.03223813050755
1
269.43263381859924 484.6037010333248
0.25 0.25 0.25 0.25
26.571462902817267
45.0
