98000
227.7915964183897 124.9806511555438
1
227.7915964183897 294.4631969234368
0.25 0.25 0.25 0.25
169.482545767893
45.0
178.77498049142253 1.4695680488390224
1
178.77498049142253 119.36494089886382
0.25 0.25 0.25 0.25
117.8953728500248
45.0
45.90895286737312 146.79607841757536
2
169.48987566523988 146.79607841757536
0.25 0.25 0.25 0.25
123.58092279786676
45.0
268.205102897935 488.1810979668781
0
268.205102897935 398.96437679112296
0.25 0.25 0.25 0.25
89.21672117575515
45.0
371.0892295543093 26.06580369722218
3
239.89837646030543 26.06580369722218
0.25 0.25 0.25 0.25
131.1908530940039
45.0
41.26559925827735 335.05613069353194
2
209.33660831211387 335.05613069353194
0.25 0.25 0.25 0.25
168.07100905383652
45.0
237.1235400055066 399.88426336491113
2
383.4170547249811 399.88426336491113
0.25 0.25 0.25 0.25
146.29351471947447
45.0
421.1054645417245 261.7331653227559
1
421.1054645417245 366.57824836001555
0.25 0.25 0.25 0.25
104.84508303725963
45.0
353.6410887001607 162.80901662308287
0
353.6410887001607 51.934004112642285
0.25 0.25 0.25 0.25
110.87501251044058
45.0
268.0010123237737 29.210575545303357
1
268.0010123237737 144.41194277403415
0.25 0.25 0.25 0.25
173.6225183193375
45.0
311.4945127550975 326.4157263492134
2
415.68890767321886 326.4157263492134
0.25 0.25 0.25 0.25
104.19439491812136
45.0
440.1745225612241 433.52209129019104
3
344.9599465230723 433.52209129019104
0.25 0.25 0.25 0.25
95.21457603815176
45.0
171.98338290112963 81.18743816898896
1
171.98338290112963 29.23827408032814
0.25 0.25 0.25 0.25
110.4257122493171
45.0
95.91015422697612 304.16039974878845
1
95.91015422697612 443.1900493154834
0.25 0.25 0.25 0.25
139.02964956669499
45.0
496.79022438271784 9.309871634206957
1
496.79022438271784 138.21617264271538
0.25 0.25 0.25 0.25
147.52604427692233
45.0
398.0009343402005 307.5383785250569
1
398.0009343402005 422.1827073270837
0.25 0.25 0.25 0.25
114.64432880202678
45.0
450.3794893908454 176.04343417290454
1
450.3794893908454 322.5036692902638
0.25 0.25 0.25 0.25
146.46023511735928
45.0
485.57075297396307 6.011802053433286
1
485.57075297396307 99.07909581024772
0.25 0.25 0.25 0.25
105.09089786368101
45.0
376.58619885037365 137.42315593894546
2
489.65615662552455 137.42315593894546
0.25 0.25 0.25 0.25
113.0699577751509
45.0
200.10457548939598 438.2010146893542
0
200.10457548939598 408.47449149742306
0.25 0.25 0.25 0.25
153.32449381322266
45.0
78.68811256602828 238.87138607350846
1
78.68811256602828 385.25632096723507
0.25 0.25 0.25 0.25
146.3849348937266
45.0
110.70292097025151 302.98144065929296
0
110.70292097025151 196.86420141089357
0.25 0.25 0.25 0.25
106.11723924839939
45.0
456.440615821715 196.3615024861415
3
398.835572425734 196.3615024861415
0.25 0.25 0.25 0.25
144.72381175255094
45.0
479.19335618896736 222.1664447755611
0
479.19335618896736 53.24712248470195
0.25 0.25 0.25 0.25
168.91932229085916
45.0
43.88340688364582 166.0331634177463
1
43.88340688364582 295.78300370177953
0.25 0.25 0.25 0.25
129.74984028403324
45.0
331.25523160553496 2.090356420120173
1
331.25523160553496 100.89016761035909
0.25 0.25 0.25 0.25
102.98052403047926
45.0
143.00928561457624 46.40331177711465
2
4.440500679007812 46.40331177711465
0.25 0.25 0.25 0.25
147.44978629358405
45.0
372.8349520978536 312.3199588574578
1
372.8349520978536 429.74523843594284
0.25 0.25 0.25 0.25
117.42527957848503
45.0
240.41857851362772 321.1043181084349
3
127.38176101307329 321.1043181084349
0.25 0.25 0.25 0.25
113.03681750055443
45.0
392.2513448765285 297.09131748879025
0
392.2513448765285 154.50778078454334
0.25 0.25 0.25 0.25
142.5835367042469
45.0
9.627366468358247 174.52590833182927
0
9.627366468358247 78.8408163713461
0.25 0.25 0.25 0.25
95.68509196048318
45.0
193.53595144678667 180.69583981236013
3
37.27948258803565 180.69583981236013
0.25 0.25 0.25 0.25
156.25646885875102
45.0
402.3102666548756 76.16971543888877
3
280.21177613971395 76.16971543888877
0.25 0.25 0.25 0.25
122.09849051516161
45.0
359.03726968345916 293.1907626367606
3
253.94457390302543 293.1907626367606
0.25 0.25 0.25 0.25
105.09269578043373
45.0
149.78281015580228 226.44655751006735
1
149.78281015580228 386.0485453712939
0.25 0.25 0.25 0.25
159.60198786122658
45.0
156.41547875448256 8.6048685508826
2
300.7982977569368 8.6048685508826
0.25 0.25 0.25 0.25
144.38281900245423
45.0
332.7463680810356 395.817621290734
0
332.7463680810356 465.8864419648837
0.25 0.25 0.25 0.25
138.2959367443823
45.0
157.0229203666466 496.75645879244274
3
59.11163376058289 496.75645879244274
0.25 0.25 0.25 0.25
97.9112866060637
45.0
448.7879400453753 286.8725140455317
0
448.7879400453753 176.55492986820911
0.25 0.25 0.25 0.25
110.3175841773226
45.0
0.8643477808861348 408.7100985331277
2
40.53497871649449 408.7100985331277
0.25 0.25 0.25 0.25
41.39932649738063
45.0
57.6588120752602 56.4057536773831
1
57.6588120752602 79.62870717589934
0.25 0.25 0.25 0.25
23.222953498516237
45.0
356.8532017492968 80.74808232733251
3
349.65120976540425 80.74808232733251
0.25 0.25 0.25 0.25
7.201991983892536
45.0
273.51764064160875 396.8193764406942
2
307.56991474722787 396.8193764406942
0.25 0.25 0.25 0.25
34.0522741056191
45.0
173.67269969495965 499.2053984089623
3
162.36997660687146 499.2053984089623
0.25 0.25 0.25 0.25
11.302723088088173
45.0
279.9714027343148 7.122283974274865
1
279.9714027343148 10.089173919373081
0.25 0.25 0.25 0.25
17.211457893647946
45.0
292.9004946122378 130.89536292023598
1
292.9004946122378 168.62133514303247
0.25 0.25 0.25 0.25
37.72597222279649
45.0
407.2329038882493 17.62560101222663
1
407.2329038882493 37.23591715345998
0.25 0.25 0.25 0.25
19.61031614123335
45.0
39.70933070815207 421.74518492063453
1
39.70933070815207 448.3166478234518
0.25 0.25 0.25 0.25
26.571462902817267
45.0
