98000
111.17349511739627 463.94574269132977
0
111.17349511739627 294.4631969234368
0.25 0.25 0.25 0.25
169.482545767893
45.0
182.99631894184404 5.690906499260592
1
182.99631894184404 123.58627934928539
0.25 0.25 0.25 0.25
117.8953728500248
45.0
494.8221735905766 169.50131365170716
1
494.8221735905766 293.08223644957394
0.25 0.25 0.25 0.25
123.58092279786676
45.0
248.47915708990251 469.5650309001847
0
248.47915708990251 380.34830972442955
0.25 0.25 0.25 0.25
89.21672117575515
45.0
207.76117287036396 437.0279841413237
0
207.76117287036396 431.78116276467244
0.25 0.25 0.25 0.25
131.1908530940039
45.0
328.58063614147216 68.49432199829403
1
328.58063614147216 99.5766870555425
0.25 0.25 0.25 0.25
168.07100905383652
45.0
396.1597249450341 107.29723392596219
1
396.1597249450341 253.59074864543666
0.25 0.25 0.25 0.25
146.29351471947447
45.0
369.2043693837562 3.592168875640226
1
369.2043693837562 108.43725191289985
0.25 0.25 0.25 0.25
104.84508303725963
45.0
360.015750918265 278.5661460126445
2
470.89076342870555 278.5661460126445
0.25 0.25 0.25 0.25
110.87501251044058
45.0
426.4890609535763 443.2397908414465
0
426.4890609535763 269.61727252210903
0.25 0.25 0.25 0.25
173.6225183193375
45.0
373.74495849200525 222.22133143109204
0
373.74495849200525 118.02693651297068
0.25 0.25 0.25 0.25
104.19439491812136
45.0
83.75259724801703 328.6884202138359
2
178.9671732861688 328.6884202138359
0.25 0.25 0.25 0.25
95.21457603815176
45.0
386.313768101602 360.51541082827936
0
386.313768101602 250.08969857896227
0.25 0.25 0.25 0.25
110.4257122493171
45.0
69.91194837285406 251.95819851799146
2
208.94159793954904 251.95819851799146
0.25 0.25 0.25 0.25
139.02964956669499
45.0
234.4204457673295 222.20053578804198
0
234.4204457673295 74.67449151111964
0.25 0.25 0.25 0.25
147.52604427692233
45.0
487.35473685777276 246.43581433777337
3
398.0009343402005 246.43581433777337
0.25 0.25 0.25 0.25
114.64432880202678
45.0
258.34560244218653 246.83873182571904
0
258.34560244218653 100.37849670835976
0.25 0.25 0.25 0.25
146.46023511735928
45.0
278.6618978366621 263.8296358275445
1
278.6618978366621 368.9205336912255
0.25 0.25 0.25 0.25
105.09089786368101
45.0
432.5331255520407 137.42315593894546
1
432.5331255520407 250.49311371409635
0.25 0.25 0.25 0.25
113.0699577751509
45.0
453.82684770759874 95.04392344287237
3
392.84865847917854 95.04392344287237
0.25 0.25 0.25 0.25
153.32449381322266
45.0
225.0730474597549 371.36289775748423
2
371.4579823534815 371.36289775748423
0.25 0.25 0.25 0.25
146.3849348937266
45.0
162.70395001054126 90.74696216249424
1
162.70395001054126 196.86420141089363
0.25 0.25 0.25 0.25
106.11723924839939
45.0
227.97839613746993 488.05750947304347
0
227.97839613746993 343.3336977204925
0.25 0.25 0.25 0.25
144.72381175255094
45.0
310.27403389810814 296.47423085033614
3
141.354711607249 296.47423085033614
0.25 0.25 0.25 0.25
168.91932229085916
45.0
135.63452489541325 333.78172597404534
2
265.3843651794465 333.78172597404534
0.25 0.25 0.25 0.25
129.74984028403324
45.0
403.1732397239213 233.67593194563102
0
403.1732397239213 130.69540791515175
0.25 0.25 0.25 0.25
102.98052403047926
45.0
322.60757596324873 299.5005349383725
3
175.15778966966468 299.5005349383725
0.25 0.25 0.25 0.25
147.44978629358405
45.0
137.98439294088354 494.1132489738168
0
137.98439294088354 376.6879693953317
0.25 0.25 0.25 0.25
117.42527957848503
45.0
2.986413992471057 77.6993256023361
1
2.986413992471057 35.33749189821833
0.25 0.25 0.25 0.25
113.03681750055443
45.0
255.4135373830963 269.41234318765436
0
255.4135373830963 126.82880648340745
0.25 0.25 0.25 0.25
142.5835367042469
45.0
210.38448155947128 174.4523102850821
2
306.0695735199545 174.4523102850821
0.25 0.25 0.25 0.25
95.68509196048318
45.0
337.69464197696027 86.90055780110293
3
181.43817311820925 86.90055780110293
0.25 0.25 0.25 0.25
156.25646885875102
45.0
277.81841355705353 349.61688346954566
0
277.81841355705353 227.51839295438404
0.25 0.25 0.25 0.25
122.09849051516161
45.0
271.5189049991432 293.1907626367606
3
166.4262092187095 293.1907626367606
0.25 0.25 0.25 0.25
105.09269578043373
45.0
62.15755400740045 496.73753960012004
2
97.44443385382613 496.73753960012004
0.25 0.25 0.25 0.25
159.60198786122658
45.0
52.0457383510487 135.77795045157163
1
52.0457383510487 280.16076945402585
0.25 0.25 0.25 0.25
144.38281900245423
45.0
417.9495308619212 12.858253846911111
1
417.9495308619212 125.43768289747118
0.25 0.25 0.25 0.25
138.2959367443823
45.0
59.68678678484389 84.2241784288251
1
59.68678678484389 182.1354650348888
0.25 0.25 0.25 0.25
97.9112866060637
45.0
337.7186340040761 485.3505751957265
0
337.7186340040761 375.0329910184039
0.25 0.25 0.25 0.25
110.3175841773226
45.0
454.52824369030077 473.5080860375954
0
454.52824369030077 485.09258746502405
0.25 0.25 0.25 0.25
41.39932649738063
45.0
151.3477694113859 270.1285948656461
3
128.12481591286968 270.1285948656461
0.25 0.25 0.25 0.25
23.222953498516237
45.0
191.20738611976867 116.75804224679521
0
191.20738611976867 109.55605026290267
0.25 0.25 0.25 0.25
7.201991983892536
45.0
454.0641665134383 262.6578825031146
0
454.0641665134383 228.6056083974955
0.25 0.25 0.25 0.25
34.0522741056191
45.0
309.30537675201776 229.52924747692182
2
320.6080998401059 229.52924747692182
0.25 0.25 0.25 0.25
11.302723088088173
45.0
306.9536078181345 233.83812653679638
3
289.74214992448657 233.83812653679638
0.25 0.25 0.25 0.25
17.211457893647946
45.0
292.9004946122378 150.0200851275273
1
292.9004946122378 187.74605735032378
0.25 0.25 0.25 0.25
37.72597222279649
45.0
494.715515405584 76.45654943592668
3
475.10519926435063 76.45654943592668
0.25 0.25 0.25 0.25
19.61031614123335
45.0
296.0040967214165 404.8893123248731
2
322.57555962423373 404.8893123248731
0.25 0.25 0.25 0.25
26.571462902817267
45.0
