98000
60.48767129532223 349.6764369334194
0
60.48767129532223 180.1938911655264
0.25 0.25 0.25 0.25
169.482545767893
45.0
56.6582691909762 241.48165219931013
2
61.2371036590486 241.48165219931013
0.25 0.25 0.25 0.25
117.8953728500248
45.0
102.67204095270263 258.00454282722256
1
102.67204095270263 381.58546562508934
0.25 0.25 0.25 0.25
123.58092279786676
45.0
19.171006437363047 146.066666172839
2
108.3877276131182 146.066666172839
0.25 0.25 0.25 0.25
89.21672117575515
45.0
349.1394430955931 122.51467055887133
3
217.9485900015892 122.51467055887133
0.25 0.25 0.25 0.25
131.1908530940039
45.0
311.7285274954339 169.15689646797762
2
479.79953654927044 169.15689646797762
0.25 0.25 0.25 0.25
168.07100905383652
45.0
455.5808638339453 453.82222191561436
3
398.1256214465802 453.82222191561436
0.25 0.25 0.25 0.25
146.29351471947447
45.0
1.7251323926859357 334.0142625715531
0
1.7251323926859357 229.16917953429348
0.25 0.25 0.25 0.25
104.84508303725963
45.0
362.14063832429974 273.684029133523
0
362.14063832429974 162.8090166230824
0.25 0.25 0.25 0.25
110.87501251044058
45.0
10.908274172386257 376.45561218397836
0
10.908274172386257 202.83309386464086
0.25 0.25 0.25 0.25
173.6225183193375
45.0
229.78395839120344 138.33343306866482
3
125.58956347308208 138.33343306866482
0.25 0.25 0.25 0.25
104.19439491812136
45.0
416.7566617821418 137.76536493871956
0
416.7566617821418 42.550788900567795
0.25 0.25 0.25 0.25
95.21457603815176
45.0
263.90332588200823 250.08969857896227
2
374.3290381313253 250.08969857896227
0.25 0.25 0.25 0.25
110.4257122493171
45.0
11.259657905564666 337.40294201841607
2
150.28930747225965 337.40294201841607
0.25 0.25 0.25 0.25
139.02964956669499
45.0
175.47537712498115 238.99734031113894
3
27.949332848058816 238.99734031113894
0.25 0.25 0.25 0.25
147.52604427692233
45.0
124.17429930438875 456.47702079452336
0
124.17429930438875 428.8786504034499
0.25 0.25 0.25 0.25
114.64432880202678
45.0
258.34560244218653 494.185550229138
3
111.88536732482726 494.185550229138
0.25 0.25 0.25 0.25
146.46023511735928
45.0
326.2979358834111 487.1031939151501
0
326.2979358834111 407.8059082211689
0.25 0.25 0.25 0.25
105.09089786368101
45.0
281.1458610515808 381.1926914656053
3
168.07590327642993 381.1926914656053
0.25 0.25 0.25 0.25
113.0699577751509
45.0
193.32299506129056 225.16822503978375
3
39.998501248067896 225.16822503978375
0.25 0.25 0.25 0.25
153.32449381322266
45.0
139.99812445316616 224.97796286375763
1
139.99812445316616 371.36289775748423
0.25 0.25 0.25 0.25
146.3849348937266
45.0
493.545423080968 286.75389493970454
3
400.33733767063256 286.75389493970454
0.25 0.25 0.25 0.25
106.11723924839939
45.0
385.7688901578774 314.9519497029792
3
469.5072980895716 314.9519497029792
0.25 0.25 0.25 0.25
144.72381175255094
45.0
398.097753718038 445.14950204703973
0
398.097753718038 276.2301797561806
0.25 0.25 0.25 0.25
168.91932229085916
45.0
351.8574893062481 390.96491999065245
2
481.6073295902813 390.96491999065245
0.25 0.25 0.25 0.25
129.74984028403324
45.0
479.0241575221978 57.52012418946512
1
479.0241575221978 45.46039984101414
0.25 0.25 0.25 0.25
102.98052403047926
45.0
41.00073735793836 460.24305521381416
2
106.44904893564569 460.24305521381416
0.25 0.25 0.25 0.25
147.44978629358405
45.0
31.86985485966119 202.43517361048126
2
149.29513443814622 202.43517361048126
0.25 0.25 0.25 0.25
117.42527957848503
45.0
194.3973339836001 27.054806863843396
2
307.43415148415454 27.054806863843396
0.25 0.25 0.25 0.25
113.03681750055443
45.0
390.3361018062569 297.09131748879025
0
390.3361018062569 154.50778078454334
0.25 0.25 0.25 0.25
142.5835367042469
45.0
62.163378033673524 88.22774754149266
2
33.52171392680965 88.22774754149266
0.25 0.25 0.25 0.25
95.68509196048318
45.0
338.10864893702603 381.66184529511725
0
338.10864893702603 225.40537643636623
0.25 0.25 0.25 0.25
156.25646885875102
45.0
326.6359278971279 389.0121707430508
0
326.6359278971279 488.8893387417876
0.25 0.25 0.25 0.25
122.09849051516161
45.0
308.1103118791219 194.57562719984534
1
308.1103118791219 299.6683229802791
0.25 0.25 0.25 0.25
105.09269578043373
45.0
52.20725053806484 327.18524826955786
0
52.20725053806484 167.58326040833128
0.25 0.25 0.25 0.25
159.60198786122658
45.0
487.900048828109 441.75332555824525
3
343.5172298256548 441.75332555824525
0.25 0.25 0.25 0.25
144.38281900245423
45.0
471.0423048254179 114.85551731038481
1
471.0423048254179 23.440419433997477
0.25 0.25 0.25 0.25
138.2959367443823
45.0
52.58725066983129 272.17108320745564
2
45.324035936232406 272.17108320745564
0.25 0.25 0.25 0.25
97.9112866060637
45.0
227.40104982675348 382.90661341466114
3
117.08346564943088 382.90661341466114
0.25 0.25 0.25 0.25
110.3175841773226
45.0
284.24346919968565 230.28046441787535
0
284.24346919968565 188.88113792049472
0.25 0.25 0.25 0.25
41.39932649738063
45.0
429.22606805152 106.15492081223056
1
429.22606805152 129.3778743107468
0.25 0.25 0.25 0.25
23.222953498516237
45.0
270.42929794258646 113.70570123776596
1
270.42929794258646 120.9076932216585
0.25 0.25 0.25 0.25
7.201991983892536
45.0
158.87676738770548 90.34890949012225
2
192.92904149332458 90.34890949012225
0.25 0.25 0.25 0.25
34.0522741056191
45.0
475.94288457430724 365.1619245339798
1
475.94288457430724 376.46464762206796
0.25 0.25 0.25 0.25
11.302723088088173
45.0
289.74214992448657 7.122283974274865
3
272.5306920308386 7.122283974274865
0.25 0.25 0.25 0.25
17.211457893647946
45.0
311.23853314429203 472.72019264450785
2
348.9645053670885 472.72019264450785
0.25 0.25 0.25 0.25
37.72597222279649
45.0
122.24563192505103 433.28554703323977
1
122.24563192505103 452.8958631744731
0.25 0.25 0.25 0.25
19.61031614123335
45.0
83.13666620673078 189.39846184416248
0
83.13666620673078 162.8269989413452
0.25 0.25 0.25 0.25
26.571462902817267
45.0
