98000
111.17349511739633 230.8797149876002
2
58.30905065049666 230.8797149876002
0.25 0.25 0.25 0.25
169.482545767893
45.0
231.7481552584535 465.8905849008386
0
231.7481552584535 347.9952120508138
0.25 0.25 0.25 0.25
117.8953728500248
45.0
313.48119790916127 235.29930759309082
0
313.48119790916127 111.71838479522405
0.25 0.25 0.25 0.25
123.58092279786676
45.0
127.00379467981143 84.35136322103959
1
127.00379467981143 173.56808439679475
0.25 0.25 0.25 0.25
89.21672117575515
45.0
239.89837646030554 317.97993083275827
1
239.89837646030554 449.17078392676217
0.25 0.25 0.25 0.25
131.1908530940039
45.0
303.3024731724148 326.6300763705128
3
135.2314641185783 326.6300763705128
0.25 0.25 0.25 0.25
168.07100905383652
45.0
333.34195215079217 111.16008990247647
1
333.34195215079217 257.45360462195094
0.25 0.25 0.25 0.25
146.29351471947447
45.0
1.7251323926859357 302.9996579440716
2
103.11995064457369 302.9996579440716
0.25 0.25 0.25 0.25
104.84508303725963
45.0
249.14073840782441 45.55934189453767
2
360.015750918265 45.55934189453767
0.25 0.25 0.25 0.25
110.87501251044058
45.0
399.8884207270862 466.6079106712659
3
426.4890609535763 466.6079106712659
0.25 0.25 0.25 0.25
173.6225183193375
45.0
395.3824111175247 76.08298733175707
1
395.3824111175247 180.27738224987843
0.25 0.25 0.25 0.25
104.19439491812136
45.0
368.9024221636595 471.26333267165717
0
368.9024221636595 376.0487566335054
0.25 0.25 0.25 0.25
95.21457603815176
45.0
55.38908089566635 68.85025865669665
1
55.38908089566635 179.27597090601375
0.25 0.25 0.25 0.25
110.4257122493171
45.0
455.1410596387848 357.7453058150588
0
455.1410596387848 218.71565624836384
0.25 0.25 0.25 0.25
139.02964956669499
45.0
54.212091551950834 451.88800446497396
0
54.212091551950834 400.5859512581037
0.25 0.25 0.25 0.25
147.52604427692233
45.0
289.8650384719602 14.651802484521184
2
404.509367273987 14.651802484521184
0.25 0.25 0.25 0.25
114.64432880202678
45.0
14.222861782747373 409.79750629653256
2
160.68309690010665 409.79750629653256
0.25 0.25 0.25 0.25
146.46023511735928
45.0
170.2980593829201 149.98807444705773
2
275.3889572466011 149.98807444705773
0.25 0.25 0.25 0.25
105.09089786368101
45.0
301.83354780053173 410.29701296045096
0
301.83354780053173 476.63302926439815
0.25 0.25 0.25 0.25
113.0699577751509
45.0
179.8158688296079 218.38664461167838
1
179.8158688296079 371.71113842490104
0.25 0.25 0.25 0.25
153.32449381322266
45.0
6.386810440560453 117.18099543586811
1
6.386810440560453 263.5659303295947
0.25 0.25 0.25 0.25
146.3849348937266
45.0
216.82016021865084 227.60475558270392
0
216.82016021865084 121.48751633430453
0.25 0.25 0.25 0.25
106.11723924839939
45.0
385.7688901578774 12.437643930020784
1
385.7688901578774 157.16145568257173
0.25 0.25 0.25 0.25
144.72381175255094
45.0
250.54766795508863 453.5108443878756
0
250.54766795508863 284.5915220970164
0.25 0.25 0.25 0.25
168.91932229085916
45.0
448.8866012029813 128.03444114548049
1
448.8866012029813 257.7842814295137
0.25 0.25 0.25 0.25
129.74984028403324
45.0
374.6252750264289 160.5006482199443
1
374.6252750264289 263.4811722504236
0.25 0.25 0.25 0.25
102.98052403047926
45.0
156.30201959643398 97.40758590543362
1
156.30201959643398 244.85737219901768
0.25 0.25 0.25 0.25
147.44978629358405
45.0
274.8892091666912 376.6879693953317
3
157.46392958820618 376.6879693953317
0.25 0.25 0.25 0.25
117.42527957848503
45.0
307.43415148415454 68.65065313172113
2
420.470968984709 68.65065313172113
0.25 0.25 0.25 0.25
113.03681750055443
45.0
392.2513448765285 421.5720952432591
3
249.66780817228158 421.5720952432591
0.25 0.25 0.25 0.25
142.5835367042469
45.0
296.6826423498078 121.98989676651401
0
296.6826423498078 26.30480480603083
0.25 0.25 0.25 0.25
95.68509196048318
45.0
130.8677611192599 6.687720730121384
1
130.8677611192599 149.56874812862964
0.25 0.25 0.25 0.25
156.25646885875102
45.0
280.21177613971395 45.92877507627284
2
402.3102666548756 45.92877507627284
0.25 0.25 0.25 0.25
122.09849051516161
45.0
271.5189049991433 439.2193276545163
2
376.611600779577 439.2193276545163
0.25 0.25 0.25 0.25
105.09269578043373
45.0
488.625141289104 411.96139393483895
0
488.625141289104 252.35940607361238
0.25 0.25 0.25 0.25
159.60198786122658
45.0
110.99069321606686 142.30795453615733
2
33.39212578638737 142.30795453615733
0.25 0.25 0.25 0.25
144.38281900245423
45.0
439.1138620360939 55.36886222332146
3
422.5902012195238 55.36886222332146
0.25 0.25 0.25 0.25
138.2959367443823
45.0
94.36151854855751 132.48552872266566
1
94.36151854855751 230.39681532872936
0.25 0.25 0.25 0.25
97.9112866060637
45.0
7.517603336084903 418.6153254351441
2
102.7999808412377 418.6153254351441
0.25 0.25 0.25 0.25
110.3175841773226
45.0
290.6596332625505 53.098657000924106
1
290.6596332625505 94.49798349830473
0.25 0.25 0.25 0.25
41.39932649738063
45.0
243.4424400633901 175.82378130777926
0
243.4424400633901 152.60082780926302
0.25 0.25 0.25 0.25
23.222953498516237
45.0
443.2771055560071 5.67582147937791
1
443.2771055560071 12.877813463270446
0.25 0.25 0.25 0.25
7.201991983892536
45.0
351.907344196581 113.96473514359232
1
351.907344196581 148.0170092492114
0.25 0.25 0.25 0.25
34.0522741056191
45.0
478.8462230733401 489.49187850294953
0
478.8462230733401 499.2053984089623
0.25 0.25 0.25 0.25
11.302723088088173
45.0
238.10777624354273 110.39103133616254
0
238.10777624354273 93.1795734425146
0.25 0.25 0.25 0.25
17.211457893647946
45.0
65.75797760022184 133.18644263933948
3
28.032005377425342 133.18644263933948
0.25 0.25 0.25 0.25
37.72597222279649
45.0
54.24721334604915 96.06686557716003
0
54.24721334604915 76.45654943592668
0.25 0.25 0.25 0.25
19.61031614123335
45.0
322.2798323320862 23.17324137837568
2
348.85129523490343 23.17324137837568
0.25 0.25 0.25 0.25
26.571462902817267
45.0
