15082
488.5812463526156 254.15873453545555
0
488.5812463526156 154.20152501321695
0.25 0.25 0.25 0.25
99.9572095222386
45.0
185.2402084542899 453.4584756969143
0
185.2402084542899 349.57746649311537
0.25 0.25 0.25 0.25
103.88100920379898
45.0
310.72697804390606 73.73560497982383
3
218.00739271838347 73.73560497982383
0.25 0.25 0.25 0.25
92.7195853255226
45.0
215.2140966891571 461.54249276975906
0
215.2140966891571 372.67239831836275
0.25 0.25 0.25 0.25
165.78510891187824
45.0
92.51138155279295 281.93888442058005
2
81.80898579179916 281.93888442058005
0.25 0.25 0.25 0.25
174.3203673445921
45.0
157.78105251355004 374.2317487974267
0
157.78105251355004 451.7248629846713
0.25 0.25 0.25 0.25
174.04338821790196
45.0
110.6847887277275 234.92755427842985
0
110.6847887277275 60.70309270268177
0.25 0.25 0.25 0.25
174.22446157574808
45.0
73.67704182268193 82.0503233071085
2
76.71397468577959 82.0503233071085
0.25 0.25 0.25 0.25
150.39101650846152
45.0
169.76253777975606 250.06418091651213
0
169.76253777975606 80.25042778162054
0.25 0.25 0.25 0.25
169.81375313489158
45.0
6.121416499613758 157.19191066057314
2
123.69392599460568 157.19191066057314
0.25 0.25 0.25 0.25
129.81534249421944
45.0
396.1628659271614 239.63589276588152
1
396.1628659271614 262.23755134383754
0.25 0.25 0.25 0.25
22.60165857795603
45.0
187.506630743258 383.77950941904584
3
154.86755801504296 383.77950941904584
0.25 0.25 0.25 0.25
32.639072728215034
45.0
377.2390882823136 252.08512222392034
1
377.2390882823136 279.04787946628494
0.25 0.25 0.25 0.25
26.96275724236461
45.0
170.02988104138933 225.79935337988184
2
212.7292193155066 225.79935337988184
0.25 0.25 0.25 0.25
42.69933827411727
45.0
24.388851186936794 411.4293963767603
2
35.10749978575082 411.4293963767603
0.25 0.25 0.25 0.25
10.718648598814024
45.0
225.42962777115562 130.83767918819117
2
274.28543613156967 130.83767918819117
0.25 0.25 0.25 0.25
48.85580836041405
45.0
272.94637344324354 98.5267558807339
3
271.5515686144061 98.5267558807339
0.25 0.25 0.25 0.25
1.3948048288374204
45.0
53.417340835864934 272.55429081372455
2
55.81752802668352 272.55429081372455
0.25 0.25 0.25 0.25
2.4001871908185812
45.0
167.6999120589204 149.7207582103432
1
167.6999120589204 168.57907662978928
0.25 0.25 0.25 0.25
18.858318419446086
45.0
210.854382217058 426.64179586941714
0
210.854382217058 421.8310332486001
0.25 0.25 0.25 0.25
4.810762620817044
45.0
417.5019596428549 117.25168459088786
3
384.15281401331777 117.25168459088786
0.25 0.25 0.25 0.25
33.349145629537134
45.0
342.9831850671445 175.96163493067127
2
386.81497636061147 175.96163493067127
0.25 0.25 0.25 0.25
43.83179129346694
45.0
20.135220353958175 447.0236749742656
2
48.093570058739104 447.0236749742656
0.25 0.25 0.25 0.25
27.95834970478093
45.0
282.04655144697745 4.447831744639702
3
273.8658962181341 4.447831744639702
0.25 0.25 0.25 0.25
8.180655228843376
45.0
181.1619722455393 454.4235598556396
1
181.1619722455393 492.82920790983655
0.25 0.25 0.25 0.25
38.405648054196966
45.0
75.03997062168526 66.59362417202607
1
75.03997062168526 97.94457273977605
0.25 0.25 0.25 0.25
31.35094856774998
45.0
214.8970473397587 87.41624308363419
0
214.8970473397587 44.917222279062656
0.25 0.25 0.25 0.25
42.49902080457153
45.0
224.14346018901148 382.202344003512
3
190.85987506413483 382.202344003512
0.25 0.25 0.25 0.25
33.28358512487666
45.0
427.65754785880694 177.13149341612583
3
394.81077678867575 177.13149341612583
0.25 0.25 0.25 0.25
32.84677107013116
45.0
284.18282856768684 117.93957785962569
0
284.18282856768684 95.71403453611336
0.25 0.25 0.25 0.25
22.22554332351233
45.0
291.4618269172836 207.1213764634692
3
286.7222636624017 207.1213764634692
0.25 0.25 0.25 0.25
4.739563254881896
45.0
36.74214443888863 238.27163118043666
1
36.74214443888863 269.87002886062976
0.25 0.25 0.25 0.25
31.598397680193095
45.0
176.61098735570874 478.66953127057093
2
216.40887825263277 478.66953127057093
0.25 0.25 0.25 0.25
39.797890896924024
45.0
156.5535888046436 245.88498260709773
2
157.24395325898408 245.88498260709773
0.25 0.25 0.25 0.25
0.6903644543404697
45.0
135.12293626405673 166.74122824539208
3
124.51259175892076 166.74122824539208
0.25 0.25 0.25 0.25
10.610344505135966
45.0
47.79557839119679 422.0600931561373
0
47.79557839119679 380.2084572396351
0.25 0.25 0.25 0.25
41.851635916502225
45.0
420.65996789379074 170.7875187411645
2
442.43452161335165 170.7875187411645
0.25 0.25 0.25 0.25
21.774553719560895
45.0
24.913700077590303 283.99146855200684
2
41.64014879925716 283.99146855200684
0.25 0.25 0.25 0.25
16.72644872166686
45.0
201.63737679045508 205.29471608075613
2
226.3112589702398 205.29471608075613
0.25 0.25 0.25 0.25
24.673882179784723
45.0
145.14609519281984 175.939964128209
2
159.31178211059864 175.939964128209
0.25 0.25 0.25 0.25
14.165686917778803
45.0
4.0321353334633585 441.86564062157186
1
4.0321353334633585 488.6721766830476
0.25 0.25 0.25 0.25
46.80653606147577
45.0
229.40071513338788 435.1658030410623
2
272.96773722536636 435.1658030410623
0.25 0.25 0.25 0.25
43.56702209197849
45.0
326.14388393421086 498.2209806849683
0
326.14388393421086 464.8574549033723
0.25 0.25 0.25 0.25
36.92156441165941
45.0
289.5463802303668 433.8267589209322
2
323.87601825545846 433.8267589209322
0.25 0.25 0.25 0.25
34.329638025091626
45.0
298.3081117177587 481.5558334742425
3
256.33271422819166 481.5558334742425
0.25 0.25 0.25 0.25
41.975397489567044
45.0
445.7843103510343 166.85634536654814
3
429.2320462398363 166.85634536654814
0.25 0.25 0.25 0.25
16.55226411119805
45.0
338.9996316726534 407.30575383750073
1
338.9996316726534 411.7897942947041
0.25 0.25 0.25 0.25
4.4840404572033865
45.0
220.13527217673297 338.24124070613846
2
232.21699007362724 338.24124070613846
0.25 0.25 0.25 0.25
12.081717896894279
45.0
