54307
257.81304544219256 438.3737622379042
0
257.81304544219256 390.9400857005909
0.25 0.25 0.25 0.25
170.6861520615049
45.0
391.79784230557266 330.9901083197203
0
391.79784230557266 157.68795053019636
0.25 0.25 0.25 0.25
173.30215778952396
45.0
497.3011564927085 315.150308258163
3
404.7881136205792 315.150308258163
0.25 0.25 0.25 0.25
92.51304287212926
45.0
181.94764501072177 282.7412052738109
1
181.94764501072177 319.9588715860877
0.25 0.25 0.25 0.25
37.21766631227677
45.0
175.25136727276362 78.22589979483266
2
212.72278874587312 78.22589979483266
0.25 0.25 0.25 0.25
37.471421473109515
45.0
416.0110208501215 145.45910804885472
3
379.69988252265466 145.45910804885472
0.25 0.25 0.25 0.25
36.31113832746685
45.0
458.08163519410755 282.0216612697627
1
458.08163519410755 311.42346148751017
0.25 0.25 0.25 0.25
29.40180021774746
45.0
2.9003852268812764 388.53307944856505
2
24.44890777685814 388.53307944856505
0.25 0.25 0.25 0.25
27.349293003739415
45.0
365.0160616761654 375.6075608438153
3
345.9766655864438 375.6075608438153
0.25 0.25 0.25 0.25
19.039396089721617
45.0
275.9047848549147 457.07455057700054
3
264.18729014030106 457.07455057700054
0.25 0.25 0.25 0.25
11.717494714613618
45.0
267.90170989413616 144.6762506326713
2
317.87958986852556 144.6762506326713
0.25 0.25 0.25 0.25
49.977879974389374
45.0
145.6132697604224 472.74398283471464
2
187.33584192311565 472.74398283471464
0.25 0.25 0.25 0.25
41.72257216269325
45.0
420.87977959652795 383.8349237502824
3
376.1035652513722 383.8349237502824
0.25 0.25 0.25 0.25
44.77621434515579
45.0
423.7435204611106 240.8426375106526
2
463.57208159399454 240.8426375106526
0.25 0.25 0.25 0.25
39.828561132883905
45.0
480.1277270374679 448.7034347597157
2
489.8677705408896 448.7034347597157
0.25 0.25 0.25 0.25
9.740043503421692
45.0
223.29289932750663 269.8017004259792
2
248.30567546944528 269.8017004259792
0.25 0.25 0.25 0.25
25.012776141938637
45.0
130.7570162073823 126.57868960553898
0
130.7570162073823 79.11551770582253
0.25 0.25 0.25 0.25
47.46317189971646
45.0
398.9092145634813 44.52843094141029
2
414.2123459882199 44.52843094141029
0.25 0.25 0.25 0.25
15.303131424738586
45.0
455.56463252958224 91.35719239256602
2
480.9185647867389 91.35719239256602
0.25 0.25 0.25 0.25
25.353932257156636
45.0
448.0357473752998 267.2515109202344
0
448.0357473752998 219.36711814327387
0.25 0.25 0.25 0.25
47.88439277696054
45.0
479.2389682253619 17.00876479498197
3
451.9580777649768 17.00876479498197
0.25 0.25 0.25 0.25
27.28089046038508
45.0
6.852128775386435 371.87868864017685
1
6.852128775386435 386.53888957756675
0.25 0.25 0.25 0.25
14.6602009373899
45.0
460.4819465782599 225.24419060841896
3
421.7293434374692 225.24419060841896
0.25 0.25 0.25 0.25
38.75260314079068
45.0
132.57845561074362 50.467858225206086
1
132.57845561074362 82.32882320348833
0.25 0.25 0.25 0.25
31.860964978282237
45.0
341.24416970879497 84.68493826208795
0
341.24416970879497 63.3021800571708
0.25 0.25 0.25 0.25
21.382758204917153
45.0
386.6169769800073 406.38500308493104
1
386.6169769800073 442.08189624840094
0.25 0.25 0.25 0.25
35.69689316346989
45.0
157.8916665410007 171.59542398254086
2
205.0039194290007 171.59542398254086
0.25 0.25 0.25 0.25
47.11225288800001
45.0
338.5224964626208 325.1823109475398
3
317.3247664454001 325.1823109475398
0.25 0.25 0.25 0.25
21.1977300172207
45.0
303.518160618427 396.1596509217451
1
303.518160618427 430.41662733823097
0.25 0.25 0.25 0.25
34.256976416485905
45.0
226.20206137270986 386.1040212972379
3
206.81362030323598 386.1040212972379
0.25 0.25 0.25 0.25
19.38844106947389
45.0
436.89837155103174 332.9116807638176
2
454.70760600275685 332.9116807638176
0.25 0.25 0.25 0.25
17.809234451725104
45.0
325.779098754947 182.3618732303047
1
325.779098754947 218.15057144091259
0.25 0.25 0.25 0.25
35.788698210607876
45.0
276.54720073131756 231.23708120419823
0
276.54720073131756 212.43890328836864
0.25 0.25 0.25 0.25
18.798177915829594
45.0
92.22771128035916 163.42593952582126
0
92.22771128035916 145.20378008613392
0.25 0.25 0.25 0.25
18.22215943968733
45.0
368.5238289935357 0.22313727488691626
1
368.5238289935357 16.146541982248333
0.25 0.25 0.25 0.25
16.36967925713525
45.0
498.3200759090721 58.47651035021538
0
498.3200759090721 34.15612914338301
0.25 0.25 0.25 0.25
24.32038120683237
45.0
83.85064044126338 402.08246937783565
0
83.85064044126338 370.639099468809
0.25 0.25 0.25 0.25
31.443369909026686
45.0
341.08302889989545 135.96702380602707
3
292.71498629525263 135.96702380602707
0.25 0.25 0.25 0.25
48.3680426046428
45.0
150.98329524794303 434.89624967582915
0
150.98329524794303 400.7536666109801
0.25 0.25 0.25 0.25
34.142583064849106
45.0
48.840955523390235 334.44288175956694
0
48.840955523390235 302.97577231894564
0.25 0.25 0.25 0.25
31.467109440621314
45.0
435.983175145463 206.9627775098686
1
435.983175145463 208.90997351786842
0.25 0.25 0.25 0.25
1.9471960079998296
45.0
221.50993433542226 224.98257116764103
0
221.50993433542226 215.70098613505795
0.25 0.25 0.25 0.25
9.28158503258309
45.0
256.13672934051624 196.02348654457217
0
256.13672934051624 190.33686312763535
0.25 0.25 0.25 0.25
5.686623416936798
45.0
306.97179590363135 345.51595005920046
3
273.6365002679021 345.51595005920046
0.25 0.25 0.25 0.25
33.335295635729274
45.0
306.9060457355864 240.06951543038502
3
295.0992675574035 240.06951543038502
0.25 0.25 0.25 0.25
11.806778178182936
45.0
312.0847133860566 395.0222182470718
1
312.0847133860566 395.6223636650581
0.25 0.25 0.25 0.25
0.6001454179863308
45.0
394.7927871836541 328.072029959676
3
349.00496286555517 328.072029959676
0.25 0.25 0.25 0.25
45.78782431809893
45.0
260.2059396184221 302.4588629130745
3
212.43049323155074 302.4588629130745
0.25 0.25 0.25 0.25
47.77544638687137
45.0
