54307
400.8146504347976 121.11837048392385
3
428.4991975036975 121.11837048392385
0.25 0.25 0.25 0.25
170.6861520615049
45.0
124.81942020081249 362.2185228383755
0
124.81942020081249 188.91636504885156
0.25 0.25 0.25 0.25
173.30215778952396
45.0
312.27507074844993 315.150308258163
3
219.76202787632067 315.150308258163
0.25 0.25 0.25 0.25
92.51304287212926
45.0
405.25364288438243 208.30587264925737
2
442.4713091966592 208.30587264925737
0.25 0.25 0.25 0.25
37.21766631227677
45.0
25.36568138032557 377.9972715797087
2
12.105740092783947 377.9972715797087
0.25 0.25 0.25 0.25
37.471421473109515
45.0
148.25531922027648 145.45910804885472
0
148.25531922027648 109.14796972138787
0.25 0.25 0.25 0.25
36.31113832746685
45.0
340.47443432311775 399.6288621407525
1
340.47443432311775 429.03066235849997
0.25 0.25 0.25 0.25
29.40180021774746
45.0
166.99614324931775 447.37116252899835
1
166.99614324931775 474.7204555327378
0.25 0.25 0.25 0.25
27.349293003739415
45.0
288.858477317279 375.6075608438153
3
269.8190812275574 375.6075608438153
0.25 0.25 0.25 0.25
19.039396089721617
45.0
381.3622372864373 445.3570558623869
1
381.3622372864373 457.07455057700054
0.25 0.25 0.25 0.25
11.717494714613618
45.0
81.94344992658944 494.521410453397
0
81.94344992658944 444.5435304790076
0.25 0.25 0.25 0.25
49.977879974389374
45.0
437.161008612645 223.75028176319316
1
437.161008612645 265.4728539258864
0.25 0.25 0.25 0.25
41.72257216269325
45.0
241.77492221590484 437.0602188690944
3
196.99870787074906 437.0602188690944
0.25 0.25 0.25 0.25
44.77621434515579
45.0
58.485184811398454 37.95729041953477
3
18.65662367851455 37.95729041953477
0.25 0.25 0.25 0.25
39.828561132883905
45.0
412.7317944248934 458.4434782631374
2
422.4718379283151 458.4434782631374
0.25 0.25 0.25 0.25
9.740043503421692
45.0
298.33122775332254 394.8655811356723
2
323.34400389526115 394.8655811356723
0.25 0.25 0.25 0.25
25.012776141938637
45.0
368.07287570596463 110.7371698930433
2
415.5360476056811 110.7371698930433
0.25 0.25 0.25 0.25
47.46317189971646
45.0
460.12174026243565 47.29035760702122
1
460.12174026243565 62.59348903175981
0.25 0.25 0.25 0.25
15.303131424738586
45.0
443.01963844179113 91.35719239256602
1
443.01963844179113 116.71112464972265
0.25 0.25 0.25 0.25
25.353932257156636
45.0
256.49817626745755 20.054845741528794
1
256.49817626745755 27.829547035431744
0.25 0.25 0.25 0.25
47.88439277696054
45.0
166.10945578963208 207.97499801767754
0
166.10945578963208 180.69410755729245
0.25 0.25 0.25 0.25
27.28089046038508
45.0
94.81333439972585 342.55828676539704
3
80.15313346233594 342.55828676539704
0.25 0.25 0.25 0.25
14.6602009373899
45.0
344.2241371558878 123.52923765869718
0
344.2241371558878 84.7766345179065
0.25 0.25 0.25 0.25
38.75260314079068
45.0
90.44829923723205 82.32882320348833
2
122.30926421551429 82.32882320348833
0.25 0.25 0.25 0.25
31.860964978282237
45.0
148.79934586454073 22.22885276249781
0
148.79934586454073 0.8460945575806562
0.25 0.25 0.25 0.25
21.382758204917153
45.0
113.6265187314142 164.76528753058722
2
149.3234118948841 164.76528753058722
0.25 0.25 0.25 0.25
35.69689316346989
45.0
465.21031035499925 451.50655291345913
3
418.09805746699925 451.50655291345913
0.25 0.25 0.25 0.25
47.11225288800001
45.0
232.53384637651732 176.79820082699496
3
211.33611635929662 176.79820082699496
0.25 0.25 0.25 0.25
21.1977300172207
45.0
337.77513703491286 224.87476883931564
1
337.77513703491286 259.13174525580155
0.25 0.25 0.25 0.25
34.256976416485905
45.0
12.929209608497128 439.40000907749686
0
12.929209608497128 420.01156800802295
0.25 0.25 0.25 0.25
19.38844106947389
45.0
474.05545619034274 386.33938411899294
3
456.24622173861763 386.33938411899294
0.25 0.25 0.25 0.25
17.809234451725104
45.0
397.35649517616275 325.51666607273626
1
397.35649517616275 361.30536428334415
0.25 0.25 0.25 0.25
35.788698210607876
45.0
163.75813323634 43.25530204590227
1
163.75813323634 62.05347996173187
0.25 0.25 0.25 0.25
18.798177915829594
45.0
110.44987072004649 37.01781431073938
3
92.22771128035916 37.01781431073938
0.25 0.25 0.25 0.25
18.22215943968733
45.0
319.4147912221299 114.36461752505981
0
319.4147912221299 97.99493826792457
0.25 0.25 0.25 0.25
16.36967925713525
45.0
401.0385510817425 136.08653930444356
2
425.3589322885749 136.08653930444356
0.25 0.25 0.25 0.25
24.32038120683237
45.0
241.06748998639677 132.45481907561788
2
272.51085989542344 132.45481907561788
0.25 0.25 0.25 0.25
31.443369909026686
45.0
389.4510715045383 87.59898120138428
2
437.8191141091811 87.59898120138428
0.25 0.25 0.25 0.25
48.3680426046428
45.0
405.16312490901885 257.82050274052915
0
405.16312490901885 223.67791967568004
0.25 0.25 0.25 0.25
34.142583064849106
45.0
45.56037279847369 302.97577231894564
2
77.02748223909501 302.97577231894564
0.25 0.25 0.25 0.25
31.467109440621314
45.0
451.5607432094616 210.85716952586824
1
451.5607432094616 212.80436553386807
0.25 0.25 0.25 0.25
1.9471960079998296
45.0
202.9467642702561 187.8562310373087
2
212.22834930283918 187.8562310373087
0.25 0.25 0.25 0.25
9.28158503258309
45.0
284.5698464252003 201.71010996150898
1
284.5698464252003 207.3967333784458
0.25 0.25 0.25 0.25
5.686623416936798
45.0
140.295317724985 421.13698049069467
0
140.295317724985 387.8016848549654
0.25 0.25 0.25 0.25
33.335295635729274
45.0
342.3263802701352 275.4898499649338
0
342.3263802701352 263.6830717867509
0.25 0.25 0.25 0.25
11.806778178182936
45.0
304.88296837022085 397.42279991901705
3
304.28282295223454 397.42279991901705
0.25 0.25 0.25 0.25
0.6001454179863308
45.0
28.490192638862624 236.49638132347812
1
28.490192638862624 282.28420564157705
0.25 0.25 0.25 0.25
45.78782431809893
45.0
357.59048928660707 410.8884587656974
0
357.59048928660707 363.11301237882606
0.25 0.25 0.25 0.25
47.77544638687137
45.0
