33530
204.64956920138877 240.99847884159692
3
60.872635907713175 240.99847884159692
0.25 0.25 0.25 0.25
143.7769332936756
45.0
82.34653566686569 377.2505971466462
0
82.34653566686569 458.7662256842643
0.25 0.25 0.25 0.25
163.98317716908952
45.0
127.60539264359744 82.99716406233148
3
31.01116817217971 82.99716406233148
0.25 0.25 0.25 0.25
96.59422447141773
45.0
259.32398583217304 407.86478077685433
0
259.32398583217304 283.19100585434313
0.25 0.25 0.25 0.25
124.67377492251121
45.0
217.9854440248382 192.43201391289867
1
217.9854440248382 358.1488246940511
0.25 0.25 0.25 0.25
165.71681078115242
45.0
258.4827674262735 331.29704170137114
0
258.4827674262735 222.50164617775505
0.25 0.25 0.25 0.25
108.79539552361611
45.0
132.15012218871675 241.19015351379585
1
132.15012218871675 374.44440418853196
0.25 0.25 0.25 0.25
133.2542506747361
45.0
396.11011739956746 70.13965348680922
3
480.2138909585808 70.13965348680922
0.25 0.25 0.25 0.25
123.67599164185178
45.0
241.20352322401334 493.88598143590457
2
343.4256300833199 493.88598143590457
0.25 0.25 0.25 0.25
102.22210685930656
45.0
138.87451227190218 272.68582503623537
0
138.87451227190218 153.1113472164128
0.25 0.25 0.25 0.25
119.57447781982256
45.0
103.4574486212365 86.15222271983839
3
54.69743904378768 86.15222271983839
0.25 0.25 0.25 0.25
48.76000957744881
45.0
206.71245001405944 367.0214241493694
0
206.71245001405944 348.24770874909
0.25 0.25 0.25 0.25
18.773715400279382
45.0
60.620256999400446 268.26372530622183
0
60.620256999400446 226.8179876255353
0.25 0.25 0.25 0.25
41.44573768068654
45.0
9.599310622993144 282.737761997229
1
9.599310622993144 321.2636988620228
0.25 0.25 0.25 0.25
38.52593686479383
45.0
173.6280825154472 25.659978406787445
1
173.6280825154472 54.7741678319083
0.25 0.25 0.25 0.25
29.114189425120856
45.0
495.38530757668406 428.0670134638542
3
484.5410767746565 428.0670134638542
0.25 0.25 0.25 0.25
10.84423080202756
45.0
218.52473231216243 188.61149867047135
3
178.54071485011417 188.61149867047135
0.25 0.25 0.25 0.25
39.98401746204827
45.0
51.854182203923855 425.25505316165095
3
40.84911044285037 425.25505316165095
0.25 0.25 0.25 0.25
11.005071761073488
45.0
377.0748738135859 399.5931818733359
2
406.0020034295028 399.5931818733359
0.25 0.25 0.25 0.25
28.927129615916886
45.0
483.5302223459929 463.5477456894233
1
483.5302223459929 498.0369777805438
0.25 0.25 0.25 0.25
34.48923209112047
45.0
302.53955354024424 104.9212792827201
3
293.64677089683437 104.9212792827201
0.25 0.25 0.25 0.25
8.892782643409891
45.0
44.21180561176135 352.2421920189273
1
44.21180561176135 374.57527407813683
0.25 0.25 0.25 0.25
22.333082059209502
45.0
91.98667554218036 39.98179776875145
2
137.31751826149798 39.98179776875145
0.25 0.25 0.25 0.25
45.330842719317616
45.0
450.418834408728 264.1885696926246
3
423.4986329099876 264.1885696926246
0.25 0.25 0.25 0.25
26.920201498740447
45.0
190.67395319427987 381.713759132931
3
174.81608875359228 381.713759132931
0.25 0.25 0.25 0.25
15.85786444068759
45.0
208.57738842263524 408.76544486429543
0
208.57738842263524 365.27665225500584
0.25 0.25 0.25 0.25
43.48879260928956
45.0
3.7020013062008346 343.285165616125
2
20.02233904036409 343.285165616125
0.25 0.25 0.25 0.25
23.724340346564926
45.0
328.32596121472596 464.27773870016154
0
328.32596121472596 435.79868857461247
0.25 0.25 0.25 0.25
28.479050125549062
45.0
355.3812496559427 446.7621395458448
0
355.3812496559427 398.7887138637189
0.25 0.25 0.25 0.25
47.97342568212586
45.0
216.6459247762472 360.75764792289846
1
216.6459247762472 376.7337244469882
0.25 0.25 0.25 0.25
15.976076524089782
45.0
179.91040583442606 353.6559468851272
2
214.09372714299127 353.6559468851272
0.25 0.25 0.25 0.25
34.1833213085652
45.0
257.52666468283905 201.0586080836502
1
257.52666468283905 238.7228266472881
0.25 0.25 0.25 0.25
37.66421856363789
45.0
150.0831229379116 481.0897498800465
3
103.26061120984195 481.0897498800465
0.25 0.25 0.25 0.25
46.82251172806966
45.0
399.03781887282304 483.8627055456402
0
399.03781887282304 447.539844839431
0.25 0.25 0.25 0.25
36.32286070620919
45.0
236.63521173700806 103.09524933445577
0
236.63521173700806 93.69431902816595
0.25 0.25 0.25 0.25
9.400930306289828
45.0
240.92632717058856 434.1391117903112
2
243.40762474480886 434.1391117903112
0.25 0.25 0.25 0.25
2.481297574220287
45.0
366.71176509524196 497.7773125152131
0
366.71176509524196 463.56158105984946
0.25 0.25 0.25 0.25
34.215731455363674
45.0
46.13437751369361 296.3925143192366
2
95.26939479006 296.3925143192366
0.25 0.25 0.25 0.25
49.1350172763664
45.0
218.63724564836411 0.5425190786848262
1
218.63724564836411 19.612302122419006
0.25 0.25 0.25 0.25
19.06978304373418
45.0
171.74110320043326 206.27516025031156
2
201.83185650998786 206.27516025031156
0.25 0.25 0.25 0.25
30.09075330955459
45.0
352.3645282635691 200.8238639640847
0
352.3645282635691 190.17625544942823
0.25 0.25 0.25 0.25
10.647608514656476
45.0
453.0058894314117 335.46954049301024
0
453.0058894314117 286.6065394980344
0.25 0.25 0.25 0.25
48.86300099497585
45.0
286.4819830680846 280.78514694475984
3
264.09533167216347 280.78514694475984
0.25 0.25 0.25 0.25
22.386651395921138
45.0
351.0404123225133 454.523565748426
3
339.0532359670983 454.523565748426
0.25 0.25 0.25 0.25
11.987176355414974
45.0
343.3098520788618 325.294754282673
3
293.3241860388031 325.294754282673
0.25 0.25 0.25 0.25
49.98566604005876
45.0
76.66892861619434 439.2637948202355
1
76.66892861619434 445.52245693020416
0.25 0.25 0.25 0.25
6.258662109968682
45.0
204.15878993637097 335.4643255285248
3
155.09845648437968 335.4643255285248
0.25 0.25 0.25 0.25
49.06033345199128
45.0
181.4350135125645 14.8134110993483
2
185.82334644684883 14.8134110993483
0.25 0.25 0.25 0.25
4.388332934284328
45.0
