81070
446.40694674277233 33.93559666388501
1
446.40694674277233 128.86724569738874
0.25 0.25 0.25 0.25
94.93164903350373
45.0
452.05757261977897 53.45484713452488
3
421.8656587396023 53.45484713452488
0.25 0.25 0.25 0.25
126.0767686406188
45.0
377.22754750514605 383.27689333287753
0
377.22754750514605 230.9823023259348
0.25 0.25 0.25 0.25
152.29459100694274
45.0
265.9394907455999 433.7846350596117
0
265.9394907455999 451.3105285988097
0.25 0.25 0.25 0.25
114.90483634157869
45.0
432.962811775349 78.91967845288121
3
419.6655583592633 78.91967845288121
0.25 0.25 0.25 0.25
147.37162986538775
45.0
280.42959464506106 266.7029526644713
1
280.42959464506106 388.2966904460991
0.25 0.25 0.25 0.25
121.59373778162778
45.0
75.86128718677111 359.19568969620127
2
221.60710802767946 359.19568969620127
0.25 0.25 0.25 0.25
145.74582084090835
45.0
207.59732040022553 243.17549908383936
1
207.59732040022553 381.5851233674423
0.25 0.25 0.25 0.25
138.40962428360294
45.0
60.38185108032144 392.2945819438148
0
60.38185108032144 251.71147825219452
0.25 0.25 0.25 0.25
140.5831036916203
45.0
137.45747810350076 388.0664331043049
0
137.45747810350076 463.9485680870723
0.25 0.25 0.25 0.25
147.98499880862278
45.0
290.8373365808236 429.87171962778797
3
258.30258423142703 429.87171962778797
0.25 0.25 0.25 0.25
32.53475234939656
45.0
237.31507151236934 142.02225908889142
1
237.31507151236934 158.68522949433645
0.25 0.25 0.25 0.25
16.662970405445037
45.0
413.39959653440906 120.62873744444983
3
388.09458916499153 120.62873744444983
0.25 0.25 0.25 0.25
25.30500736941752
45.0
421.38686802748316 0.1217831785366954
2
451.1376598158223 0.1217831785366954
0.25 0.25 0.25 0.25
29.75079178833912
45.0
34.055836960649586 371.0041890101962
2
61.830861007706154 371.0041890101962
0.25 0.25 0.25 0.25
27.77502404705657
45.0
475.06090816519645 353.86135388505886
0
475.06090816519645 307.0604929164914
0.25 0.25 0.25 0.25
46.800860968567484
45.0
45.745607779652815 147.11300540227376
0
45.745607779652815 122.18974701484173
0.25 0.25 0.25 0.25
24.92325838743203
45.0
447.63705399868593 151.25365276440073
1
447.63705399868593 197.22244794323717
0.25 0.25 0.25 0.25
45.96879517883643
45.0
390.8872701096326 103.93633777317724
3
344.07057993823645 103.93633777317724
0.25 0.25 0.25 0.25
46.81669017139613
45.0
84.83514233163766 173.5072258126986
2
99.82677023161082 173.5072258126986
0.25 0.25 0.25 0.25
14.991627899973164
45.0
8.478033142572443 36.222264021770414
1
8.478033142572443 78.88184896363086
0.25 0.25 0.25 0.25
42.659584941860444
45.0
82.9555277376216 209.61433191493617
1
82.9555277376216 243.82879822872968
0.25 0.25 0.25 0.25
34.214466313793515
45.0
463.2378091766345 479.0332940472349
0
463.2378091766345 438.33183407875646
0.25 0.25 0.25 0.25
40.70145996847846
45.0
49.08322735371597 82.94553607464925
2
62.88966411133493 82.94553607464925
0.25 0.25 0.25 0.25
13.806436757618961
45.0
477.8358968273819 294.8941352597096
0
477.8358968273819 288.07742377448886
0.25 0.25 0.25 0.25
6.816711485220739
45.0
118.74421750720659 149.1287262784407
2
159.92404955275026 149.1287262784407
0.25 0.25 0.25 0.25
41.17983204554368
45.0
403.07088639541007 494.7912522037201
0
403.07088639541007 481.0451581007222
0.25 0.25 0.25 0.25
13.746094102997919
45.0
404.8916420863359 492.55975762899277
2
434.27165733222273 492.55975762899277
0.25 0.25 0.25 0.25
29.38001524588687
45.0
26.235115304605017 463.34163044941636
0
26.235115304605017 458.25784571549605
0.25 0.25 0.25 0.25
5.083784733920332
45.0
455.7602254561524 341.6290966286783
0
455.7602254561524 300.1969540889455
0.25 0.25 0.25 0.25
41.43214253973282
45.0
487.0272479809031 374.64863613129467
1
487.0272479809031 397.4122094675022
0.25 0.25 0.25 0.25
22.763573336207543
45.0
263.2191958496918 318.40973507705235
1
263.2191958496918 339.4667497982579
0.25 0.25 0.25 0.25
21.05701472120557
45.0
257.0171713453225 492.4344444906927
2
287.5267787592247 492.4344444906927
0.25 0.25 0.25 0.25
30.509607413902266
45.0
71.08789080971673 447.2157398122398
1
71.08789080971673 479.7201257129781
0.25 0.25 0.25 0.25
32.50438590073829
45.0
95.37985298435945 124.33915816258116
3
81.28790914302218 124.33915816258116
0.25 0.25 0.25 0.25
14.091943841337272
45.0
90.65760092416411 130.58498684279465
1
90.65760092416411 153.7009746922937
0.25 0.25 0.25 0.25
23.11598784949905
45.0
497.8028923721136 347.81837093760305
0
497.8028923721136 346.5222159939465
0.25 0.25 0.25 0.25
1.2961549436565467
45.0
469.2353328583117 201.46388698879363
0
469.2353328583117 156.63734151732726
0.25 0.25 0.25 0.25
44.82654547146637
45.0
119.78639903294433 482.35616213319224
3
90.57989496142267 482.35616213319224
0.25 0.25 0.25 0.25
29.20650407152166
45.0
311.7195912183841 190.0001265119625
2
359.3744503621989 190.0001265119625
0.25 0.25 0.25 0.25
47.65485914381481
45.0
323.3416081293608 447.40255673038195
2
361.20139279862866 447.40255673038195
0.25 0.25 0.25 0.25
37.859784669267846
45.0
96.68362894898164 52.084881269072355
1
96.68362894898164 89.51959051239382
0.25 0.25 0.25 0.25
37.434709243321464
45.0
490.08447448994383 326.11861082088205
1
490.08447448994383 347.4809991312577
0.25 0.25 0.25 0.25
21.362388310375653
45.0
271.2398276914296 393.70469680098927
0
271.2398276914296 385.23562695695864
0.25 0.25 0.25 0.25
8.469069844030608
45.0
493.75270454279337 391.73299048513115
3
489.10658356115295 391.73299048513115
0.25 0.25 0.25 0.25
17.140711896053695
45.0
310.36091412040895 122.85769466584819
3
263.66625029632553 122.85769466584819
0.25 0.25 0.25 0.25
46.6946638240834
45.0
16.064872168713755 36.501660066300744
2
29.95404153465819 36.501660066300744
0.25 0.25 0.25 0.25
13.889169365944436
45.0
452.29035247395586 231.3121460672019
1
452.29035247395586 257.1424040039979
0.25 0.25 0.25 0.25
25.830257936796013
45.0
