58657
273.90729029261513 395.5573243664269
2
441.34851233736333 395.5573243664269
0.25 0.25 0.25 0.25
167.4412220447482
45.0
92.47437480265967 427.4458607397453
2
32.396185129379944 427.4458607397453
0.25 0.25 0.25 0.25
124.87055993203961
45.0
473.6455048400304 217.12157049976466
0
473.6455048400304 121.9303910899315
0.25 0.25 0.25 0.25
95.19117940983315
45.0
82.69843284967006 44.36911541524326
1
82.69843284967006 151.41260272265788
0.25 0.25 0.25 0.25
107.04348730741462
45.0
400.82360801268885 257.4724761719075
0
400.82360801268885 103.87119645424522
0.25 0.25 0.25 0.25
153.60127971766227
45.0
407.05855625961397 86.61768479546276
3
258.0408892997227 86.61768479546276
0.25 0.25 0.25 0.25
149.01766695989124
45.0
299.0818773310166 342.54431439299753
0
299.0818773310166 492.29223916039246
0.25 0.25 0.25 0.25
165.16344644661004
45.0
337.9006138722107 387.71387298740063
0
337.9006138722107 285.5070187489325
0.25 0.25 0.25 0.25
102.2068542384681
45.0
444.0516103530929 62.931402235592316
1
444.0516103530929 200.31771088295284
0.25 0.25 0.25 0.25
137.38630864736052
45.0
208.27840500189242 292.2059617942707
0
208.27840500189242 131.39332241982433
0.25 0.25 0.25 0.25
160.81263937444638
45.0
494.6787765203234 254.4242157177485
3
392.84820188211876 254.4242157177485
0.25 0.25 0.25 0.25
112.4730215975578
45.0
10.352661136590768 159.54599327322626
2
148.93688321416755 159.54599327322626
0.25 0.25 0.25 0.25
159.28954435075832
45.0
334.5147860679605 252.7547357067079
2
429.1758662406644 252.7547357067079
0.25 0.25 0.25 0.25
94.66108017270393
45.0
224.9573218792127 108.68372078227073
1
224.9573218792127 198.49377248449656
0.25 0.25 0.25 0.25
89.81005170222583
45.0
138.38164692245897 285.47343215082543
2
252.66748725008074 285.47343215082543
0.25 0.25 0.25 0.25
114.28584032762178
45.0
28.42607035234414 293.5701127639783
0
28.42607035234414 127.14463732427964
0.25 0.25 0.25 0.25
166.42547543969863
45.0
432.53260766510186 222.73177884522192
3
473.89080229477025 222.73177884522192
0.25 0.25 0.25 0.25
93.5765900401279
45.0
198.57787452292118 183.4226668313556
3
85.95678020357678 183.4226668313556
0.25 0.25 0.25 0.25
112.6210943193444
45.0
409.0265340843258 286.0437157390212
0
409.0265340843258 152.42174407291895
0.25 0.25 0.25 0.25
133.62197166610224
45.0
311.13891362985714 124.50389811152436
1
311.13891362985714 48.42550816489364
0.25 0.25 0.25 0.25
172.929406276418
45.0
28.002266254782192 409.0804977244563
2
76.03740572560272 409.0804977244563
0.25 0.25 0.25 0.25
48.03513947082053
45.0
407.673585805661 415.29369713785775
3
392.05260380724565 415.29369713785775
0.25 0.25 0.25 0.25
15.620981998415374
45.0
51.368979037951796 439.2206261885846
0
51.368979037951796 394.51978682524884
0.25 0.25 0.25 0.25
44.70083936333577
45.0
353.59069386152333 258.29797075656336
3
327.62822428497367 258.29797075656336
0.25 0.25 0.25 0.25
25.96246957654965
45.0
415.11540278529526 330.4632047899443
2
447.15295595243566 330.4632047899443
0.25 0.25 0.25 0.25
32.037553167140416
45.0
82.00608640508244 413.2052806778541
1
82.00608640508244 429.00843326603695
0.25 0.25 0.25 0.25
15.803152588182833
45.0
377.91689688470797 25.510429635305215
1
377.91689688470797 13.874549929858347
0.25 0.25 0.25 0.25
39.38497956516356
45.0
345.6177277627034 358.15203309409384
2
370.46788451637894 358.15203309409384
0.25 0.25 0.25 0.25
24.850156753675545
45.0
1.84423012885604 295.45933150842166
1
1.84423012885604 324.02889746202675
0.25 0.25 0.25 0.25
28.569565953605107
45.0
210.43534919611432 95.0864960725147
2
258.4244526834632 95.0864960725147
0.25 0.25 0.25 0.25
47.98910348734886
45.0
299.46554857413975 14.960134740039244
3
286.2135465830659 14.960134740039244
0.25 0.25 0.25 0.25
13.252001991073808
45.0
103.88485756225734 230.13649452597292
0
103.88485756225734 217.08059100436714
0.25 0.25 0.25 0.25
13.05590352160577
45.0
251.6166861953681 211.74053012778597
0
251.6166861953681 197.83118492526202
0.25 0.25 0.25 0.25
13.909345202523943
45.0
330.8217518842539 329.9105483848495
3
315.92675536843876 329.9105483848495
0.25 0.25 0.25 0.25
14.894996515815118
45.0
433.01076536456935 360.1272573749011
3
402.7164442769683 360.1272573749011
0.25 0.25 0.25 0.25
30.29432108760109
45.0
147.7996750659505 335.9951032056003
1
147.7996750659505 374.69665996501453
0.25 0.25 0.25 0.25
38.70155675941426
45.0
102.43827969259564 255.1541583679314
1
102.43827969259564 265.1366401563604
0.25 0.25 0.25 0.25
9.982481788428998
45.0
378.50330699029945 2.074551026021723
1
378.50330699029945 12.692178300544214
0.25 0.25 0.25 0.25
10.61762727452249
45.0
149.20499366340823 58.874695044407964
0
149.20499366340823 23.934984490789574
0.25 0.25 0.25 0.25
34.93971055361839
45.0
458.2196395796115 374.47049497413036
3
431.17336641424345 374.47049497413036
0.25 0.25 0.25 0.25
27.04627316536805
45.0
295.96242592100475 192.67994463593715
3
281.5000103400055 192.67994463593715
0.25 0.25 0.25 0.25
14.462415580999272
45.0
338.52927143997897 68.43854030491343
1
338.52927143997897 116.67894536222695
0.25 0.25 0.25 0.25
48.240405057313524
45.0
252.21047197929326 139.6942961588238
1
252.21047197929326 157.43842896010278
0.25 0.25 0.25 0.25
17.74413280127899
45.0
441.87450324923225 84.45987932167398
1
441.87450324923225 124.92010282229063
0.25 0.25 0.25 0.25
40.46022350061665
45.0
304.70199873840266 474.5558255936287
0
304.70199873840266 434.48674088282536
0.25 0.25 0.25 0.25
40.06908471080334
45.0
379.1807955604368 398.47204833105246
1
379.1807955604368 425.5912913025984
0.25 0.25 0.25 0.25
27.11924297154592
45.0
316.2006578995878 114.70005905935854
0
316.2006578995878 72.30460830259315
0.25 0.25 0.25 0.25
42.395450756765385
45.0
293.4113433651151 215.37434256957056
2
304.359953992685 215.37434256957056
0.25 0.25 0.25 0.25
10.948610627569893
45.0
