58657
115.76073278484535 269.5602315440767
2
51.680489259902856 269.5602315440767
0.25 0.25 0.25 0.25
167.4412220447482
45.0
30.32514404201379 75.14294061946242
1
30.32514404201379 49.72761931257719
0.25 0.25 0.25 0.25
124.87055993203961
45.0
331.3513519220327 121.9303910899315
2
426.5425313318658 121.9303910899315
0.25 0.25 0.25 0.25
95.19117940983315
45.0
116.52469169054804 114.80398848938962
0
116.52469169054804 7.760501181975002
0.25 0.25 0.25 0.25
107.04348730741462
45.0
138.3725528343244 257.4724761719075
2
291.9738325519867 257.4724761719075
0.25 0.25 0.25 0.25
153.60127971766227
45.0
65.89955362059277 278.7590204745927
2
83.11811333929847 278.7590204745927
0.25 0.25 0.25 0.25
149.01766695989124
45.0
455.22600245728677 21.236742820117286
1
455.22600245728677 143.92670362649275
0.25 0.25 0.25 0.25
165.16344644661004
45.0
177.6239901646365 349.8026490665572
0
177.6239901646365 247.59579482808908
0.25 0.25 0.25 0.25
102.2068542384681
45.0
115.18610436335075 448.31799288537354
0
115.18610436335075 414.295698467266
0.25 0.25 0.25 0.25
137.38630864736052
45.0
278.52673250853604 166.51748617314612
0
278.52673250853604 5.704846798699748
0.25 0.25 0.25 0.25
160.81263937444638
45.0
169.51690610567027 242.1670213397282
1
169.51690610567027 354.640042937286
0.25 0.25 0.25 0.25
112.4730215975578
45.0
125.379471591899 247.55856321919055
1
125.379471591899 406.84810756994887
0.25 0.25 0.25 0.25
159.28954435075832
45.0
334.5147860679605 273.93986342977246
3
239.85370589525655 273.93986342977246
0.25 0.25 0.25 0.25
94.66108017270393
45.0
123.05783890147121 58.84695134666522
1
123.05783890147121 30.963100355560613
0.25 0.25 0.25 0.25
89.81005170222583
45.0
366.9533275777025 228.3327177203957
0
366.9533275777025 114.04687739277391
0.25 0.25 0.25 0.25
114.28584032762178
45.0
25.5317756287277 130.03893204789608
1
25.5317756287277 36.38654339180255
0.25 0.25 0.25 0.25
166.42547543969863
45.0
403.1901172236951 222.73177884522192
3
309.6135271835672 222.73177884522192
0.25 0.25 0.25 0.25
93.5765900401279
45.0
449.9689936449462 350.403156647098
3
337.3478993256018 350.403156647098
0.25 0.25 0.25 0.25
112.6210943193444
45.0
344.3803357470415 415.33611241358983
0
344.3803357470415 281.7141407474876
0.25 0.25 0.25 0.25
133.62197166610224
45.0
418.155149134323 222.2804290709262
0
418.155149134323 49.3510227945082
0.25 0.25 0.25 0.25
172.929406276418
45.0
451.5805926049359 33.53731084512312
3
403.54545313411535 33.53731084512312
0.25 0.25 0.25 0.25
48.03513947082053
45.0
235.84278382309213 384.05173314102706
2
251.4637658215075 384.05173314102706
0.25 0.25 0.25 0.25
15.620981998415374
45.0
82.7335390520555 439.2206261885846
0
82.7335390520555 394.51978682524884
0.25 0.25 0.25 0.25
44.70083936333577
45.0
197.8158764022254 248.415107288993
3
171.85340682567573 248.415107288993
0.25 0.25 0.25 0.25
25.96246957654965
45.0
486.02636093822343 458.613417458506
3
453.98880777108303 458.613417458506
0.25 0.25 0.25 0.25
32.037553167140416
45.0
50.39978122871678 302.5832125605741
2
66.20293381689962 302.5832125605741
0.25 0.25 0.25 0.25
15.803152588182833
45.0
496.0718355801987 53.259529495021894
1
496.0718355801987 92.64450906018546
0.25 0.25 0.25 0.25
39.38497956516356
45.0
420.16819802373004 293.9457723544485
3
395.3180412700545 293.9457723544485
0.25 0.25 0.25 0.25
24.850156753675545
45.0
30.413796082461147 181.18106769400129
1
30.413796082461147 209.75063364760638
0.25 0.25 0.25 0.25
28.569565953605107
45.0
29.510168240630016 233.0660551046011
2
77.49927172797888 233.0660551046011
0.25 0.25 0.25 0.25
47.98910348734886
45.0
445.2375704759518 117.55988517069885
0
445.2375704759518 104.30788317962504
0.25 0.25 0.25 0.25
13.252001991073808
45.0
482.5060596888251 334.5837226988192
1
482.5060596888251 347.639626220425
0.25 0.25 0.25 0.25
13.05590352160577
45.0
390.71013822060735 170.01249452021412
1
390.71013822060735 183.92183972273807
0.25 0.25 0.25 0.25
13.909345202523943
45.0
271.24176582099335 374.5955379322949
0
271.24176582099335 359.7005414164798
0.25 0.25 0.25 0.25
14.894996515815118
45.0
281.53915992656397 94.5749630482795
3
251.2448388389629 94.5749630482795
0.25 0.25 0.25 0.25
30.29432108760109
45.0
161.81277900936357 315.6908859596715
0
161.81277900936357 276.98932920025726
0.25 0.25 0.25 0.25
38.70155675941426
45.0
102.43827969259564 344.9964944637926
2
112.42076148102464 344.9964944637926
0.25 0.25 0.25 0.25
9.982481788428998
45.0
208.62127059793983 72.24883989563571
2
219.2388978724623 72.24883989563571
0.25 0.25 0.25 0.25
10.61762727452249
45.0
326.6993480323158 268.51295836611826
2
361.6390585859342 268.51295836611826
0.25 0.25 0.25 0.25
34.93971055361839
45.0
295.94200058740313 111.65031488387645
2
322.9882737527712 111.65031488387645
0.25 0.25 0.25 0.25
27.04627316536805
45.0
252.57517917800692 19.13095766394585
0
252.57517917800692 4.668542082946576
0.25 0.25 0.25 0.25
14.462415580999272
45.0
336.83639936241036 406.1213757061081
2
385.0768044197239 406.1213757061081
0.25 0.25 0.25 0.25
48.240405057313524
45.0
209.13698085396055 192.92669456266077
0
209.13698085396055 175.18256176138178
0.25 0.25 0.25 0.25
17.74413280127899
45.0
37.27226824306587 124.92010282229069
2
3.187955257550783 124.92010282229069
0.25 0.25 0.25 0.25
40.46022350061665
45.0
25.94552353286275 244.960581430748
2
66.01460824366609 244.960581430748
0.25 0.25 0.25 0.25
40.06908471080334
45.0
80.86912287343168 113.38157818112082
2
107.9883658449776 113.38157818112082
0.25 0.25 0.25 0.25
27.11924297154592
45.0
192.5447511815969 12.486293210937603
2
234.9402019383623 12.486293210937603
0.25 0.25 0.25 0.25
42.395450756765385
45.0
315.3085646202549 313.9118382176997
1
315.3085646202549 324.8604488452696
0.25 0.25 0.25 0.25
10.948610627569893
45.0
