58657
405.1522624233561 223.08690885918463
3
237.7110403786079 223.08690885918463
0.25 0.25 0.25 0.25
167.4412220447482
45.0
162.44434777983508 327.99062211459096
0
162.44434777983508 203.12006218255135
0.25 0.25 0.25 0.25
124.87055993203961
45.0
241.7661893239741 122.91562348343541
2
336.95736873380724 122.91562348343541
0.25 0.25 0.25 0.25
95.19117940983315
45.0
46.08981861640167 59.89201649978129
2
60.95366869101295 59.89201649978129
0.25 0.25 0.25 0.25
107.04348730741462
45.0
15.228726883337856 257.4724761719075
0
15.228726883337856 103.87119645424522
0.25 0.25 0.25 0.25
153.60127971766227
45.0
230.73353426777066 387.742671116163
0
230.73353426777066 463.23966192394573
0.25 0.25 0.25 0.25
149.01766695989124
45.0
334.5139444944041 21.236742820117286
2
499.6773909410141 21.236742820117286
0.25 0.25 0.25 0.25
165.16344644661004
45.0
395.9703833413168 349.80264906655697
3
293.7635291028487 349.80264906655697
0.25 0.25 0.25 0.25
102.2068542384681
45.0
58.10247655671509 272.63584476953673
2
195.4887852040756 272.63584476953673
0.25 0.25 0.25 0.25
137.38630864736052
45.0
420.1639731037304 295.60444758903384
3
419.0233875218232 295.60444758903384
0.25 0.25 0.25 0.25
160.81263937444638
45.0
392.8482018821188 58.48046031888437
1
392.8482018821188 170.95348191644217
0.25 0.25 0.25 0.25
112.4730215975578
45.0
263.96369366947573 469.38513054137684
2
423.25323802023405 469.38513054137684
0.25 0.25 0.25 0.25
159.28954435075832
45.0
364.46472426061956 141.05640638069588
0
364.46472426061956 46.39532620799194
0.25 0.25 0.25 0.25
94.66108017270393
45.0
314.76737358143856 378.11387588894826
3
224.9573218792127 378.11387588894826
0.25 0.25 0.25 0.25
89.81005170222583
45.0
433.0475547156499 28.338011480510303
3
318.7617143880281 28.338011480510303
0.25 0.25 0.25 0.25
114.28584032762178
45.0
361.2770212317414 37.83369075361077
3
194.85154579204277 37.83369075361077
0.25 0.25 0.25 0.25
166.42547543969863
45.0
321.6292313718288 340.10174061084905
0
321.6292313718288 246.52515057072117
0.25 0.25 0.25 0.25
93.5765900401279
45.0
184.9880256488216 1.04997518503464
1
184.9880256488216 113.67106950437903
0.25 0.25 0.25 0.25
112.6210943193444
45.0
116.80220259701593 36.11807237295113
2
16.819769069086306 36.11807237295113
0.25 0.25 0.25 0.25
133.62197166610224
45.0
198.40960065433288 320.056960030328
0
198.40960065433288 147.12755375391
0.25 0.25 0.25 0.25
172.929406276418
45.0
490.87780318852526 359.4817338086721
1
490.87780318852526 407.51687327949264
0.25 0.25 0.25 0.25
48.03513947082053
45.0
498.60052220384694 272.02951079241836
1
498.60052220384694 287.6504927908337
0.25 0.25 0.25 0.25
15.620981998415374
45.0
173.93372577784947 147.94004730835064
2
218.63456514118525 147.94004730835064
0.25 0.25 0.25 0.25
44.70083936333577
45.0
16.078589366377813 193.83671811802725
2
9.883880210171839 193.83671811802725
0.25 0.25 0.25 0.25
25.96246957654965
45.0
239.3073641948077 477.31147620721333
0
239.3073641948077 490.65097062564627
0.25 0.25 0.25 0.25
32.037553167140416
45.0
66.20293381689962 386.0003624459695
2
82.00608640508244 386.0003624459695
0.25 0.25 0.25 0.25
15.803152588182833
45.0
156.98253036463717 13.874549929858347
1
156.98253036463717 25.510429635305215
0.25 0.25 0.25 0.25
39.38497956516356
45.0
109.97885727366733 119.99467507871972
2
134.82901402734288 119.99467507871972
0.25 0.25 0.25 0.25
24.850156753675545
45.0
87.5529279896713 247.36242161007527
1
87.5529279896713 275.93198756368037
0.25 0.25 0.25 0.25
28.569565953605107
45.0
74.23921196839396 175.5223565785601
1
74.23921196839396 223.51146006590898
0.25 0.25 0.25 0.25
47.98910348734886
45.0
21.17350676158981 468.211787608082
3
7.921504770516002 468.211787608082
0.25 0.25 0.25 0.25
13.252001991073808
45.0
491.38213326796335 130.1242329153436
3
495.56196321043086 130.1242329153436
0.25 0.25 0.25 0.25
13.05590352160577
45.0
498.01510015920127 259.70435217630484
3
488.0755546382748 259.70435217630484
0.25 0.25 0.25 0.25
13.909345202523943
45.0
222.32835264129207 116.93934708960406
3
207.43335612547696 116.93934708960406
0.25 0.25 0.25 0.25
14.894996515815118
45.0
233.46429856265456 488.1137330779292
0
233.46429856265456 481.5919458344697
0.25 0.25 0.25 0.25
30.29432108760109
45.0
206.7548115135483 284.812594956645
1
206.7548115135483 323.51415171605925
0.25 0.25 0.25 0.25
38.70155675941426
45.0
22.57842538516364 215.22423121421537
2
32.56090717359264 215.22423121421537
0.25 0.25 0.25 0.25
9.982481788428998
45.0
281.7326202249813 61.63121262111322
1
281.7326202249813 72.24883989563571
0.25 0.25 0.25 0.25
10.61762727452249
45.0
270.0715329800124 247.146201494406
3
235.13182242639402 247.146201494406
0.25 0.25 0.25 0.25
34.93971055361839
45.0
431.17336641424345 483.36769475422074
0
431.17336641424345 456.3214215888527
0.25 0.25 0.25 0.25
27.04627316536805
45.0
4.6207893899693655 53.18112024105052
2
19.083204970968637 53.18112024105052
0.25 0.25 0.25 0.25
14.462415580999272
45.0
483.25048661191954 177.96785662312448
1
483.25048661191954 226.208261680438
0.25 0.25 0.25 0.25
48.240405057313524
45.0
179.97727837977968 68.71776495370783
1
179.97727837977968 86.46189775498682
0.25 0.25 0.25 0.25
17.74413280127899
45.0
124.56862575940073 453.02861370175833
3
84.10840225878408 453.02861370175833
0.25 0.25 0.25 0.25
40.46022350061665
45.0
456.61061076686076 286.7567839116347
2
496.6796954776641 286.7567839116347
0.25 0.25 0.25 0.25
40.06908471080334
45.0
353.03876467130317 154.39886158713912
3
325.91952169975724 154.39886158713912
0.25 0.25 0.25 0.25
27.11924297154592
45.0
217.44938377599283 496.2591158702471
3
175.05393301922743 496.2591158702471
0.25 0.25 0.25 0.25
42.395450756765385
45.0
334.3358952975081 149.68267880415112
3
323.3872846699382 149.68267880415112
0.25 0.25 0.25 0.25
10.948610627569893
45.0
