58657
455.29050914283096 432.3541213203357
0
455.29050914283096 400.2046566349161
0.25 0.25 0.25 0.25
167.4412220447482
45.0
157.26674506141956 178.74026141934917
0
157.26674506141956 53.869701487309555
0.25 0.25 0.25 0.25
124.87055993203961
45.0
378.4543254301973 73.84218518826304
2
473.6455048400304 73.84218518826304
0.25 0.25 0.25 0.25
95.19117940983315
45.0
260.17679323123116 493.63067651422017
2
367.2202805386458 493.63067651422017
0.25 0.25 0.25 0.25
107.04348730741462
45.0
168.83000660100012 483.0993502428148
3
15.228726883337856 483.0993502428148
0.25 0.25 0.25 0.25
153.60127971766227
45.0
59.64110542223489 168.29398040508102
2
208.65877238212613 168.29398040508102
0.25 0.25 0.25 0.25
149.01766695989124
45.0
253.98527072931742 318.1094713934426
0
253.98527072931742 152.94602494683258
0.25 0.25 0.25 0.25
165.16344644661004
45.0
484.2445528800408 393.9397338359191
3
382.0376986415727 393.9397338359191
0.25 0.25 0.25 0.25
102.2068542384681
45.0
153.48194383182704 250.13705452760513
1
153.48194383182704 387.52336317496565
0.25 0.25 0.25 0.25
137.38630864736052
45.0
7.974382487034916 397.5784530542361
2
152.83825688741146 397.5784530542361
0.25 0.25 0.25 0.25
160.81263937444638
45.0
155.64496430898282 254.42421571774844
3
43.17194271142502 254.42421571774844
0.25 0.25 0.25 0.25
112.4730215975578
45.0
423.2532380202341 363.09827151943466
3
417.4572176290076 363.09827151943466
0.25 0.25 0.25 0.25
159.28954435075832
45.0
44.1295346228553 145.97633916078655
2
138.79061479555924 145.97633916078655
0.25 0.25 0.25 0.25
94.66108017270393
45.0
493.5230917385939 226.37762347560124
0
493.5230917385939 136.5675717733754
0.25 0.25 0.25 0.25
89.81005170222583
45.0
375.90684028522014 257.3832065386875
1
375.90684028522014 371.66904686630926
0.25 0.25 0.25 0.25
114.28584032762178
45.0
310.213469974286 300.8058495730194
0
310.213469974286 134.38037413332074
0.25 0.25 0.25 0.25
166.42547543969863
45.0
467.42421682241616 490.9893323184869
3
438.9991931374559 490.9893323184869
0.25 0.25 0.25 0.25
93.5765900401279
45.0
251.9065027544564 463.0242509664424
2
364.5275970738008 463.0242509664424
0.25 0.25 0.25 0.25
112.6210943193444
45.0
353.0394857301087 123.48134924235274
1
353.0394857301087 257.103320908455
0.25 0.25 0.25 0.25
133.62197166610224
45.0
408.915444589259 335.00974204645047
3
418.155149134323 335.00974204645047
0.25 0.25 0.25 0.25
172.929406276418
45.0
220.91135998655153 216.93993984117418
3
172.876220515731 216.93993984117418
0.25 0.25 0.25 0.25
48.03513947082053
45.0
157.73787383101526 366.0125548843274
2
173.35885582943064 366.0125548843274
0.25 0.25 0.25 0.25
15.620981998415374
45.0
486.8396013211999 288.5365740919642
1
486.8396013211999 333.2374134553
0.25 0.25 0.25 0.25
44.70083936333577
45.0
249.74081555532473 37.172058053053206
1
249.74081555532473 63.13452762960286
0.25 0.25 0.25 0.25
25.96246957654965
45.0
353.7858732260745 99.36448080131412
1
353.7858732260745 131.40203396845453
0.25 0.25 0.25 0.25
32.037553167140416
45.0
170.84435500584283 397.15688826395166
2
186.64750759402565 397.15688826395166
0.25 0.25 0.25 0.25
15.803152588182833
45.0
94.70285789725484 419.36022528694093
2
134.0878374624184 419.36022528694093
0.25 0.25 0.25 0.25
39.38497956516356
45.0
350.18666134021186 4.256108689658085
1
350.18666134021186 20.59404806401746
0.25 0.25 0.25 0.25
24.850156753675545
45.0
459.0224770103591 275.99717918750196
2
487.5920429639642 275.99717918750196
0.25 0.25 0.25 0.25
28.569565953605107
45.0
125.48837521532778 473.01157254134546
0
125.48837521532778 478.99932397130567
0.25 0.25 0.25 0.25
47.98910348734886
45.0
325.9695525562874 38.04787322425598
1
325.9695525562874 51.29987521532979
0.25 0.25 0.25 0.25
13.252001991073808
45.0
234.44389277831516 334.5837226988192
0
234.44389277831516 321.5278191772134
0.25 0.25 0.25 0.25
13.05590352160577
45.0
498.01510015920127 295.1966013429296
1
498.01510015920127 309.10594654545355
0.25 0.25 0.25 0.25
13.909345202523943
45.0
137.18679717865734 404.3855309639252
3
122.29180066284222 404.3855309639252
0.25 0.25 0.25 0.25
14.894996515815118
45.0
475.81886726346295 33.98632087307732
0
475.81886726346295 3.691999785476227
0.25 0.25 0.25 0.25
30.29432108760109
45.0
296.365426358837 187.4293519127138
0
296.365426358837 148.72779515329955
0.25 0.25 0.25 0.25
38.70155675941426
45.0
177.07121038341631 425.4064244023398
1
177.07121038341631 435.3889061907688
0.25 0.25 0.25 0.25
9.982481788428998
45.0
269.17195675557196 140.10370559481407
3
258.5543294810495 140.10370559481407
0.25 0.25 0.25 0.25
10.61762727452249
45.0
476.91399470090727 80.88414717006566
3
441.97428414728887 80.88414717006566
0.25 0.25 0.25 0.25
34.93971055361839
45.0
380.2148285467983 50.62732410833182
2
407.26110171216635 50.62732410833182
0.25 0.25 0.25 0.25
27.04627316536805
45.0
368.27450382600114 458.12875650903027
2
382.7369194070004 458.12875650903027
0.25 0.25 0.25 0.25
14.462415580999272
45.0
95.63437407584274 497.39781417926486
0
95.63437407584274 454.3617807634216
0.25 0.25 0.25 0.25
48.240405057313524
45.0
262.3693792577975 441.3445537805664
3
244.6252464565185 441.3445537805664
0.25 0.25 0.25 0.25
17.74413280127899
45.0
331.99942026279837 158.30146168202592
0
331.99942026279837 117.84123818140927
0.25 0.25 0.25 0.25
40.46022350061665
45.0
304.7019987384026 195.79935038808873
2
344.77108344920595 195.79935038808873
0.25 0.25 0.25 0.25
40.06908471080334
45.0
458.1037466102876 344.2335623879606
0
458.1037466102876 317.1143194164147
0.25 0.25 0.25 0.25
27.11924297154592
45.0
1.9416844398605662 411.4682143567163
0
1.9416844398605662 369.0727635999509
0.25 0.25 0.25 0.25
42.395450756765385
45.0
78.84141797226144 324.8604488452696
1
78.84141797226144 335.8090594728395
0.25 0.25 0.25 0.25
10.948610627569893
45.0
