58657
399.52252192096046 404.8519889034053
3
232.08129987621226 404.8519889034053
0.25 0.25 0.25 0.25
167.4412220447482
45.0
341.17997412305573 299.46873917665636
3
216.30941419101612 299.46873917665636
0.25 0.25 0.25 0.25
124.87055993203961
45.0
287.8839304386348 121.93039108993156
3
192.69275102880167 121.93039108993156
0.25 0.25 0.25 0.25
95.19117940983315
45.0
370.00263593103597 154.19495811504805
1
370.00263593103597 261.2384454224627
0.25 0.25 0.25 0.25
107.04348730741462
45.0
12.045363212947166 128.12240495744354
1
12.045363212947166 281.7236846751058
0.25 0.25 0.25 0.25
153.60127971766227
45.0
86.94846045418694 364.26566319909944
0
86.94846045418694 486.7166698410093
0.25 0.25 0.25 0.25
149.01766695989124
45.0
290.06255601067676 492.29223916039246
2
455.22600245728677 492.29223916039246
0.25 0.25 0.25 0.25
165.16344644661004
45.0
111.41836301059347 349.80264906655697
1
111.41836301059347 452.0095033050251
0.25 0.25 0.25 0.25
102.2068542384681
45.0
310.37630360950465 234.34000530106044
1
310.37630360950465 371.72631394842097
0.25 0.25 0.25 0.25
137.38630864736052
45.0
490.412300610374 292.2059617942707
3
329.59966123592767 292.2059617942707
0.25 0.25 0.25 0.25
160.81263937444638
45.0
480.80683472363603 141.95119412019062
3
368.3338131260782 141.95119412019062
0.25 0.25 0.25 0.25
112.4730215975578
45.0
263.9636936694758 133.0446506088182
1
263.9636936694758 26.244893741940132
0.25 0.25 0.25 0.25
159.28954435075832
45.0
56.246850996072766 101.65495223767276
2
38.41422917663117 101.65495223767276
0.25 0.25 0.25 0.25
94.66108017270393
45.0
403.71304003636817 210.58320376001228
2
493.523091738594 210.58320376001228
0.25 0.25 0.25 0.25
89.81005170222583
45.0
118.7625966813806 371.66463539954697
2
233.04843700900238 371.66463539954697
0.25 0.25 0.25 0.25
114.28584032762178
45.0
191.95725106842633 40.72798547722721
3
25.5317756287277 40.72798547722721
0.25 0.25 0.25 0.25
166.42547543969863
45.0
362.7493893504732 186.46619047260396
3
269.17279931034534 186.46619047260396
0.25 0.25 0.25 0.25
93.5765900401279
45.0
463.5588425190457 336.8133077729985
0
463.5588425190457 224.1922134536541
0.25 0.25 0.25 0.25
112.6210943193444
45.0
310.7407976088689 87.77554573563464
1
310.7407976088689 45.8464259304676
0.25 0.25 0.25 0.25
133.62197166610224
45.0
213.36238267045533 357.6333976888361
3
40.432976394037325 357.6333976888361
0.25 0.25 0.25 0.25
172.929406276418
45.0
20.03287321603831 103.39380312507092
2
28.00226625478222 103.39380312507092
0.25 0.25 0.25 0.25
48.03513947082053
45.0
407.673585805661 56.01111117430446
0
407.673585805661 40.390129175889086
0.25 0.25 0.25 0.25
15.620981998415374
45.0
379.05788058879284 304.11210898151046
0
379.05788058879284 259.4112696181747
0.25 0.25 0.25 0.25
44.70083936333577
45.0
22.420193695608674 102.52315329726544
2
3.542275880940977 102.52315329726544
0.25 0.25 0.25 0.25
25.96246957654965
45.0
47.08204519196525 278.2503053857235
0
47.08204519196525 246.2127522185831
0.25 0.25 0.25 0.25
32.037553167140416
45.0
50.39978122871678 203.11767026127643
1
50.39978122871678 218.92082284945926
0.25 0.25 0.25 0.25
15.803152588182833
45.0
62.83706036339939 92.64450906018546
3
23.452080798235826 92.64450906018546
0.25 0.25 0.25 0.25
39.38497956516356
45.0
411.87443455351917 368.4962426154752
0
411.87443455351917 343.64608586179963
0.25 0.25 0.25 0.25
24.850156753675545
45.0
369.62531889183185 333.13631109471214
0
369.62531889183185 304.56674514110705
0.25 0.25 0.25 0.25
28.569565953605107
45.0
354.4026596581609 288.82633182627615
1
354.4026596581609 336.815435313625
0.25 0.25 0.25 0.25
47.98910348734886
45.0
47.67751074373743 481.4637895991558
2
60.92951273481124 481.4637895991558
0.25 0.25 0.25 0.25
13.252001991073808
45.0
404.17063855919037 73.46565226670357
3
391.1147350375846 73.46565226670357
0.25 0.25 0.25 0.25
13.05590352160577
45.0
362.8914478155595 217.97631656873298
2
376.8007930180834 217.97631656873298
0.25 0.25 0.25 0.25
13.909345202523943
45.0
177.64336309384674 210.75057625832852
3
162.74836657803164 210.75057625832852
0.25 0.25 0.25 0.25
14.894996515815118
45.0
190.94360077292498 306.34780655232277
0
190.94360077292498 276.0534854647217
0.25 0.25 0.25 0.25
30.29432108760109
45.0
373.7685398776655 284.812594956645
1
373.7685398776655 323.51415171605925
0.25 0.25 0.25 0.25
38.70155675941426
45.0
152.3506886347406 135.3643769067834
1
152.3506886347406 145.3468586952124
0.25 0.25 0.25 0.25
9.982481788428998
45.0
495.2972070100467 189.04273991538304
3
484.6795797355242 189.04273991538304
0.25 0.25 0.25 0.25
10.61762727452249
45.0
256.819926925079 242.00974625625153
2
291.7596374786974 242.00974625625153
0.25 0.25 0.25 0.25
34.93971055361839
45.0
81.99371660913144 30.5114953877723
2
109.03998977449949 30.5114953877723
0.25 0.25 0.25 0.25
27.04627316536805
45.0
212.31544432501977 313.5046006990375
3
197.8530287440205 313.5046006990375
0.25 0.25 0.25 0.25
14.462415580999272
45.0
421.961575351022 226.208261680438
1
421.961575351022 274.4486667377515
0.25 0.25 0.25 0.25
48.240405057313524
45.0
482.88419839591984 144.21182866164006
3
499.3716688028012 144.21182866164006
0.25 0.25 0.25 0.25
17.74413280127899
45.0
205.4890727606341 234.79518580872465
1
205.4890727606341 275.2554093093413
0.25 0.25 0.25 0.25
40.46022350061665
45.0
302.9748809683192 356.0756892313021
0
302.9748809683192 316.00660452049874
0.25 0.25 0.25 0.25
40.06908471080334
45.0
353.03876467130317 181.51810455868502
0
353.03876467130317 154.3988615871391
0.25 0.25 0.25 0.25
27.11924297154592
45.0
146.61885487252619 54.81379014022369
2
189.01430562929158 54.81379014022369
0.25 0.25 0.25 0.25
42.395450756765385
45.0
487.6164440834868 248.22017445228028
3
476.6678334559169 248.22017445228028
0.25 0.25 0.25 0.25
10.948610627569893
45.0
