58657
111.11340051635614 97.4716772308393
1
111.11340051635614 69.9695448139089
0.25 0.25 0.25 0.25
167.4412220447482
45.0
155.1957039740534 74.10742007577932
1
155.1957039740534 198.97798000781893
0.25 0.25 0.25 0.25
124.87055993203961
45.0
192.69275102880167 68.45196772973475
2
287.8839304386348 68.45196772973475
0.25 0.25 0.25 0.25
95.19117940983315
45.0
489.12761792067136 457.0220622809519
3
382.0841306132567 457.0220622809519
0.25 0.25 0.25 0.25
107.04348730741462
45.0
476.0325660363246 281.7236846751058
0
476.0325660363246 128.12240495744354
0.25 0.25 0.25 0.25
153.60127971766227
45.0
238.3942284975476 235.635351755354
0
238.3942284975476 86.61768479546276
0.25 0.25 0.25 0.25
149.01766695989124
45.0
223.466425969833 498.6884395192677
0
223.466425969833 333.5249930726577
0.25 0.25 0.25 0.25
165.16344644661004
45.0
48.85826069698069 452.0095033050253
2
53.3485935414874 452.0095033050253
0.25 0.25 0.25 0.25
102.2068542384681
45.0
329.16409194766396 349.2275237064893
2
466.5504005950245 349.2275237064893
0.25 0.25 0.25 0.25
137.38630864736052
45.0
78.2227099936785 315.920431950193
1
78.2227099936785 476.73307132463935
0.25 0.25 0.25 0.25
160.81263937444638
45.0
294.24712208124834 95.25204345294516
1
294.24712208124834 17.220978144612644
0.25 0.25 0.25 0.25
112.4730215975578
45.0
423.2532380202341 362.5853736744988
3
263.9636936694758 362.5853736744988
0.25 0.25 0.25 0.25
159.28954435075832
45.0
381.5019734139278 240.63741933349047
3
286.84089324122385 240.63741933349047
0.25 0.25 0.25 0.25
94.66108017270393
45.0
314.7673735814386 418.0871581555686
2
404.57742528366447 418.0871581555686
0.25 0.25 0.25 0.25
89.81005170222583
45.0
147.33074816321437 314.5239209691172
2
261.61658849083614 314.5239209691172
0.25 0.25 0.25 0.25
114.28584032762178
45.0
190.5101037066181 132.93322677151252
1
190.5101037066181 33.49224866818611
0.25 0.25 0.25 0.25
166.42547543969863
45.0
438.9991931374559 338.72776139554543
3
467.42421682241616 338.72776139554543
0.25 0.25 0.25 0.25
93.5765900401279
45.0
113.13647795177582 125.16096800840927
1
113.13647795177582 237.78206232775366
0.25 0.25 0.25 0.25
112.6210943193444
45.0
453.02191925803834 475.65273575934054
0
453.02191925803834 390.7252925745572
0.25 0.25 0.25 0.25
133.62197166610224
45.0
235.98603831284098 395.2098353473442
2
408.915444589259 395.2098353473442
0.25 0.25 0.25 0.25
172.929406276418
45.0
28.770802103269396 398.7789443922616
2
76.80594157408993 398.7789443922616
0.25 0.25 0.25 0.25
48.03513947082053
45.0
235.84278382309213 475.35942887323483
3
220.22180182467676 475.35942887323483
0.25 0.25 0.25 0.25
15.620981998415374
45.0
350.93857523207015 394.51978682524884
0
350.93857523207015 349.81894746191307
0.25 0.25 0.25 0.25
44.70083936333577
45.0
327.6282242849737 196.49016813589367
1
327.6282242849737 222.45263771244333
0.25 0.25 0.25 0.25
25.96246957654965
45.0
449.8985327274957 60.82328503438795
3
417.8609795603553 60.82328503438795
0.25 0.25 0.25 0.25
32.037553167140416
45.0
60.22228688856304 365.7958229133055
3
44.41913430038021 365.7958229133055
0.25 0.25 0.25 0.25
15.803152588182833
45.0
110.07836876816556 458.7452048521045
0
110.07836876816556 419.36022528694093
0.25 0.25 0.25 0.25
39.38497956516356
45.0
51.98478029610537 393.3463993691507
1
51.98478029610537 418.1965561228262
0.25 0.25 0.25 0.25
24.850156753675545
45.0
483.8383910824307 381.16802936923693
1
483.8383910824307 409.737595322842
0.25 0.25 0.25 0.25
28.569565953605107
45.0
66.46803873406768 198.83587628153867
3
18.47893524671882 198.83587628153867
0.25 0.25 0.25 0.25
47.98910348734886
45.0
392.2295625116565 1.7081327489654434
1
392.2295625116565 11.543869242108364
0.25 0.25 0.25 0.25
13.252001991073808
45.0
260.55569982152673 230.13649452597292
2
273.6116033431325 230.13649452597292
0.25 0.25 0.25 0.25
13.05590352160577
45.0
293.3447218029399 197.83118492526202
3
279.43537660041596 197.83118492526202
0.25 0.25 0.25 0.25
13.909345202523943
45.0
449.981724010775 300.12055535321923
1
449.981724010775 315.01555186903437
0.25 0.25 0.25 0.25
14.894996515815118
45.0
51.6983720370479 215.75224739868383
0
51.6983720370479 185.45792631108276
0.25 0.25 0.25 0.25
30.29432108760109
45.0
141.55919932118002 122.18310216260026
1
141.55919932118002 160.88465892201452
0.25 0.25 0.25 0.25
38.70155675941426
45.0
102.43827969259564 425.4064244023398
3
92.45579790416664 425.4064244023398
0.25 0.25 0.25 0.25
9.982481788428998
45.0
99.2899203632123 12.692178300544214
2
109.9075476377348 12.692178300544214
0.25 0.25 0.25 0.25
10.61762727452249
45.0
267.2757313791969 80.88414717006569
3
232.33602082557852 80.88414717006569
0.25 0.25 0.25 0.25
34.93971055361839
45.0
52.5255420990906 50.62732410833185
3
25.47926893372255 50.62732410833185
0.25 0.25 0.25 0.25
27.04627316536805
45.0
165.80068569201126 111.03078256504762
1
165.80068569201126 125.4931981460469
0.25 0.25 0.25 0.25
14.462415580999272
45.0
325.480765236395 213.159755476854
2
373.7211702937085 213.159755476854
0.25 0.25 0.25 0.25
48.240405057313524
45.0
453.72449592173905 405.85628817800847
0
453.72449592173905 388.1121553767295
0.25 0.25 0.25 0.25
17.74413280127899
45.0
72.60281474336816 77.38101468079256
1
72.60281474336816 117.84123818140921
0.25 0.25 0.25 0.25
40.46022350061665
45.0
54.192645888743925 35.523011544875374
1
54.192645888743925 4.5460731659279645
0.25 0.25 0.25 0.25
40.06908471080334
45.0
243.58458070270723 317.1143194164147
2
270.70382367425316 317.1143194164147
0.25 0.25 0.25 0.25
27.11924297154592
45.0
383.5007412507491 224.46354699476456
3
341.1052904939837 224.46354699476456
0.25 0.25 0.25 0.25
42.395450756765385
45.0
151.07940520670633 357.70628072797933
3
140.13079457913642 357.70628072797933
0.25 0.25 0.25 0.25
10.948610627569893
45.0
