20335
90.13957797092706 32.06702815928455
1
90.13957797092706 68.09640957279925
0.25 0.25 0.25 0.25
100.16343773208379
45.0
417.0932268643613 395.1176781224509
3
325.3552739957622 395.1176781224509
0.25 0.25 0.25 0.25
91.73795286859912
45.0
348.3000199395243 186.8991806365466
2
476.5639868527069 186.8991806365466
0.25 0.25 0.25 0.25
128.2639669131826
45.0
11.18523782816203 124.90007582652504
2
155.9102799314494 124.90007582652504
0.25 0.25 0.25 0.25
144.72504210328736
45.0
149.6540313299021 49.50280196106115
1
149.6540313299021 156.88002198184304
0.25 0.25 0.25 0.25
107.37722002078189
45.0
39.086742831863546 460.5051588477542
2
173.89357750702766 460.5051588477542
0.25 0.25 0.25 0.25
134.8068346751641
45.0
16.08614407303827 152.19018000087272
0
16.08614407303827 20.62401062705743
0.25 0.25 0.25 0.25
131.56616937381528
45.0
106.35391128224279 439.9239567153595
0
106.35391128224279 438.33385466726065
0.25 0.25 0.25 0.25
121.74218861737981
45.0
87.10173487434116 325.8467002760859
2
1.0283149095499482 325.8467002760859
0.25 0.25 0.25 0.25
88.13004978389111
45.0
106.36877518387655 287.0228784952502
0
106.36877518387655 141.93065277143307
0.25 0.25 0.25 0.25
145.09222572381714
45.0
487.40784647222836 67.97566810106122
3
347.97526374801305 67.97566810106122
0.25 0.25 0.25 0.25
164.61688977975862
45.0
498.15987147244243 361.3631129565222
0
498.15987147244243 471.76634966354993
0.25 0.25 0.25 0.25
166.8705373799279
45.0
387.4301211523249 185.22024932080967
1
387.4301211523249 333.98299115936595
0.25 0.25 0.25 0.25
148.76274183855628
45.0
93.2024102645222 5.633676405499898
1
93.2024102645222 152.401455650632
0.25 0.25 0.25 0.25
146.7677792451321
45.0
153.85703135246717 241.8648762997284
3
65.59506618314595 241.8648762997284
0.25 0.25 0.25 0.25
88.26196516932123
45.0
134.53538231831527 187.81360226693846
1
134.53538231831527 288.9698971976768
0.25 0.25 0.25 0.25
101.15629493073833
45.0
413.70876083351595 269.4313151309552
1
413.70876083351595 405.995945409524
0.25 0.25 0.25 0.25
136.56463027856873
45.0
213.763851789844 95.49594809566321
1
213.763851789844 59.47877026822846
0.25 0.25 0.25 0.25
154.97471836389167
45.0
96.08995414644778 103.07685508760414
2
38.44007513943319 103.07685508760414
0.25 0.25 0.25 0.25
134.53002928588097
45.0
143.42203287340286 225.47123216656624
2
23.98828713512222 225.47123216656624
0.25 0.25 0.25 0.25
167.41032000852508
45.0
243.93962670868376 461.07076235928764
2
269.47579799617324 461.07076235928764
0.25 0.25 0.25 0.25
25.536171287489477
45.0
185.3010858020279 381.34011118567935
1
185.3010858020279 429.43458350759306
0.25 0.25 0.25 0.25
48.09447232191374
45.0
225.04483472751886 256.8446316042518
3
186.09306649557692 256.8446316042518
0.25 0.25 0.25 0.25
38.95176823194195
45.0
383.4656039583406 224.1507916587777
0
383.4656039583406 213.27641526800244
0.25 0.25 0.25 0.25
10.87437639077528
45.0
215.28780399854568 49.085749578003096
0
215.28780399854568 33.28976953431858
0.25 0.25 0.25 0.25
15.795980043684516
45.0
78.2203725131526 363.99558504389273
3
66.1951121464279 363.99558504389273
0.25 0.25 0.25 0.25
12.025260366724687
45.0
156.43713907568872 162.61847010121045
2
162.16759283968386 162.61847010121045
0.25 0.25 0.25 0.25
5.730453763995147
45.0
367.26154355167387 484.29809789345967
3
366.7992302301545 484.29809789345967
0.25 0.25 0.25 0.25
0.4623133215193642
45.0
313.8591521009955 55.34993275156535
2
361.3963606055341 55.34993275156535
0.25 0.25 0.25 0.25
47.53720850453858
45.0
198.22890795912122 358.859880031176
1
198.22890795912122 359.46775962619324
0.25 0.25 0.25 0.25
0.6078795950172411
45.0
149.44639160153557 39.868739102246856
1
149.44639160153557 45.66625727761047
0.25 0.25 0.25 0.25
5.797518175363614
45.0
135.48655285908944 210.71889483541645
2
184.5282766715103 210.71889483541645
0.25 0.25 0.25 0.25
49.04172381242084
45.0
343.27899676864774 71.20409094194594
0
343.27899676864774 21.237166160544596
0.25 0.25 0.25 0.25
49.96692478140134
45.0
9.853308266059894 493.3693540255162
2
38.46242315008935 493.3693540255162
0.25 0.25 0.25 0.25
28.609114884029456
45.0
28.420220359256824 472.27075370321813
0
28.420220359256824 490.29564260255563
0.25 0.25 0.25 0.25
37.43360369422624
45.0
118.43255099828966 109.55484138449869
1
118.43255099828966 118.09776400285617
0.25 0.25 0.25 0.25
8.54292261835748
45.0
260.1243672950396 58.62730228453785
0
260.1243672950396 56.78695445990509
0.25 0.25 0.25 0.25
1.8403478246327598
45.0
162.63788645883324 151.20331743668146
1
162.63788645883324 196.7510012725552
0.25 0.25 0.25 0.25
45.547683835873734
45.0
416.63126325476946 136.03587867023515
1
416.63126325476946 148.49174681887197
0.25 0.25 0.25 0.25
12.455868148636817
45.0
74.35222003329906 195.65221018084029
2
94.88729361199213 195.65221018084029
0.25 0.25 0.25 0.25
20.535073578693076
45.0
414.62026055412036 489.0945740845037
0
414.62026055412036 474.52677176648535
0.25 0.25 0.25 0.25
36.37865414901097
45.0
65.4749361686404 40.400041277888995
3
27.862374492278413 40.400041277888995
0.25 0.25 0.25 0.25
37.612561676361985
45.0
95.01008948725834 73.81762218921585
1
95.01008948725834 118.11712771096666
0.25 0.25 0.25 0.25
44.299505521750795
45.0
372.9990764060639 285.0437298770348
0
372.9990764060639 245.5662629123599
0.25 0.25 0.25 0.25
39.477466964674946
45.0
414.2473883691001 70.3646536794945
1
414.2473883691001 105.44418420079657
0.25 0.25 0.25 0.25
35.079530521302075
45.0
67.24655185230283 40.93669892463613
1
67.24655185230283 72.14117518459935
0.25 0.25 0.25 0.25
31.204476259963215
45.0
39.38804885463199 135.8891933005136
1
39.38804885463199 182.1003576849135
0.25 0.25 0.25 0.25
46.21116438439989
45.0
189.09857629255782 238.65670788459482
0
189.09857629255782 225.95541833386437
0.25 0.25 0.25 0.25
12.701289550730465
45.0
