5107
298.9818484379718 39.2389975042463
1
298.9818484379718 190.0142640513805
0.25 0.25 0.25 0.25
150.7752665471342
45.0
41.20848505937592 470.0585234466977
2
135.6239152863161 470.0585234466977
0.25 0.25 0.25 0.25
94.41543022694019
45.0
464.9748209300442 58.57056894365799
1
464.9748209300442 160.80133816123094
0.25 0.25 0.25 0.25
102.23076921757296
45.0
57.08703440774133 451.70842244375854
2
228.64966823983102 451.70842244375854
0.25 0.25 0.25 0.25
171.5626338320897
45.0
187.19793833574786 458.36042242229894
0
187.19793833574786 324.8136366830115
0.25 0.25 0.25 0.25
133.5467857392874
45.0
412.65859940285554 313.8717238778537
3
246.25878857016687 313.8717238778537
0.25 0.25 0.25 0.25
166.39981083268867
45.0
13.539409138477367 307.9728582782391
2
112.19811490374116 307.9728582782391
0.25 0.25 0.25 0.25
98.65870576526379
45.0
394.4631010210137 354.51754180935177
3
449.3699393784847 354.51754180935177
0.25 0.25 0.25 0.25
156.16695960050168
45.0
426.3354003016604 73.31552633704115
1
426.3354003016604 50.061267524929235
0.25 0.25 0.25 0.25
123.37679386197038
45.0
458.2122279233522 287.78689189579126
3
369.63848373577787 287.78689189579126
0.25 0.25 0.25 0.25
172.14928834086987
45.0
231.9410189969624 237.57117958752306
1
231.9410189969624 333.29365122193474
0.25 0.25 0.25 0.25
95.72247163441168
45.0
377.8791813526649 374.60887698938416
3
471.3089823578093 374.60887698938416
0.25 0.25 0.25 0.25
150.8118362895258
45.0
250.54222957808304 10.110156064772355
1
250.54222957808304 182.70892114099638
0.25 0.25 0.25 0.25
172.59876507622403
45.0
488.1878490136688 293.46074478156555
0
488.1878490136688 202.3627096217652
0.25 0.25 0.25 0.25
91.09803515980038
45.0
262.19206258413885 384.36582661097634
3
89.78856113753955 384.36582661097634
0.25 0.25 0.25 0.25
172.4035014465993
45.0
295.96429985880127 86.70988716283281
1
295.96429985880127 38.67295496921594
0.25 0.25 0.25 0.25
125.38284213204875
45.0
486.2665824777147 282.0972200403695
1
486.2665824777147 454.9635924390627
0.25 0.25 0.25 0.25
172.86637239869324
45.0
114.14869794557833 477.2267963590816
2
19.68018102814716 477.2267963590816
0.25 0.25 0.25 0.25
133.8288789737255
45.0
291.36981131681927 279.9912102380221
2
437.68757490704013 279.9912102380221
0.25 0.25 0.25 0.25
146.31776359022086
45.0
22.506410966740532 193.1742223098321
2
174.8250124282505 193.1742223098321
0.25 0.25 0.25 0.25
152.31860146150996
45.0
332.77285206546776 397.04373692754905
1
332.77285206546776 489.12449758824505
0.25 0.25 0.25 0.25
92.08076066069597
45.0
142.45907808011862 425.2487285627227
0
142.45907808011862 271.8539994814828
0.25 0.25 0.25 0.25
153.39472908123992
45.0
366.1882775581619 206.67691154200202
0
366.1882775581619 53.49854836097353
0.25 0.25 0.25 0.25
153.1783631810285
45.0
354.9789024653444 123.77353531808319
3
491.2746741852651 123.77353531808319
0.25 0.25 0.25 0.25
153.7464233493905
45.0
121.80590741384248 415.7027930696921
2
235.61307686803147 415.7027930696921
0.25 0.25 0.25 0.25
113.807169454189
45.0
423.0618870812525 432.9320706579016
0
423.0618870812525 285.38839402936753
0.25 0.25 0.25 0.25
147.5436766285341
45.0
33.96019652066434 126.99253460678301
1
33.96019652066434 43.33763177238677
0.25 0.25 0.25 0.25
170.33016637916978
45.0
158.28429928909142 67.85208608370402
2
6.051784030273609 67.85208608370402
0.25 0.25 0.25 0.25
164.33608331936503
45.0
182.79334303968682 58.60201207971589
1
182.79334303968682 147.368451753648
0.25 0.25 0.25 0.25
88.76643967393211
45.0
174.16615376345672 236.00042003367722
2
277.8438109417931 236.00042003367722
0.25 0.25 0.25 0.25
103.67765717833637
45.0
308.2262361685904 78.54896116018062
1
308.2262361685904 202.5998727530914
0.25 0.25 0.25 0.25
124.05091159291078
45.0
257.8240035541346 49.57275681316719
1
257.8240035541346 81.37850936720645
0.25 0.25 0.25 0.25
130.95126618037364
45.0
127.1288292237146 89.5314957667673
3
39.342727331475686 89.5314957667673
0.25 0.25 0.25 0.25
87.78610189223892
45.0
294.423146411641 163.3395715342875
3
126.97977274358581 163.3395715342875
0.25 0.25 0.25 0.25
167.44337366805522
45.0
49.830314363923435 2.9411698829230772
1
49.830314363923435 113.46637771698033
0.25 0.25 0.25 0.25
116.40754759990341
45.0
493.4027184359582 197.02168633671124
3
383.80132477435484 197.02168633671124
0.25 0.25 0.25 0.25
109.60139366160337
45.0
144.62370487913074 3.9827112222849337
2
307.71577108437094 3.9827112222849337
0.25 0.25 0.25 0.25
163.0920662052402
45.0
495.2121753132461 300.24137217887824
3
380.36211882909186 300.24137217887824
0.25 0.25 0.25 0.25
114.8500564841543
45.0
444.19900878554824 418.6074239162185
3
416.85976171301604 418.6074239162185
0.25 0.25 0.25 0.25
138.9412295014357
45.0
453.96708538365124 146.53130727184669
3
427.2928991605014 146.53130727184669
0.25 0.25 0.25 0.25
26.67418622314984
45.0
122.34292795982574 329.9188264708957
2
122.65713985716192 329.9188264708957
0.25 0.25 0.25 0.25
0.3142118973361807
45.0
141.6654752242423 232.85543633477172
0
141.6654752242423 197.07522099470697
0.25 0.25 0.25 0.25
35.78021534006475
45.0
499.4490401476116 421.3779985356337
3
456.9367501044343 421.3779985356337
0.25 0.25 0.25 0.25
43.61420974795411
45.0
361.44337874870524 10.03899639526378
2
379.7789155038701 10.03899639526378
0.25 0.25 0.25 0.25
18.33553675516488
45.0
340.0663043427679 89.66342825657313
0
340.0663043427679 66.41899830419572
0.25 0.25 0.25 0.25
23.244429952377406
45.0
436.1941644715989 348.4405275663467
1
436.1941644715989 359.4657798310074
0.25 0.25 0.25 0.25
11.025252264660685
45.0
397.0072009750623 282.7726212752243
0
397.0072009750623 276.70925624957823
0.25 0.25 0.25 0.25
6.063365025646078
45.0
102.60310894126688 1.790599974152883
1
102.60310894126688 37.60461349937471
0.25 0.25 0.25 0.25
35.814013525221824
45.0
