17707
414.0298309265422 306.27664256493046
1
414.0298309265422 442.7507897224185
0.25 0.25 0.25 0.25
136.47414715748806
45.0
47.30242385223039 74.0548991283755
2
175.6717775133494 74.0548991283755
0.25 0.25 0.25 0.25
128.36935366111902
45.0
314.2754077546696 270.4061171350637
0
314.2754077546696 161.7643709090264
0.25 0.25 0.25 0.25
108.6417462260373
45.0
489.8751041721927 426.7384324647444
0
489.8751041721927 259.2931148331234
0.25 0.25 0.25 0.25
167.44531763162098
45.0
40.20577267752142 254.1756736506238
0
40.20577267752142 162.37540458869427
0.25 0.25 0.25 0.25
91.80026906192953
45.0
162.02484892836716 238.34299499726396
1
162.02484892836716 391.0909815216561
0.25 0.25 0.25 0.25
152.74798652439213
45.0
268.02819066814675 106.04800031716195
2
427.2879981916915 106.04800031716195
0.25 0.25 0.25 0.25
159.25980752354474
45.0
489.21978327278214 141.57771371557195
3
354.237698459798 141.57771371557195
0.25 0.25 0.25 0.25
156.5425182674198
45.0
308.571275873119 431.958836293917
2
421.1085712463622 431.958836293917
0.25 0.25 0.25 0.25
112.53729537324321
45.0
200.93162323090067 120.3461330731383
1
200.93162323090067 259.8863634912602
0.25 0.25 0.25 0.25
139.54023041812192
45.0
101.87251303936165 237.67194525037905
2
8.56563540621437 237.67194525037905
0.25 0.25 0.25 0.25
110.43814844557602
45.0
482.3907123481903 68.67702518829265
3
353.1780502681877 68.67702518829265
0.25 0.25 0.25 0.25
164.43123738362203
45.0
244.60703364560666 294.39402659432494
2
355.4896120613969 294.39402659432494
0.25 0.25 0.25 0.25
110.88257841579022
45.0
119.59754886522319 2.0456728990938586
2
26.899431328084063 2.0456728990938586
0.25 0.25 0.25 0.25
146.49698019330725
45.0
397.77357747746714 287.5413875688207
1
397.77357747746714 459.8429300451876
0.25 0.25 0.25 0.25
172.3015424763669
45.0
178.6253774276591 316.0077039954761
2
269.0127286810957 316.0077039954761
0.25 0.25 0.25 0.25
90.38735125343665
45.0
46.26533582114865 253.96250796781516
2
186.4564820816753 253.96250796781516
0.25 0.25 0.25 0.25
140.19114626052664
45.0
301.2959802756368 429.5036231011318
3
199.23499142791854 429.5036231011318
0.25 0.25 0.25 0.25
102.06098884771825
45.0
465.981789657096 243.40327056009852
0
465.981789657096 137.5189771485871
0.25 0.25 0.25 0.25
105.8842934115114
45.0
130.52280027821308 356.74998016446057
1
130.52280027821308 480.6236699522723
0.25 0.25 0.25 0.25
123.87368978781174
45.0
352.0360033176135 67.24915029294722
1
352.0360033176135 176.77817733275066
0.25 0.25 0.25 0.25
109.52902703980344
45.0
174.93031501948226 451.8507421611322
3
69.1771157181027 451.8507421611322
0.25 0.25 0.25 0.25
105.75319930137957
45.0
467.3248118625419 138.15722624843667
1
467.3248118625419 267.4955627419597
0.25 0.25 0.25 0.25
129.33833649352303
45.0
62.73102509602742 421.3394170506484
2
52.42457246542786 421.3394170506484
0.25 0.25 0.25 0.25
115.15559756145528
45.0
334.95866328195456 386.47521940620317
2
433.6811828669829 386.47521940620317
0.25 0.25 0.25 0.25
98.72251958502835
45.0
422.82941125774653 265.9700560893243
0
422.82941125774653 98.02289897095838
0.25 0.25 0.25 0.25
167.94715711836594
45.0
270.19166444994414 185.6879882217215
0
270.19166444994414 48.68319977353457
0.25 0.25 0.25 0.25
137.00478844818693
45.0
414.94699661209563 100.57534735583138
3
424.47827932112205 100.57534735583138
0.25 0.25 0.25 0.25
160.5747240667823
45.0
329.6105774827108 360.907728162226
2
479.3296909007945 360.907728162226
0.25 0.25 0.25 0.25
149.71911341808365
45.0
114.22379631435747 392.6297332464253
1
114.22379631435747 416.89965612235386
0.25 0.25 0.25 0.25
24.269922875928547
45.0
458.35178858886445 75.86844609370999
2
490.73212197478176 75.86844609370999
0.25 0.25 0.25 0.25
32.38033338591734
45.0
320.49943966049045 140.05243312019846
2
334.50061091486566 140.05243312019846
0.25 0.25 0.25 0.25
14.001171254375205
45.0
222.9284094551728 467.9134742531695
2
263.7256203972731 467.9134742531695
0.25 0.25 0.25 0.25
40.79721094210028
45.0
23.67747170464628 71.86979468487486
2
36.53483834179985 71.86979468487486
0.25 0.25 0.25 0.25
12.857366637153566
45.0
420.29571760099145 220.30707047902595
3
412.9477689436452 220.30707047902595
0.25 0.25 0.25 0.25
7.347948657346254
45.0
493.069388439444 406.25714505508284
3
462.6520578245937 406.25714505508284
0.25 0.25 0.25 0.25
44.27855373596225
45.0
205.92276468129168 59.83973617986859
2
244.94354703477114 59.83973617986859
0.25 0.25 0.25 0.25
39.02078235347947
45.0
419.6917588070097 238.37358322253277
0
419.6917588070097 232.63110910503974
0.25 0.25 0.25 0.25
5.742474117493035
45.0
146.21551777947775 31.68136388802219
3
119.07462906748113 31.68136388802219
0.25 0.25 0.25 0.25
27.140888711996624
45.0
179.94443728452205 459.81266821330223
0
179.94443728452205 412.0853494000032
0.25 0.25 0.25 0.25
47.72731881329902
45.0
346.4490199078973 214.00596294387017
0
346.4490199078973 174.7283277132591
0.25 0.25 0.25 0.25
39.27763523061108
45.0
139.53818534035975 269.27328134167095
2
156.16276744331955 269.27328134167095
0.25 0.25 0.25 0.25
16.624582102959806
45.0
260.1806978363261 367.6646769519899
1
260.1806978363261 391.1980260444734
0.25 0.25 0.25 0.25
23.53334909248352
45.0
333.6737226128008 182.70608746181315
0
333.6737226128008 161.5434028144711
0.25 0.25 0.25 0.25
21.162684647342054
45.0
5.915626350241212 196.9760518302005
2
31.153997670091996 196.9760518302005
0.25 0.25 0.25 0.25
25.238371319850785
45.0
371.39375883958365 442.53701217164996
2
381.97551757884514 442.53701217164996
0.25 0.25 0.25 0.25
10.581758739261499
45.0
73.31352818825752 51.647657717851736
3
52.326045702145 51.647657717851736
0.25 0.25 0.25 0.25
20.98748248611252
45.0
398.5703084969676 460.62193516011627
0
398.5703084969676 453.86007836995526
0.25 0.25 0.25 0.25
6.761856790161019
45.0
