18821
167.50230112360975 219.8481627825738
1
167.50230112360975 335.9143077231013
0.25 0.25 0.25 0.25
116.06614494052745
45.0
393.2967870274781 441.8822617413135
3
261.7761543978752 441.8822617413135
0.25 0.25 0.25 0.25
131.52063262960294
45.0
436.14284988386726 54.756467717838476
1
436.14284988386726 181.33171173966912
0.25 0.25 0.25 0.25
126.57524402183064
45.0
192.75322738726254 34.10729481187599
3
28.01036114158586 34.10729481187599
0.25 0.25 0.25 0.25
164.74286624567668
45.0
331.3121149849915 218.73500720153118
2
452.16354194554947 218.73500720153118
0.25 0.25 0.25 0.25
120.85142696055793
45.0
35.955659199975 61.03280153260823
1
35.955659199975 113.28012892717607
0.25 0.25 0.25 0.25
174.3129304597843
45.0
231.26218672491848 364.5272696463217
0
231.26218672491848 247.4578978125503
0.25 0.25 0.25 0.25
117.0693718337714
45.0
303.0027177733075 111.16745295788837
1
303.0027177733075 32.43908523044479
0.25 0.25 0.25 0.25
143.60653818833316
45.0
49.29824578200069 183.075129503123
0
49.29824578200069 36.123234058271635
0.25 0.25 0.25 0.25
146.95189544485137
45.0
289.620602789476 332.7276937860572
0
289.620602789476 230.9561714397749
0.25 0.25 0.25 0.25
101.77152234628232
45.0
497.8817328103383 436.25585647461617
3
338.58127581920485 436.25585647461617
0.25 0.25 0.25 0.25
163.53699137045686
45.0
7.157192153207291 420.34230495342604
2
145.72157410884108 420.34230495342604
0.25 0.25 0.25 0.25
152.87876626204837
45.0
256.0997850965192 141.95454068853678
1
256.0997850965192 25.117902185726393
0.25 0.25 0.25 0.25
167.07244287426317
45.0
408.4286284191587 70.3808367064754
3
420.6323002031909 70.3808367064754
0.25 0.25 0.25 0.25
170.93907137765046
45.0
49.82333378284568 129.35541409484324
1
49.82333378284568 15.446721464680422
0.25 0.25 0.25 0.25
144.80213555952366
45.0
473.2512792832474 235.1720352086968
0
473.2512792832474 95.244360717967
0.25 0.25 0.25 0.25
139.9276744907298
45.0
187.87569088117993 470.33078464737355
0
187.87569088117993 425.15142239066074
0.25 0.25 0.25 0.25
104.51779296196571
45.0
465.75684421821734 4.281963858143257
3
374.75220678791925 4.281963858143257
0.25 0.25 0.25 0.25
91.00463743029806
45.0
458.3215911164432 21.568134479155518
3
415.26642507811 21.568134479155518
0.25 0.25 0.25 0.25
126.41198380544687
45.0
499.95783489160954 55.317637638321486
1
499.95783489160954 77.28872524894058
0.25 0.25 0.25 0.25
132.60636288726207
45.0
262.881355579135 432.45067646763573
2
393.16288986643144 432.45067646763573
0.25 0.25 0.25 0.25
130.28153428729644
45.0
147.1348731545777 89.84932092277836
1
147.1348731545777 179.3759468961607
0.25 0.25 0.25 0.25
89.52662597338235
45.0
89.0751542543938 15.531808157602029
2
223.55473538862717 15.531808157602029
0.25 0.25 0.25 0.25
134.47958113423337
45.0
310.59113458248055 137.40075702411545
2
477.49745444959535 137.40075702411545
0.25 0.25 0.25 0.25
166.90631986711483
45.0
149.78215852451055 469.26874073506883
2
290.60032656674616 469.26874073506883
0.25 0.25 0.25 0.25
140.8181680422356
45.0
301.99496032509194 92.68511136506376
3
172.39944838563812 92.68511136506376
0.25 0.25 0.25 0.25
129.59551193945381
45.0
391.26157277610014 175.97777502568667
0
391.26157277610014 6.3149413250425255
0.25 0.25 0.25 0.25
169.66283370064414
45.0
81.16134716680034 36.69793981313546
2
175.04501321610095 36.69793981313546
0.25 0.25 0.25 0.25
93.88366604930061
45.0
288.7994433709091 445.5935664827447
3
177.96404712184548 445.5935664827447
0.25 0.25 0.25 0.25
110.83539624906362
45.0
419.2430597731484 170.36932047902854
0
419.2430597731484 148.22129897573015
0.25 0.25 0.25 0.25
22.1480215032984
45.0
86.90626027812988 145.23110534152283
0
86.90626027812988 106.30644446095923
0.25 0.25 0.25 0.25
38.924660880563614
45.0
237.71154683700183 131.62043864562975
3
188.38588178191026 131.62043864562975
0.25 0.25 0.25 0.25
49.32566505509159
45.0
499.9386158020877 141.9314052066788
3
498.1511089830264 141.9314052066788
0.25 0.25 0.25 0.25
1.910275214885887
45.0
261.2508082730885 412.47829207881216
3
219.8384674202824 412.47829207881216
0.25 0.25 0.25 0.25
41.412340852806125
45.0
271.1871226203276 358.2068701480781
3
225.46320427188633 358.2068701480781
0.25 0.25 0.25 0.25
45.72391834844129
45.0
368.24042429831695 300.6687620421915
0
368.24042429831695 271.5662752295702
0.25 0.25 0.25 0.25
29.102486812621315
45.0
337.24297461728474 463.8975524318548
3
311.7332097527204 463.8975524318548
0.25 0.25 0.25 0.25
25.50976486456433
45.0
22.71816932071928 394.32276089513823
2
37.33466509353826 394.32276089513823
0.25 0.25 0.25 0.25
14.616495772818983
45.0
306.64393153793526 208.77154765548292
3
285.8846221986221 208.77154765548292
0.25 0.25 0.25 0.25
20.759309339313205
45.0
477.02267525268394 205.55797890020006
0
477.02267525268394 159.6158185413811
0.25 0.25 0.25 0.25
45.94216035881895
45.0
25.885731221601645 431.6073323949522
2
21.690871863560687 431.6073323949522
0.25 0.25 0.25 0.25
47.57660308516233
45.0
387.46111170873246 176.8209856664373
2
409.53826708550486 176.8209856664373
0.25 0.25 0.25 0.25
22.077155376772378
45.0
285.43249937859696 209.46749567973544
1
285.43249937859696 256.47781626414167
0.25 0.25 0.25 0.25
47.01032058440624
45.0
322.7372454653244 275.3300379963916
0
322.7372454653244 236.1459384417749
0.25 0.25 0.25 0.25
39.18409955461669
45.0
159.33826322222595 373.6995404261779
1
159.33826322222595 421.8226896361616
0.25 0.25 0.25 0.25
48.123149209983715
45.0
123.54510405773453 194.96229855916573
3
88.87156736171258 194.96229855916573
0.25 0.25 0.25 0.25
34.67353669602195
45.0
107.68447657230163 372.48734163629086
3
104.93034577032154 372.48734163629086
0.25 0.25 0.25 0.25
2.7541308019800983
45.0
52.21471723363413 183.88692969997376
1
52.21471723363413 201.81144838612744
0.25 0.25 0.25 0.25
17.92451868615367
45.0
