9334
317.8365587335944 269.31790042807813
297.90260186292835 269.31790042807813
0.5083309672684893 0.009413498867289238 0.32222006997581804 0.16003546388840342
19.93395687066607
45.0
329.0041759698228 41.05840155297002
328.86173213770263 41.05840155297002
0.2553655700659953 0.2882498011602009 0.053040262760397014 0.40334436601340684
0.14244383212019263
45.0
322.042360679759 157.49135882049208
321.90763738409026 157.49135882049208
0.19858147243293475 0.07146761257216847 0.42094771720308294 0.30900319779181384
0.1347232956687261
45.0
464.40647573490173 92.30193910996579
464.40647573490173 107.32019903684079
0.4300891664118886 0.5398689091543952 0.011977080087471444 0.01806484434624473
15.018259926875011
45.0
317.3515403971617 80.42997692161742
327.4083130716517 80.42997692161742
0.26721110708328344 0.4884850598053155 0.20891976387978842 0.035384069231612816
10.056772674489995
45.0
168.84240593231723 315.4001031310533
128.59689367464895 315.4001031310533
0.3531074804561355 0.05185718028067901 0.02488941451027002 0.5701459247529155
40.24551225766829
45.0
76.23395996477791 285.1224885472345
67.13363795802749 285.1224885472345
0.21189600326427727 0.21473935548102757 0.30847147522107954 0.26489316603361557
9.10032200675041
45.0
17.271148457376007 243.33582093786578
14.987798961169503 243.33582093786578
0.07810979296392656 0.46853972951408646 0.34957122415470293 0.1037792533672841
2.2833494962065046
45.0
265.020235889106 425.94234361389044
253.4475755475403 425.94234361389044
0.2793803579013759 0.3020240005580886 0.2625878346604913 0.1560078068800442
11.572660341565689
45.0
179.46862104701097 12.467697458729845
145.9555793766394 12.467697458729845
0.19530599341900393 0.0839453561746328 0.346130829100222 0.37461782130614124
33.51304167037156
45.0
308.5869487203764 199.3987446954917
294.0164044029732 199.3987446954917
0.29192175222146244 0.27158987188697814 0.17572863267108857 0.2607597432204708
14.57054431740325
45.0
439.1897798902212 174.10591302000972
444.24823717985237 174.10591302000972
0.09328101319983295 0.3022695485495072 0.5458611578103516 0.05858828044030821
5.05845728963118
45.0
193.31456355871944 404.99667292460964
189.096891066872 404.99667292460964
0.33882425984084313 0.12262702023391972 0.3141614458836677 0.2243872740415693
4.217672491847447
45.0
190.1040879246238 476.5853436504026
160.79859143971382 476.5853436504026
0.23024324485670983 0.26413653164301065 0.13713615224112505 0.3684840712591545
29.30549648490998
45.0
472.3739644510539 133.05978395513756
438.9125413303437 133.05978395513756
0.06087861901406349 0.41008369860453 0.22817583348008955 0.3008618489013171
33.461423120710215
45.0
201.44922638045134 43.453909963535764
188.20094955134732 43.453909963535764
0.239834203484669 0.01293708308210323 0.4565112272777487 0.2907174861554791
13.248276829104027
45.0
28.584307258005985 346.0359389246534
4.826494685408932 346.0359389246534
0.31492676853007306 0.19964594565000554 0.14310818482693696 0.3423191009929843
23.757812572597054
45.0
457.25642907194106 101.12954697934077
483.8789969457872 101.12954697934077
0.4509138813263404 0.2991869846847591 0.24448694546141123 0.005412188527489383
26.62256787384613
45.0
215.19274575921762 135.04094550465305
194.70813635071474 135.04094550465305
0.23740854254391555 0.33076633684192075 0.12295956804800737 0.3088655525661564
20.48460940850287
45.0
356.3852731298564 104.30976507990877
344.0924745556962 104.30976507990877
0.39787248794607255 0.13946762798554008 0.3156050074272193 0.14705487664116812
12.292798574160225
45.0
53.60214010783979 442.59552991703134
26.136917134545797 442.59552991703134
0.3282647089092805 0.15077198931648275 0.07305660246374732 0.44790669931048943
27.46522297329399
45.0
308.19678695656745 393.0528795223899
284.9808809700943 393.0528795223899
0.06411551760956452 0.058443719701998464 0.41416853399449466 0.46327222869394236
23.215905986473157
45.0
427.7305831995905 208.7938576283256
403.75325318316027 208.7938576283256
0.22216532051731894 0.11034034598034981 0.5207101527565904 0.14678418074574098
23.977330016430255
45.0
54.42758791940249 282.0655176902955
58.11680090348176 282.0655176902955
0.24290497634736957 0.524955030575135 0.15156120518116523 0.0805787878963302
3.689212984079271
45.0
466.98851724706446 381.0793653023317
456.1406752065299 381.0793653023317
0.3895671101551381 0.1747728528345606 0.07897132759653945 0.35668870941376185
10.847842040534545
45.0
178.52401837411318 46.85184617170796
178.52401837411318 67.18028072364662
0.566087101160756 0.36686042299872007 0.021747950175181236 0.04530452566534279
20.328434551938653
45.0
85.26851610825065 91.4550345053238
76.2641448767182 91.4550345053238
0.0029995620570535154 0.21037026340375595 0.5594295787637172 0.22720059577547325
9.004371231532444
45.0
97.50473760669628 274.9771574274386
74.27132209229893 274.9771574274386
0.4152298750570614 0.0716133258371281 0.08304022237958067 0.4301165767262298
23.233415514397354
45.0
418.34796836387034 30.94811657546103
460.1543217859978 30.94811657546103
0.1769776685155817 0.4564077953123814 0.2929446069787379 0.07366992919329891
41.8063534221275
45.0
417.0674915923245 94.42055351548333
386.07049057672833 94.42055351548333
0.2794849098539624 0.22135316603630065 0.4040845422222593 0.09507738188747764
30.997001015596137
45.0
76.19931945629864 211.72289483441818
51.1461143810292 211.72289483441818
0.26428994423876445 0.20557138006339704 0.12859193937701366 0.4015467363208248
25.053205075269442
45.0
292.6677027670091 384.25230963475053
285.11170938484173 384.25230963475053
0.09949339008419796 0.16161579050201097 0.3632970843798021 0.37559373503398896
7.555993382167358
45.0
280.17101758943016 488.1244972834519
248.68752332117722 488.1244972834519
0.2376831440542158 0.13065876017308617 0.3231331769382128 0.3085249188344852
31.48349426825292
45.0
423.1061222136887 239.28438974103187
413.5713868800557 239.28438974103187
0.1291713219706651 0.26109870570959914 0.06297396063878503 0.5467560116809507
9.534735333633016
45.0
281.27651719440996 472.9908659312064
262.9867087322528 472.9908659312064
0.3159214368869409 0.19334844282002575 0.17579053554493362 0.31493958474809974
18.289808462157186
45.0
96.58190106662161 471.73736292579935
77.65391651156467 471.73736292579935
0.1381027229375858 0.23451875271898012 0.39125366670310824 0.23612485764032579
18.927984555056938
45.0
191.29944640172704 279.01150419066505
159.42522611836193 279.01150419066505
0.10519386685735711 0.2604723498327989 0.45958886706195184 0.17474491624789212
31.87422028336509
45.0
438.1353287231095 98.64181328283973
416.1591965375398 98.64181328283973
0.25145276336578426 0.04889062097766886 0.4494288920650178 0.25022772359152895
21.976132185569735
45.0
399.94139106895886 344.8753983420323
381.4702227428484 344.8753983420323
0.3519826369815435 0.33304168399930056 0.1301283805131877 0.18484729850596818
18.471168326110448
45.0
163.71085471338563 153.9537213928889
201.47023804790223 153.9537213928889
0.4955089505760125 0.28640341366168887 0.16103265157925908 0.05705498418303955
37.759383334516585
45.0
183.5565574282834 475.39168681768786
165.43226420961295 475.39168681768786
0.3127142939977192 0.24337649025337885 0.07917239470270505 0.364736821046197
18.124293218670463
45.0
266.0164867159752 29.608464662940264
232.16507869730944 29.608464662940264
0.09370541334453977 0.06397309842118527 0.22404513591962238 0.6182763523146527
33.85140801866577
45.0
232.82010012488058 427.4534435202839
221.89935474679618 427.4534435202839
0.4525957271990666 0.20457666890219528 0.15267499457097036 0.19015260932776792
10.920745378084401
45.0
2.5436430458682366 435.1505564176449
458.54453841379865 435.1505564176449
0.3857599752850788 0.3251152503665489 0.14131915982953552 0.14780561451883664
43.99910463206961
45.0
109.09271404705916 473.51884017950135
77.00474169904345 473.51884017950135
0.3038773483041362 0.08703119742342848 0.10814287634123297 0.5009485779312023
32.08797234801571
45.0
29.51853412775003 492.5539975961102
21.186333604308572 492.5539975961102
0.07810153582614898 0.5838974915898469 0.16585014035486967 0.1721508322291343
8.332200523441458
45.0
372.6000286299736 88.02252929602723
366.2624111704392 88.02252929602723
0.27282771449444937 0.03512413300365565 0.3403970835866045 0.35165106891529047
6.337617459534423
45.0
38.05763378857711 100.25578401600563
80.31535575001593 100.25578401600563
0.3886827553424342 0.24744656638485132 0.3319534940949387 0.03191718417777577
42.25772196143882
45.0
