12916
43.26993862411956 351.89749980873376
1
43.26993862411956 485.16423379500816
0.25 0.25 0.25 0.25
133.26673398627443
45.0
460.96030870957225 303.1574797358353
3
381.71786717381906 303.1574797358353
0.25 0.25 0.25 0.25
157.3218241166087
45.0
416.31452625288637 449.6144936116624
0
416.31452625288637 438.34718722483274
0.25 0.25 0.25 0.25
112.03831916350484
45.0
272.4841821488825 445.5095728565873
3
137.71121196117187 445.5095728565873
0.25 0.25 0.25 0.25
134.77297018771063
45.0
329.16070948186655 432.6582168809515
0
329.16070948186655 258.8217311055098
0.25 0.25 0.25 0.25
173.83648577544173
45.0
361.4479983211188 489.74612547222694
0
361.4479983211188 357.9271950324571
0.25 0.25 0.25 0.25
131.81893043976984
45.0
499.7727584050604 16.98972558813219
1
499.7727584050604 112.98233586127863
0.25 0.25 0.25 0.25
95.99261027314644
45.0
319.45304075713466 110.65357168834191
1
319.45304075713466 277.81189746058203
0.25 0.25 0.25 0.25
167.15832577224012
45.0
44.009164400522366 259.9744192001866
2
122.9192071195964 259.9744192001866
0.25 0.25 0.25 0.25
166.92837152011876
45.0
263.6238751720649 312.1144868928915
2
414.158482014842 312.1144868928915
0.25 0.25 0.25 0.25
150.53460684277704
45.0
104.75382094199027 297.8601315619304
2
222.3089826473216 297.8601315619304
0.25 0.25 0.25 0.25
117.55516170533134
45.0
347.6673980348544 19.628578463011195
3
255.14283279747463 19.628578463011195
0.25 0.25 0.25 0.25
92.52456523737976
45.0
18.264647844978498 307.503917468519
0
18.264647844978498 182.23461821499302
0.25 0.25 0.25 0.25
125.26929925352594
45.0
96.29249619645717 442.45908097879715
2
28.13835091657228 442.45908097879715
0.25 0.25 0.25 0.25
124.43084711302944
45.0
400.77850212914484 492.0816535437433
3
270.7016001282185 492.0816535437433
0.25 0.25 0.25 0.25
130.07690200092637
45.0
295.6107002504641 187.61036212683007
0
295.6107002504641 65.40959443005305
0.25 0.25 0.25 0.25
122.20076769677702
45.0
426.366646340898 231.6972676953393
1
426.366646340898 342.22527094784766
0.25 0.25 0.25 0.25
110.52800325250837
45.0
64.330005153672 100.15154235192949
2
164.78123495228976 100.15154235192949
0.25 0.25 0.25 0.25
100.45122979861776
45.0
211.92140809614 211.76059984647713
2
363.4358769547555 211.76059984647713
0.25 0.25 0.25 0.25
151.5144688586155
45.0
207.133768537022 361.6998897801027
0
207.133768537022 189.69991662104113
0.25 0.25 0.25 0.25
171.99997315906157
45.0
174.44838052139093 130.20074407968875
0
174.44838052139093 1.4639211908217362
0.25 0.25 0.25 0.25
128.736822888867
45.0
483.3330514233328 290.93365398533206
3
325.04603825846317 290.93365398533206
0.25 0.25 0.25 0.25
158.28701316486962
45.0
329.00303003353497 455.1893418077858
0
329.00303003353497 354.8461625328591
0.25 0.25 0.25 0.25
100.34317927492665
45.0
194.36021535678722 55.34666789931728
3
60.92817633082069 55.34666789931728
0.25 0.25 0.25 0.25
133.43203902596653
45.0
496.6802438294237 52.841326567548776
1
496.6802438294237 203.4561018011343
0.25 0.25 0.25 0.25
150.61477523358553
45.0
211.61590083978717 242.28873322355042
2
366.9345944449074 242.28873322355042
0.25 0.25 0.25 0.25
155.31869360512025
45.0
102.33475732770131 296.3336162613059
0
102.33475732770131 192.38448208747107
0.25 0.25 0.25 0.25
103.94913417383484
45.0
8.829114939209376 363.93159734378366
2
166.51860355652127 363.93159734378366
0.25 0.25 0.25 0.25
157.6894886173119
45.0
262.4852483436305 157.65229880010673
0
262.4852483436305 60.81835865954909
0.25 0.25 0.25 0.25
96.83394014055764
45.0
163.21034217466794 50.591515227525434
0
163.21034217466794 49.63112694591427
0.25 0.25 0.25 0.25
0.9603882816111686
45.0
130.43453587000613 369.87593458081335
3
95.08128263501365 369.87593458081335
0.25 0.25 0.25 0.25
35.35325323499248
45.0
339.9206673073942 328.2891951130399
1
339.9206673073942 377.00715559852677
0.25 0.25 0.25 0.25
48.71796048548687
45.0
366.8878940565438 257.9551171223456
0
366.8878940565438 215.65074087923108
0.25 0.25 0.25 0.25
42.30437624311451
45.0
27.721537790873164 489.4775762373344
0
27.721537790873164 461.9729377565187
0.25 0.25 0.25 0.25
48.54948600614687
45.0
136.11381179360689 290.90522415297846
3
131.23371832916715 290.90522415297846
0.25 0.25 0.25 0.25
4.880093464439739
45.0
3.6089516833003827 255.12409135833462
2
20.09065479465023 255.12409135833462
0.25 0.25 0.25 0.25
23.699606477950613
45.0
225.33527345489222 172.67257580858507
1
225.33527345489222 190.20526695322025
0.25 0.25 0.25 0.25
17.532691144635187
45.0
121.2235654022964 239.51045135115783
3
90.55855193331024 239.51045135115783
0.25 0.25 0.25 0.25
30.665013468986167
45.0
352.7807924790228 192.89678852780673
0
352.7807924790228 145.80887672667245
0.25 0.25 0.25 0.25
47.08791180113428
45.0
469.41425509251917 224.1728247914299
3
481.4501935905947 224.1728247914299
0.25 0.25 0.25 0.25
49.13555131688612
45.0
403.68074038070534 330.28598795864934
0
403.68074038070534 327.55583668887084
0.25 0.25 0.25 0.25
2.7301512697785135
45.0
162.42188282441396 326.2012230837531
1
162.42188282441396 372.8050016282448
0.25 0.25 0.25 0.25
46.60377854449166
45.0
40.97524838702937 229.63025832004269
2
60.128482416322896 229.63025832004269
0.25 0.25 0.25 0.25
19.153234029293532
45.0
409.50760822500973 131.55630569529728
3
395.38231130157266 131.55630569529728
0.25 0.25 0.25 0.25
14.12529692343707
45.0
111.72586796470344 294.0478247274666
1
111.72586796470344 305.12998127733636
0.25 0.25 0.25 0.25
11.08215654986976
45.0
79.7876940330518 296.398178376001
0
79.7876940330518 283.11981101357657
0.25 0.25 0.25 0.25
13.27836736242442
45.0
12.456582788434588 484.0080935820271
0
12.456582788434588 460.24882171906916
0.25 0.25 0.25 0.25
23.75927186295791
45.0
213.21236649799593 353.4906851793431
1
213.21236649799593 370.58020743433104
0.25 0.25 0.25 0.25
17.089522254987944
45.0
