12916
178.53465302216145 246.30431782067555
1
178.53465302216145 379.57105180695
0.25 0.25 0.25 0.25
133.26673398627443
45.0
213.51070127277558 145.8356556192266
1
213.51070127277558 303.1574797358353
0.25 0.25 0.25 0.25
157.3218241166087
45.0
247.57051625659906 26.49583437227372
2
359.6088354201039 26.49583437227372
0.25 0.25 0.25 0.25
112.03831916350484
45.0
379.7861159740114 15.398546392570267
3
245.01314578630078 15.398546392570267
0.25 0.25 0.25 0.25
134.77297018771063
45.0
243.12288017656587 296.5581642636389
0
243.12288017656587 122.72167848819717
0.25 0.25 0.25 0.25
173.83648577544173
45.0
79.44087980509579 442.10574431741543
2
211.25981024486563 442.10574431741543
0.25 0.25 0.25 0.25
131.81893043976984
45.0
443.85404540044954 32.834541324207535
3
460.15334432640407 32.834541324207535
0.25 0.25 0.25 0.25
95.99261027314644
45.0
325.3529500240161 208.91330668893477
3
158.19462425177596 208.91330668893477
0.25 0.25 0.25 0.25
167.15832577224012
45.0
385.71705304432237 72.3120947193384
1
385.71705304432237 94.61627680078035
0.25 0.25 0.25 0.25
166.92837152011876
45.0
478.5928667698223 11.045273207337402
3
370.8725263874006 11.045273207337402
0.25 0.25 0.25 0.25
150.53460684277704
45.0
367.02907688870226 61.18755714190057
1
367.02907688870226 178.7427188472319
0.25 0.25 0.25 0.25
117.55516170533134
45.0
34.55326710036036 482.25140464991
2
127.07783233774012 482.25140464991
0.25 0.25 0.25 0.25
92.52456523737976
45.0
156.46031126774972 428.46442866562984
3
31.191012014223787 428.46442866562984
0.25 0.25 0.25 0.25
125.26929925352594
45.0
405.984115351425 433.35263478726847
3
281.5532682383955 433.35263478726847
0.25 0.25 0.25 0.25
124.43084711302944
45.0
290.2212238828978 394.3039524127181
0
290.2212238828978 264.22705041179177
0.25 0.25 0.25 0.25
130.07690200092637
45.0
138.17317811721853 156.59808253771712
3
15.972410420441506 156.59808253771712
0.25 0.25 0.25 0.25
122.20076769677702
45.0
421.11867561347333 310.4468071123532
3
468.3533211340183 310.4468071123532
0.25 0.25 0.25 0.25
110.52800325250837
45.0
209.94989632511567 4.8119854328658676
3
109.49866652649791 4.8119854328658676
0.25 0.25 0.25 0.25
100.45122979861776
45.0
90.69631640983425 120.86994066385898
1
90.69631640983425 272.38440952247447
0.25 0.25 0.25 0.25
151.5144688586155
45.0
372.86582884890163 306.3009422889884
1
372.86582884890163 478.30091544805
0.25 0.25 0.25 0.25
171.99997315906157
45.0
431.9220262991249 327.8852236355508
3
303.18520341025794 327.8852236355508
0.25 0.25 0.25 0.25
128.736822888867
45.0
185.18642198188223 493.0481617064932
0
185.18642198188223 348.6648251286372
0.25 0.25 0.25 0.25
158.28701316486962
45.0
228.65985075860831 358.27795528212573
0
228.65985075860831 257.93477600719905
0.25 0.25 0.25 0.25
100.34317927492665
45.0
60.92817633082069 188.77870692528384
1
60.92817633082069 322.2107459512504
0.25 0.25 0.25 0.25
133.43203902596653
45.0
449.01632953547755 203.4561018011343
1
449.01632953547755 354.07087703471984
0.25 0.25 0.25 0.25
150.61477523358553
45.0
492.4514834138753 136.43649235596854
3
337.13278980875504 136.43649235596854
0.25 0.25 0.25 0.25
155.31869360512025
45.0
493.16484332590267 94.4964697368955
3
402.88602250026247 94.4964697368955
0.25 0.25 0.25 0.25
103.94913417383484
45.0
477.99786452007106 105.23715223707802
3
320.30837590275917 105.23715223707802
0.25 0.25 0.25 0.25
157.6894886173119
45.0
480.52567418640706 36.01558148100858
3
422.6403856730353 36.01558148100858
0.25 0.25 0.25 0.25
96.83394014055764
45.0
177.61616639883533 5.453265991800533
2
178.5765546804465 5.453265991800533
0.25 0.25 0.25 0.25
0.9603882816111686
45.0
191.03213291978085 74.58092307951694
1
191.03213291978085 109.93417631450941
0.25 0.25 0.25 0.25
35.35325323499248
45.0
242.48474633642047 328.2891951130399
3
193.76678585093362 328.2891951130399
0.25 0.25 0.25 0.25
48.71796048548687
45.0
28.452884111627647 104.0426419846359
2
13.851492131486864 104.0426419846359
0.25 0.25 0.25 0.25
42.30437624311451
45.0
319.0184538277544 180.1470954676156
3
270.4689678216075 180.1470954676156
0.25 0.25 0.25 0.25
48.54948600614687
45.0
262.9962418690401 456.8284019439286
3
258.1161484046004 456.8284019439286
0.25 0.25 0.25 0.25
4.880093464439739
45.0
299.8694046039837 432.1644965022333
2
323.5690110819343 432.1644965022333
0.25 0.25 0.25 0.25
23.699606477950613
45.0
90.25316714854108 37.71971792703714
0
90.25316714854108 20.18702678240195
0.25 0.25 0.25 0.25
17.532691144635187
45.0
173.4811248110219 177.85429273810507
0
173.4811248110219 147.1892792691189
0.25 0.25 0.25 0.25
30.665013468986167
45.0
435.8027639051113 51.63305312440389
3
388.714852103977 51.63305312440389
0.25 0.25 0.25 0.25
47.08791180113428
45.0
44.483266902821896 175.03727347454378
0
44.483266902821896 125.90172215765766
0.25 0.25 0.25 0.25
49.13555131688612
45.0
474.6646733949464 341.20659303776335
2
477.3948246647249 341.20659303776335
0.25 0.25 0.25 0.25
2.7301512697785135
45.0
328.8990305993192 326.2012230837531
2
375.50280914381085 326.2012230837531
0.25 0.25 0.25 0.25
46.60377854449166
45.0
385.7334609143129 153.434422265828
3
366.5802268850194 153.434422265828
0.25 0.25 0.25 0.25
19.153234029293532
45.0
307.98645330624873 37.94725738594754
0
307.98645330624873 23.821960462510468
0.25 0.25 0.25 0.25
14.12529692343707
45.0
43.4243237334732 94.56900682981103
1
43.4243237334732 105.6511633796808
0.25 0.25 0.25 0.25
11.08215654986976
45.0
238.89312266513434 482.29532144994306
3
225.6147553027099 482.29532144994306
0.25 0.25 0.25 0.25
13.27836736242442
45.0
107.49367024026628 468.4733626920571
1
107.49367024026628 492.232634555015
0.25 0.25 0.25 0.25
23.75927186295791
45.0
8.951422816847305 302.22211841437917
0
8.951422816847305 285.1325961593912
0.25 0.25 0.25 0.25
17.089522254987944
45.0
