48753
199.74366851469298 246.22214488820777
1
199.74366851469298 246.99337071320116
0.25 0.25 0.25 0.25
0.7712258249933879
45.0
117.88344322949217 209.519587072746
3
87.77099675478996 209.519587072746
0.25 0.25 0.25 0.25
30.112446474702203
45.0
328.58453028127377 385.4362738081785
1
328.58453028127377 433.9552937624534
0.25 0.25 0.25 0.25
48.5190199542749
45.0
245.8374612917234 385.5995176293116
3
216.19265282553272 385.5995176293116
0.25 0.25 0.25 0.25
29.644808466190693
45.0
100.46233304394946 17.54626979575532
1
100.46233304394946 23.603548103657026
0.25 0.25 0.25 0.25
41.14981789941235
45.0
444.71561799546737 45.68110712516145
2
481.2830723438832 45.68110712516145
0.25 0.25 0.25 0.25
36.567454348415815
45.0
27.699721566090748 378.66207322255025
2
40.50024341630633 378.66207322255025
0.25 0.25 0.25 0.25
12.800521850215585
45.0
16.537141651511963 46.74329160677193
2
35.0187930601401 46.74329160677193
0.25 0.25 0.25 0.25
18.481651408628135
45.0
165.23814116892413 257.1652690557661
1
165.23814116892413 283.1896004252153
0.25 0.25 0.25 0.25
26.024331369449214
45.0
78.77046888936137 181.22215214196478
0
78.77046888936137 157.12636659422748
0.25 0.25 0.25 0.25
24.095785547737293
45.0
226.79367173636365 459.26328580612403
3
191.38012902827973 459.26328580612403
0.25 0.25 0.25 0.25
35.41354270808393
45.0
29.923208629237745 290.81274043918097
2
0.40352851772754406 290.81274043918097
0.25 0.25 0.25 0.25
30.32673714696529
45.0
98.02825962241977 489.1211986983535
2
105.54865429079273 489.1211986983535
0.25 0.25 0.25 0.25
7.520394668372954
45.0
332.0081332641156 141.48485619366585
0
332.0081332641156 94.77038661756188
0.25 0.25 0.25 0.25
46.71446957610397
45.0
218.35894449556054 48.313443396813284
3
209.6747516541314 48.313443396813284
0.25 0.25 0.25 0.25
8.684192841429123
45.0
474.5292184801473 126.2890424368984
1
474.5292184801473 142.99771569227298
0.25 0.25 0.25 0.25
16.708673255374578
45.0
204.69577958522 171.66025026808794
0
204.69577958522 121.7047591957149
0.25 0.25 0.25 0.25
49.95549107237303
45.0
243.4742465006148 300.72883214113443
3
226.03780299932498 300.72883214113443
0.25 0.25 0.25 0.25
17.436443501289833
45.0
353.3356876405701 268.22538468675725
0
353.3356876405701 229.96646247685408
0.25 0.25 0.25 0.25
38.25892220990316
45.0
224.3036873135193 47.84188936513845
3
217.97991591660482 47.84188936513845
0.25 0.25 0.25 0.25
6.3237713969144735
45.0
207.12231619105313 254.39112811162738
0
207.12231619105313 236.0353669287844
0.25 0.25 0.25 0.25
18.35576118284296
45.0
209.161959471665 407.0480087741565
0
209.161959471665 375.57145353150537
0.25 0.25 0.25 0.25
31.476555242651095
45.0
128.75354141473042 184.90121991895757
1
128.75354141473042 220.91066493890887
0.25 0.25 0.25 0.25
36.0094450199513
45.0
394.23186970731945 25.822946949749568
0
394.23186970731945 23.58261105368392
0.25 0.25 0.25 0.25
2.2403358960656483
45.0
256.25604144427933 287.47117656752454
0
256.25604144427933 286.0921047977152
0.25 0.25 0.25 0.25
1.3790717698093702
45.0
253.12491535217148 355.22631478807
2
302.18972135140257 355.22631478807
0.25 0.25 0.25 0.25
49.06480599923108
45.0
389.7317464002977 239.27388482367252
1
389.7317464002977 250.29126302370918
0.25 0.25 0.25 0.25
11.017378200036648
45.0
223.94711235916031 382.98645133016
0
223.94711235916031 336.8577117989487
0.25 0.25 0.25 0.25
46.12873953121131
45.0
334.564593638191 265.0083841088482
3
309.59476071336985 265.0083841088482
0.25 0.25 0.25 0.25
24.96983292482115
45.0
477.5903700553195 308.90461745079085
3
475.5344289591861 308.90461745079085
0.25 0.25 0.25 0.25
2.0559410961334343
45.0
121.59151080037847 91.04034659710754
0
121.59151080037847 75.52550604350947
0.25 0.25 0.25 0.25
15.514840553598075
45.0
450.8329851014545 46.95270879305616
0
450.8329851014545 39.24778820207837
0.25 0.25 0.25 0.25
7.7049205909777925
45.0
394.20999997584363 445.2881341890585
0
394.20999997584363 398.6272263549266
0.25 0.25 0.25 0.25
46.66090783413186
45.0
439.57527926348 301.8496738363096
3
399.7283337383575 301.8496738363096
0.25 0.25 0.25 0.25
39.846945525122536
45.0
491.44473895929093 485.8217737159397
2
497.2230538830665 485.8217737159397
0.25 0.25 0.25 0.25
5.778314923775568
45.0
214.04335181916795 244.27942450227278
3
211.29785531331797 244.27942450227278
0.25 0.25 0.25 0.25
2.7454965058499923
45.0
182.61001334573206 143.38736094585536
2
221.7829930422885 143.38736094585536
0.25 0.25 0.25 0.25
39.17297969655644
45.0
47.19814779993372 158.37981875035567
1
47.19814779993372 167.09836624902707
0.25 0.25 0.25 0.25
8.718547498671391
45.0
363.04732361540624 163.75357725564643
1
363.04732361540624 177.66240948923848
0.25 0.25 0.25 0.25
13.908832233592056
45.0
80.52288337778774 303.2616851078464
3
47.824485247981535 303.2616851078464
0.25 0.25 0.25 0.25
32.6983981298062
45.0
366.4032828836349 174.61416251553806
3
349.115636943718 174.61416251553806
0.25 0.25 0.25 0.25
17.287645939916903
45.0
305.1489438056717 254.27897471548874
1
305.1489438056717 279.3011472903804
0.25 0.25 0.25 0.25
25.022172574891684
45.0
171.96340979822995 403.92721706557256
1
171.96340979822995 422.65607339323196
0.25 0.25 0.25 0.25
18.728856327659372
45.0
376.2588112445443 132.08381333266453
0
376.2588112445443 114.1691929775908
0.25 0.25 0.25 0.25
17.91462035507373
45.0
194.314986488807 312.5916914636164
3
178.61483929797677 312.5916914636164
0.25 0.25 0.25 0.25
15.700147190830227
45.0
12.002804261531253 23.53187713007327
2
44.16230607518348 23.53187713007327
0.25 0.25 0.25 0.25
32.15950181365223
45.0
221.57097124369778 388.8731243765919
3
201.8431603227898 388.8731243765919
0.25 0.25 0.25 0.25
19.72781092090799
45.0
84.48577492716075 216.62099480041434
1
84.48577492716075 229.0605022017565
0.25 0.25 0.25 0.25
12.439507401342143
45.0
