20335
190.3030157030109 265.15453039529086
2
290.4664534350947 265.15453039529086
0.25 0.25 0.25 0.25
100.16343773208379
45.0
225.0724432158325 119.90381951665357
1
225.0724432158325 211.6417723852527
0.25 0.25 0.25 0.25
91.73795286859912
45.0
164.75584771320607 265.23438655292864
1
164.75584771320607 393.4983534661112
0.25 0.25 0.25 0.25
128.2639669131826
45.0
168.98557465446095 6.7496715537507725
1
168.98557465446095 137.9753705495366
0.25 0.25 0.25 0.25
144.72504210328736
45.0
189.82121172475817 272.62885810128455
2
297.19843174554006 272.62885810128455
0.25 0.25 0.25 0.25
107.37722002078189
45.0
95.43890010571477 22.370022579050953
1
95.43890010571477 112.43681209611316
0.25 0.25 0.25 0.25
134.8068346751641
45.0
326.0830090578853 189.97897313005075
3
194.51683968407002 189.97897313005075
0.25 0.25 0.25 0.25
131.56616937381528
45.0
310.9976366918195 22.572408741297238
2
432.7398253091993 22.572408741297238
0.25 0.25 0.25 0.25
121.74218861737981
45.0
232.79238206492548 467.32374777893403
0
232.79238206492548 444.5462024371749
0.25 0.25 0.25 0.25
88.13004978389111
45.0
152.5245161303178 101.31705847604132
1
152.5245161303178 246.40928419985846
0.25 0.25 0.25 0.25
145.09222572381714
45.0
171.0597126468061 80.27432942250957
1
171.0597126468061 244.8912192022682
0.25 0.25 0.25 0.25
164.61688977975862
45.0
333.7357826516493 139.24849918326152
3
166.8652452717214 139.24849918326152
0.25 0.25 0.25 0.25
166.8705373799279
45.0
124.94246046211231 482.74573299792223
0
124.94246046211231 333.98299115936595
0.25 0.25 0.25 0.25
148.76274183855628
45.0
478.75683856806927 33.0081311214247
3
331.9890593229372 33.0081311214247
0.25 0.25 0.25 0.25
146.7677792451321
45.0
7.3582999082129845 212.7464931622619
1
7.3582999082129845 301.00845833158314
0.25 0.25 0.25 0.25
88.26196516932123
45.0
67.77720754316137 419.12416731749147
2
33.37908738757696 419.12416731749147
0.25 0.25 0.25 0.25
101.15629493073833
45.0
457.75634888353477 408.96997013337614
0
457.75634888353477 272.4053398548074
0.25 0.25 0.25 0.25
136.56463027856873
45.0
110.85692366853101 490.2684133706883
0
110.85692366853101 354.75686826542005
0.25 0.25 0.25 0.25
154.97471836389167
45.0
96.72987013826639 219.6564450852705
2
37.80015914761458 219.6564450852705
0.25 0.25 0.25 0.25
134.53002928588097
45.0
147.88395292455337 104.8874877993334
2
19.526367083971707 104.8874877993334
0.25 0.25 0.25 0.25
167.41032000852508
45.0
168.72843367905818 231.24522077188237
0
168.72843367905818 205.7090494843929
0.25 0.25 0.25 0.25
25.536171287489477
45.0
377.6789750896828 188.96222189802444
3
329.5845027677691 188.96222189802444
0.25 0.25 0.25 0.25
48.09447232191374
45.0
437.1352252154943 171.62481894710962
3
398.18345698355233 171.62481894710962
0.25 0.25 0.25 0.25
38.95176823194195
45.0
453.41875018003 104.53265136024972
2
464.29312657080527 104.53265136024972
0.25 0.25 0.25 0.25
10.87437639077528
45.0
152.1038838238076 45.690130684104005
1
152.1038838238076 61.48611072778852
0.25 0.25 0.25 0.25
15.795980043684516
45.0
198.3606159215153 351.97032467716804
3
186.3353555547906 351.97032467716804
0.25 0.25 0.25 0.25
12.025260366724687
45.0
282.507121883582 197.0011926851813
1
282.507121883582 202.73164644917645
0.25 0.25 0.25 0.25
5.730453763995147
45.0
369.5731101592708 473.6648914985137
0
369.5731101592708 473.20257817699434
0.25 0.25 0.25 0.25
0.4623133215193642
45.0
161.51293294439034 134.79890126658898
0
161.51293294439034 87.2616927620504
0.25 0.25 0.25 0.25
47.53720850453858
45.0
189.7185936288799 367.3701943614177
3
189.11071403386265 367.3701943614177
0.25 0.25 0.25 0.25
0.6078795950172411
45.0
305.9793823363533 126.83151173270113
3
300.1818641609897 126.83151173270113
0.25 0.25 0.25 0.25
5.797518175363614
45.0
325.05448520428115 426.82351472605455
0
325.05448520428115 377.7817909136337
0.25 0.25 0.25 0.25
49.04172381242084
45.0
7.150981073134702 178.6305329650608
2
42.81594370826664 178.6305329650608
0.25 0.25 0.25 0.25
49.96692478140134
45.0
9.853308266059862 106.10303759807147
2
18.755806617969593 106.10303759807147
0.25 0.25 0.25 0.25
28.609114884029456
45.0
158.74779811187443 415.42843521410316
0
158.74779811187443 377.9948315198769
0.25 0.25 0.25 0.25
37.43360369422624
45.0
58.6320926697873 152.26945447628606
0
58.6320926697873 143.7265318579286
0.25 0.25 0.25 0.25
8.54292261835748
45.0
282.20854119063284 40.22382403821027
1
282.20854119063284 42.064171862843025
0.25 0.25 0.25 0.25
1.8403478246327598
45.0
388.32726124897977 287.84636894430264
3
342.77957741310604 287.84636894430264
0.25 0.25 0.25 0.25
45.547683835873734
45.0
292.0725817684015 61.30066977841421
2
304.5284499170383 61.30066977841421
0.25 0.25 0.25 0.25
12.455868148636817
45.0
356.8843251192555 235.58433497171427
3
336.3492515405624 235.58433497171427
0.25 0.25 0.25 0.25
20.535073578693076
45.0
324.08661427939467 88.92937844538301
1
324.08661427939467 125.30803259439398
0.25 0.25 0.25 0.25
36.37865414901097
45.0
253.53774455045036 228.462849659699
2
291.15030622681235 228.462849659699
0.25 0.25 0.25 0.25
37.612561676361985
45.0
95.01008948725826 191.9794109412889
1
95.01008948725826 236.2789164630397
0.25 0.25 0.25 0.25
44.299505521750795
45.0
206.09960218093352 206.08879594768496
1
206.09960218093352 245.5662629123599
0.25 0.25 0.25 0.25
39.477466964674946
45.0
379.167857847798 386.0804283712132
3
344.0883273264959 386.0804283712132
0.25 0.25 0.25 0.25
35.079530521302075
45.0
316.88236193200845 352.9814615242682
3
285.67788567204525 352.9814615242682
0.25 0.25 0.25 0.25
31.204476259963215
45.0
330.3012662205672 135.8891933005136
1
330.3012662205672 182.1003576849135
0.25 0.25 0.25 0.25
46.21116438439989
45.0
176.39728674182737 205.88842639097123
0
176.39728674182737 193.18713684024078
0.25 0.25 0.25 0.25
12.701289550730465
45.0
