20335
188.66863838217287 168.2598473048831
3
88.50520065008908 168.2598473048831
0.25 0.25 0.25 0.25
100.16343773208379
45.0
59.25889694455513 211.6417723852527
2
32.47905592404399 211.6417723852527
0.25 0.25 0.25 0.25
91.73795286859912
45.0
246.1477883318024 213.01091594200724
1
246.1477883318024 341.27488285518984
0.25 0.25 0.25 0.25
128.2639669131826
45.0
11.18523782816203 427.4254547561113
0
11.18523782816203 427.8495031406013
0.25 0.25 0.25 0.25
144.72504210328736
45.0
364.4084713714659 57.87441805972074
1
364.4084713714659 49.50280196106115
0.25 0.25 0.25 0.25
107.37722002078189
45.0
174.17476924461346 382.0504814464414
2
308.98160391977757 382.0504814464414
0.25 0.25 0.25 0.25
134.8068346751641
45.0
410.7846521944841 321.5451425038661
3
279.21848282066884 321.5451425038661
0.25 0.25 0.25 0.25
131.56616937381528
45.0
15.388277335137047 413.8614656543981
0
15.388277335137047 292.11927703701826
0.25 0.25 0.25 0.25
121.74218861737981
45.0
295.9879166384212 325.8467002760859
1
295.9879166384212 413.976750059977
0.25 0.25 0.25 0.25
88.13004978389111
45.0
458.35454764467204 479.0518444192272
3
313.2623219208549 479.0518444192272
0.25 0.25 0.25 0.25
145.09222572381714
45.0
170.47272823415946 257.1898805237165
0
170.47272823415946 92.57299074395789
0.25 0.25 0.25 0.25
164.61688977975862
45.0
168.09905376770178 192.04612701745953
3
1.2285163877738796 192.04612701745953
0.25 0.25 0.25 0.25
166.8705373799279
45.0
280.00657218366257 368.4915251635215
0
280.00657218366257 219.7287833249652
0.25 0.25 0.25 0.25
148.76274183855628
45.0
239.9701895096543 299.1692348957641
0
239.9701895096543 152.401455650632
0.25 0.25 0.25 0.25
146.7677792451321
45.0
213.00061338432192 434.20564616045317
0
213.00061338432192 345.94368099113194
0.25 0.25 0.25 0.25
88.26196516932123
45.0
336.8479721797919 115.65528252527646
3
235.69167724905355 115.65528252527646
0.25 0.25 0.25 0.25
101.15629493073833
45.0
96.53191222635968 88.81909680236771
2
233.0965425049284 88.81909680236771
0.25 0.25 0.25 0.25
136.56463027856873
45.0
438.8902599703856 475.5970746400965
3
406.13502166572266 475.5970746400965
0.25 0.25 0.25 0.25
154.97471836389167
45.0
365.1500127182097 183.93364277237242
1
365.1500127182097 318.4636720582534
0.25 0.25 0.25 0.25
134.53002928588097
45.0
349.88508704987134 109.34940785048391
3
182.47476704134627 109.34940785048391
0.25 0.25 0.25 0.25
167.41032000852508
45.0
371.62048314613116 461.0707623592877
3
346.0843118586417 461.0707623592877
0.25 0.25 0.25 0.25
25.536171287489477
45.0
55.17127580754081 381.34011118567935
2
103.26574812945455 381.34011118567935
0.25 0.25 0.25 0.25
48.09447232191374
45.0
8.665774664132798 139.98932690842597
1
8.665774664132798 178.9410951403679
0.25 0.25 0.25 0.25
38.95176823194195
45.0
383.4656039583406 61.03514579714859
1
383.4656039583406 71.90952218792387
0.25 0.25 0.25 0.25
10.87437639077528
45.0
341.6556443480217 128.0656497964257
3
325.85966430433723 128.0656497964257
0.25 0.25 0.25 0.25
15.795980043684516
45.0
102.15853298771773 339.94506431044334
0
102.15853298771773 327.91980394371865
0.25 0.25 0.25 0.25
12.025260366724687
45.0
219.4721304796353 139.69665504522987
3
213.74167671564015 139.69665504522987
0.25 0.25 0.25 0.25
5.730453763995147
45.0
366.7992302301545 478.750338035227
1
366.7992302301545 479.2126513567464
0.25 0.25 0.25 0.25
0.4623133215193642
45.0
361.396360605534 55.34993275156535
3
313.85915210099546 55.34993275156535
0.25 0.25 0.25 0.25
47.53720850453858
45.0
190.32647322389712 358.859880031176
2
190.93435281891436 358.859880031176
0.25 0.25 0.25 0.25
0.6078795950172411
45.0
253.8017187580807 45.66625727761047
1
253.8017187580807 51.46377545297408
0.25 0.25 0.25 0.25
5.797518175363614
45.0
354.930685265119 259.7606186478373
1
354.930685265119 308.80234246025816
0.25 0.25 0.25 0.25
49.04172381242084
45.0
406.88637932434546 328.5313073092648
3
356.9194545429441 328.5313073092648
0.25 0.25 0.25 0.25
49.96692478140134
45.0
18.755806617969593 163.32126736613037
0
18.755806617969593 134.71215248210092
0.25 0.25 0.25 0.25
28.609114884029456
45.0
345.9158165830056 115.95960566029328
0
345.9158165830056 78.52600196606704
0.25 0.25 0.25 0.25
37.43360369422624
45.0
109.88962837993218 126.64068662121365
2
118.43255099828966 126.64068662121365
0.25 0.25 0.25 0.25
8.54292261835748
45.0
263.8050629443051 49.42556316137406
0
263.8050629443051 47.5852153367413
0.25 0.25 0.25 0.25
1.8403478246327598
45.0
247.29126806403033 30.987417906813555
3
201.7435842281566 30.987417906813555
0.25 0.25 0.25 0.25
45.547683835873734
45.0
316.9843180656751 100.62561615386443
1
316.9843180656751 113.08148430250125
0.25 0.25 0.25 0.25
12.455868148636817
45.0
192.6037364897109 31.3716215512957
3
172.06866291101784 31.3716215512957
0.25 0.25 0.25 0.25
20.535073578693076
45.0
39.69992721071503 198.06534089241592
3
3.321273061704062 198.06534089241592
0.25 0.25 0.25 0.25
36.37865414901097
45.0
65.4749361686404 228.46284965969895
1
65.4749361686404 266.07541133606094
0.25 0.25 0.25 0.25
37.612561676361985
45.0
360.8071226177631 295.31514979796987
1
360.8071226177631 339.61465531972067
0.25 0.25 0.25 0.25
44.299505521750795
45.0
377.07279592275984 363.9986638063847
1
377.07279592275984 403.4761307710596
0.25 0.25 0.25 0.25
39.477466964674946
45.0
379.167857847798 438.5219190222763
1
379.167857847798 473.6014495435784
0.25 0.25 0.25 0.25
35.079530521302075
45.0
472.90474323182445 415.3904140441946
0
472.90474323182445 384.1859377842314
0.25 0.25 0.25 0.25
31.204476259963215
45.0
191.66777306736748 320.7338508381132
0
191.66777306736748 274.5226864537133
0.25 0.25 0.25 0.25
46.21116438439989
45.0
252.60502404621008 10.03349597144657
1
252.60502404621008 22.734785522177035
0.25 0.25 0.25 0.25
12.701289550730465
45.0
