68033
279.16774561751913 203.1040309044581
2
375.74442510220786 203.1040309044581
0.25 0.25 0.25 0.25
96.57667948468871
45.0
329.23259652572085 201.98886343180993
1
329.23259652572085 372.8060015693834
0.25 0.25 0.25 0.25
170.81713813757347
45.0
430.5012266741429 398.5686609949106
3
444.91953359177876 398.5686609949106
0.25 0.25 0.25 0.25
124.57923973407831
45.0
437.54772511100805 461.1471357686703
0
437.54772511100805 381.3906412331482
0.25 0.25 0.25 0.25
157.46222299818152
45.0
233.83965253527626 210.1947388604458
2
365.1658290425206 210.1947388604458
0.25 0.25 0.25 0.25
131.32617650724436
45.0
151.13889694658496 269.42003063409294
1
151.13889694658496 409.14353270290826
0.25 0.25 0.25 0.25
139.72350206881532
45.0
341.2828083334754 248.85425321982703
1
341.2828083334754 400.7887625483022
0.25 0.25 0.25 0.25
151.93450932847517
45.0
23.20427201043276 284.2401076348997
2
164.40356930202518 284.2401076348997
0.25 0.25 0.25 0.25
141.19929729159242
45.0
304.81674508103373 19.27403535202623
2
426.7239743811306 19.27403535202623
0.25 0.25 0.25 0.25
121.90722930009686
45.0
218.55517556400193 97.53222991395108
2
354.516959560083 97.53222991395108
0.25 0.25 0.25 0.25
135.9617839960811
45.0
104.5823169306477 418.50302718890106
2
135.92959731529584 418.50302718890106
0.25 0.25 0.25 0.25
31.34728038464813
45.0
35.89824954923535 437.24275895434806
0
35.89824954923535 434.0207168070388
0.25 0.25 0.25 0.25
3.2220421473092618
45.0
353.27898223344687 277.8325278140155
2
372.9240675464934 277.8325278140155
0.25 0.25 0.25 0.25
19.64508531304655
45.0
353.0248492791502 132.0747665873838
2
377.8818181218999 132.0747665873838
0.25 0.25 0.25 0.25
24.856968842749723
45.0
435.53841039891086 192.2935296332996
3
395.09008717569327 192.2935296332996
0.25 0.25 0.25 0.25
40.448323223217585
45.0
425.4726334719285 305.15816250722446
3
376.38612862010234 305.15816250722446
0.25 0.25 0.25 0.25
49.08650485182615
45.0
439.6856858182979 389.76512775225046
2
461.7325977985645 389.76512775225046
0.25 0.25 0.25 0.25
22.046911980266582
45.0
445.5139182817657 236.82140518863133
3
435.9892572801916 236.82140518863133
0.25 0.25 0.25 0.25
9.524661001574103
45.0
440.6778102641581 47.206450518219725
0
440.6778102641581 12.511578144632495
0.25 0.25 0.25 0.25
34.69487237358723
45.0
119.74228021640863 478.46447644668393
0
119.74228021640863 463.74058064808605
0.25 0.25 0.25 0.25
14.723895798597859
45.0
455.3489561071418 169.11804970169442
2
494.250887709412 169.11804970169442
0.25 0.25 0.25 0.25
38.90193160227015
45.0
433.5242705459958 478.97258925226
2
433.87931430738604 478.97258925226
0.25 0.25 0.25 0.25
0.3550437613902446
45.0
451.7011024737244 447.4276597958418
2
468.587625886281 447.4276597958418
0.25 0.25 0.25 0.25
16.886523412556585
45.0
141.32580800311962 359.6472727909466
2
163.38827657281803 359.6472727909466
0.25 0.25 0.25 0.25
22.062468569698407
45.0
115.44449660214579 437.36306235472705
0
115.44449660214579 428.0496062937423
0.25 0.25 0.25 0.25
9.313456060984787
45.0
69.88997357179714 451.33812613420577
0
69.88997357179714 425.832798037025
0.25 0.25 0.25 0.25
25.505328097180797
45.0
105.93850443416477 469.14267137369603
3
87.20901510375148 469.14267137369603
0.25 0.25 0.25 0.25
18.72948933041328
45.0
141.2965766688411 324.97002556191745
0
141.2965766688411 304.1400502006853
0.25 0.25 0.25 0.25
20.82997536123213
45.0
404.3205509006116 116.14391564712275
2
409.4119114949731 116.14391564712275
0.25 0.25 0.25 0.25
5.09136059436151
45.0
144.7903602734729 312.1760311679879
0
144.7903602734729 282.0661054889607
0.25 0.25 0.25 0.25
30.10992567902719
45.0
109.10217134929229 225.52072260915617
2
157.43167797829562 225.52072260915617
0.25 0.25 0.25 0.25
48.32950662900333
45.0
302.2124321371389 216.71787259815653
3
271.10808263139404 216.71787259815653
0.25 0.25 0.25 0.25
31.10434950574482
45.0
172.6916220525534 215.54450309583018
3
138.86337762953033 215.54450309583018
0.25 0.25 0.25 0.25
33.82824442302309
45.0
168.02523336644134 303.992056861573
3
143.10768479080562 303.992056861573
0.25 0.25 0.25 0.25
24.917548575635713
45.0
234.09371860676634 251.63053455036857
2
239.9355679830618 251.63053455036857
0.25 0.25 0.25 0.25
5.841849376295438
45.0
187.538273464778 328.27699851941514
1
187.538273464778 346.3852876085918
0.25 0.25 0.25 0.25
18.108289089176637
45.0
301.8655821512371 344.5190387834718
0
301.8655821512371 296.472269455488
0.25 0.25 0.25 0.25
48.04676932798378
45.0
143.37756950507094 336.7168690768382
2
158.37494002092234 336.7168690768382
0.25 0.25 0.25 0.25
14.997370515851415
45.0
184.17619066160734 354.41311109674734
2
225.06635597399182 354.41311109674734
0.25 0.25 0.25 0.25
40.89016531238448
45.0
466.2052248858903 183.85164857320717
1
466.2052248858903 229.39167445770494
0.25 0.25 0.25 0.25
45.54002588449777
45.0
13.951509850745154 311.2905301105719
1
13.951509850745154 326.4602881659192
0.25 0.25 0.25 0.25
15.169758055347277
45.0
361.70372348202807 434.2966175466691
3
314.3493077909455 434.2966175466691
0.25 0.25 0.25 0.25
47.3544156910826
45.0
452.7793231758902 371.19970496650103
3
403.9885145690051 371.19970496650103
0.25 0.25 0.25 0.25
48.79080860688514
45.0
204.6653550321452 291.46983552921006
3
179.1115811147552 291.46983552921006
0.25 0.25 0.25 0.25
25.553773917389982
45.0
495.02659967315395 403.6055088053735
1
495.02659967315395 429.15900402513057
0.25 0.25 0.25 0.25
25.55349521975704
45.0
341.3062396938245 301.381289887106
2
349.4199872139851 301.381289887106
0.25 0.25 0.25 0.25
8.113747520160613
45.0
8.182817812716657 50.91066558671367
1
8.182817812716657 86.80802259405934
0.25 0.25 0.25 0.25
35.89735700734567
45.0
381.44455777425134 419.32303344721095
1
381.44455777425134 434.97112056118766
0.25 0.25 0.25 0.25
15.648087113976722
45.0
