68033
375.74442510220786 72.2941462666566
1
375.74442510220786 168.8708257513453
0.25 0.25 0.25 0.25
96.57667948468871
45.0
354.035956024573 456.37686029304314
0
354.035956024573 285.5597221554697
0.25 0.25 0.25 0.25
170.81713813757347
45.0
444.91953359177876 21.464859665302143
3
430.5012266741429 21.464859665302143
0.25 0.25 0.25 0.25
124.57923973407831
45.0
288.3032651473779 35.76936575048546
2
445.7654881455594 35.76936575048546
0.25 0.25 0.25 0.25
157.46222299818152
45.0
109.52946492850202 395.8267316178212
2
240.85564143574638 395.8267316178212
0.25 0.25 0.25 0.25
131.32617650724436
45.0
128.30810719104568 451.13296522827636
2
268.031609259861 451.13296522827636
0.25 0.25 0.25 0.25
139.72350206881532
45.0
26.127775622801266 312.3958185191533
2
125.8067337056739 312.3958185191533
0.25 0.25 0.25 0.25
151.93450932847517
45.0
305.6028665936176 303.76691944917616
3
164.40356930202518 303.76691944917616
0.25 0.25 0.25 0.25
141.19929729159242
45.0
426.7239743811306 346.44765254826433
3
304.81674508103373 346.44765254826433
0.25 0.25 0.25 0.25
121.90722930009686
45.0
306.2494475326506 358.6206341017246
0
306.2494475326506 222.6588501056435
0.25 0.25 0.25 0.25
135.9617839960811
45.0
135.92959731529584 199.07206449636425
3
104.5823169306477 199.07206449636425
0.25 0.25 0.25 0.25
31.34728038464813
45.0
71.34071316963723 440.4648011016573
2
74.5627553169465 440.4648011016573
0.25 0.25 0.25 0.25
3.2220421473092618
45.0
451.50440879867955 140.31693062268977
2
471.1494941117261 140.31693062268977
0.25 0.25 0.25 0.25
19.64508531304655
45.0
278.45394275090104 57.50386005913464
3
253.5969739081513 57.50386005913464
0.25 0.25 0.25 0.25
24.856968842749723
45.0
152.40014783638776 394.53514574938754
0
152.40014783638776 354.08682252616995
0.25 0.25 0.25 0.25
40.448323223217585
45.0
229.12661406462394 108.81214309991988
2
278.21311891645007 108.81214309991988
0.25 0.25 0.25 0.25
49.08650485182615
45.0
483.7795097788311 477.95277567331686
1
483.7795097788311 499.99968765358346
0.25 0.25 0.25 0.25
22.046911980266582
45.0
445.5139182817657 332.0680152043722
0
445.5139182817657 322.5433542027981
0.25 0.25 0.25 0.25
9.524661001574103
45.0
232.50857602263457 467.06533625155885
2
267.2034483962218 467.06533625155885
0.25 0.25 0.25 0.25
34.69487237358723
45.0
370.0485087925723 228.15824787052
2
384.7724045911702 228.15824787052
0.25 0.25 0.25 0.25
14.723895798597859
45.0
427.9452490860477 441.4315709175856
0
427.9452490860477 402.5296393153154
0.25 0.25 0.25 0.25
38.90193160227015
45.0
434.5894018301665 477.1973704453089
1
434.5894018301665 477.5524142066991
0.25 0.25 0.25 0.25
0.3550437613902446
45.0
295.0010463379268 362.9950427330589
1
295.0010463379268 379.88156614561547
0.25 0.25 0.25 0.25
16.886523412556585
45.0
185.45074514251644 227.27246137275614
3
163.38827657281803 227.27246137275614
0.25 0.25 0.25 0.25
22.062468569698407
45.0
115.44449660214579 474.61688659866616
0
115.44449660214579 465.3034305376814
0.25 0.25 0.25 0.25
9.313456060984787
45.0
477.9752231266898 293.60859289398644
3
452.469895029509 293.60859289398644
0.25 0.25 0.25 0.25
25.505328097180797
45.0
81.35638886996804 418.4803926438243
1
81.35638886996804 437.2098819742376
0.25 0.25 0.25 0.25
18.72948933041328
45.0
328.7663549199303 179.16019803329255
3
307.93637955869815 179.16019803329255
0.25 0.25 0.25 0.25
20.82997536123213
45.0
394.13782971188857 126.32663683584576
0
394.13782971188857 121.23527624148426
0.25 0.25 0.25 0.25
5.09136059436151
45.0
415.7796913847176 402.50580820506946
2
445.88961706374477 402.50580820506946
0.25 0.25 0.25 0.25
30.10992567902719
45.0
407.6027623606744 161.1153304228705
0
407.6027623606744 112.78582379386717
0.25 0.25 0.25 0.25
48.32950662900333
45.0
395.5254806543734 187.63867097652616
2
426.6298301601182 187.63867097652616
0.25 0.25 0.25 0.25
31.10434950574482
45.0
165.5908221776774 147.888014249784
0
165.5908221776774 114.05976982676091
0.25 0.25 0.25 0.25
33.82824442302309
45.0
180.8204466924587 254.1569597103016
0
180.8204466924587 229.2394111346659
0.25 0.25 0.25 0.25
24.917548575635713
45.0
239.9355679830618 315.89087768961843
0
239.9355679830618 310.049028313323
0.25 0.25 0.25 0.25
5.841849376295438
45.0
115.10511710807141 328.27699851941514
1
115.10511710807141 346.3852876085918
0.25 0.25 0.25 0.25
18.108289089176637
45.0
157.72527416728576 280.0889624803174
3
109.67850483930198 280.0889624803174
0.25 0.25 0.25 0.25
48.04676932798378
45.0
248.35916311603074 321.7194985609868
0
248.35916311603074 306.7221280451354
0.25 0.25 0.25 0.25
14.997370515851415
45.0
306.8466865987608 114.01473984225419
1
306.8466865987608 154.90490515463867
0.25 0.25 0.25 0.25
40.89016531238448
45.0
12.685535499863548 89.38850673377945
1
12.685535499863548 134.92853261827722
0.25 0.25 0.25 0.25
45.54002588449777
45.0
29.121267906092438 296.1207720552246
1
29.121267906092438 311.2905301105719
0.25 0.25 0.25 0.25
15.169758055347277
45.0
443.32134326637606 8.106876326925786
2
490.67575895745864 8.106876326925786
0.25 0.25 0.25 0.25
47.3544156910826
45.0
205.68501657591372 165.49918970923557
3
156.89420796902857 165.49918970923557
0.25 0.25 0.25 0.25
48.79080860688514
45.0
25.318610224364633 265.91606161182006
1
25.318610224364633 291.46983552921006
0.25 0.25 0.25 0.25
25.553773917389982
45.0
428.3129146675749 417.5200246563271
3
402.75941944781783 417.5200246563271
0.25 0.25 0.25 0.25
25.55349521975704
45.0
373.76122977446687 333.83627996774834
1
373.76122977446687 341.9500274879089
0.25 0.25 0.25 0.25
8.113747520160613
45.0
79.977531827408 122.70537960140501
1
79.977531827408 158.6027366087507
0.25 0.25 0.25 0.25
35.89735700734567
45.0
334.5002964323212 408.54800829904525
2
350.1483835462979 408.54800829904525
0.25 0.25 0.25 0.25
15.648087113976722
45.0
