67911
175.47486082748938 365.39237475542916
2
329.9473589240906 365.39237475542916
0.25 0.25 0.25 0.25
154.47249809660124
45.0
84.99461781923657 487.30990423645517
2
60.78317935156625 487.30990423645517
0.25 0.25 0.25 0.25
145.7777971708028
45.0
458.1705064891138 209.65328193743278
1
458.1705064891138 325.06378653627746
0.25 0.25 0.25 0.25
115.41050459884467
45.0
97.13764924481492 478.8131418256605
0
97.13764924481492 352.6854178145091
0.25 0.25 0.25 0.25
126.12772401115141
45.0
423.7353448166417 428.14882189777893
0
423.7353448166417 270.4616022362404
0.25 0.25 0.25 0.25
157.68721966153853
45.0
325.4716733586456 81.90959044362734
1
325.4716733586456 10.686092400543231
0.25 0.25 0.25 0.25
92.59568284417057
45.0
115.85329228260989 324.09297674502466
1
115.85329228260989 474.2300815651869
0.25 0.25 0.25 0.25
150.13710482016225
45.0
128.51919757154909 32.27362084970497
2
268.50380369196023 32.27362084970497
0.25 0.25 0.25 0.25
139.98460612041114
45.0
217.30985547105345 453.69523227438845
0
217.30985547105345 437.6350622242019
0.25 0.25 0.25 0.25
108.66970550140965
45.0
18.504725165857394 179.76517442755278
0
18.504725165857394 5.004742695430423
0.25 0.25 0.25 0.25
174.76043173212236
45.0
182.68298312514347 94.99579048008607
2
315.5248577386226 94.99579048008607
0.25 0.25 0.25 0.25
132.84187461347912
45.0
308.26648368260044 222.8625140708161
2
469.5649579776458 222.8625140708161
0.25 0.25 0.25 0.25
161.2984742950454
45.0
335.98703888982243 276.50071999431714
1
335.98703888982243 426.2103252022388
0.25 0.25 0.25 0.25
149.70960520792167
45.0
402.1404870669478 41.48782406209418
3
492.2522432546241 41.48782406209418
0.25 0.25 0.25 0.25
105.60726967842814
45.0
126.79041326586233 173.7182795346114
1
126.79041326586233 309.9360901476663
0.25 0.25 0.25 0.25
136.21781061305487
45.0
149.69238552426407 443.37872316441303
2
268.27356995163433 443.37872316441303
0.25 0.25 0.25 0.25
118.58118442737025
45.0
287.5499916803552 156.16367294904583
1
287.5499916803552 12.354700102792833
0.25 0.25 0.25 0.25
168.51837305183867
45.0
288.0337275156236 279.863431992576
1
288.0337275156236 369.9335266711795
0.25 0.25 0.25 0.25
90.07009467860347
45.0
103.18206639043359 38.6050340214218
1
103.18206639043359 130.59215703263254
0.25 0.25 0.25 0.25
91.98712301121074
45.0
35.17485472150963 173.00660202407704
2
135.86517290504008 173.00660202407704
0.25 0.25 0.25 0.25
171.04002762654972
45.0
68.83726532204275 77.83125260906934
1
68.83726532204275 249.5533553927575
0.25 0.25 0.25 0.25
171.72210278368817
45.0
174.08765133619406 428.851252184048
0
174.08765133619406 256.8685973174822
0.25 0.25 0.25 0.25
171.9826548665658
45.0
180.42452076795718 155.6395565781595
3
62.09016883239035 155.6395565781595
0.25 0.25 0.25 0.25
118.33435193556683
45.0
231.19746518966826 358.66949432522495
0
231.19746518966826 200.02496989762642
0.25 0.25 0.25 0.25
158.64452442759853
45.0
204.06316051618816 215.80704631754097
1
204.06316051618816 341.1642589907941
0.25 0.25 0.25 0.25
125.35721267325314
45.0
201.75739610391818 139.98501001059404
3
83.70951561080648 139.98501001059404
0.25 0.25 0.25 0.25
118.0478804931117
45.0
406.62060903600843 247.98514646475093
0
406.62060903600843 153.3412988185272
0.25 0.25 0.25 0.25
94.64384764622372
45.0
110.01218800127653 250.39358854471914
1
110.01218800127653 355.0703177817519
0.25 0.25 0.25 0.25
104.67672923703275
45.0
228.4236822656386 26.014136207894836
1
228.4236822656386 100.24199224813985
0.25 0.25 0.25 0.25
126.25612845603469
45.0
61.87835303934215 198.10022597261388
1
61.87835303934215 202.47157242200598
0.25 0.25 0.25 0.25
4.3713464493920995
45.0
473.82661838282377 112.22497562311673
0
473.82661838282377 62.517004000062805
0.25 0.25 0.25 0.25
49.70797162305393
45.0
278.5493882336417 30.254823177755384
1
278.5493882336417 32.9441702186644
0.25 0.25 0.25 0.25
2.6893470409090128
45.0
499.08088455324383 490.54472244977023
0
499.08088455324383 486.6544502594596
0.25 0.25 0.25 0.25
3.8902721903106063
45.0
445.2318989540519 124.34174851702095
0
445.2318989540519 108.6922875364971
0.25 0.25 0.25 0.25
15.649460980523845
45.0
241.37452085738448 33.48594808512645
0
241.37452085738448 13.356906804798456
0.25 0.25 0.25 0.25
20.129041280327996
45.0
484.1238414240232 321.5999041040927
2
492.19557267776116 321.5999041040927
0.25 0.25 0.25 0.25
8.071731253737923
45.0
404.4020521539848 343.4899286920906
0
404.4020521539848 330.13868681640344
0.25 0.25 0.25 0.25
13.351241875687158
45.0
446.0692666896009 481.75074351284337
3
442.0380154816267 481.75074351284337
0.25 0.25 0.25 0.25
4.031251207974218
45.0
354.4504613380767 50.69383097428562
3
338.3914469126783 50.69383097428562
0.25 0.25 0.25 0.25
16.05901442539841
45.0
368.9311095715711 363.6910316400545
0
368.9311095715711 339.0141462246245
0.25 0.25 0.25 0.25
24.676885415430057
45.0
85.23266757391264 171.7390754839833
3
63.40424196932216 171.7390754839833
0.25 0.25 0.25 0.25
21.82842560459048
45.0
172.71394722360623 13.17853927701964
1
172.71394722360623 19.048413913890727
0.25 0.25 0.25 0.25
5.869874636871087
45.0
21.745059339077528 143.3925764509999
1
21.745059339077528 146.76343136943575
0.25 0.25 0.25 0.25
3.3708549184358283
45.0
481.31337831332684 355.9106237614412
3
457.45759276647783 355.9106237614412
0.25 0.25 0.25 0.25
23.855785546849017
45.0
419.58178822754144 498.0815733471566
0
419.58178822754144 474.49320016586967
0.25 0.25 0.25 0.25
27.42522648697373
45.0
266.14082061374495 66.87898838624437
3
217.95112743857996 66.87898838624437
0.25 0.25 0.25 0.25
48.189693175165
45.0
72.34656634455331 284.77432357015516
3
35.70301558446109 284.77432357015516
0.25 0.25 0.25 0.25
36.64355076009222
45.0
20.370012927642023 447.6818829237709
1
20.370012927642023 455.58198933302344
0.25 0.25 0.25 0.25
7.900106409252566
45.0
