58005
249.47465037995153 227.02670504676826
0
249.47465037995153 225.84423897936614
0.25 0.25 0.25 0.25
1.182466067402116
45.0
292.2321488657717 335.4698603825082
1
292.2321488657717 376.10106206454117
0.25 0.25 0.25 0.25
40.63120168203293
45.0
40.19574442154251 221.97991141743867
3
7.436487321628292 221.97991141743867
0.25 0.25 0.25 0.25
32.759257099914215
45.0
285.6312763825846 424.9121708601895
1
285.6312763825846 440.9102246966559
0.25 0.25 0.25 0.25
15.998053836466408
45.0
49.533931227135874 282.1103533828086
2
93.84260038751341 282.1103533828086
0.25 0.25 0.25 0.25
44.30866916037754
45.0
170.73993557939554 163.4943128712904
1
170.73993557939554 197.25683410565523
0.25 0.25 0.25 0.25
33.762521234364826
45.0
4.627148034453036 246.21401677547513
2
8.054816782510796 246.21401677547513
0.25 0.25 0.25 0.25
3.4276687480577603
45.0
52.54767202832145 170.21762702909348
0
52.54767202832145 121.79426352819465
0.25 0.25 0.25 0.25
48.42336350089882
45.0
238.63867981656296 422.90788920659315
1
238.63867981656296 446.75019195465177
0.25 0.25 0.25 0.25
23.84230274805863
45.0
357.3991788064317 397.73320079717666
0
357.3991788064317 351.79379126355775
0.25 0.25 0.25 0.25
45.93940953361894
45.0
33.894942918520094 206.25793950208083
0
33.894942918520094 173.46912156425077
0.25 0.25 0.25 0.25
32.78881793783005
45.0
381.1280184895187 150.11645556156603
3
338.5409172856423 150.11645556156603
0.25 0.25 0.25 0.25
42.58710120387638
45.0
47.021144072953156 330.4944461930592
1
47.021144072953156 332.64635457117936
0.25 0.25 0.25 0.25
2.1519083781201265
45.0
70.04105982113774 177.12811373429471
1
70.04105982113774 214.2166965749745
0.25 0.25 0.25 0.25
37.08858284067978
45.0
16.14307694136049 387.50396448965796
1
16.14307694136049 408.72493017984095
0.25 0.25 0.25 0.25
21.220965690183007
45.0
413.4729185739917 57.64294905960438
2
445.5530073586985 57.64294905960438
0.25 0.25 0.25 0.25
32.08008878470678
45.0
252.78073211050605 238.32596834490835
2
295.11798271553903 238.32596834490835
0.25 0.25 0.25 0.25
42.33725060503296
45.0
311.6892419253151 371.5555242817768
3
285.7302486158787 371.5555242817768
0.25 0.25 0.25 0.25
25.958993309436423
45.0
196.36418706357568 123.81572702558492
2
220.89810666219512 123.81572702558492
0.25 0.25 0.25 0.25
24.53391959861943
45.0
495.12330576289065 298.21727723291536
0
495.12330576289065 272.6637511530531
0.25 0.25 0.25 0.25
25.553526079862255
45.0
480.2755091632798 307.77031212235886
1
480.2755091632798 337.20816599877935
0.25 0.25 0.25 0.25
29.43785387642051
45.0
162.64873940366905 399.3477450098226
2
171.77387806223226 399.3477450098226
0.25 0.25 0.25 0.25
9.125138658563204
45.0
335.1032424881993 332.684983266309
3
327.5699116086878 332.684983266309
0.25 0.25 0.25 0.25
7.533330879511546
45.0
101.20482140536683 374.1889733364085
3
76.13435272389131 374.1889733364085
0.25 0.25 0.25 0.25
25.070468681475518
45.0
257.71350374664235 313.5054511072813
1
257.71350374664235 334.41391880679174
0.25 0.25 0.25 0.25
20.908467699510446
45.0
329.09934070753894 151.91792320049987
2
330.6988618885777 151.91792320049987
0.25 0.25 0.25 0.25
1.5995211810387433
45.0
226.91102411084927 371.53266534152
0
226.91102411084927 329.5789605727788
0.25 0.25 0.25 0.25
41.95370476874119
45.0
421.6173557260905 266.00871725472854
0
421.6173557260905 234.3719423330128
0.25 0.25 0.25 0.25
31.636774921715716
45.0
101.7495511738176 302.90962863290633
2
120.0616496906306 302.90962863290633
0.25 0.25 0.25 0.25
18.312098516813013
45.0
42.59089189100911 263.9369851721733
3
26.267000315094844 263.9369851721733
0.25 0.25 0.25 0.25
16.323891575914264
45.0
44.83246657483584 389.94620421743366
1
44.83246657483584 426.6196560594876
0.25 0.25 0.25 0.25
36.67345184205397
45.0
72.97073635286844 231.3757053215041
2
118.09365681545546 231.3757053215041
0.25 0.25 0.25 0.25
45.122920462587025
45.0
2.805349114912339 156.3859790280527
1
2.805349114912339 179.38768967891696
0.25 0.25 0.25 0.25
23.001710650864265
45.0
219.65760789994113 250.55865709764907
2
262.2014058076452 250.55865709764907
0.25 0.25 0.25 0.25
42.54379790770405
45.0
50.95994942254016 6.359576453805161
0
50.95994942254016 1.9995495911788623
0.25 0.25 0.25 0.25
4.360026862626299
45.0
487.1828116561368 215.70765239138166
2
494.7793851705586 215.70765239138166
0.25 0.25 0.25 0.25
7.596573514421856
45.0
329.3816394278696 360.5033533799642
2
371.40296843018746 360.5033533799642
0.25 0.25 0.25 0.25
42.021329002317856
45.0
8.029478811434176 310.4265619777479
1
8.029478811434176 311.67578413318523
0.25 0.25 0.25 0.25
1.2492221554373573
45.0
292.7235905913154 358.2014099513202
3
254.9584538974458 358.2014099513202
0.25 0.25 0.25 0.25
37.76513669386962
45.0
5.97038307599955 29.737212970649857
2
35.76688754660966 29.737212970649857
0.25 0.25 0.25 0.25
41.73727062260921
45.0
256.90250998497714 63.67144505398815
3
246.14551693302943 63.67144505398815
0.25 0.25 0.25 0.25
10.756993051947727
45.0
159.0826829184484 136.54949611885732
3
155.48197528905703 136.54949611885732
0.25 0.25 0.25 0.25
3.6007076293913642
45.0
172.54031696677072 449.453388048773
2
199.06377218524904 449.453388048773
0.25 0.25 0.25 0.25
26.523455218478315
45.0
54.19066466765048 207.36097630506725
2
76.02816752432301 207.36097630506725
0.25 0.25 0.25 0.25
21.837502856672526
45.0
462.23332138749834 441.95767797393205
3
424.58539882149284 441.95767797393205
0.25 0.25 0.25 0.25
37.64792256600548
45.0
283.7847056052776 157.879474279297
1
283.7847056052776 203.45838893376543
0.25 0.25 0.25 0.25
45.578914654468434
45.0
55.33411370268999 142.3666352328691
0
55.33411370268999 129.80171351714773
0.25 0.25 0.25 0.25
12.564921715721372
45.0
433.16292246502326 114.15604401241193
1
433.16292246502326 141.17945827636305
0.25 0.25 0.25 0.25
27.023414263951125
45.0
