9334
435.78922172424245 314.1390488694552
435.78922172424245 294.20509199878916
0.5083309672684893 0.009413498867289238 0.32222006997581804 0.16003546388840342
19.93395687066607
45.0
319.4604392177699 44.90438502021524
319.4604392177699 45.04682885233543
0.2553655700659953 0.2882498011602009 0.053040262760397014 0.40334436601340684
0.14244383212019263
45.0
323.5243169321149 155.7399559767987
323.65904022778363 155.7399559767987
0.19858147243293475 0.07146761257216847 0.42094771720308294 0.30900319779181384
0.1347232956687261
45.0
494.4429955886518 223.06885603871652
494.4429955886518 238.08711596559152
0.4300891664118886 0.5398689091543952 0.011977080087471444 0.01806484434624473
15.018259926875011
45.0
199.5089020277814 143.60924669305695
199.5089020277814 153.66601936754694
0.26721110708328344 0.4884850598053155 0.20891976387978842 0.035384069231612816
10.056772674489995
45.0
63.80015565015214 108.03473540100481
23.554643392483854 108.03473540100481
0.3531074804561355 0.05185718028067901 0.02488941451027002 0.5701459247529155
40.24551225766829
45.0
67.13363795802749 439.82796266199114
76.23395996477791 439.82796266199114
0.21189600326427727 0.21473935548102757 0.30847147522107954 0.26489316603361557
9.10032200675041
45.0
131.43862326770144 375.770091717842
131.43862326770144 378.05344121404846
0.07810979296392656 0.46853972951408646 0.34957122415470293 0.1037792533672841
2.2833494962065046
45.0
31.19142374511639 261.54949351929537
31.19142374511639 273.12215386086103
0.2793803579013759 0.3020240005580886 0.2625878346604913 0.1560078068800442
11.572660341565689
45.0
478.39037102478176 110.31119741427125
11.903412695153293 110.31119741427125
0.19530599341900393 0.0839453561746328 0.346130829100222 0.37461782130614124
33.51304167037156
45.0
429.752796467892 19.950719678362955
429.752796467892 34.521263995766205
0.29192175222146244 0.27158987188697814 0.17572863267108857 0.2607597432204708
14.57054431740325
45.0
353.9832776399778 315.7427171296827
359.041734929609 315.7427171296827
0.09328101319983295 0.3022695485495072 0.5458611578103516 0.05858828044030821
5.05845728963118
45.0
184.87921857502454 337.5139130550504
184.87921857502454 341.73158554689786
0.33882425984084313 0.12262702023391972 0.3141614458836677 0.2243872740415693
4.217672491847447
45.0
312.745753133854 326.4447417127923
312.745753133854 355.7502381977023
0.23024324485670983 0.26413653164301065 0.13713615224112505 0.3684840712591545
29.30549648490998
45.0
202.76123267471905 272.66951686993775
202.76123267471905 306.13093999064796
0.06087861901406349 0.41008369860453 0.22817583348008955 0.3008618489013171
33.461423120710215
45.0
413.4216556461159 304.98492703966303
426.6699324752199 304.98492703966303
0.239834203484669 0.01293708308210323 0.4565112272777487 0.2907174861554791
13.248276829104027
45.0
411.96711634594425 107.37187722322105
411.96711634594425 131.1296897958181
0.31492676853007306 0.19964594565000554 0.14310818482693696 0.3423191009929843
23.757812572597054
45.0
315.0073906380939 255.0361646193409
315.0073906380939 281.658732493187
0.4509138813263404 0.2991869846847591 0.24448694546141123 0.005412188527489383
26.62256787384613
45.0
293.3853223765883 474.90993125327094
293.3853223765883 495.3945406617738
0.23740854254391555 0.33076633684192075 0.12295956804800737 0.3088655525661564
20.48460940850287
45.0
262.0476260771436 272.40420357758313
262.0476260771436 284.69700215174333
0.39787248794607255 0.13946762798554008 0.3156050074272193 0.14705487664116812
12.292798574160225
45.0
158.50175495055515 195.40852315738556
158.50175495055515 222.87374613067954
0.3282647089092805 0.15077198931648275 0.07305660246374732 0.44790669931048943
27.46522297329399
45.0
390.3104792000506 300.18925557649726
413.5263851865238 300.18925557649726
0.06411551760956452 0.058443719701998464 0.41416853399449466 0.46327222869394236
23.215905986473157
45.0
202.05300441542892 160.83919759546512
226.03033443185916 160.83919759546512
0.22216532051731894 0.11034034598034981 0.5207101527565904 0.14678418074574098
23.977330016430255
45.0
131.90106058506726 21.864361655449287
131.90106058506726 25.553574639528556
0.24290497634736957 0.524955030575135 0.15156120518116523 0.0805787878963302
3.689212984079271
45.0
337.8136788960609 164.12252449164083
337.8136788960609 174.97036653217538
0.3895671101551381 0.1747728528345606 0.07897132759653945 0.35668870941376185
10.847842040534545
45.0
36.22497651054262 160.61158968487373
36.22497651054262 140.2831551329351
0.566087101160756 0.36686042299872007 0.021747950175181236 0.04530452566534279
20.328434551938653
45.0
463.45210783261336 253.53371667290781
472.4564790641458 253.53371667290781
0.0029995620570535154 0.21037026340375595 0.5594295787637172 0.22720059577547325
9.004371231532444
45.0
110.56614468526602 299.17370582275
110.56614468526602 322.4071213371473
0.4152298750570614 0.0716133258371281 0.08304022237958067 0.4301165767262298
23.233415514397354
45.0
48.79575182684252 413.910261636728
48.79575182684252 455.7166150588555
0.1769776685155817 0.4564077953123814 0.2929446069787379 0.07366992919329891
41.8063534221275
45.0
183.89654948130448 121.36957078061772
183.89654948130448 152.36657179621386
0.2794849098539624 0.22135316603630065 0.4040845422222593 0.09507738188747764
30.997001015596137
45.0
298.48586061755736 487.30815066238193
298.48586061755736 12.361355737651365
0.26428994423876445 0.20557138006339704 0.12859193937701366 0.4015467363208248
25.053205075269442
45.0
254.88773585617236 406.92028978125256
262.4437292383397 406.92028978125256
0.09949339008419796 0.16161579050201097 0.3632970843798021 0.37559373503398896
7.555993382167358
45.0
28.303063443406828 114.05847435646356
59.786557711659746 114.05847435646356
0.2376831440542158 0.13065876017308617 0.3231331769382128 0.3085249188344852
31.48349426825292
45.0
55.4452068530837 420.4443610800593
45.91047151945068 420.4443610800593
0.1291713219706651 0.26109870570959914 0.06297396063878503 0.5467560116809507
9.534735333633016
45.0
104.55360409459425 101.01952516630664
104.55360409459425 119.30933362846382
0.3159214368869409 0.19334844282002575 0.17579053554493362 0.31493958474809974
18.289808462157186
45.0
342.64570028236164 255.6571312516533
361.57368483741857 255.6571312516533
0.1381027229375858 0.23451875271898012 0.39125366670310824 0.23612485764032579
18.927984555056938
45.0
316.8846808533472 384.621689574602
348.7589011367123 384.621689574602
0.10519386685735711 0.2604723498327989 0.45958886706195184 0.17474491624789212
31.87422028336509
45.0
487.53863336235275 137.14303738587546
9.51476554792248 137.14303738587546
0.25145276336578426 0.04889062097766886 0.4494288920650178 0.25022772359152895
21.976132185569735
45.0
178.2873711556335 177.35642821202035
178.2873711556335 195.8275965381308
0.3519826369815435 0.33304168399930056 0.1301283805131877 0.18484729850596818
18.471168326110448
45.0
418.89852140371755 96.69098802642426
418.89852140371755 58.93160469190768
0.4955089505760125 0.28640341366168887 0.16103265157925908 0.05705498418303955
37.759383334516585
45.0
168.59613718273752 229.13179187907429
168.59613718273752 247.25608509774474
0.3127142939977192 0.24337649025337885 0.07917239470270505 0.364736821046197
18.124293218670463
45.0
125.60666126004489 258.7972005136141
91.75525324137912 258.7972005136141
0.09370541334453977 0.06397309842118527 0.22404513591962238 0.6182763523146527
33.85140801866577
45.0
101.77115558786775 143.5140636900894
101.77115558786775 154.4348090681738
0.4525957271990666 0.20457666890219528 0.15267499457097036 0.19015260932776792
10.920745378084401
45.0
310.5373754703555 479.1496610497145
310.5373754703555 23.14876568178409
0.3857599752850788 0.3251152503665489 0.14131915982953552 0.14780561451883664
43.99910463206961
45.0
459.1985667300074 56.37519965529728
491.2865390780231 56.37519965529728
0.3038773483041362 0.08703119742342848 0.10814287634123297 0.5009485779312023
32.08797234801571
45.0
37.85073465119149 117.46903685421873
37.85073465119149 125.80123737766019
0.07810153582614898 0.5838974915898469 0.16585014035486967 0.1721508322291343
8.332200523441458
45.0
334.57432387276697 448.59494518626974
340.9119413323014 448.59494518626974
0.27282771449444937 0.03512413300365565 0.3403970835866045 0.35165106891529047
6.337617459534423
45.0
362.2323416677126 219.9362863630561
362.2323416677126 262.1940083244949
0.3886827553424342 0.24744656638485132 0.3319534940949387 0.03191718417777577
42.25772196143882
45.0
