68981
183.57212722221894 161.37852256726595
2
312.7749105313442 161.37852256726595
0.25 0.25 0.25 0.25
129.20278330912524
45.0
202.14760797019895 103.64657210037629
1
202.14760797019895 67.51126828051855
0.25 0.25 0.25 0.25
171.15784038089484
45.0
119.9187781897504 10.669011387515042
3
7.912463580516231 10.669011387515042
0.25 0.25 0.25 0.25
112.00631460923417
45.0
41.663106767153664 288.8585567320854
1
41.663106767153664 395.6206869788573
0.25 0.25 0.25 0.25
106.76213024677189
45.0
97.87547200434528 349.117524620516
2
191.7311915290481 349.117524620516
0.25 0.25 0.25 0.25
93.8557195247028
45.0
345.57863852683386 210.89602641953266
0
345.57863852683386 110.59337157634906
0.25 0.25 0.25 0.25
100.3026548431836
45.0
187.05680058916866 315.02552718809807
0
187.05680058916866 157.30950580061264
0.25 0.25 0.25 0.25
157.71602138748543
45.0
174.06668667176592 395.2225798135878
0
174.06668667176592 445.1814405889618
0.25 0.25 0.25 0.25
159.59597959745048
45.0
123.549278816346 386.10587611642495
0
123.549278816346 455.6344592956167
0.25 0.25 0.25 0.25
158.25966458795838
45.0
194.1343661469609 105.7393718912943
1
194.1343661469609 21.999218991286824
0.25 0.25 0.25 0.25
127.73859088258112
45.0
5.674957709734031 444.321586855236
2
112.61580644334788 444.321586855236
0.25 0.25 0.25 0.25
106.94084873361385
45.0
485.44802857613104 53.436420298272765
3
380.74610436400724 53.436420298272765
0.25 0.25 0.25 0.25
133.80586705986173
45.0
310.57952588102046 336.54748426030847
2
414.86437942176144 336.54748426030847
0.25 0.25 0.25 0.25
104.28485354074101
45.0
415.50464876057333 131.30657185039783
3
274.7247870175793 131.30657185039783
0.25 0.25 0.25 0.25
140.7798617429941
45.0
374.4020987907271 117.75608880867642
3
236.18269955377127 117.75608880867642
0.25 0.25 0.25 0.25
138.2193992369558
45.0
489.4632869767753 166.36497656058918
3
398.8955859090669 166.36497656058918
0.25 0.25 0.25 0.25
111.64112711415783
45.0
183.03804345109296 48.41855260344312
2
272.89288029719467 48.41855260344312
0.25 0.25 0.25 0.25
89.8548368461017
45.0
71.38868375481042 259.6025010402055
0
71.38868375481042 85.54772073534832
0.25 0.25 0.25 0.25
174.05478030485716
45.0
481.74460244198406 359.44952369652106
3
335.18408583106134 359.44952369652106
0.25 0.25 0.25 0.25
146.56051661092275
45.0
162.19399004925958 460.73678840918205
0
162.19399004925958 344.38692574126196
0.25 0.25 0.25 0.25
116.34986266792009
45.0
111.19620820580015 52.59654076271319
1
111.19620820580015 159.85279002441513
0.25 0.25 0.25 0.25
107.25624926170194
45.0
267.92493407386416 185.96612886341518
1
267.92493407386416 289.0202075252155
0.25 0.25 0.25 0.25
103.0540786618003
45.0
143.9879754449606 224.97864689898412
3
11.30038714637675 224.97864689898412
0.25 0.25 0.25 0.25
132.68758829858385
45.0
72.3037011468233 244.74398259314376
2
63.99286079921569 244.74398259314376
0.25 0.25 0.25 0.25
136.296561946039
45.0
382.3144649441658 309.9807221150821
1
382.3144649441658 479.9763781547765
0.25 0.25 0.25 0.25
169.99565603969444
45.0
320.00612817205024 115.89823817098096
1
320.00612817205024 8.33959261518882
0.25 0.25 0.25 0.25
124.23783078616978
45.0
283.1538636057883 25.097037106024118
1
283.1538636057883 91.38560808333102
0.25 0.25 0.25 0.25
116.48264518935514
45.0
314.5072176608558 239.72925013562775
1
314.5072176608558 378.5695018052646
0.25 0.25 0.25 0.25
138.84025166963687
45.0
304.25452896317984 295.8661424885943
3
211.25960647638655 295.8661424885943
0.25 0.25 0.25 0.25
92.99492248679329
45.0
8.689152028872769 372.31372672260164
1
8.689152028872769 471.4878159943005
0.25 0.25 0.25 0.25
99.17408927169883
45.0
146.3921951071864 154.7186843988651
1
146.3921951071864 273.67460097609427
0.25 0.25 0.25 0.25
118.95591657722917
45.0
152.1293398455174 296.77803066587626
2
17.685331238443723 296.77803066587626
0.25 0.25 0.25 0.25
169.81467108396112
45.0
16.06628477818066 306.0349651434103
0
16.06628477818066 160.92414005466927
0.25 0.25 0.25 0.25
145.11082508874105
45.0
261.70098157081424 88.50748414154066
1
261.70098157081424 223.69448274731639
0.25 0.25 0.25 0.25
135.18699860577573
45.0
349.46619235500293 181.99360723681067
1
349.46619235500293 347.57599812060596
0.25 0.25 0.25 0.25
165.58239088379528
45.0
344.15603927127654 415.63655385419065
0
344.15603927127654 279.299277984798
0.25 0.25 0.25 0.25
136.33727586939267
45.0
146.34040456999054 469.3993587483326
0
146.34040456999054 358.0142162218309
0.25 0.25 0.25 0.25
172.58642502983645
45.0
63.25129003501311 463.95198666782164
0
63.25129003501311 331.6944527556843
0.25 0.25 0.25 0.25
132.2575339121373
45.0
402.8831631733691 451.13313048124314
0
402.8831631733691 429.7971061384062
0.25 0.25 0.25 0.25
119.06976338035064
45.0
351.8769882761096 407.55481359058626
0
351.8769882761096 278.67950575664383
0.25 0.25 0.25 0.25
128.8753078339424
45.0
164.7249029068463 190.04539221249837
3
32.1631575565379 190.04539221249837
0.25 0.25 0.25 0.25
132.5617453503084
45.0
300.292512085765 282.8660172963316
1
300.292512085765 418.08328698538514
0.25 0.25 0.25 0.25
135.21726968905352
45.0
478.46704040885015 495.128581132238
0
478.46704040885015 406.8158274300199
0.25 0.25 0.25 0.25
88.31275370221812
45.0
26.617215898504753 312.9463616063256
0
26.617215898504753 162.02988372161147
0.25 0.25 0.25 0.25
150.9164778847141
45.0
104.95703507194827 176.67473692333354
1
104.95703507194827 272.3290505207141
0.25 0.25 0.25 0.25
95.65431359738054
45.0
474.8908210409095 398.1871877991948
0
474.8908210409095 435.6427706986501
0.25 0.25 0.25 0.25
166.17004150215502
45.0
407.8378425451275 5.067136093165516
1
407.8378425451275 143.85167029762673
0.25 0.25 0.25 0.25
138.7845342044612
45.0
321.25458352150395 351.78672853091985
2
420.9068051607286 351.78672853091985
0.25 0.25 0.25 0.25
99.65222163922465
45.0
