68981
170.4139562321548 481.7423395486377
3
41.21117292302955 481.7423395486377
0.25 0.25 0.25 0.25
129.20278330912524
45.0
30.98976758930411 409.82694904230823
0
30.98976758930411 238.6691086614134
0.25 0.25 0.25 0.25
171.15784038089484
45.0
216.1001656379521 205.2867863478458
3
104.09385102871794 205.2867863478458
0.25 0.25 0.25 0.25
112.00631460923417
45.0
211.00198150544304 177.3307920340551
0
211.00198150544304 70.56866178728322
0.25 0.25 0.25 0.25
106.76213024677189
45.0
89.83596704506033 349.117524620516
1
89.83596704506033 442.9732441452188
0.25 0.25 0.25 0.25
93.8557195247028
45.0
453.8160517867989 210.89602641953266
3
445.8812933700175 210.89602641953266
0.25 0.25 0.25 0.25
100.3026548431836
45.0
344.7728219766541 473.55457974932904
0
344.7728219766541 315.83855836184364
0.25 0.25 0.25 0.25
157.71602138748543
45.0
304.7212521205855 402.75731817366454
3
145.12527252313504 402.75731817366454
0.25 0.25 0.25 0.25
159.59597959745048
45.0
401.6717274197789 139.11513011969996
1
401.6717274197789 19.144534468258428
0.25 0.25 0.25 0.25
158.25966458795838
45.0
294.9112703227147 405.21499163903013
3
167.17267944013358 405.21499163903013
0.25 0.25 0.25 0.25
127.73859088258112
45.0
219.55665517696173 127.91501821030863
2
326.4975039105756 127.91501821030863
0.25 0.25 0.25 0.25
106.94084873361385
45.0
217.8362944564076 250.6012179391024
3
84.03042739654586 250.6012179391024
0.25 0.25 0.25 0.25
133.80586705986173
45.0
310.57952588102046 289.16163698413766
3
206.29467234027945 289.16163698413766
0.25 0.25 0.25 0.25
104.28485354074101
45.0
133.9449252745852 286.6274013924334
2
6.834936468408898 286.6274013924334
0.25 0.25 0.25 0.25
140.7798617429941
45.0
97.96330031681549 158.68270966523517
0
97.96330031681549 20.463310428279357
0.25 0.25 0.25 0.25
138.2193992369558
45.0
484.69314294935486 168.5584047818843
0
484.69314294935486 56.91727766772647
0.25 0.25 0.25 0.25
111.64112711415783
45.0
362.74771714329637 329.5798578346294
1
362.74771714329637 419.4346946807311
0.25 0.25 0.25 0.25
89.8548368461017
45.0
362.11829350147514 129.8764025644913
3
463.8269261936677 129.8764025644913
0.25 0.25 0.25 0.25
174.05478030485716
45.0
188.6235692201386 174.94531019425162
2
335.18408583106134 174.94531019425162
0.25 0.25 0.25 0.25
146.56051661092275
45.0
186.8555979545007 190.21362358705767
2
303.2054606224208 190.21362358705767
0.25 0.25 0.25 0.25
116.34986266792009
45.0
360.4024633738865 196.6097144053732
2
467.6587126355885 196.6097144053732
0.25 0.25 0.25 0.25
107.25624926170194
45.0
298.4657206918672 392.0742861870158
1
298.4657206918672 495.1283648488161
0.25 0.25 0.25 0.25
103.0540786618003
45.0
457.9492596592879 438.45929459393506
3
325.2616713607041 438.45929459393506
0.25 0.25 0.25 0.25
132.68758829858385
45.0
72.3037011468233 154.37148702483182
1
72.3037011468233 290.6680489708708
0.25 0.25 0.25 0.25
136.296561946039
45.0
382.3144649441658 370.0019020436957
3
212.31880890447138 370.0019020436957
0.25 0.25 0.25 0.25
169.99565603969444
45.0
52.7073641864591 494.70908424013214
2
176.94519497262888 494.70908424013214
0.25 0.25 0.25 0.25
124.23783078616978
45.0
50.188573227077995 440.83354365139644
0
50.188573227077995 324.3508984620413
0.25 0.25 0.25 0.25
116.48264518935514
45.0
130.13177566059665 406.68774011780647
2
268.9720273302335 406.68774011780647
0.25 0.25 0.25 0.25
138.84025166963687
45.0
397.2494514499731 355.09831491895875
0
397.2494514499731 262.10339243216544
0.25 0.25 0.25 0.25
92.99492248679329
45.0
107.8632413005716 74.79145890750512
1
107.8632413005716 24.382630364193716
0.25 0.25 0.25 0.25
99.17408927169883
45.0
313.70077906658224 488.4135658694474
3
194.74486248935307 488.4135658694474
0.25 0.25 0.25 0.25
118.95591657722917
45.0
36.57335774221042 231.55400908977379
0
36.57335774221042 61.73933800581267
0.25 0.25 0.25 0.25
169.81467108396112
45.0
258.379589778114 387.9676090579201
0
258.379589778114 466.92156585333885
0.25 0.25 0.25 0.25
145.11082508874105
45.0
8.67301564073722 170.00347298774648
0
8.67301564073722 34.81647438197075
0.25 0.25 0.25 0.25
135.18699860577573
45.0
183.88380147120765 321.25922011180353
2
349.46619235500293 321.25922011180353
0.25 0.25 0.25 0.25
165.58239088379528
45.0
480.4933151406692 97.322933201154
3
383.1694089899381 97.322933201154
0.25 0.25 0.25 0.25
136.33727586939267
45.0
318.926829599827 332.3314838975148
3
146.34040456999054 332.3314838975148
0.25 0.25 0.25 0.25
172.58642502983645
45.0
201.26377778926147 7.017877683629138
1
201.26377778926147 125.23965622850815
0.25 0.25 0.25 0.25
132.2575339121373
45.0
239.90754668557895 429.7971061384062
2
358.9773100659296 429.7971061384062
0.25 0.25 0.25 0.25
119.06976338035064
45.0
390.3723960560055 334.6945707415289
0
390.3723960560055 205.81926290758645
0.25 0.25 0.25 0.25
128.8753078339424
45.0
232.9603331440789 117.97760966465717
2
365.5220784943873 117.97760966465717
0.25 0.25 0.25 0.25
132.5617453503084
45.0
435.5097817748185 418.08328698538514
0
435.5097817748185 282.8660172963316
0.25 0.25 0.25 0.25
135.21726968905352
45.0
36.903271897759566 63.30765035667139
1
36.903271897759566 25.00510334554673
0.25 0.25 0.25 0.25
88.31275370221812
45.0
26.617215898504753 312.9463616063256
2
124.29926198620936 312.9463616063256
0.25 0.25 0.25 0.25
150.9164778847141
45.0
391.9199758640899 124.47728735214758
1
391.9199758640899 220.13160094952812
0.25 0.25 0.25 0.25
95.65431359738054
45.0
305.7410285516847 100.32293670727023
2
471.9110700538397 100.32293670727023
0.25 0.25 0.25 0.25
166.17004150215502
45.0
286.0848284771786 311.1444650708594
1
286.0848284771786 449.9289992753206
0.25 0.25 0.25 0.25
138.7845342044612
45.0
22.29791860383 345.7788229436527
0
22.29791860383 246.12660130442805
0.25 0.25 0.25 0.25
99.65222163922465
45.0
