34278
134.5153863000536 16.572745840781295
2
29.203406795696765 16.572745840781295
0.25 0.25 0.25 0.25
163.71879309575036
45.0
282.43924145619167 89.03272010779749
1
282.43924145619167 195.49332887559336
0.25 0.25 0.25 0.25
106.46060876779588
45.0
355.86161124949865 163.37368964973075
1
355.86161124949865 285.63254678075305
0.25 0.25 0.25 0.25
122.2588571310223
45.0
282.0723336450302 212.93128162138518
3
159.54884515370665 212.93128162138518
0.25 0.25 0.25 0.25
122.52348849132355
45.0
299.0141224783573 29.34925164262947
2
433.4312124643136 29.34925164262947
0.25 0.25 0.25 0.25
134.41708998595632
45.0
283.6298866756362 257.9035655849973
3
120.37848757428094 257.9035655849973
0.25 0.25 0.25 0.25
163.25139910135528
45.0
264.30993680057793 65.71704561436152
1
264.30993680057793 173.7534917456801
0.25 0.25 0.25 0.25
108.03644613131857
45.0
20.599571995272896 460.80252545472365
2
82.3708757281524 460.80252545472365
0.25 0.25 0.25 0.25
102.9704477234253
45.0
379.7011668614749 149.43101444189952
3
213.3148797155806 149.43101444189952
0.25 0.25 0.25 0.25
166.38628714589433
45.0
19.232958719020644 443.11498467298634
0
19.232958719020644 310.9271922452044
0.25 0.25 0.25 0.25
132.18779242778191
45.0
116.50022505909931 477.1067689920011
2
233.11972293773192 477.1067689920011
0.25 0.25 0.25 0.25
116.61949787863261
45.0
101.8826718539454 453.7349224402035
0
101.8826718539454 457.93116748178454
0.25 0.25 0.25 0.25
88.33391007801194
45.0
114.03667994125807 385.56574586256477
1
114.03667994125807 497.18746063461026
0.25 0.25 0.25 0.25
111.62171477204548
45.0
327.7426037845798 371.57171226728167
1
327.7426037845798 489.2658126272559
0.25 0.25 0.25 0.25
117.69410035997426
45.0
191.42579351142604 421.74261328952275
0
191.42579351142604 465.3399103334509
0.25 0.25 0.25 0.25
112.91747637702633
45.0
218.43396480706747 392.57101143757086
0
218.43396480706747 489.91546622297875
0.25 0.25 0.25 0.25
117.51352233945035
45.0
78.64874676175444 226.56846077032563
2
51.603081900412064 226.56846077032563
0.25 0.25 0.25 0.25
130.2518286621665
45.0
189.06565984663203 415.6761117619134
0
189.06565984663203 264.0078154039214
0.25 0.25 0.25 0.25
151.66829635799192
45.0
53.005975023904796 16.791863301702108
2
216.67389017448633 16.791863301702108
0.25 0.25 0.25 0.25
163.66791515058154
45.0
171.40087778832856 457.4556214805616
2
315.8070103528249 457.4556214805616
0.25 0.25 0.25 0.25
144.40613256449632
45.0
285.57012068821086 286.496437798001
3
174.13927872072642 286.496437798001
0.25 0.25 0.25 0.25
111.43084196748444
45.0
262.34751413101424 20.879912573457148
3
140.5850056797972 20.879912573457148
0.25 0.25 0.25 0.25
121.76250845121703
45.0
474.2279701104426 109.66558479614682
1
474.2279701104426 15.771876271171038
0.25 0.25 0.25 0.25
125.43746106731786
45.0
447.96815583020737 183.95011807569057
3
435.73778607500583 183.95011807569057
0.25 0.25 0.25 0.25
116.29405809478682
45.0
82.16443539483078 158.7245923304481
1
82.16443539483078 281.8259268567182
0.25 0.25 0.25 0.25
123.10133452627008
45.0
64.128473245044 228.08636519947424
2
98.74543374104837 228.08636519947424
0.25 0.25 0.25 0.25
162.87390698609238
45.0
137.92414284933284 191.60142360490227
1
137.92414284933284 295.8121578590965
0.25 0.25 0.25 0.25
104.21073425419422
45.0
389.3883997950853 317.90674129192223
0
389.3883997950853 144.394903196449
0.25 0.25 0.25 0.25
173.51183809547322
45.0
283.1377120754509 262.2783689114474
2
388.8469891622474 262.2783689114474
0.25 0.25 0.25 0.25
105.70927708679646
45.0
374.36707356401246 288.30718539337676
1
374.36707356401246 294.5431531818817
0.25 0.25 0.25 0.25
6.235967788504931
45.0
349.0368283649602 300.1549424755856
2
372.5737982692774 300.1549424755856
0.25 0.25 0.25 0.25
23.53696990431725
45.0
95.14770795821994 19.109713659022603
1
95.14770795821994 6.582314565615839
0.25 0.25 0.25 0.25
25.69202822463844
45.0
471.6939017258634 205.198827695357
1
471.6939017258634 225.44719544437942
0.25 0.25 0.25 0.25
20.2483677490224
45.0
399.835033987654 290.0182767490357
2
426.1260654679243 290.0182767490357
0.25 0.25 0.25 0.25
26.291031480270316
45.0
243.020197682135 308.0970485091256
0
243.020197682135 308.0624981858679
0.25 0.25 0.25 0.25
0.0345503232577149
45.0
150.32598769433787 462.62140715698223
2
168.64053592057994 462.62140715698223
0.25 0.25 0.25 0.25
18.314548226242056
45.0
174.32145982771357 169.76891682778427
2
189.40747827891173 169.76891682778427
0.25 0.25 0.25 0.25
15.086018451198157
45.0
38.948635616860045 169.4680063827467
3
21.740294773641384 169.4680063827467
0.25 0.25 0.25 0.25
17.20834084321866
45.0
322.857211876233 281.647153796686
2
356.1391961382146 281.647153796686
0.25 0.25 0.25 0.25
33.28198426198155
45.0
389.8215574289193 288.59592231237343
2
395.7049910113712 288.59592231237343
0.25 0.25 0.25 0.25
5.883433582451908
45.0
68.66476840473254 250.87111366173818
0
68.66476840473254 207.22819005334492
0.25 0.25 0.25 0.25
43.642923608393254
45.0
439.5548297064807 423.23310047118525
2
469.18040999109394 423.23310047118525
0.25 0.25 0.25 0.25
29.625580284613225
45.0
59.95692248833904 441.7047633384459
3
46.48243913045721 441.7047633384459
0.25 0.25 0.25 0.25
13.474483357881828
45.0
235.0480392996568 383.4062384712936
1
235.0480392996568 428.061308689646
0.25 0.25 0.25 0.25
44.655070218352435
45.0
442.20291330885016 210.39939158147905
0
442.20291330885016 163.8235437664921
0.25 0.25 0.25 0.25
46.57584781498695
45.0
7.808736500475227 423.1806612076325
1
7.808736500475227 449.0425004322237
0.25 0.25 0.25 0.25
25.861839224591186
45.0
374.55512144409886 443.04851703117214
3
368.7587100727636 443.04851703117214
0.25 0.25 0.25 0.25
5.796411371335264
45.0
319.526163606012 285.73643002515195
0
319.526163606012 260.5740029242017
0.25 0.25 0.25 0.25
25.16242710095024
45.0
