34278
374.32823441269534 456.8963920209719
3
210.60944131694498 456.8963920209719
0.25 0.25 0.25 0.25
163.71879309575036
45.0
198.73019927651728 153.63880778575617
0
198.73019927651728 47.178199017960296
0.25 0.25 0.25 0.25
106.46060876779588
45.0
255.43267440561283 404.06231010173747
0
255.43267440561283 281.80345297071517
0.25 0.25 0.25 0.25
122.2588571310223
45.0
6.249763551293512 379.87406876582077
0
6.249763551293512 497.6024427428557
0.25 0.25 0.25 0.25
122.52348849132355
45.0
433.4312124643136 400.0878220218091
0
433.4312124643136 265.6707320358528
0.25 0.25 0.25 0.25
134.41708998595632
45.0
79.39527679054402 190.8674209353316
1
79.39527679054402 354.1188200366869
0.25 0.25 0.25 0.25
163.25139910135528
45.0
45.585551396728135 258.3922927795942
2
153.6219975280467 258.3922927795942
0.25 0.25 0.25 0.25
108.03644613131857
45.0
285.94942191062944 127.31568365157513
3
182.97897418720413 127.31568365157513
0.25 0.25 0.25 0.25
102.9704477234253
45.0
127.86908019937792 317.4995787124278
1
127.86908019937792 483.8858658583222
0.25 0.25 0.25 0.25
166.38628714589433
45.0
130.13794729203255 155.60328756170975
2
262.32573971981446 155.60328756170975
0.25 0.25 0.25 0.25
132.18779242778191
45.0
349.73922081636454 109.7797392928577
1
349.73922081636454 6.839758585774916
0.25 0.25 0.25 0.25
116.61949787863261
45.0
368.11386767798285 132.9225163116053
2
456.4477777559948 132.9225163116053
0.25 0.25 0.25 0.25
88.33391007801194
45.0
104.84581404443948 195.5199927397091
0
104.84581404443948 83.89827796766362
0.25 0.25 0.25 0.25
111.62171477204548
45.0
269.29540666437384 276.1456927723579
3
151.6013063043996 276.1456927723579
0.25 0.25 0.25 0.25
117.69410035997426
45.0
469.82177735749497 308.8251369124964
3
417.2607462654787 308.8251369124964
0.25 0.25 0.25 0.25
112.91747637702633
45.0
216.16384457772347 330.4090699238295
3
98.65032223827312 330.4090699238295
0.25 0.25 0.25 0.25
117.51352233945035
45.0
51.603081900412036 206.20165451350604
0
51.603081900412036 75.94982585133954
0.25 0.25 0.25 0.25
130.2518286621665
45.0
327.61730373328726 280.9872955221027
3
175.94900737529534 280.9872955221027
0.25 0.25 0.25 0.25
151.66829635799192
45.0
88.99099321692648 416.09772998890855
0
88.99099321692648 252.42981483832702
0.25 0.25 0.25 0.25
163.66791515058154
45.0
26.99474522383224 419.82410185789035
0
26.99474522383224 435.76976557761327
0.25 0.25 0.25 0.25
144.40613256449632
45.0
157.27566947436708 270.65777203942116
3
45.84482750688264 270.65777203942116
0.25 0.25 0.25 0.25
111.43084196748444
45.0
172.90265489332663 98.57970974424808
3
51.1401464421096 98.57970974424808
0.25 0.25 0.25 0.25
121.76250845121703
45.0
244.35117920706327 88.66745356489042
1
244.35117920706327 214.10491463220828
0.25 0.25 0.25 0.25
125.43746106731786
45.0
86.21111371481241 159.66010953540035
0
86.21111371481241 43.36605144061353
0.25 0.25 0.25 0.25
116.29405809478682
45.0
82.16443539483078 344.1699662236308
1
82.16443539483078 467.2713007499009
0.25 0.25 0.25 0.25
123.10133452627008
45.0
109.64158941193546 188.68768110649341
0
109.64158941193546 25.813774120401035
0.25 0.25 0.25 0.25
162.87390698609238
45.0
304.23826881577907 473.65508026088264
3
200.02753456158484 473.65508026088264
0.25 0.25 0.25 0.25
104.21073425419422
45.0
489.985904548996 335.0695825171314
3
336.5022573555308 335.0695825171314
0.25 0.25 0.25 0.25
173.51183809547322
45.0
294.02517957736296 371.9772936093314
0
294.02517957736296 266.26801652253494
0.25 0.25 0.25 0.25
105.70927708679646
45.0
301.3626014337316 188.53170077729797
2
307.5985692222365 188.53170077729797
0.25 0.25 0.25 0.25
6.235967788504931
45.0
62.53892402710882 476.36099582448196
1
62.53892402710882 499.8979657287992
0.25 0.25 0.25 0.25
23.53696990431725
45.0
59.004461389610704 173.26188300685328
0
59.004461389610704 147.56985478221483
0.25 0.25 0.25 0.25
25.69202822463844
45.0
156.00549849383117 346.93740193851386
1
156.00549849383117 367.18576968753626
0.25 0.25 0.25 0.25
20.2483677490224
45.0
204.85869005856318 105.28799920474727
2
231.1497215388335 105.28799920474727
0.25 0.25 0.25 0.25
26.291031480270316
45.0
243.4002512379699 308.26980012541406
0
243.4002512379699 308.2352498021564
0.25 0.25 0.25 0.25
0.0345503232577149
45.0
417.4250073191658 299.28946590187127
0
417.4250073191658 280.97491767562923
0.25 0.25 0.25 0.25
18.314548226242056
45.0
463.61409734353117 18.908732315802695
3
448.52807889233304 18.908732315802695
0.25 0.25 0.25 0.25
15.086018451198157
45.0
236.3848178746385 348.6984500071311
1
236.3848178746385 365.90679085034975
0.25 0.25 0.25 0.25
17.20834084321866
45.0
389.42118040019614 385.53300358349844
0
389.42118040019614 352.2510193215169
0.25 0.25 0.25 0.25
33.28198426198155
45.0
413.35529175872693 241.52845365275812
2
419.23872534117885 241.52845365275812
0.25 0.25 0.25 0.25
5.883433582451908
45.0
62.26400242044722 141.91519881380108
3
18.621078812053966 141.91519881380108
0.25 0.25 0.25 0.25
43.642923608393254
45.0
469.18040999109394 282.374928724969
0
469.18040999109394 252.74934844035576
0.25 0.25 0.25 0.25
29.625580284613225
45.0
495.3851267015609 131.791646107164
3
491.14038994055727 131.791646107164
0.25 0.25 0.25 0.25
13.474483357881828
45.0
95.12590742505687 214.69812956353462
1
95.12590742505687 259.35319978188704
0.25 0.25 0.25 0.25
44.655070218352435
45.0
25.781739018406697 230.69043463867743
0
25.781739018406697 184.11458682369047
0.25 0.25 0.25 0.25
46.57584781498695
45.0
199.0859772962543 61.11491206335598
3
173.2241380716631 61.11491206335598
0.25 0.25 0.25 0.25
25.861839224591186
45.0
444.1120579001217 408.2700488031607
1
444.1120579001217 414.06646017449594
0.25 0.25 0.25 0.25
5.796411371335264
45.0
403.6871382835352 292.9993932967037
2
428.84956538448546 292.9993932967037
0.25 0.25 0.25 0.25
25.16242710095024
45.0
