34278
497.32745534255 215.66602178752737
3
333.60866224679967 215.66602178752737
0.25 0.25 0.25 0.25
163.71879309575036
45.0
411.651416812109 111.78428669591902
1
411.651416812109 218.2448954637149
0.25 0.25 0.25 0.25
106.46060876779588
45.0
399.7198971531419 329.4908326843963
3
277.4610400221196 329.4908326843963
0.25 0.25 0.25 0.25
122.2588571310223
45.0
290.92092467276404 457.97825860403225
2
413.44441316408756 457.97825860403225
0.25 0.25 0.25 0.25
122.52348849132355
45.0
492.5115825626194 281.92708182519743
3
358.09449257666313 281.92708182519743
0.25 0.25 0.25 0.25
134.41708998595632
45.0
426.3896803851231 298.88677636873416
3
263.1382812837678 298.88677636873416
0.25 0.25 0.25 0.25
163.25139910135528
45.0
477.7313359220025 201.42547656381285
1
477.7313359220025 309.4619226951314
0.25 0.25 0.25 0.25
108.03644613131857
45.0
155.63684621732472 387.5365549655513
0
155.63684621732472 284.566107242126
0.25 0.25 0.25 0.25
102.9704477234253
45.0
292.5730902206383 317.4995787124278
1
292.5730902206383 483.8858658583222
0.25 0.25 0.25 0.25
166.38628714589433
45.0
112.95483370876127 407.51410931596047
0
112.95483370876127 460.2980982562576
0.25 0.25 0.25 0.25
132.18779242778191
45.0
250.8268046400441 459.63823292875554
2
367.4463025186767 459.63823292875554
0.25 0.25 0.25 0.25
116.61949787863261
45.0
456.4477777559948 486.2581566236531
0
456.4477777559948 397.92424654564115
0.25 0.25 0.25 0.25
88.33391007801194
45.0
448.6673268673786 395.78625754175346
3
439.7109583605759 395.78625754175346
0.25 0.25 0.25 0.25
111.62171477204548
45.0
270.09511278393614 334.59288989256385
2
387.7892131439104 334.59288989256385
0.25 0.25 0.25 0.25
117.69410035997426
45.0
260.2441119966793 308.8251369124964
1
260.2441119966793 421.74261328952275
0.25 0.25 0.25 0.25
112.91747637702633
45.0
431.29558840392554 374.6720641128726
1
431.29558840392554 492.1855864523229
0.25 0.25 0.25 0.25
117.51352233945035
45.0
78.64874676175447 466.7053118378391
0
78.64874676175447 403.0428594999944
0.25 0.25 0.25 0.25
130.2518286621665
45.0
355.92945107939215 145.70544620576814
1
355.92945107939215 5.96285015222378
0.25 0.25 0.25 0.25
151.66829635799192
45.0
70.99848412041564 128.88354275236858
1
70.99848412041564 34.78437239821295
0.25 0.25 0.25 0.25
163.66791515058154
45.0
384.53779656670827 313.0494889160653
0
384.53779656670827 168.64335635156897
0.25 0.25 0.25 0.25
144.40613256449632
45.0
48.72240521424243 286.496437798001
2
62.70843675324201 286.496437798001
0.25 0.25 0.25 0.25
111.43084196748444
45.0
166.48493807006085 222.64510432897694
2
288.2474465212779 222.64510432897694
0.25 0.25 0.25 0.25
121.76250845121703
45.0
491.7264128031562 29.77063042534195
3
382.83612612952595 29.77063042534195
0.25 0.25 0.25 0.25
125.43746106731786
45.0
389.0912632219246 212.22307713758437
3
494.6146786832886 212.22307713758437
0.25 0.25 0.25 0.25
116.29405809478682
45.0
164.03823365770938 467.2713007499009
0
164.03823365770938 344.1699662236308
0.25 0.25 0.25 0.25
123.10133452627008
45.0
109.64158941193546 299.9340398517837
0
109.64158941193546 137.06013286569134
0.25 0.25 0.25 0.25
162.87390698609238
45.0
487.3402626758325 36.816094073795966
1
487.3402626758325 141.0268283279902
0.25 0.25 0.25 0.25
104.21073425419422
45.0
51.59244740825494 53.02512224665435
1
51.59244740825494 120.48671584881887
0.25 0.25 0.25 0.25
173.51183809547322
45.0
245.40867335853125 371.9772936093314
0
245.40867335853125 266.26801652253494
0.25 0.25 0.25 0.25
105.70927708679646
45.0
382.4301826842956 201.00363635430782
1
382.4301826842956 207.23960414281274
0.25 0.25 0.25 0.25
6.235967788504931
45.0
466.72167788654633 217.65839541939397
3
443.1847079822291 217.65839541939397
0.25 0.25 0.25 0.25
23.53696990431725
45.0
95.14770795821994 404.4901370285992
2
120.83973618285839 404.4901370285992
0.25 0.25 0.25 0.25
25.69202822463844
45.0
115.50876299578636 83.70862120122257
2
135.75713074480876 83.70862120122257
0.25 0.25 0.25 0.25
20.2483677490224
45.0
31.760593263869655 473.36243992853156
1
31.760593263869655 499.65347140880186
0.25 0.25 0.25 0.25
26.291031480270316
45.0
242.9856473588773 308.64985368124866
1
242.9856473588773 308.68440400450635
0.25 0.25 0.25 0.25
0.0345503232577149
45.0
215.96497683050328 297.7904731208039
3
197.6504286042612 297.7904731208039
0.25 0.25 0.25 0.25
18.314548226242056
45.0
355.3536812420913 94.33882457179348
0
355.3536812420913 79.25280612059532
0.25 0.25 0.25 0.25
15.086018451198157
45.0
98.71809112888926 469.15683590966165
1
98.71809112888926 486.3651767528803
0.25 0.25 0.25 0.25
17.20834084321866
45.0
322.857211876233 219.12308227359063
3
289.57522761425145 219.12308227359063
0.25 0.25 0.25 0.25
33.28198426198155
45.0
492.50977092204243 282.7124887299215
2
498.39320450449435 282.7124887299215
0.25 0.25 0.25 0.25
5.883433582451908
45.0
199.59353922991232 250.87111366173824
0
199.59353922991232 207.22819005334497
0.25 0.25 0.25 0.25
43.642923608393254
45.0
84.04786629112186 341.6260892941955
0
84.04786629112186 312.00050900958223
0.25 0.25 0.25 0.25
29.625580284613225
45.0
450.71693986691184 450.49936979849963
2
464.19142322479365 450.49936979849963
0.25 0.25 0.25 0.25
13.474483357881828
45.0
95.12590742505684 490.30483410424506
3
50.4708372067044 490.30483410424506
0.25 0.25 0.25 0.25
44.655070218352435
45.0
72.35758683339361 396.7027828414269
0
72.35758683339361 350.1269350264399
0.25 0.25 0.25 0.25
46.57584781498695
45.0
162.97977184802235 190.42410818631194
0
162.97977184802235 164.56226896172075
0.25 0.25 0.25 0.25
25.861839224591186
45.0
432.51923515745125 367.69516920381403
3
426.722823786116 367.69516920381403
0.25 0.25 0.25 0.25
5.796411371335264
45.0
303.0374298797342 185.08672162135093
2
328.19985698068444 185.08672162135093
0.25 0.25 0.25 0.25
25.16242710095024
45.0
