34278
82.26513107219034 456.8963920209719
0
82.26513107219034 293.17759892522156
0.25 0.25 0.25 0.25
163.71879309575036
45.0
333.57284456246214 324.70550423151076
0
333.57284456246214 218.2448954637149
0.25 0.25 0.25 0.25
106.46060876779588
45.0
399.62067448845676 281.80345297071517
3
277.36181735743446 281.80345297071517
0.25 0.25 0.25 0.25
122.2588571310223
45.0
433.2565052334993 336.5989485521442
1
433.2565052334993 459.1224370434677
0.25 0.25 0.25 0.25
122.52348849132355
45.0
297.7346075637738 163.76634162858576
3
163.31751757781748 163.76634162858576
0.25 0.25 0.25 0.25
134.41708998595632
45.0
83.8561223108112 278.3951709768657
0
83.8561223108112 115.14377187551042
0.25 0.25 0.25 0.25
163.25139910135528
45.0
317.00241329563084 309.4619226951314
2
425.03885942694944 309.4619226951314
0.25 0.25 0.25 0.25
108.03644613131857
45.0
20.599571995272896 127.31568365157518
2
82.3708757281524 127.31568365157518
0.25 0.25 0.25 0.25
102.9704477234253
45.0
372.97205836293904 483.8858658583222
3
460.6416544911666 483.8858658583222
0.25 0.25 0.25 0.25
166.38628714589433
45.0
2.049845135749365 460.2980982562576
2
130.13794729203255 460.2980982562576
0.25 0.25 0.25 0.25
132.18779242778191
45.0
417.02178342637023 109.7797392928577
1
417.02178342637023 6.839758585774916
0.25 0.25 0.25 0.25
116.61949787863261
45.0
13.548761775933457 248.740113142311
1
13.548761775933457 337.07402322032294
0.25 0.25 0.25 0.25
88.33391007801194
45.0
114.03667994125813 284.164542769708
0
114.03667994125813 172.54282799766253
0.25 0.25 0.25 0.25
111.62171477204548
45.0
447.03611638367863 216.8987895325896
3
435.26978325634707 216.8987895325896
0.25 0.25 0.25 0.25
117.69410035997426
45.0
147.32663561965296 142.8447685956089
0
147.32663561965296 29.92729221858258
0.25 0.25 0.25 0.25
112.91747637702633
45.0
38.75850095387578 257.15854177342226
0
38.75850095387578 139.64501943397192
0.25 0.25 0.25 0.25
117.51352233945035
45.0
270.09210992741293 382.6760532431748
3
139.84028126524643 382.6760532431748
0.25 0.25 0.25 0.25
130.2518286621665
45.0
445.9196729314406 297.37374256376006
3
402.4120307105675 297.37374256376006
0.25 0.25 0.25 0.25
151.66829635799192
45.0
35.01346592739395 416.09772998890855
2
128.65444922318758 416.09772998890855
0.25 0.25 0.25 0.25
163.66791515058154
45.0
106.56845938918991 334.73534481901373
2
37.837673175306406 334.73534481901373
0.25 0.25 0.25 0.25
144.40613256449632
45.0
397.0009626556953 289.37401550536083
0
397.0009626556953 177.9431735378764
0.25 0.25 0.25 0.25
111.43084196748444
45.0
128.83994361290053 100.88259587775991
1
128.83994361290053 222.64510432897694
0.25 0.25 0.25 0.25
121.76250845121703
45.0
488.2267242646135 399.08363655021003
0
488.2267242646135 475.47890238247214
0.25 0.25 0.25 0.25
125.43746106731786
45.0
239.02555010509093 2.6359733366348053
1
239.02555010509093 118.93003143142163
0.25 0.25 0.25 0.25
116.29405809478682
45.0
343.5564282372103 379.2487171441503
0
343.5564282372103 256.1473826178802
0.25 0.25 0.25 0.25
123.10133452627008
45.0
86.88503132848973 462.8079468378761
2
249.7589383145821 462.8079468378761
0.25 0.25 0.25 0.25
162.87390698609238
45.0
33.71340859513862 495.76637363251507
2
70.4973256590556 495.76637363251507
0.25 0.25 0.25 0.25
104.21073425419422
45.0
225.10428550372816 317.90674129192223
3
51.59244740825494 317.90674129192223
0.25 0.25 0.25 0.25
173.51183809547322
45.0
388.8469891622475 54.849462348942
2
494.556266249044 54.849462348942
0.25 0.25 0.25 0.25
105.70927708679646
45.0
332.5424403762562 282.07121760487183
2
338.7784081647611 282.07121760487183
0.25 0.25 0.25 0.25
6.235967788504931
45.0
301.9628885563257 29.362636184855955
3
278.4259186520085 29.362636184855955
0.25 0.25 0.25 0.25
23.53696990431725
45.0
18.07162328430462 353.10608057932234
1
18.07162328430462 378.79810880396076
0.25 0.25 0.25 0.25
25.69202822463844
45.0
54.76365974871915 2.7151502051329715
1
54.76365974871915 22.96351795415537
0.25 0.25 0.25 0.25
20.2483677490224
45.0
31.760593263869655 290.0182767490357
3
5.469561783599339 290.0182767490357
0.25 0.25 0.25 0.25
26.291031480270316
45.0
242.6401441263001 308.8226052975371
0
242.6401441263001 308.7880549742794
0.25 0.25 0.25 0.25
0.0345503232577149
45.0
69.4485910205668 462.62140715698223
1
69.4485910205668 480.93595538322427
0.25 0.25 0.25 0.25
18.314548226242056
45.0
310.0956258884969 33.99475076700085
1
310.0956258884969 49.08076921819901
0.25 0.25 0.25 0.25
15.086018451198157
45.0
133.13477281532658 238.3013697556213
0
133.13477281532658 221.09302891240264
0.25 0.25 0.25 0.25
17.20834084321866
45.0
344.32294550395136 215.08318527272286
1
344.32294550395136 248.36516953470442
0.25 0.25 0.25 0.25
33.28198426198155
45.0
407.471858176275 306.2462230597292
2
413.35529175872693 306.2462230597292
0.25 0.25 0.25 0.25
5.883433582451908
45.0
149.54984963723373 469.08573170370437
0
149.54984963723373 425.44280809531114
0.25 0.25 0.25 0.25
43.642923608393254
45.0
123.33119570117074 250.88551639806903
1
123.33119570117074 280.51109668268225
0.25 0.25 0.25 0.25
29.625580284613225
45.0
396.8190064353846 383.1269530090906
1
396.8190064353846 396.6014363669724
0.25 0.25 0.25 0.25
13.474483357881828
45.0
335.9897137130656 241.76474458564041
0
335.9897137130656 197.109674367288
0.25 0.25 0.25 0.25
44.655070218352435
45.0
371.49369543120196 348.5107821983644
2
418.0695432461889 348.5107821983644
0.25 0.25 0.25 0.25
46.57584781498695
45.0
137.11793262343116 190.42410818631194
1
137.11793262343116 216.28594741090313
0.25 0.25 0.25 0.25
25.861839224591186
45.0
444.1120579001217 385.08440331781975
3
438.3156465287865 385.08440331781975
0.25 0.25 0.25 0.25
5.796411371335264
45.0
193.71402810126074 59.27458611659971
1
193.71402810126074 84.43701321754995
0.25 0.25 0.25 0.25
25.16242710095024
45.0
