34278
11.516165370198905 94.08432297847548
2
152.20262772555145 94.08432297847548
0.25 0.25 0.25 0.25
163.71879309575036
45.0
347.0453291341503 355.91266946510166
1
347.0453291341503 462.3732782328975
0.25 0.25 0.25 0.25
106.46060876779588
45.0
399.7198971531419 281.80345297071517
0
399.7198971531419 159.54459583969287
0.25 0.25 0.25 0.25
122.2588571310223
45.0
321.69651778385366 32.115695361261885
2
444.2200062751772 32.115695361261885
0.25 0.25 0.25 0.25
122.52348849132355
45.0
358.09449257666313 255.74127811862783
1
358.09449257666313 390.15836810458416
0.25 0.25 0.25 0.25
134.41708998595632
45.0
120.37848757428094 211.35902632720007
0
120.37848757428094 48.107627225844794
0.25 0.25 0.25 0.25
163.25139910135528
45.0
450.05935110386963 65.71704561436152
1
450.05935110386963 173.7534917456801
0.25 0.25 0.25 0.25
108.03644613131857
45.0
256.24494467637646 490.5070026889766
3
153.27449695295115 490.5070026889766
0.25 0.25 0.25 0.25
102.9704477234253
45.0
374.654335487573 485.56814298295615
0
374.654335487573 319.1818558370618
0.25 0.25 0.25 0.25
166.38628714589433
45.0
283.6085435745845 6.232381550656555
1
283.6085435745845 125.95541087712536
0.25 0.25 0.25 0.25
132.18779242778191
45.0
282.69520384542545 343.0187350501229
2
399.31470172405807 343.0187350501229
0.25 0.25 0.25 0.25
116.61949787863261
45.0
339.7868785361143 221.25642638961725
0
339.7868785361143 132.9225163116053
0.25 0.25 0.25 0.25
88.33391007801194
45.0
332.6846765369397 380.9703129141556
0
332.6846765369397 269.3485981421101
0.25 0.25 0.25 0.25
111.62171477204548
45.0
24.539991175780685 430.0189093874876
2
142.23409153575494 430.0189093874876
0.25 0.25 0.25 0.25
117.69410035997426
45.0
34.40915924262663 481.5971977266879
2
78.5083171343997 481.5971977266879
0.25 0.25 0.25 0.25
112.91747637702633
45.0
431.29558840392554 492.18558645232287
0
431.29558840392554 374.67206411287253
0.25 0.25 0.25 0.25
117.51352233945035
45.0
339.1524040860875 142.53920217566133
0
339.1524040860875 12.287373513494828
0.25 0.25 0.25 0.25
130.2518286621665
45.0
142.5830802154567 95.9530720042722
1
142.5830802154567 247.62136836226412
0.25 0.25 0.25 0.25
151.66829635799192
45.0
437.9977704278398 198.4522875487945
0
437.9977704278398 34.78437239821295
0.25 0.25 0.25 0.25
163.66791515058154
45.0
406.2236524696566 253.7321133904457
1
406.2236524696566 398.138245954942
0.25 0.25 0.25 0.25
144.40613256449632
45.0
494.44577308418013 66.51233157039195
1
494.44577308418013 177.9431735378764
0.25 0.25 0.25 0.25
111.43084196748444
45.0
442.32760418602436 466.17012123141103
0
442.32760418602436 344.407612780194
0.25 0.25 0.25 0.25
121.76250845121703
45.0
382.83612612952595 468.4795253053867
3
491.7264128031562 468.4795253053867
0.25 0.25 0.25 0.25
125.43746106731786
45.0
389.0912632219246 328.5171352323712
3
494.61467868328856 328.5171352323712
0.25 0.25 0.25 0.25
116.29405809478682
45.0
148.84890986787002 163.42469567128887
2
271.9502443941401 163.42469567128887
0.25 0.25 0.25 0.25
123.10133452627008
45.0
75.98887565760265 322.69059793522945
1
75.98887565760265 485.5645049213218
0.25 0.25 0.25 0.25
162.87390698609238
45.0
487.3402626758325 67.39464018039826
1
487.3402626758325 36.816094073795966
0.25 0.25 0.25 0.25
104.21073425419422
45.0
295.4312287826915 185.4659317692883
1
295.4312287826915 358.9777698647615
0.25 0.25 0.25 0.25
173.51183809547322
45.0
226.04494120748643 416.6041522170757
2
331.7542182942829 416.6041522170757
0.25 0.25 0.25 0.25
105.70927708679646
45.0
376.19421489579065 188.53170077729797
1
376.19421489579065 194.7676685658029
0.25 0.25 0.25 0.25
6.235967788504931
45.0
462.667412400502 311.80627503666295
3
439.13044249618474 311.80627503666295
0.25 0.25 0.25 0.25
23.53696990431725
45.0
110.3885178388876 430.1821652532376
2
136.08054606352604 430.1821652532376
0.25 0.25 0.25 0.25
25.69202822463844
45.0
156.00549849383117 103.95698895024498
1
156.00549849383117 124.20535669926738
0.25 0.25 0.25 0.25
20.2483677490224
45.0
47.112501176941294 473.36243992853156
0
47.112501176941294 447.07140844826125
0.25 0.25 0.25 0.25
26.291031480270316
45.0
243.22749962168132 308.9262562673102
0
243.22749962168132 308.8917059440525
0.25 0.25 0.25 0.25
0.0345503232577149
45.0
234.27952505674534 224.53228021583567
3
215.96497683050328 224.53228021583567
0.25 0.25 0.25 0.25
18.314548226242056
45.0
400.61173659568567 3.8227138646045375
3
385.52571814448754 3.8227138646045375
0.25 0.25 0.25 0.25
15.086018451198157
45.0
98.71809112888926 486.3651767528803
0
98.71809112888926 496.42648240390105
0.25 0.25 0.25 0.25
17.20834084321866
45.0
289.57522761425145 285.68705079755375
1
289.57522761425145 318.9690350595353
0.25 0.25 0.25 0.25
33.28198426198155
45.0
492.50977092204243 323.8965238070849
2
498.39320450449435 323.8965238070849
0.25 0.25 0.25 0.25
5.883433582451908
45.0
243.23646283830558 338.1569608785247
3
199.59353922991232 338.1569608785247
0.25 0.25 0.25 0.25
43.642923608393254
45.0
84.04786629112186 371.25166957880873
2
113.67344657573508 371.25166957880873
0.25 0.25 0.25 0.25
29.625580284613225
45.0
369.870039719621 455.1792466963277
0
369.870039719621 441.7047633384459
0.25 0.25 0.25 0.25
13.474483357881828
45.0
50.4708372067044 115.47581716117905
1
50.4708372067044 160.1308873795315
0.25 0.25 0.25 0.25
44.655070218352435
45.0
212.08513027835448 210.39939158147905
0
212.08513027835448 163.8235437664921
0.25 0.25 0.25 0.25
46.57584781498695
45.0
95.63862039788953 61.11491206335598
1
95.63862039788953 86.97675128794717
0.25 0.25 0.25 0.25
25.861839224591186
45.0
444.1120579001217 385.08440331781975
0
444.1120579001217 379.2879919464845
0.25 0.25 0.25 0.25
5.796411371335264
45.0
495.6631533126638 109.59944031850019
3
470.5007262117135 109.59944031850019
0.25 0.25 0.25 0.25
25.16242710095024
45.0
