34278
392.0154758381932 34.259987266279154
3
444.26573106605645 34.259987266279154
0.25 0.25 0.25 0.25
163.71879309575036
45.0
434.4029834002306 59.28240974983564
1
434.4029834002306 47.17819901796024
0.25 0.25 0.25 0.25
106.46060876779588
45.0
67.4856110838108 404.06231010173747
0
67.4856110838108 281.80345297071517
0.25 0.25 0.25 0.25
122.2588571310223
45.0
172.04837225629373 212.93128162138518
1
172.04837225629373 335.45477011270873
0.25 0.25 0.25 0.25
122.52348849132355
45.0
195.8302171565068 475.42454190945955
0
195.8302171565068 390.15836810458416
0.25 0.25 0.25 0.25
134.41708998595632
45.0
181.85330374988598 48.107627225844794
1
181.85330374988598 211.35902632720007
0.25 0.25 0.25 0.25
163.25139910135528
45.0
181.29398234617943 281.7899378769987
2
289.330428477498 281.7899378769987
0.25 0.25 0.25 0.25
108.03644613131857
45.0
182.97897418720424 10.488219907483511
2
285.94942191062955 10.488219907483511
0.25 0.25 0.25 0.25
102.9704477234253
45.0
458.95937736653264 144.3841830679976
1
458.95937736653264 22.002104077896718
0.25 0.25 0.25 0.25
166.38628714589433
45.0
130.13794729203255 80.91783455618315
2
2.049845135749365 80.91783455618315
0.25 0.25 0.25 0.25
132.18779242778191
45.0
349.97776645543115 406.2737331293663
0
349.97776645543115 289.6542352507337
0.25 0.25 0.25 0.25
116.61949787863261
45.0
399.79379947225766 249.58341553148583
2
488.1277095502696 249.58341553148583
0.25 0.25 0.25 0.25
88.33391007801194
45.0
2.1804677791966753 139.34515157642733
2
113.80218255124215 139.34515157642733
0.25 0.25 0.25 0.25
111.62171477204548
45.0
495.31639261567767 370.77200614771937
1
495.31639261567767 488.4661065076936
0.25 0.25 0.25 0.25
117.69410035997426
45.0
18.151871849389636 325.0824243057334
2
94.7656045276367 325.0824243057334
0.25 0.25 0.25 0.25
112.91747637702633
45.0
389.0289477428828 215.16566781372342
3
493.4575299176669 215.16566781372342
0.25 0.25 0.25 0.25
117.51352233945035
45.0
120.6633760590866 188.76177224316362
1
120.6633760590866 319.0136009053301
0.25 0.25 0.25 0.25
130.2518286621665
45.0
204.26115472140023 432.6555918800947
0
204.26115472140023 280.9872955221027
0.25 0.25 0.25 0.25
151.66829635799192
45.0
202.35981889121487 366.2568275709774
2
366.0277340417964 366.2568275709774
0.25 0.25 0.25 0.25
163.66791515058154
45.0
106.56845938918991 430.6670298093645
0
106.56845938918991 424.9268376261391
0.25 0.25 0.25 0.25
144.40613256449632
45.0
179.89443413544606 44.91851039709246
1
179.89443413544606 66.51233157039198
0.25 0.25 0.25 0.25
111.43084196748444
45.0
340.04731130180517 463.8672350978992
0
340.04731130180517 342.10472664668214
0.25 0.25 0.25 0.25
121.76250845121703
45.0
10.023431466115142 287.6449296370631
1
10.023431466115142 413.08239070438094
0.25 0.25 0.25 0.25
125.43746106731786
45.0
285.6720729581722 369.2472133363499
0
285.6720729581722 252.95315524156308
0.25 0.25 0.25 0.25
116.29405809478682
45.0
97.35375918467014 236.2579554872001
0
97.35375918467014 113.15662096093001
0.25 0.25 0.25 0.25
123.10133452627008
45.0
109.64158941193546 374.3181461760315
0
109.64158941193546 462.8079468378761
0.25 0.25 0.25 0.25
162.87390698609238
45.0
366.34166052803107 141.0268283279902
2
470.5523947822253 141.0268283279902
0.25 0.25 0.25 0.25
104.21073425419422
45.0
357.5450950263621 70.1879634718635
3
184.03325693088888 70.1879634718635
0.25 0.25 0.25 0.25
173.51183809547322
45.0
399.73445666415944 376.46391064737674
1
399.73445666415944 482.1731877341732
0.25 0.25 0.25 0.25
105.70927708679646
45.0
214.05905239466267 82.52024837271418
2
220.2950201831676 82.52024837271418
0.25 0.25 0.25 0.25
6.235967788504931
45.0
172.83077501606368 264.5282666856268
3
149.29380511174642 264.5282666856268
0.25 0.25 0.25 0.25
23.53696990431725
45.0
341.61677186063355 430.1821652532376
1
341.61677186063355 455.874193477876
0.25 0.25 0.25 0.25
25.69202822463844
45.0
410.94879847879616 470.8272883202845
2
431.19716622781857 470.8272883202845
0.25 0.25 0.25 0.25
20.2483677490224
45.0
400.77583773738223 474.05549711092783
0
400.77583773738223 499.65347140880186
0.25 0.25 0.25 0.25
26.291031480270316
45.0
242.88199638910413 308.1315988323833
1
242.88199638910413 308.166149155641
0.25 0.25 0.25 0.25
0.0345503232577149
45.0
326.1713175134457 316.1050213470459
0
326.1713175134457 297.7904731208039
0.25 0.25 0.25 0.25
18.314548226242056
45.0
448.52807889233304 131.95145219617888
2
463.61409734353117 131.95145219617888
0.25 0.25 0.25 0.25
15.086018451198157
45.0
494.50993052291824 451.948495066443
3
477.3015896796996 451.948495066443
0.25 0.25 0.25 0.25
17.20834084321866
45.0
223.01125909028832 414.77509084461224
1
223.01125909028832 448.0570751065938
0.25 0.25 0.25 0.25
33.28198426198155
45.0
495.72336191305374 212.11128574049854
3
498.39320450449435 212.11128574049854
0.25 0.25 0.25 0.25
5.883433582451908
45.0
363.97722468615524 360.12981685576733
3
320.334301077762 360.12981685576733
0.25 0.25 0.25 0.25
43.642923608393254
45.0
434.6731194782163 480.620428998125
3
405.04753919360303 480.620428998125
0.25 0.25 0.25 0.25
29.625580284613225
45.0
306.7423596912156 280.0109630438642
0
306.7423596912156 266.5364796859824
0.25 0.25 0.25 0.25
13.474483357881828
45.0
469.9549243681229 80.73291890847733
1
469.9549243681229 125.38798912682977
0.25 0.25 0.25 0.25
44.655070218352435
45.0
97.02623876310665 44.387043378729636
1
97.02623876310665 2.188804436257314
0.25 0.25 0.25 0.25
46.57584781498695
45.0
490.57195200865164 119.9179625087823
1
490.57195200865164 145.7798017333735
0.25 0.25 0.25 0.25
25.861839224591186
45.0
496.2797602421389 315.5274668617969
0
496.2797602421389 309.73105549046164
0.25 0.25 0.25 0.25
5.796411371335264
45.0
193.7140281012608 368.48667459955453
0
193.7140281012608 343.3242474986043
0.25 0.25 0.25 0.25
25.16242710095024
45.0
