34278
175.23495846594926 202.51240062829913
0
175.23495846594926 38.793607532548776
0.25 0.25 0.25 0.25
163.71879309575036
45.0
371.77875356589345 362.91141323494185
0
371.77875356589345 256.450804467146
0.25 0.25 0.25 0.25
106.46060876779588
45.0
499.9503886676574 203.40288174333614
0
499.9503886676574 81.14402461231384
0.25 0.25 0.25 0.25
122.2588571310223
45.0
211.6725563951172 11.15942485241473
1
211.6725563951172 111.36406363890882
0.25 0.25 0.25 0.25
122.52348849132355
45.0
352.14946351759033 190.3340121482023
2
486.56655350354663 190.3340121482023
0.25 0.25 0.25 0.25
134.41708998595632
45.0
19.283348682122664 441.6465700782212
0
19.283348682122664 278.3951709768659
0.25 0.25 0.25 0.25
163.25139910135528
45.0
90.12287955272325 414.84687568523736
2
198.15932568404182 414.84687568523736
0.25 0.25 0.25 0.25
108.03644613131857
45.0
448.70072817401376 284.5661072421263
1
448.70072817401376 387.5365549655516
0.25 0.25 0.25 0.25
102.9704477234253
45.0
280.7971503482005 141.01962881872967
3
114.41086320230616 141.01962881872967
0.25 0.25 0.25 0.25
166.38628714589433
45.0
490.481789007893 270.6079664062204
1
490.481789007893 402.7957588340023
0.25 0.25 0.25 0.25
132.18779242778191
45.0
148.6071699035473 487.9561588815078
0
148.6071699035473 371.3366610028752
0.25 0.25 0.25 0.25
116.61949787863261
45.0
283.1329002523771 252.09305579471723
3
194.79899017436517 252.09305579471723
0.25 0.25 0.25 0.25
88.33391007801194
45.0
225.65839471330355 362.58858112051826
2
337.28010948534904 362.58858112051826
0.25 0.25 0.25 0.25
111.62171477204548
45.0
34.706912063987645 255.47702414643203
0
34.706912063987645 137.7829237864578
0.25 0.25 0.25 0.25
117.69410035997426
45.0
114.81206083317898 341.3397116989704
1
114.81206083317898 454.25718807599674
0.25 0.25 0.25 0.25
112.91747637702633
45.0
313.7820660644749 334.9493103825179
1
313.7820660644749 452.46283272196825
0.25 0.25 0.25 0.25
117.51352233945035
45.0
190.27079210291882 159.97908444600375
2
320.5226207650853 159.97908444600375
0.25 0.25 0.25 0.25
130.2518286621665
45.0
255.7975141663093 472.30040645412316
0
255.7975141663093 376.0312971878849
0.25 0.25 0.25 0.25
151.66829635799192
45.0
324.6289447535514 324.3998512243704
1
324.6289447535514 488.06776637495193
0.25 0.25 0.25 0.25
163.66791515058154
45.0
250.97459195368612 125.2716445456723
3
106.5684593891898 125.2716445456723
0.25 0.25 0.25 0.25
144.40613256449632
45.0
297.08043151765014 147.71661924249744
2
408.51127348513455 147.71661924249744
0.25 0.25 0.25 0.25
111.43084196748444
45.0
77.04007883237324 246.24215058572875
1
77.04007883237324 368.0046590369458
0.25 0.25 0.25 0.25
121.76250845121703
45.0
237.3518021299778 88.66745356489045
1
237.3518021299778 214.1049146322083
0.25 0.25 0.25 0.25
125.43746106731786
45.0
412.09227561054877 183.30561999985758
0
412.09227561054877 67.01156190507076
0.25 0.25 0.25 0.25
116.29405809478682
45.0
158.1110543440276 394.43804093398967
0
158.1110543440276 482.46062453974025
0.25 0.25 0.25 0.25
123.10133452627008
45.0
382.558131948314 440.0513887544304
3
219.6842249622216 440.0513887544304
0.25 0.25 0.25 0.25
162.87390698609238
45.0
447.3481643352129 347.333052635056
3
343.1374300810187 347.333052635056
0.25 0.25 0.25 0.25
104.21073425419422
45.0
112.69166688310222 103.32387462360973
1
112.69166688310222 276.83571271908295
0.25 0.25 0.25 0.25
173.51183809547322
45.0
302.50144422649583 116.42885025495225
2
408.2107213132923 116.42885025495225
0.25 0.25 0.25 0.25
105.70927708679646
45.0
382.4301826842956 157.35186183477336
1
382.4301826842956 163.58782962327828
0.25 0.25 0.25 0.25
6.235967788504931
45.0
325.4998584606429 276.82204111367
1
325.4998584606429 300.35901101798726
0.25 0.25 0.25 0.25
23.53696990431725
45.0
43.76365150894302 210.12943960182446
2
69.45567973358146 210.12943960182446
0.25 0.25 0.25 0.25
25.69202822463844
45.0
127.47164999248247 369.58544957517245
2
147.72001774150488 369.58544957517245
0.25 0.25 0.25 0.25
20.2483677490224
45.0
479.64893217819315 51.76513249447835
3
453.35790069792284 51.76513249447835
0.25 0.25 0.25 0.25
26.291031480270316
45.0
243.33115059145447 307.0259884881372
0
243.33115059145447 306.9914381648795
0.25 0.25 0.25 0.25
0.0345503232577149
45.0
435.7395555454078 279.47592489456184
1
435.7395555454078 297.7904731208039
0.25 0.25 0.25 0.25
18.314548226242056
45.0
282.5818759291536 230.11299063257687
0
282.5818759291536 215.0269721813787
0.25 0.25 0.25 0.25
15.086018451198157
45.0
212.9482751423647 444.8014598742451
1
212.9482751423647 462.00980071746375
0.25 0.25 0.25 0.25
17.20834084321866
45.0
291.11569975480467 48.67326396281507
2
324.39768401678623 48.67326396281507
0.25 0.25 0.25 0.25
33.28198426198155
45.0
325.1037880219482 176.81068424578706
0
325.1037880219482 170.92725066333514
0.25 0.25 0.25 0.25
5.883433582451908
45.0
141.9753636511443 341.9442038715695
2
185.61828725953757 341.9442038715695
0.25 0.25 0.25 0.25
43.642923608393254
45.0
375.4219589089898 319.27023868643226
0
375.4219589089898 289.644658401819
0.25 0.25 0.25 0.25
29.625580284613225
45.0
145.04855939663364 437.0248864406178
2
158.52304275451547 437.0248864406178
0.25 0.25 0.25 0.25
13.474483357881828
45.0
229.09111808011414 8.57722152822754
1
229.09111808011414 53.232291746579975
0.25 0.25 0.25 0.25
44.655070218352435
45.0
233.99232616362855 325.4582830967269
1
233.99232616362855 372.0341309117139
0.25 0.25 0.25 0.25
46.57584781498695
45.0
155.97402860612794 16.47060561041758
2
181.83586783071914 16.47060561041758
0.25 0.25 0.25 0.25
25.861839224591186
45.0
351.3694759587579 164.8207712070802
1
351.3694759587579 170.61718257841548
0.25 0.25 0.25 0.25
5.796411371335264
45.0
460.50907652344563 41.37512228720131
2
485.6715036243959 41.37512228720131
0.25 0.25 0.25 0.25
25.16242710095024
45.0
