34278
174.42348941731893 3.4191246815530576
2
338.1422825130693 3.4191246815530576
0.25 0.25 0.25 0.25
163.71879309575036
45.0
459.13640783197377 401.41580264134495
3
434.40298340023037 401.41580264134495
0.25 0.25 0.25 0.25
106.46060876779588
45.0
242.8195320336987 429.820546863597
2
365.078389164721 429.820546863597
0.25 0.25 0.25 0.25
122.2588571310223
45.0
290.92092467276404 233.88755213023236
1
290.92092467276404 356.4110406215559
0.25 0.25 0.25 0.25
122.52348849132355
45.0
67.35815622962329 153.83688771136084
1
67.35815622962329 288.25397769731717
0.25 0.25 0.25 0.25
134.41708998595632
45.0
327.711054912456 421.15496468635274
3
164.45965581110073 421.15496468635274
0.25 0.25 0.25 0.25
163.25139910135528
45.0
117.79486437085603 331.83092123083895
2
225.8313105021746 331.83092123083895
0.25 0.25 0.25 0.25
108.03644613131857
45.0
491.8903173574803 244.1431473956664
3
405.1392349190944 244.1431473956664
0.25 0.25 0.25 0.25
102.9704477234253
45.0
105.99947757913631 307.405915964624
0
105.99947757913631 141.01962881872967
0.25 0.25 0.25 0.25
166.38628714589433
45.0
151.42075114680256 424.69722289923175
2
283.6085435745845 424.69722289923175
0.25 0.25 0.25 0.25
132.18779242778191
45.0
183.782787669105 444.9998241475531
0
183.782787669105 438.3806779738143
0.25 0.25 0.25 0.25
116.61949787863261
45.0
455.2183121659932 479.55227131884067
0
455.2183121659932 391.2183612408287
0.25 0.25 0.25 0.25
88.33391007801194
45.0
332.45017914692386 79.30284501925429
1
332.45017914692386 32.31886975279119
0.25 0.25 0.25 0.25
111.62171477204548
45.0
386.9895070243481 136.98321766689548
3
495.31639261567767 136.98321766689548
0.25 0.25 0.25 0.25
117.69410035997426
45.0
368.4888840857677 401.19429613613556
0
368.4888840857677 485.8882274868381
0.25 0.25 0.25 0.25
112.91747637702633
45.0
136.37672244062708 423.213284250549
0
136.37672244062708 459.27319341000066
0.25 0.25 0.25 0.25
117.51352233945035
45.0
61.816983681073935 92.10869133798897
2
68.43484498109257 92.10869133798897
0.25 0.25 0.25 0.25
130.2518286621665
45.0
407.4999659578682 44.382557125796154
3
440.83173768413985 44.382557125796154
0.25 0.25 0.25 0.25
151.66829635799192
45.0
366.0277340417964 378.37737851390295
0
366.0277340417964 457.95470633551554
0.25 0.25 0.25 0.25
163.66791515058154
45.0
417.06658042113077 424.9268376261391
0
417.06658042113077 430.6670298093645
0.25 0.25 0.25 0.25
144.40613256449632
45.0
482.93546225474086 482.0091451449507
0
482.93546225474086 406.5600128875649
0.25 0.25 0.25 0.25
111.43084196748444
45.0
7.077435161683553 98.57970974424805
1
7.077435161683553 220.34221819546508
0.25 0.25 0.25 0.25
121.76250845121703
45.0
124.96182691780467 36.770007502427404
2
250.39928798512253 36.770007502427404
0.25 0.25 0.25 0.25
125.43746106731786
45.0
168.73351678755216 137.30359522260943
2
285.02757488233897 137.30359522260943
0.25 0.25 0.25 0.25
116.29405809478682
45.0
442.20629449748344 281.8259268567182
1
442.20629449748344 404.92726138298826
0.25 0.25 0.25 0.25
123.10133452627008
45.0
125.0799922264664 205.32980711602852
2
37.79391475962598 205.32980711602852
0.25 0.25 0.25 0.25
162.87390698609238
45.0
405.2408217932707 309.45619849575905
0
405.2408217932707 205.24546424156483
0.25 0.25 0.25 0.25
104.21073425419422
45.0
298.0186188452907 38.34465870314028
1
298.0186188452907 135.16717939233294
0.25 0.25 0.25 0.25
173.51183809547322
45.0
334.1654211470617 86.51343926950746
1
334.1654211470617 19.195837817289004
0.25 0.25 0.25 0.25
105.70927708679646
45.0
345.01437595326604 45.10444164168459
3
338.7784081647611 45.10444164168459
0.25 0.25 0.25 0.25
6.235967788504931
45.0
192.31347943433664 487.80825984315766
0
192.31347943433664 464.2712899388404
0.25 0.25 0.25 0.25
23.53696990431725
45.0
315.9247436359951 32.27434279025428
3
290.2327154113567 32.27434279025428
0.25 0.25 0.25 0.25
25.69202822463844
45.0
297.744072736988 470.8272883202845
3
277.4957049879656 470.8272883202845
0.25 0.25 0.25 0.25
20.2483677490224
45.0
282.7909807496458 392.6077379882641
0
282.7909807496458 366.3167065079938
0.25 0.25 0.25 0.25
26.291031480270316
45.0
243.020197682135 308.2352498021564
1
243.020197682135 308.26980012541406
0.25 0.25 0.25 0.25
0.0345503232577149
45.0
3.8096018844013955 462.6214071569822
2
22.124150110643452 462.6214071569822
0.25 0.25 0.25 0.25
18.314548226242056
45.0
463.61409734353117 343.15571051295296
3
448.52807889233304 343.15571051295296
0.25 0.25 0.25 0.25
15.086018451198157
45.0
385.0316835745512 31.801279636997325
1
385.0316835745512 49.009620480215986
0.25 0.25 0.25 0.25
17.20834084321866
45.0
257.8337154928231 385.5330035834984
0
257.8337154928231 352.2510193215168
0.25 0.25 0.25 0.25
33.28198426198155
45.0
225.0854171202657 76.79231334410451
1
225.0854171202657 82.67574692655643
0.25 0.25 0.25 0.25
5.883433582451908
45.0
469.0255668663614 221.62656004449806
3
425.38264325796814 221.62656004449806
0.25 0.25 0.25 0.25
43.642923608393254
45.0
56.81030545509432 45.37028644806327
3
27.184725170481098 45.37028644806327
0.25 0.25 0.25 0.25
29.625580284613225
45.0
323.1050745658427 97.27457097682701
3
309.6305912079609 97.27457097682701
0.25 0.25 0.25 0.25
13.474483357881828
45.0
229.09111808011414 9.011233668019102
1
229.09111808011414 35.64383655033333
0.25 0.25 0.25 0.25
44.655070218352435
45.0
439.9767391314627 141.9163478812182
2
486.55258694644965 141.9163478812182
0.25 0.25 0.25 0.25
46.57584781498695
45.0
128.50620286437513 456.1218724284676
3
102.64436363978393 456.1218724284676
0.25 0.25 0.25 0.25
25.861839224591186
45.0
264.4233053887293 54.68895515171013
2
270.21971676006456 54.68895515171013
0.25 0.25 0.25 0.25
5.796411371335264
45.0
7.585388706341135 286.50230925869386
2
32.747815807291374 286.50230925869386
0.25 0.25 0.25 0.25
25.16242710095024
45.0
