34278
467.29806180645426 288.64397865895194
3
303.5792687107039 288.64397865895194
0.25 0.25 0.25 0.25
163.71879309575036
45.0
478.2393623336893 211.2461516938747
3
415.3000288985148 211.2461516938747
0.25 0.25 0.25 0.25
106.46060876779588
45.0
89.41475403563243 447.92059600538073
0
89.41475403563243 325.66173887435843
0.25 0.25 0.25 0.25
122.2588571310223
45.0
33.3744205875299 356.4110406215559
2
89.14906790379365 356.4110406215559
0.25 0.25 0.25 0.25
122.52348849132355
45.0
427.4861834052408 62.24381803436569
3
438.0967266088029 62.24381803436569
0.25 0.25 0.25 0.25
134.41708998595632
45.0
348.20266030432464 333.6272146448185
3
184.95126120296936 333.6272146448185
0.25 0.25 0.25 0.25
163.25139910135528
45.0
153.62199752804668 198.7739834226002
0
153.62199752804668 90.73753729128163
0.25 0.25 0.25 0.25
108.03644613131857
45.0
36.44703320885971 314.27058447637927
2
139.417480932285 314.27058447637927
0.25 0.25 0.25 0.25
102.9704477234253
45.0
213.3148797155806 477.1567573597863
3
46.92859256968626 477.1567573597863
0.25 0.25 0.25 0.25
166.38628714589433
45.0
377.3304185643251 328.1103058284757
0
377.3304185643251 195.9225134006938
0.25 0.25 0.25 0.25
132.18779242778191
45.0
84.63182585371794 261.3363092979814
2
201.25132373235056 261.3363092979814
0.25 0.25 0.25 0.25
116.61949787863261
45.0
134.7920692382218 75.42523563869338
1
134.7920692382218 12.90867443931856
0.25 0.25 0.25 0.25
88.33391007801194
45.0
444.3063913089852 23.128003855972466
1
444.3063913089852 134.74971862801794
0.25 0.25 0.25 0.25
111.62171477204548
45.0
24.53999117578067 215.299377293465
2
93.15410918419359 215.299377293465
0.25 0.25 0.25 0.25
117.69410035997426
45.0
211.47224981696831 454.25718807599674
0
211.47224981696831 341.3397116989704
0.25 0.25 0.25 0.25
112.91747637702633
45.0
391.299067972227 452.4628327219683
0
391.299067972227 430.02364493858136
0.25 0.25 0.25 0.25
117.51352233945035
45.0
190.27079210291882 374.26017170283455
2
320.5226207650853 374.26017170283455
0.25 0.25 0.25 0.25
130.2518286621665
45.0
70.76329064847872 44.382557125796154
2
80.9050057095132 44.382557125796154
0.25 0.25 0.25 0.25
151.66829635799192
45.0
2.7068855476116482 493.9397245285372
0
2.7068855476116482 342.39236032088127
0.25 0.25 0.25 0.25
163.66791515058154
45.0
395.38072451818243 340.47553700223915
3
250.97459195368612 340.47553700223915
0.25 0.25 0.25 0.25
144.40613256449632
45.0
42.96724979952279 406.5600128875649
2
154.39809176700723 406.5600128875649
0.25 0.25 0.25 0.25
111.43084196748444
45.0
314.1473789115415 489.76716748816284
0
314.1473789115415 388.4703240606201
0.25 0.25 0.25 0.25
121.76250845121703
45.0
111.91434106265996 339.54237569952613
0
111.91434106265996 214.10491463220828
0.25 0.25 0.25 0.25
125.43746106731786
45.0
99.73047962167985 49.282496189716014
1
99.73047962167985 165.57655428450283
0.25 0.25 0.25 0.25
116.29405809478682
45.0
364.67293134073145 20.43393401433866
3
241.57159681446137 20.43393401433866
0.25 0.25 0.25 0.25
123.10133452627008
45.0
409.0548448987022 485.5645049213218
3
428.07124811520544 485.5645049213218
0.25 0.25 0.25 0.25
162.87390698609238
45.0
343.1374300810187 389.4403951769982
0
343.1374300810187 285.229660922804
0.25 0.25 0.25 0.25
104.21073425419422
45.0
275.40303788068354 335.0695825171314
3
101.89119978521032 335.0695825171314
0.25 0.25 0.25 0.25
173.51183809547322
45.0
274.6614474263183 143.6062101374725
2
380.3707245131148 143.6062101374725
0.25 0.25 0.25 0.25
105.70927708679646
45.0
320.07050479924635 176.05976520028813
3
313.8345370107414 176.05976520028813
0.25 0.25 0.25 0.25
6.235967788504931
45.0
43.05621960883593 217.4543268769923
1
43.05621960883593 240.99129678130956
0.25 0.25 0.25 0.25
23.53696990431725
45.0
264.5406871867183 198.95391123149173
2
290.2327154113567 198.95391123149173
0.25 0.25 0.25 0.25
25.69202822463844
45.0
188.2167532395497 207.5985075829932
0
188.2167532395497 187.3501398339708
0.25 0.25 0.25 0.25
20.2483677490224
45.0
336.3138474599147 474.05549711092783
0
336.3138474599147 447.7644656306575
0.25 0.25 0.25 0.25
26.291031480270316
45.0
243.12384865190816 307.0605388113949
3
243.08929832865044 307.0605388113949
0.25 0.25 0.25 0.25
0.0345503232577149
45.0
490.68320022413394 279.47592489456184
1
490.68320022413394 297.7904731208039
0.25 0.25 0.25 0.25
18.314548226242056
45.0
252.40983902675734 215.02697218137874
3
237.32382057555918 215.02697218137874
0.25 0.25 0.25 0.25
15.086018451198157
45.0
144.1149117694901 496.42648240390105
0
144.1149117694901 479.2181415606824
0.25 0.25 0.25 0.25
17.20834084321866
45.0
357.6796682787678 148.51921674875973
3
324.39768401678623 148.51921674875973
0.25 0.25 0.25 0.25
33.28198426198155
45.0
348.6375223517559 65.02544617920069
1
348.6375223517559 70.9088797616526
0.25 0.25 0.25 0.25
5.883433582451908
45.0
119.88217799921523 123.72958582960325
3
76.23925439082197 123.72958582960325
0.25 0.25 0.25 0.25
43.642923608393254
45.0
145.6870463089339 348.8958189710455
1
145.6870463089339 378.52139925565876
0.25 0.25 0.25 0.25
29.625580284613225
45.0
50.72717589146085 437.0248864406178
0
50.72717589146085 423.550403082736
0.25 0.25 0.25 0.25
13.474483357881828
45.0
184.43604786176172 472.71637890799843
2
229.09111808011414 472.71637890799843
0.25 0.25 0.25 0.25
44.655070218352435
45.0
165.50928246336758 185.73073965176607
0
165.50928246336758 139.15489183677911
0.25 0.25 0.25 0.25
46.57584781498695
45.0
466.31609930122204 145.7798017333735
0
466.31609930122204 119.9179625087823
0.25 0.25 0.25 0.25
25.861839224591186
45.0
415.13000104344553 211.19206217776235
1
415.13000104344553 216.98847354909762
0.25 0.25 0.25 0.25
5.796411371335264
45.0
118.22674679841005 343.3242474986043
1
118.22674679841005 368.48667459955453
0.25 0.25 0.25 0.25
25.16242710095024
45.0
