34278
99.9523724976882 439.20915059547406
2
63.766420598062155 439.20915059547406
0.25 0.25 0.25 0.25
163.71879309575036
45.0
78.79710593703315 301.95393764338917
2
185.25771470482903 301.95393764338917
0.25 0.25 0.25 0.25
106.46060876779588
45.0
277.36181735743446 84.97311842235172
1
277.36181735743446 207.231975553374
0.25 0.25 0.25 0.25
122.2588571310223
45.0
179.36093722311838 315.642678043297
1
179.36093722311838 438.1661665346205
0.25 0.25 0.25 0.25
122.52348849132355
45.0
356.8149776620796 104.68597153027994
1
356.8149776620796 29.73111845567638
0.25 0.25 0.25 0.25
134.41708998595632
45.0
426.38968038512303 421.15496468635257
0
426.38968038512303 257.9035655849973
0.25 0.25 0.25 0.25
163.25139910135528
45.0
7.106925098324865 14.64741569882429
1
7.106925098324865 93.38903043249428
0.25 0.25 0.25 0.25
108.03644613131857
45.0
361.5777416641753 157.02016088582815
1
361.5777416641753 259.99060860925346
0.25 0.25 0.25 0.25
102.9704477234253
45.0
290.8908130960043 185.0238369745231
3
124.50452595010998 185.0238369745231
0.25 0.25 0.25 0.25
166.38628714589433
45.0
319.8280791420698 310.9271922452044
1
319.8280791420698 443.11498467298634
0.25 0.25 0.25 0.25
132.18779242778191
45.0
417.02178342637023 410.062752021062
3
466.35871869499715 410.062752021062
0.25 0.25 0.25 0.25
116.61949787863261
45.0
251.45296845810233 16.261617091724787
3
163.1190583800904 16.261617091724787
0.25 0.25 0.25 0.25
88.33391007801194
45.0
2.414965169212593 395.78625754175357
2
109.20674960283289 395.78625754175357
0.25 0.25 0.25 0.25
111.62171477204548
45.0
82.18748217642433 39.95778593284709
1
82.18748217642433 77.73631442712717
0.25 0.25 0.25 0.25
117.69410035997426
45.0
163.58392301288995 126.58748120237192
3
50.66644663586362 126.58748120237192
0.25 0.25 0.25 0.25
112.91747637702633
45.0
216.16384457772335 374.6720641128726
3
98.65032223827299 374.6720641128726
0.25 0.25 0.25 0.25
117.51352233945035
45.0
139.84028126524643 487.07211809465866
2
270.09210992741293 487.07211809465866
0.25 0.25 0.25 0.25
130.2518286621665
45.0
99.07543799458364 67.64092465816728
1
99.07543799458364 219.3092210161592
0.25 0.25 0.25 0.25
151.66829635799192
45.0
53.005975023904796 256.56643970992843
0
53.005975023904796 92.8985245593469
0.25 0.25 0.25 0.25
163.66791515058154
45.0
37.83767317530652 323.89241686753945
1
37.83767317530652 468.29854943203577
0.25 0.25 0.25 0.25
144.40613256449632
45.0
268.7065114418515 376.33345859218593
2
380.1373534093359 376.33345859218593
0.25 0.25 0.25 0.25
111.43084196748444
45.0
262.34751413101424 222.64510432897694
3
140.5850056797972 222.64510432897694
0.25 0.25 0.25 0.25
121.76250845121703
45.0
477.7276586489853 144.70902587703162
3
396.83488028369686 144.70902587703162
0.25 0.25 0.25 0.25
125.43746106731786
45.0
262.0265624937151 188.57756667312708
2
378.3206205885019 188.57756667312708
0.25 0.25 0.25 0.25
116.29405809478682
45.0
179.22755744754875 389.7379375931489
2
302.3288919738188 389.7379375931489
0.25 0.25 0.25 0.25
123.10133452627008
45.0
216.1062245602493 491.67893699523245
3
53.23231757415692 491.67893699523245
0.25 0.25 0.25 0.25
162.87390698609238
45.0
242.13487710352706 287.3449051241266
1
242.13487710352706 391.55563937832085
0.25 0.25 0.25 0.25
104.21073425419422
45.0
307.24634264940676 335.0695825171314
3
133.73450455393353 335.0695825171314
0.25 0.25 0.25 0.25
173.51183809547322
45.0
245.4086733585313 266.26801652253494
0
245.4086733585313 160.55873943573846
0.25 0.25 0.25 0.25
105.70927708679646
45.0
363.7222793187808 250.89137866234722
2
369.95824710728573 250.89137866234722
0.25 0.25 0.25 0.25
6.235967788504931
45.0
278.4259186520085 229.54403276263383
0
278.4259186520085 206.00706285831657
0.25 0.25 0.25 0.25
23.53696990431725
45.0
238.84865896207984 96.18579833293794
0
238.84865896207984 70.49377010829949
0.25 0.25 0.25 0.25
25.69202822463844
45.0
26.229811247370456 199.76852728509107
1
26.229811247370456 220.01689503411347
0.25 0.25 0.25 0.25
20.2483677490224
45.0
47.112501176941294 211.14518230822478
0
47.112501176941294 184.85415082795447
0.25 0.25 0.25 0.25
26.291031480270316
45.0
242.67469444955782 308.71895432776404
1
242.67469444955782 308.75350465102173
0.25 0.25 0.25 0.25
0.0345503232577149
45.0
32.81949456808269 279.47592489456184
3
14.504946341840633 279.47592489456184
0.25 0.25 0.25 0.25
18.314548226242056
45.0
340.26766279089316 64.16678766939717
2
355.3536812420913 64.16678766939717
0.25 0.25 0.25 0.25
15.086018451198157
45.0
167.55145450176389 135.0513246963094
0
167.55145450176389 117.84298385309073
0.25 0.25 0.25 0.25
17.20834084321866
45.0
410.8869140279145 51.17268882312956
2
444.16889828989605 51.17268882312956
0.25 0.25 0.25 0.25
33.28198426198155
45.0
383.93812384646736 388.614293214056
2
389.8215574289193 388.614293214056
0.25 0.25 0.25 0.25
5.883433582451908
45.0
62.26400242044722 469.08573170370437
3
18.621078812053966 469.08573170370437
0.25 0.25 0.25 0.25
43.642923608393254
45.0
64.0800351319443 487.890158674975
2
93.70561541655752 487.890158674975
0.25 0.25 0.25 0.25
29.625580284613225
45.0
342.9210730038574 482.1282134120913
2
356.3955563617392 482.1282134120913
0.25 0.25 0.25 0.25
13.474483357881828
45.0
172.80451388505776 160.1308873795315
2
217.45958410341018 160.1308873795315
0.25 0.25 0.25 0.25
44.655070218352435
45.0
255.89952204890233 162.20739093841655
1
255.89952204890233 208.7832387534035
0.25 0.25 0.25 0.25
46.57584781498695
45.0
33.6705757250664 242.14778663549433
0
33.6705757250664 216.28594741090313
0.25 0.25 0.25 0.25
25.861839224591186
45.0
426.722823786116 448.8449284025074
2
432.51923515745125 448.8449284025074
0.25 0.25 0.25 0.25
5.796411371335264
45.0
294.36373650506175 59.27458611659971
3
269.2013094041115 59.27458611659971
0.25 0.25 0.25 0.25
25.16242710095024
45.0
