34278
262.85969654480823 487.737254605698
0
262.85969654480823 324.01846150994766
0.25 0.25 0.25 0.25
163.71879309575036
45.0
459.13640783197377 230.34910619559037
3
352.6757990641779 230.34910619559037
0.25 0.25 0.25 0.25
106.46060876779588
45.0
333.932468297677 19.185689566886822
1
333.932468297677 103.07316756413547
0.25 0.25 0.25 0.25
122.2588571310223
45.0
65.68603975952868 296.9747644133207
2
188.20952825085223 296.9747644133207
0.25 0.25 0.25 0.25
122.52348849132355
45.0
99.57163333502234 271.9976279079725
2
233.98872332097866 271.9976279079725
0.25 0.25 0.25 0.25
134.41708998595632
45.0
223.51795856721486 421.15496468635274
0
223.51795856721486 415.59363621229204
0.25 0.25 0.25 0.25
163.25139910135528
45.0
90.12287955272319 35.393567655016085
1
90.12287955272319 72.64287847630249
0.25 0.25 0.25 0.25
108.03644613131857
45.0
315.65389914488264 151.89118228444806
3
212.68345142145733 151.89118228444806
0.25 0.25 0.25 0.25
102.9704477234253
45.0
277.43259609893255 23.684381202530687
1
277.43259609893255 190.07066834842502
0.25 0.25 0.25 0.25
166.38628714589433
45.0
245.14262613654319 402.7957588340023
3
112.95483370876127 402.7957588340023
0.25 0.25 0.25 0.25
132.18779242778191
45.0
399.31470172405807 487.9561588815078
3
282.69520384542545 487.9561588815078
0.25 0.25 0.25 0.25
116.61949787863261
45.0
74.78514830207848 135.43215657483674
2
13.548761775933457 135.43215657483674
0.25 0.25 0.25 0.25
88.33391007801194
45.0
216.23303142646898 264.75316519370074
2
327.8547461985145 264.75316519370074
0.25 0.25 0.25 0.25
111.62171477204548
45.0
152.4010124239619 253.87761190730743
3
34.70691206398763 253.87761190730743
0.25 0.25 0.25 0.25
117.69410035997426
45.0
384.7461714790047 368.6797213496616
2
497.66364785603105 368.6797213496616
0.25 0.25 0.25 0.25
112.91747637702633
45.0
156.2720232933267 132.83465874593935
0
156.2720232933267 15.321136406489003
0.25 0.25 0.25 0.25
117.51352233945035
45.0
200.48469388358072 117.96445514867168
2
330.7365225457472 117.96445514867168
0.25 0.25 0.25 0.25
130.2518286621665
45.0
289.1975967597149 224.36300082989297
3
137.52930040172296 224.36300082989297
0.25 0.25 0.25 0.25
151.66829635799192
45.0
130.3897825051715 15.056530019718195
1
130.3897825051715 148.61138513086334
0.25 0.25 0.25 0.25
163.66791515058154
45.0
171.40087778832867 286.2608972448682
1
171.40087778832867 430.6670298093645
0.25 0.25 0.25 0.25
144.40613256449632
45.0
291.3252761029305 403.68243518020506
0
291.3252761029305 484.8867228523105
0.25 0.25 0.25 0.25
111.43084196748444
45.0
224.7025196738539 23.182798706968953
2
346.46502812507094 23.182798706968953
0.25 0.25 0.25 0.25
121.76250845121703
45.0
498.7257898802418 40.26969604097016
3
375.8367490524404 40.26969604097016
0.25 0.25 0.25 0.25
125.43746106731786
45.0
63.85459940202155 323.24518855910173
0
63.85459940202155 206.95113046431493
0.25 0.25 0.25 0.25
116.29405809478682
45.0
334.2942837610527 25.13403735517943
2
457.3956182873228 25.13403735517943
0.25 0.25 0.25 0.25
123.10133452627008
45.0
265.19734112911306 137.06013286569134
1
265.19734112911306 25.813774120401035
0.25 0.25 0.25 0.25
162.87390698609238
45.0
11.602115223506189 453.65903109057285
2
92.60861903068803 453.65903109057285
0.25 0.25 0.25 0.25
104.21073425419422
45.0
439.68715217204067 358.9777698647615
0
439.68715217204067 185.4659317692883
0.25 0.25 0.25 0.25
173.51183809547322
45.0
408.2107213132922 499.12571703243935
3
486.0800015999114 499.12571703243935
0.25 0.25 0.25 0.25
105.70927708679646
45.0
407.37405383831526 98.32281749392884
0
407.37405383831526 92.0868497054239
0.25 0.25 0.25 0.25
6.235967788504931
45.0
160.74106913042212 229.7481013050355
2
184.27803903473938 229.7481013050355
0.25 0.25 0.25 0.25
23.53696990431725
45.0
84.69648961424915 55.97727025399377
3
59.004461389610704 55.97727025399377
0.25 0.25 0.25 0.25
25.69202822463844
45.0
176.25386624285358 329.08871407712763
1
176.25386624285358 349.33708182615004
0.25 0.25 0.25 0.25
20.2483677490224
45.0
216.73861737549012 185.79495457768274
0
216.73861737549012 159.50392309741244
0.25 0.25 0.25 0.25
26.291031480270316
45.0
243.020197682135 307.8551962463218
1
243.020197682135 307.8897465695795
0.25 0.25 0.25 0.25
0.0345503232577149
45.0
197.6504286042612 279.4759248945618
2
215.96497683050328 279.4759248945618
0.25 0.25 0.25 0.25
18.314548226242056
45.0
463.61409734353117 267.7256182569623
2
478.7001157947293 267.7256182569623
0.25 0.25 0.25 0.25
15.086018451198157
45.0
320.5102909974137 100.63464300987201
0
320.5102909974137 83.42630216665334
0.25 0.25 0.25 0.25
17.20834084321866
45.0
124.70577844489686 248.36516953470442
1
124.70577844489686 281.647153796686
0.25 0.25 0.25 0.25
33.28198426198155
45.0
260.38601861497716 129.74321558617174
1
260.38601861497716 135.62664916862366
0.25 0.25 0.25 0.25
5.883433582451908
45.0
491.11875251829014 433.0172940814006
1
491.11875251829014 476.66021768979385
0.25 0.25 0.25 0.25
43.642923608393254
45.0
446.8245593833307 362.118107859672
0
446.8245593833307 332.4925275750588
0.25 0.25 0.25 0.25
29.625580284613225
45.0
313.08387477134846 288.8055695039179
3
299.60939141346665 288.8055695039179
0.25 0.25 0.25 0.25
13.474483357881828
45.0
318.401258516819 125.38798912682975
3
273.74618829846656 125.38798912682975
0.25 0.25 0.25 0.25
44.655070218352435
45.0
491.54021716827634 163.8235437664921
0
491.54021716827634 117.24769595150514
0.25 0.25 0.25 0.25
46.57584781498695
45.0
206.0917205381487 300.9508370809206
1
206.0917205381487 326.8126763055118
0.25 0.25 0.25 0.25
25.861839224591186
45.0
281.81253950273504 135.83871435040388
0
281.81253950273504 130.0423029790686
0.25 0.25 0.25 0.25
5.796411371335264
45.0
410.1842223215451 185.08672162135088
1
410.1842223215451 210.24914872230113
0.25 0.25 0.25 0.25
25.16242710095024
45.0
