38683
203.08170410226774 307.8238346252886
2
222.57662263008882 307.8238346252886
0.25 0.25 0.25 0.25
19.4949185278211
45.0
235.74661522200623 282.0183016324063
3
206.53383622942323 282.0183016324063
0.25 0.25 0.25 0.25
29.212778992583004
45.0
260.9735362920873 136.35710557712844
0
260.9735362920873 124.34568489761679
0.25 0.25 0.25 0.25
12.011420679511648
45.0
491.1040095819144 138.8346106543096
1
491.1040095819144 163.30534816575732
0.25 0.25 0.25 0.25
24.47073751144772
45.0
187.25523758771558 411.75610732201244
2
189.56595039203634 411.75610732201244
0.25 0.25 0.25 0.25
2.310712804320758
45.0
29.799891145580986 335.2707473693973
2
54.86143028943058 335.2707473693973
0.25 0.25 0.25 0.25
25.061539143849593
45.0
296.8248990200384 274.49166304724145
0
296.8248990200384 256.73049114637973
0.25 0.25 0.25 0.25
17.761171900861733
45.0
212.57867092527374 237.51104197197265
2
216.70656232549345 237.51104197197265
0.25 0.25 0.25 0.25
4.127891400219724
45.0
475.96943951039 86.68949794969635
1
475.96943951039 104.01293712662226
0.25 0.25 0.25 0.25
17.32343917692592
45.0
111.05863609336575 3.8171336641432134
2
153.83559706257262 3.8171336641432134
0.25 0.25 0.25 0.25
42.776960969206876
45.0
223.14714763213573 36.654353060637135
3
194.01019573248163 36.654353060637135
0.25 0.25 0.25 0.25
29.136951899654107
45.0
202.3778527949608 180.8243769638555
2
212.53899639092936 180.8243769638555
0.25 0.25 0.25 0.25
10.161143595968541
45.0
339.67560794655867 166.6441647158191
1
339.67560794655867 207.05839253466502
0.25 0.25 0.25 0.25
40.4142278188459
45.0
269.43661487670886 110.54254597960528
1
269.43661487670886 151.65181306633508
0.25 0.25 0.25 0.25
41.1092670867298
45.0
382.5334262218498 313.9759407522369
3
372.2449866460271 313.9759407522369
0.25 0.25 0.25 0.25
10.288439575822716
45.0
326.29620024141565 480.910377532781
3
296.20736988096974 480.910377532781
0.25 0.25 0.25 0.25
30.088830360445918
45.0
245.26037098445178 398.4146035751053
0
245.26037098445178 361.4984639009524
0.25 0.25 0.25 0.25
36.916139674152895
45.0
154.52909204994498 489.4336281832885
0
154.52909204994498 465.03772557887646
0.25 0.25 0.25 0.25
45.528646237835055
45.0
484.8992091574495 51.2091708336455
0
484.8992091574495 15.023452758086364
0.25 0.25 0.25 0.25
36.18571807555914
45.0
66.83754439825103 50.5668494051279
0
66.83754439825103 6.048285356462586
0.25 0.25 0.25 0.25
44.51856404866531
45.0
336.35566415912365 325.0949783141778
3
304.3583892917432 325.0949783141778
0.25 0.25 0.25 0.25
31.99727486738042
45.0
276.02355262242503 231.36898167020388
1
276.02355262242503 271.6604564641837
0.25 0.25 0.25 0.25
40.29147479397982
45.0
54.64872690178148 389.76421862811617
2
98.94218179508823 389.76421862811617
0.25 0.25 0.25 0.25
44.29345489330675
45.0
345.48181195396785 110.65144659054417
0
345.48181195396785 105.26402643901497
0.25 0.25 0.25 0.25
5.387420151529204
45.0
215.78537967493497 471.7546518702219
0
215.78537967493497 499.6197926717036
0.25 0.25 0.25 0.25
28.62555545807454
45.0
266.72857415354963 250.53890953598517
1
266.72857415354963 295.3742659067691
0.25 0.25 0.25 0.25
44.83535637078392
45.0
207.2479213519486 483.4385604670465
2
214.67668716804184 483.4385604670465
0.25 0.25 0.25 0.25
7.428765816093231
45.0
160.34616041693516 212.61669606149167
3
129.93020285843033 212.61669606149167
0.25 0.25 0.25 0.25
30.41595755850483
45.0
153.085363867288 264.830116495452
2
189.74132875110143 264.830116495452
0.25 0.25 0.25 0.25
36.655964883813425
45.0
42.29320065308818 359.15458387360593
0
42.29320065308818 321.95382026371817
0.25 0.25 0.25 0.25
37.20076360988773
45.0
143.11881396879522 352.9700229667645
0
143.11881396879522 350.6362579763742
0.25 0.25 0.25 0.25
2.3337649903902746
45.0
137.9666348808393 488.47575188391454
2
176.74015833589985 488.47575188391454
0.25 0.25 0.25 0.25
38.773523455060534
45.0
439.75670573264097 82.51355756125588
1
439.75670573264097 127.96903905769273
0.25 0.25 0.25 0.25
45.455481496436846
45.0
108.76375914840371 318.0257548109674
0
108.76375914840371 295.71117598267926
0.25 0.25 0.25 0.25
22.314578828288134
45.0
431.24960967703396 434.4738070101952
0
431.24960967703396 386.70573891110473
0.25 0.25 0.25 0.25
47.768068099090456
45.0
266.65075570869334 170.4040138702775
3
256.68591167225037 170.4040138702775
0.25 0.25 0.25 0.25
9.96484403644295
45.0
123.41727963204991 196.20739284572284
2
132.65049730311017 196.20739284572284
0.25 0.25 0.25 0.25
9.233217671060261
45.0
343.7602057786326 137.50841201220987
3
307.51215388767434 137.50841201220987
0.25 0.25 0.25 0.25
36.24805189095826
45.0
57.58537071084214 429.1536643326859
0
57.58537071084214 396.86181196580196
0.25 0.25 0.25 0.25
32.291852366883916
45.0
462.67443723807537 32.81155155962177
3
425.168489500546 32.81155155962177
0.25 0.25 0.25 0.25
37.50594773752936
45.0
316.9668241287584 168.8886751643189
0
316.9668241287584 164.0299144092856
0.25 0.25 0.25 0.25
4.858760755033298
45.0
249.33217364663525 423.2671701409173
2
256.79806579851453 423.2671701409173
0.25 0.25 0.25 0.25
7.465892151879277
45.0
87.60238491642758 337.142142155109
3
72.7898763074584 337.142142155109
0.25 0.25 0.25 0.25
14.812508608969182
45.0
169.0660934386838 298.0919778162865
2
204.624713624528 298.0919778162865
0.25 0.25 0.25 0.25
35.5586201858442
45.0
400.8218289108355 270.0884003810977
2
432.98540812292055 270.0884003810977
0.25 0.25 0.25 0.25
32.16357921208506
45.0
214.20224214385027 369.95246361489563
2
222.86330239787344 369.95246361489563
0.25 0.25 0.25 0.25
8.661060254023178
45.0
135.21802311637816 188.00061026144908
1
135.21802311637816 215.47699994678032
0.25 0.25 0.25 0.25
27.476389685331238
45.0
294.3722286730766 403.7465218371507
2
336.27538218032925 403.7465218371507
0.25 0.25 0.25 0.25
41.90315350725264
45.0
