979
476.8827684144577 218.31976187122353
3
401.9637061650177 218.31976187122353
0.25 0.25 0.25 0.25
121.15352542052462
45.0
29.772209128604814 409.7337779394758
2
134.62299000173977 409.7337779394758
0.25 0.25 0.25 0.25
104.85078087313495
45.0
117.13639973213148 306.010701602072
2
24.457346150226442 306.010701602072
0.25 0.25 0.25 0.25
141.59374588235792
45.0
212.77646726611647 111.68364983061076
1
212.77646726611647 61.642382963730086
0.25 0.25 0.25 0.25
173.32603279434085
45.0
279.520408486965 199.76557493299555
3
143.03456312264336 199.76557493299555
0.25 0.25 0.25 0.25
136.48584536432162
45.0
184.5798475507381 199.9941985178842
1
184.5798475507381 358.35895441790046
0.25 0.25 0.25 0.25
158.36475590001626
45.0
27.987105178450577 60.18329719265512
2
116.45932393088685 60.18329719265512
0.25 0.25 0.25 0.25
144.44642910933743
45.0
406.67319935668 135.87879780555923
3
446.12271383029633 135.87879780555923
0.25 0.25 0.25 0.25
147.20408681302362
45.0
332.7566769535322 83.41172689643571
2
431.28242294910945 83.41172689643571
0.25 0.25 0.25 0.25
98.52574599557724
45.0
54.36744354300447 339.055671557075
1
54.36744354300447 489.8264658020398
0.25 0.25 0.25 0.25
150.7707942449648
45.0
137.82696727574967 382.29347599464666
0
137.82696727574967 483.50039134321685
0.25 0.25 0.25 0.25
134.2061326621365
45.0
111.00312084377903 91.1492574870344
2
200.12275268878483 91.1492574870344
0.25 0.25 0.25 0.25
89.1196318450058
45.0
187.92301138373386 358.1317193149723
2
326.20732985572363 358.1317193149723
0.25 0.25 0.25 0.25
138.28431847198976
45.0
295.3479199540859 343.9027588362121
1
295.3479199540859 437.1154818988647
0.25 0.25 0.25 0.25
93.21272306265254
45.0
49.533800559408775 31.939722719645857
2
90.02624024802748 31.939722719645857
0.25 0.25 0.25 0.25
139.56004080743625
45.0
456.59516439975005 471.22578797899325
0
456.59516439975005 343.9041193343406
0.25 0.25 0.25 0.25
127.32166864465266
45.0
56.19396913829456 223.8308939055254
2
187.37631292086678 223.8308939055254
0.25 0.25 0.25 0.25
131.18234378257222
45.0
250.95800992559364 98.80183383048407
3
121.79097793461762 98.80183383048407
0.25 0.25 0.25 0.25
129.16703199097603
45.0
445.32245805601735 367.5244882357057
3
300.6399034866672 367.5244882357057
0.25 0.25 0.25 0.25
144.68255456935017
45.0
65.2945352300913 201.5660071761212
2
38.211959897047706 201.5660071761212
0.25 0.25 0.25 0.25
103.506495127139
45.0
442.1550518712349 354.47125202116644
1
442.1550518712349 388.45642177275
0.25 0.25 0.25 0.25
33.98516975158355
45.0
444.9993993441978 380.09670192285824
2
458.23289219132624 380.09670192285824
0.25 0.25 0.25 0.25
13.233492847128424
45.0
96.66898120605278 130.27446611486346
1
96.66898120605278 132.4787162274434
0.25 0.25 0.25 0.25
2.2042501125799587
45.0
282.2916222354323 35.56089146135732
1
282.2916222354323 11.45506390597565
0.25 0.25 0.25 0.25
47.01595536733297
45.0
244.90825815568192 213.05616571827338
1
244.90825815568192 227.50209416774305
0.25 0.25 0.25 0.25
14.44592844946968
45.0
303.07888904162047 126.46177763807856
0
303.07888904162047 89.73596378643845
0.25 0.25 0.25 0.25
36.725813851640105
45.0
385.5599412288425 351.1230745248464
0
385.5599412288425 323.30429115202526
0.25 0.25 0.25 0.25
27.818783372821127
45.0
294.8542047382018 33.942522647041535
1
294.8542047382018 78.1624442008947
0.25 0.25 0.25 0.25
44.21992155385316
45.0
331.5849630762205 296.32271031329503
1
331.5849630762205 298.1686984417504
0.25 0.25 0.25 0.25
1.8459881284553337
45.0
135.3211517019353 204.26271570473034
3
123.31302916644619 204.26271570473034
0.25 0.25 0.25 0.25
12.008122535489113
45.0
220.72924505222227 392.089308544987
0
220.72924505222227 363.6437878490349
0.25 0.25 0.25 0.25
28.445520695952116
45.0
51.937888513208115 155.06123343896877
3
12.861405467527774 155.06123343896877
0.25 0.25 0.25 0.25
39.07648304568034
45.0
248.4974648417773 200.66040923106615
1
248.4974648417773 201.2199489150579
0.25 0.25 0.25 0.25
0.5595396839917333
45.0
425.7583796375804 77.76114719055363
0
425.7583796375804 30.950827166739998
0.25 0.25 0.25 0.25
46.81032002381363
45.0
355.32498012439976 216.65985908780092
1
355.32498012439976 233.31891442538375
0.25 0.25 0.25 0.25
16.659055337582828
45.0
287.9587114424627 384.1906128505577
1
287.9587114424627 407.4503262824883
0.25 0.25 0.25 0.25
23.259713431930575
45.0
325.8930234896956 222.48031334427816
1
325.8930234896956 243.08106058023702
0.25 0.25 0.25 0.25
20.600747235958867
45.0
136.06817710621954 158.27684924927073
2
183.6154975278008 158.27684924927073
0.25 0.25 0.25 0.25
47.54732042158127
45.0
247.0846052566949 233.4399885812584
0
247.0846052566949 194.2408254180118
0.25 0.25 0.25 0.25
39.1991631632466
45.0
254.6819826958899 448.4839093842826
0
254.6819826958899 436.0340781631179
0.25 0.25 0.25 0.25
12.449831221164665
45.0
412.8865022200132 154.6009204244706
3
399.0031957511199 154.6009204244706
0.25 0.25 0.25 0.25
13.883306468893275
45.0
326.87413507506574 213.50345245987756
0
326.87413507506574 180.13406998495842
0.25 0.25 0.25 0.25
33.369382474919156
45.0
224.00369056346005 247.03904473692114
3
205.7479381593687 247.03904473692114
0.25 0.25 0.25 0.25
18.255752404091353
45.0
259.5160257675408 33.095820152057684
3
218.5713934449558 33.095820152057684
0.25 0.25 0.25 0.25
40.94463232258501
45.0
11.906403277633672 59.71021783416717
1
11.906403277633672 91.61336033601378
0.25 0.25 0.25 0.25
31.903142501846617
45.0
3.006180804638312 210.6684361337034
2
19.25175380280956 210.6684361337034
0.25 0.25 0.25 0.25
22.257934607447872
45.0
198.44011740247979 74.79496884563325
3
177.8079905677949 74.79496884563325
0.25 0.25 0.25 0.25
20.6321268346849
45.0
381.9003338863024 189.043985819797
1
381.9003338863024 202.00976724313452
0.25 0.25 0.25 0.25
12.96578142333753
45.0
