38660
205.24065498650407 284.0741152002423
1
205.24065498650407 378.76693199110036
0.25 0.25 0.25 0.25
94.69281679085806
45.0
225.53101636973025 201.19836409644245
0
225.53101636973025 88.34643075819288
0.25 0.25 0.25 0.25
112.85193333824957
45.0
432.65593165471114 299.0736371041222
3
470.7041803675655 299.0736371041222
0.25 0.25 0.25 0.25
96.63988797772333
45.0
236.4263337657541 344.8422954932829
0
236.4263337657541 188.07380575743926
0.25 0.25 0.25 0.25
156.76848973584364
45.0
200.96827500304053 229.4737347435104
3
92.35800941591765 229.4737347435104
0.25 0.25 0.25 0.25
108.61026558712288
45.0
46.522437651066866 348.76218177921663
2
141.46121532146577 348.76218177921663
0.25 0.25 0.25 0.25
94.9387776703989
45.0
182.2957001995843 53.345276436329584
1
182.2957001995843 67.54335162633606
0.25 0.25 0.25 0.25
120.88862806266565
45.0
184.48517583953924 254.67840188579498
2
328.39303370339667 254.67840188579498
0.25 0.25 0.25 0.25
143.90785786385743
45.0
393.1946242914356 482.68580822356034
0
393.1946242914356 356.7289952201295
0.25 0.25 0.25 0.25
160.58519655631022
45.0
5.896907749096812 234.67142211247233
2
85.11821773881393 234.67142211247233
0.25 0.25 0.25 0.25
91.01512548791074
45.0
246.77817957997672 149.15575949947038
2
354.8150691430351 149.15575949947038
0.25 0.25 0.25 0.25
108.03688956305838
45.0
439.26027836914216 495.52052404487046
3
338.2671908741215 495.52052404487046
0.25 0.25 0.25 0.25
100.99308749502062
45.0
193.56128804550997 39.45191607973186
3
99.99278737678424 39.45191607973186
0.25 0.25 0.25 0.25
93.56850066872573
45.0
313.87103069414303 363.06906360473414
0
313.87103069414303 252.72971953758918
0.25 0.25 0.25 0.25
110.33934406714496
45.0
146.5028954353735 185.5119081867706
0
146.5028954353735 59.907304748235944
0.25 0.25 0.25 0.25
125.60460343853465
45.0
126.96213947445892 458.6443115175416
3
30.82892516083382 458.6443115175416
0.25 0.25 0.25 0.25
96.1332143136251
45.0
77.38078644007521 209.6555518011403
2
226.1680746268649 209.6555518011403
0.25 0.25 0.25 0.25
148.78728818678968
45.0
365.35979560801184 124.14135702874918
3
224.77629632312858 124.14135702874918
0.25 0.25 0.25 0.25
140.5834992848833
45.0
410.66592120160783 255.4141887631523
3
482.39962117761684 255.4141887631523
0.25 0.25 0.25 0.25
106.93445762077533
45.0
29.880567924488304 60.74821464054273
2
85.69733620920086 60.74821464054273
0.25 0.25 0.25 0.25
115.57790413368916
45.0
40.30294752262829 45.7071779271722
1
40.30294752262829 47.63928224818747
0.25 0.25 0.25 0.25
93.34646017535967
45.0
475.92166839237257 29.122831830339607
3
412.1388936591958 29.122831830339607
0.25 0.25 0.25 0.25
111.9394379484316
45.0
351.39616016518414 335.99975858754567
1
351.39616016518414 448.6010180789352
0.25 0.25 0.25 0.25
112.60125949138954
45.0
198.97054138362418 252.3463626235617
2
336.6957278752485 252.3463626235617
0.25 0.25 0.25 0.25
137.72518649162433
45.0
18.084275458373213 297.6298708140382
1
18.084275458373213 445.8227839279026
0.25 0.25 0.25 0.25
148.1929131138644
45.0
207.91312880408827 396.2275504528453
3
108.13645976795296 396.2275504528453
0.25 0.25 0.25 0.25
99.77666903613532
45.0
323.6138954978071 169.41385526362092
1
323.6138954978071 277.0974063417066
0.25 0.25 0.25 0.25
107.68355107808566
45.0
260.4065893489819 302.00884419697616
2
385.1349276453336 302.00884419697616
0.25 0.25 0.25 0.25
124.7283382963517
45.0
477.00917514186085 219.70555611345594
3
377.99308548175713 219.70555611345594
0.25 0.25 0.25 0.25
99.0160896601037
45.0
438.2073692652755 276.4679745780012
3
437.28667896008744 276.4679745780012
0.25 0.25 0.25 0.25
124.50595177463705
45.0
433.98387331084916 34.81720409116292
3
304.74087198138136 34.81720409116292
0.25 0.25 0.25 0.25
129.2430013294678
45.0
474.4010798127712 217.63489274450558
3
341.34599831546734 217.63489274450558
0.25 0.25 0.25 0.25
133.0550814973038
45.0
123.52044069125118 249.70560215618048
2
226.9980128373859 249.70560215618048
0.25 0.25 0.25 0.25
103.4775721461347
45.0
234.84239404734865 366.1762013028356
1
234.84239404734865 485.5431678178303
0.25 0.25 0.25 0.25
119.36696651499471
45.0
77.21261223971312 272.81971445945715
2
183.4326443941543 272.81971445945715
0.25 0.25 0.25 0.25
106.22003215444117
45.0
102.19641136971995 433.1582859141399
2
72.54948133669063 433.1582859141399
0.25 0.25 0.25 0.25
174.7458927064106
45.0
248.68352771488702 271.774359417011
1
248.68352771488702 380.6126168812158
0.25 0.25 0.25 0.25
108.8382574642048
45.0
111.74608286150834 80.71338989303149
3
11.602605264562499 80.71338989303149
0.25 0.25 0.25 0.25
100.14347759694584
45.0
466.73153056762806 140.81930939221337
3
418.2416513763724 140.81930939221337
0.25 0.25 0.25 0.25
115.02681805599958
45.0
318.6850829921874 202.44762956313235
1
318.6850829921874 243.1054923746399
0.25 0.25 0.25 0.25
40.657862811507556
45.0
411.38556838076886 113.60951538276026
2
440.36383145431734 113.60951538276026
0.25 0.25 0.25 0.25
28.978263073548472
45.0
165.66232519833406 486.9645027169313
3
162.39032752336595 486.9645027169313
0.25 0.25 0.25 0.25
3.2719976749681026
45.0
208.91163381689546 36.29051889863223
0
208.91163381689546 14.033787842911337
0.25 0.25 0.25 0.25
22.25673105572089
45.0
234.29373389577327 455.8845089147079
1
234.29373389577327 492.5915955303336
0.25 0.25 0.25 0.25
36.70708661562569
45.0
33.56812704815371 261.29060592712995
2
38.48586856990458 261.29060592712995
0.25 0.25 0.25 0.25
4.917741521750868
45.0
37.72166946305367 305.97858080499014
3
32.90401926576198 305.97858080499014
0.25 0.25 0.25 0.25
4.817650197291689
45.0
201.11363394470047 110.98844312605395
3
183.15486381414954 110.98844312605395
0.25 0.25 0.25 0.25
17.95877013055092
45.0
497.5438937682787 286.1386820899118
3
494.7726623937379 286.1386820899118
0.25 0.25 0.25 0.25
7.683443837983411
45.0
