38660
97.55708530154713 223.7338405853269
3
2.8642685106890724 223.7338405853269
0.25 0.25 0.25 0.25
94.69281679085806
45.0
34.34208281024992 329.71769747893813
0
34.34208281024992 216.86576414068855
0.25 0.25 0.25 0.25
112.85193333824957
45.0
369.9008196992655 143.55845406201888
2
466.54070767698886 143.55845406201888
0.25 0.25 0.25 0.25
96.63988797772333
45.0
293.2681970267149 264.05453888937427
3
136.49970729087127 264.05453888937427
0.25 0.25 0.25 0.25
156.76848973584364
45.0
450.69331851969673 319.50417360708695
3
342.0830529325739 319.50417360708695
0.25 0.25 0.25 0.25
108.61026558712288
45.0
339.51834195215173 189.11526771203495
2
434.45711962255064 189.11526771203495
0.25 0.25 0.25 0.25
94.9387776703989
45.0
202.58588555505372 229.34058156431126
1
202.58588555505372 350.2292096269769
0.25 0.25 0.25 0.25
120.88862806266565
45.0
147.46057017018768 132.83555916294358
2
291.3684280340451 132.83555916294358
0.25 0.25 0.25 0.25
143.90785786385743
45.0
125.04978603963372 436.9356293910346
0
125.04978603963372 402.47917405265525
0.25 0.25 0.25 0.25
160.58519655631022
45.0
1.2313862810245553 140.15715552350696
0
1.2313862810245553 49.14203003559621
0.25 0.25 0.25 0.25
91.01512548791074
45.0
265.73827430284035 234.79482746373412
2
373.7751638658987 234.79482746373412
0.25 0.25 0.25 0.25
108.03688956305838
45.0
490.59899111313166 413.4172634103152
0
490.59899111313166 485.5896490946642
0.25 0.25 0.25 0.25
100.99308749502062
45.0
87.14421396066723 182.74657121447922
2
180.71271462939296 182.74657121447922
0.25 0.25 0.25 0.25
93.56850066872573
45.0
10.63661207548921 85.23421605954098
1
10.63661207548921 195.57356012668595
0.25 0.25 0.25 0.25
110.33934406714496
45.0
341.40503579393345 345.92747061703136
2
467.0096392324681 345.92747061703136
0.25 0.25 0.25 0.25
125.60460343853465
45.0
316.10893092141225 136.95247495033618
2
412.24214523503736 136.95247495033618
0.25 0.25 0.25 0.25
96.1332143136251
45.0
482.2316336929164 102.37928092187838
3
333.4443455061267 102.37928092187838
0.25 0.25 0.25 0.25
148.78728818678968
45.0
36.44628202079406 297.6091408259007
1
36.44628202079406 438.19264011078394
0.25 0.25 0.25 0.25
140.5834992848833
45.0
69.77822678113182 29.874900285020317
2
176.71268440190715 29.874900285020317
0.25 0.25 0.25 0.25
106.93445762077533
45.0
347.00326672794506 175.43310110275388
3
231.4253625942559 175.43310110275388
0.25 0.25 0.25 0.25
115.57790413368916
45.0
200.1848059443912 474.64724680753864
0
200.1848059443912 381.300786632179
0.25 0.25 0.25 0.25
93.34646017535967
45.0
5.799091990993162 440.99974457103986
0
5.799091990993162 447.0608174805285
0.25 0.25 0.25 0.25
111.9394379484316
45.0
310.8000613606472 97.38590418226069
1
310.8000613606472 15.215355309128853
0.25 0.25 0.25 0.25
112.60125949138954
45.0
127.1231522663646 222.39225980782678
1
127.1231522663646 360.1174462994511
0.25 0.25 0.25 0.25
137.72518649162433
45.0
56.64332132976256 220.44099804731786
0
56.64332132976256 72.24808493345347
0.25 0.25 0.25 0.25
148.1929131138644
45.0
210.14643844273564 198.9075220192209
1
210.14643844273564 298.6841910553562
0.25 0.25 0.25 0.25
99.77666903613532
45.0
231.06977460611984 430.7684279034197
3
123.38622352803418 430.7684279034197
0.25 0.25 0.25 0.25
107.68355107808566
45.0
492.31002768750113 194.73121535924417
3
382.9616340161472 194.73121535924417
0.25 0.25 0.25 0.25
124.7283382963517
45.0
166.90793548405043 259.687025379782
2
265.92402514415414 259.687025379782
0.25 0.25 0.25 0.25
99.0160896601037
45.0
196.1795470166202 400.9739263526383
2
320.68549879125726 400.9739263526383
0.25 0.25 0.25 0.25
124.50595177463705
45.0
110.3991014292626 454.74383180446773
0
110.3991014292626 325.50083047499993
0.25 0.25 0.25 0.25
129.2430013294678
45.0
341.34599831546734 383.1998627635829
2
474.4010798127712 383.1998627635829
0.25 0.25 0.25 0.25
133.0550814973038
45.0
116.511240586552 77.52617932525801
1
116.511240586552 181.00375147139272
0.25 0.25 0.25 0.25
103.4775721461347
45.0
465.5335679174875 291.87350266788314
3
346.1666014024928 291.87350266788314
0.25 0.25 0.25 0.25
119.36696651499471
45.0
263.8135768729485 27.659771069483853
3
157.5935447185073 27.659771069483853
0.25 0.25 0.25 0.25
106.22003215444117
45.0
217.9755500520812 496.8647231205339
3
43.2296573456706 496.8647231205339
0.25 0.25 0.25 0.25
174.7458927064106
45.0
133.28542689726163 346.26109459032256
3
24.44716943305683 346.26109459032256
0.25 0.25 0.25 0.25
108.8382574642048
45.0
188.6843499293292 170.8134357037689
3
88.54087233238334 170.8134357037689
0.25 0.25 0.25 0.25
100.14347759694584
45.0
99.09982916835932 406.11430800820887
2
15.926988887640263 406.11430800820887
0.25 0.25 0.25 0.25
115.02681805599958
45.0
269.3453721291198 421.26638809292865
2
310.0032349406274 421.26638809292865
0.25 0.25 0.25 0.25
40.657862811507556
45.0
67.00569629535858 176.17311535272438
2
95.98395936890705 176.17311535272438
0.25 0.25 0.25 0.25
28.978263073548472
45.0
123.12635542374869 483.587518208356
3
119.85435774878059 483.587518208356
0.25 0.25 0.25 0.25
3.2719976749681026
45.0
30.857785371128386 497.87102643866893
3
8.601054315407495 497.87102643866893
0.25 0.25 0.25 0.25
22.25673105572089
45.0
426.4338251854891 438.0671861584956
2
463.14091180111484 438.0671861584956
0.25 0.25 0.25 0.25
36.70708661562569
45.0
200.77133878768308 182.60674157911623
3
195.85359726593222 182.60674157911623
0.25 0.25 0.25 0.25
4.917741521750868
45.0
28.08636906847029 325.24918159415694
2
32.90401926576198 325.24918159415694
0.25 0.25 0.25 0.25
4.817650197291689
45.0
283.7731595801744 98.72080030635499
0
283.7731595801744 80.76203017580407
0.25 0.25 0.25 0.25
17.95877013055092
45.0
474.4935622543284 63.31881078839269
1
474.4935622543284 71.0022546263761
0.25 0.25 0.25 0.25
7.683443837983411
45.0
