60783
430.82930815605584 243.18750921398725
0
430.82930815605584 92.18337502682641
0.25 0.25 0.25 0.25
151.00413418716084
45.0
470.82421334275455 375.8554690742162
3
364.017606297969 375.8554690742162
0.25 0.25 0.25 0.25
106.80660704478557
45.0
415.0433061195811 459.1440092211335
0
415.0433061195811 438.5082818674239
0.25 0.25 0.25 0.25
102.34770891144257
45.0
2.6600790904423905 154.5647531455506
2
2.980972137120352 154.5647531455506
0.25 0.25 0.25 0.25
0.32089304667796137
45.0
209.58364060589568 434.62264978584017
3
198.7278392281235 434.62264978584017
0.25 0.25 0.25 0.25
10.855801377772167
45.0
198.76942700334462 174.99115051157443
2
216.4288084944521 174.99115051157443
0.25 0.25 0.25 0.25
17.65938149110749
45.0
240.12633283788878 472.85431133337204
0
240.12633283788878 426.0322976404113
0.25 0.25 0.25 0.25
46.82201369296077
45.0
460.217603943355 295.9307834218828
1
460.217603943355 306.2189601724764
0.25 0.25 0.25 0.25
10.288176750593635
45.0
346.4583841283903 393.9097481193687
0
346.4583841283903 356.1494427734957
0.25 0.25 0.25 0.25
37.760305345873014
45.0
262.30782220388215 229.1657877590295
0
262.30782220388215 197.9930228729616
0.25 0.25 0.25 0.25
31.172764886067906
45.0
208.23788005870006 309.4246614075944
3
203.1002417160044 309.4246614075944
0.25 0.25 0.25 0.25
5.137638342695644
45.0
347.9199882495332 198.33781497062364
0
347.9199882495332 182.65203940200573
0.25 0.25 0.25 0.25
15.685775568617904
45.0
259.94015898984844 473.8242825382239
0
259.94015898984844 436.2109230538951
0.25 0.25 0.25 0.25
37.613359484328804
45.0
285.088022501315 183.14886376581083
2
314.0124873597382 183.14886376581083
0.25 0.25 0.25 0.25
28.924464858423228
45.0
368.4462345335423 201.80473254929163
2
391.25101338608056 201.80473254929163
0.25 0.25 0.25 0.25
22.80477885253826
45.0
345.0272480155836 324.7454953983279
2
364.54413044612215 324.7454953983279
0.25 0.25 0.25 0.25
19.516882430538544
45.0
374.55940748714033 200.48043903599444
3
325.4606930247584 200.48043903599444
0.25 0.25 0.25 0.25
49.09871446238192
45.0
347.8345188277124 404.57355859236503
1
347.8345188277124 430.2140906269794
0.25 0.25 0.25 0.25
25.64053203461436
45.0
253.5416419971558 349.87989342272346
1
253.5416419971558 351.81581844233676
0.25 0.25 0.25 0.25
1.9359250196132938
45.0
106.03702832624447 6.179633510003157
3
74.16561421794188 6.179633510003157
0.25 0.25 0.25 0.25
31.871414108302588
45.0
3.7800764894707015 476.814780331076
1
3.7800764894707015 495.77504292656164
0.25 0.25 0.25 0.25
18.960262595485638
45.0
53.81493660457323 46.876011987544146
0
53.81493660457323 29.808903709507412
0.25 0.25 0.25 0.25
17.067108278036734
45.0
314.3384651754135 118.06437975763863
1
314.3384651754135 145.32040593440473
0.25 0.25 0.25 0.25
27.256026176766103
45.0
468.17649011120926 381.02386034116785
0
468.17649011120926 374.2298692885509
0.25 0.25 0.25 0.25
6.793991052616938
45.0
156.47138321653233 306.27148753650533
3
111.80566803568 306.27148753650533
0.25 0.25 0.25 0.25
44.66571518085233
45.0
420.525439482183 417.8957282647374
1
420.525439482183 425.7822501012463
0.25 0.25 0.25 0.25
7.886521836508925
45.0
4.774594771661327 40.70783954723362
1
4.774594771661327 74.23256320620521
0.25 0.25 0.25 0.25
33.524723658971595
45.0
252.9253352768843 154.84496623760185
0
252.9253352768843 152.32456909473046
0.25 0.25 0.25 0.25
2.520397142871378
45.0
158.23129472010473 57.01262603633762
0
158.23129472010473 27.847655858585373
0.25 0.25 0.25 0.25
29.16497017775225
45.0
385.57631502258243 85.50421034872312
3
357.8497621358598 85.50421034872312
0.25 0.25 0.25 0.25
27.726552886722633
45.0
96.45766138346274 219.47517933041655
1
96.45766138346274 248.13684608905396
0.25 0.25 0.25 0.25
28.6616667586374
45.0
411.6595622040137 238.10157983483754
2
438.40275782464573 238.10157983483754
0.25 0.25 0.25 0.25
26.743195620632044
45.0
433.58790258350416 266.31329787278236
3
432.16972298138467 266.31329787278236
0.25 0.25 0.25 0.25
1.4181796021194792
45.0
242.8943787256645 90.93989974024123
2
272.43087911977733 90.93989974024123
0.25 0.25 0.25 0.25
29.53650039411283
45.0
265.99213695260346 331.4726842069308
3
218.61048172586243 331.4726842069308
0.25 0.25 0.25 0.25
47.38165522674103
45.0
287.27314102684977 122.15644850731724
0
287.27314102684977 121.94266347995526
0.25 0.25 0.25 0.25
0.21378502736197902
45.0
410.71993238986215 22.119476175164998
2
457.6151414782138 22.119476175164998
0.25 0.25 0.25 0.25
46.89520908835164
45.0
353.16360672171487 258.4628914456359
2
394.24939844948096 258.4628914456359
0.25 0.25 0.25 0.25
41.08579172776611
45.0
190.92278467158246 84.70756658064518
1
190.92278467158246 131.93050252097467
0.25 0.25 0.25 0.25
47.22293594032949
45.0
233.59789955340787 147.76634495009594
3
208.0261725729742 147.76634495009594
0.25 0.25 0.25 0.25
25.571726980433677
45.0
381.7779718200395 375.19214169439545
1
381.7779718200395 424.56567030974395
0.25 0.25 0.25 0.25
49.37352861534853
45.0
466.0366085553746 429.7660429230262
0
466.0366085553746 403.5388656068599
0.25 0.25 0.25 0.25
26.227177316166294
45.0
20.24485384887317 498.8373738530076
0
20.24485384887317 470.23137468434777
0.25 0.25 0.25 0.25
28.605999168659814
45.0
197.94446395651445 143.66289971586798
1
197.94446395651445 172.2518858154257
0.25 0.25 0.25 0.25
28.588986099557722
45.0
280.1386742028642 103.8174881346606
1
280.1386742028642 117.1984361045472
0.25 0.25 0.25 0.25
13.380947969886597
45.0
79.90684768021595 495.74402961632535
3
55.68626448071076 495.74402961632535
0.25 0.25 0.25 0.25
24.22058319950518
45.0
351.3399749295661 150.50861055181048
0
351.3399749295661 124.597448206107
0.25 0.25 0.25 0.25
25.911162345703474
45.0
361.03416682950234 116.42563999093267
3
326.67476018726984 116.42563999093267
0.25 0.25 0.25 0.25
34.35940664223252
45.0
