86
395.3128590430447 94.98852664277138
2
496.1686615818162 94.98852664277138
0.25 0.25 0.25 0.25
100.85580253877151
45.0
173.93862499648705 94.46317989697371
1
173.93862499648705 240.0703517499862
0.25 0.25 0.25 0.25
145.6071718530125
45.0
167.00989001950575 210.8236103950117
0
167.00989001950575 48.42152123726612
0.25 0.25 0.25 0.25
162.4020891577456
45.0
336.0100860908567 358.4591380840483
3
174.7984338936442 358.4591380840483
0.25 0.25 0.25 0.25
161.21165219721252
45.0
469.79183011392706 205.99251303097338
0
469.79183011392706 46.771196971271024
0.25 0.25 0.25 0.25
159.22131605970236
45.0
162.9278859237204 390.85277473509586
3
59.808327653760784 390.85277473509586
0.25 0.25 0.25 0.25
103.11955826995961
45.0
251.67235763437287 470.52858872709595
3
139.01356748761748 470.52858872709595
0.25 0.25 0.25 0.25
112.65879014675538
45.0
217.94610597337328 98.49573179706691
1
217.94610597337328 210.1727213956678
0.25 0.25 0.25 0.25
111.67698959860088
45.0
226.92529586519288 374.7283338617537
2
328.53648191928534 374.7283338617537
0.25 0.25 0.25 0.25
101.61118605409244
45.0
69.63694984061362 178.50159067511538
0
69.63694984061362 86.66400076145601
0.25 0.25 0.25 0.25
91.83758991365937
45.0
0.011243906652566693 131.81901569816267
1
0.011243906652566693 141.99583595392562
0.25 0.25 0.25 0.25
10.176820255762948
45.0
98.95933800788293 412.1939613403201
2
113.83086135533917 412.1939613403201
0.25 0.25 0.25 0.25
14.871523347456229
45.0
310.3695842226307 219.89887548903818
1
310.3695842226307 258.09647517334645
0.25 0.25 0.25 0.25
38.197599684308265
45.0
466.34542628734596 403.32727218289847
3
497.0324633078631 403.32727218289847
0.25 0.25 0.25 0.25
36.62211040479092
45.0
442.55036935091795 286.98228159857695
3
401.02089902134935 286.98228159857695
0.25 0.25 0.25 0.25
41.5294703295686
45.0
369.9415219256638 434.34708020521975
2
393.7976083268143 434.34708020521975
0.25 0.25 0.25 0.25
23.856086401150538
45.0
27.586147687324626 39.826546834714165
2
4.71634962413286 39.826546834714165
0.25 0.25 0.25 0.25
32.302497311457486
45.0
160.28832754133256 424.02124402460106
0
160.28832754133256 420.52202687010487
0.25 0.25 0.25 0.25
3.4992171544961703
45.0
229.209079367744 253.09971562317187
3
218.35800486516308 253.09971562317187
0.25 0.25 0.25 0.25
10.851074502580927
45.0
436.593881821691 326.0017731397116
0
436.593881821691 276.52573638466026
0.25 0.25 0.25 0.25
49.47603675505134
45.0
439.15591099426274 264.8371559737635
1
439.15591099426274 307.4702439719971
0.25 0.25 0.25 0.25
42.633087998233556
45.0
0.15784500296291526 88.12826261935906
1
0.15784500296291526 104.98805627643915
0.25 0.25 0.25 0.25
16.85979365708009
45.0
34.418934406952815 457.74021936885214
0
34.418934406952815 417.37014788990984
0.25 0.25 0.25 0.25
40.37007147894229
45.0
176.10743366897015 345.48780001379623
1
176.10743366897015 356.3684410645449
0.25 0.25 0.25 0.25
10.880641050748679
45.0
468.986087255328 66.71660061465576
2
479.28943250758493 66.71660061465576
0.25 0.25 0.25 0.25
10.30334525225694
45.0
80.58383227775727 92.17721513476815
3
65.17163261610338 92.17721513476815
0.25 0.25 0.25 0.25
15.412199661653892
45.0
208.84044802524727 15.244338836359985
3
202.2362157864107 15.244338836359985
0.25 0.25 0.25 0.25
6.604232238836582
45.0
209.65088429882945 84.26852415527256
2
213.18602329471452 84.26852415527256
0.25 0.25 0.25 0.25
3.5351389958850676
45.0
362.2791665539776 249.40395247751798
3
328.83304395861273 249.40395247751798
0.25 0.25 0.25 0.25
33.44612259536484
45.0
142.0641060631122 1.655174119384661
1
142.0641060631122 17.34349142929702
0.25 0.25 0.25 0.25
18.998665548681682
45.0
410.8223371213605 336.0596893582219
1
410.8223371213605 379.6233048588689
0.25 0.25 0.25 0.25
43.56361550064702
45.0
138.20334676697703 358.50413383109924
0
138.20334676697703 329.2786303010642
0.25 0.25 0.25 0.25
29.225503530035063
45.0
496.20456313572913 71.69773407941388
2
498.10871913160815 71.69773407941388
0.25 0.25 0.25 0.25
1.9041559958789978
45.0
76.74286155224792 395.2556390633921
1
76.74286155224792 398.4392120889062
0.25 0.25 0.25 0.25
3.1835730255140584
45.0
323.26172400854324 418.65577686147896
0
323.26172400854324 389.55029315878517
0.25 0.25 0.25 0.25
29.105483702693775
45.0
235.25224482886534 232.0428767195903
0
235.25224482886534 199.24627203214118
0.25 0.25 0.25 0.25
32.79660468744912
45.0
240.45801410049083 36.3078899420205
3
192.4404036525069 36.3078899420205
0.25 0.25 0.25 0.25
48.017610447983934
45.0
244.31052634037042 488.0357777963967
2
284.88581613690747 488.0357777963967
0.25 0.25 0.25 0.25
40.57528979653705
45.0
202.3938764719914 271.0379426524727
0
202.3938764719914 226.4276980279034
0.25 0.25 0.25 0.25
44.610244624569276
45.0
113.30994721880565 389.36531809633846
1
113.30994721880565 420.4841685636602
0.25 0.25 0.25 0.25
31.11885046732174
45.0
126.29752506218162 170.0744200944902
3
87.85017808754026 170.0744200944902
0.25 0.25 0.25 0.25
38.447346974641356
45.0
259.70625911007255 403.85308787002816
1
259.70625911007255 447.81255649261004
0.25 0.25 0.25 0.25
43.95946862258185
45.0
35.40196848682323 191.1377868430437
3
35.382510999936066 191.1377868430437
0.25 0.25 0.25 0.25
0.01945748688716442
45.0
429.58901087200564 276.0107466830384
1
429.58901087200564 307.38116052685365
0.25 0.25 0.25 0.25
31.370413843815253
45.0
151.48601246655102 445.79113349384784
3
133.14063684243658 445.79113349384784
0.25 0.25 0.25 0.25
18.34537562411443
45.0
169.00568522427832 445.8219719449303
2
171.84753199082513 445.8219719449303
0.25 0.25 0.25 0.25
2.8418467665468015
45.0
498.20620588910396 242.09926314746366
0
498.20620588910396 234.306706234161
0.25 0.25 0.25 0.25
7.792556913302673
45.0
52.31899179791202 180.62450481030277
3
14.094163888053117 180.62450481030277
0.25 0.25 0.25 0.25
38.2248279098589
45.0
