42372
423.6203868277036 45.23272630073575
2
464.9350518361239 45.23272630073575
0.25 0.25 0.25 0.25
41.31466500842026
45.0
255.63716144803544 351.6660216870755
3
234.62117592256857 351.6660216870755
0.25 0.25 0.25 0.25
21.015985525466878
45.0
381.4119822647625 346.318421871077
0
381.4119822647625 300.9392006854954
0.25 0.25 0.25 0.25
45.379221185581606
45.0
440.47965643369156 101.11610970523591
0
440.47965643369156 57.985098189537965
0.25 0.25 0.25 0.25
43.13101151569795
45.0
192.74659809448082 338.3107611545978
1
192.74659809448082 369.4814677798501
0.25 0.25 0.25 0.25
31.170706625252322
45.0
245.39759647049797 173.17818710966532
1
245.39759647049797 176.73628879315467
0.25 0.25 0.25 0.25
3.5581016834893617
45.0
459.56451136887347 276.33666222003313
2
499.0296267898862 276.33666222003313
0.25 0.25 0.25 0.25
39.46511542101274
45.0
416.93707391158745 74.97802271034016
2
418.3362613025847 74.97802271034016
0.25 0.25 0.25 0.25
1.3991873909972696
45.0
190.66888334480353 132.94596404228716
2
194.223993385349 132.94596404228716
0.25 0.25 0.25 0.25
3.555110040545456
45.0
421.5329894133893 278.09589924655455
1
421.5329894133893 300.1431496098595
0.25 0.25 0.25 0.25
22.047250363304943
45.0
373.96574400371054 307.4290791603692
3
338.0635039262851 307.4290791603692
0.25 0.25 0.25 0.25
35.90224007742544
45.0
12.449896325633347 148.63671439263283
1
12.449896325633347 178.16735029562722
0.25 0.25 0.25 0.25
29.530635902994405
45.0
144.72120510671752 261.4184595318734
1
144.72120510671752 273.0263405403203
0.25 0.25 0.25 0.25
11.607881008446913
45.0
110.86721838301287 28.748194832438116
3
81.00154380253969 28.748194832438116
0.25 0.25 0.25 0.25
29.865674580473183
45.0
304.99635545232053 416.30080693660744
0
304.99635545232053 383.01239039798577
0.25 0.25 0.25 0.25
33.288416538621654
45.0
363.998770182772 420.71426820859017
2
384.4343411177872 420.71426820859017
0.25 0.25 0.25 0.25
20.4355709350152
45.0
128.95077943638208 343.8002579187565
2
138.98465520324575 343.8002579187565
0.25 0.25 0.25 0.25
10.03387576686367
45.0
143.83239234598193 466.2435038185897
0
143.83239234598193 421.0245666000245
0.25 0.25 0.25 0.25
45.218937218565216
45.0
316.4137004435822 368.77327808313527
0
316.4137004435822 338.1352994284405
0.25 0.25 0.25 0.25
30.63797865469477
45.0
214.45793493340497 422.2811940797
3
196.39576205079425 422.2811940797
0.25 0.25 0.25 0.25
18.062172882610717
45.0
0.09932122367532514 61.41487182903234
2
25.651210780334637 61.41487182903234
0.25 0.25 0.25 0.25
25.55188955665931
45.0
315.4605043221617 257.4477562020014
2
345.3952797684317 257.4477562020014
0.25 0.25 0.25 0.25
29.934775446270017
45.0
457.02933631950793 279.0588629647743
3
421.5759469915003 279.0588629647743
0.25 0.25 0.25 0.25
35.45338932800763
45.0
390.0590222829731 305.74850488845897
2
406.6341894229488 305.74850488845897
0.25 0.25 0.25 0.25
16.57516713997571
45.0
387.4658298511275 482.7709852658229
0
387.4658298511275 480.57381177576497
0.25 0.25 0.25 0.25
36.65520295841215
45.0
160.97356265000948 249.74878469422652
3
156.23652022706403 249.74878469422652
0.25 0.25 0.25 0.25
4.737042422945448
45.0
38.840002481236525 50.08559256487476
2
67.53160481382773 50.08559256487476
0.25 0.25 0.25 0.25
28.691602332591202
45.0
362.754619801857 477.9425434745831
0
362.754619801857 442.4097032958711
0.25 0.25 0.25 0.25
35.53284017871196
45.0
13.436508360571246 290.6607158729686
2
19.323148885433724 290.6607158729686
0.25 0.25 0.25 0.25
32.75965724600497
45.0
280.0084740818361 491.0429604066268
0
280.0084740818361 446.83761852608643
0.25 0.25 0.25 0.25
44.20534188054034
45.0
222.5927889459781 169.3084926984567
1
222.5927889459781 186.54000072539634
0.25 0.25 0.25 0.25
17.23150802693965
45.0
174.2610565003908 30.49913836531955
2
190.39066972521974 30.49913836531955
0.25 0.25 0.25 0.25
16.129613224828947
45.0
49.334982002271175 249.34433723051578
3
26.812437253534302 249.34433723051578
0.25 0.25 0.25 0.25
22.522544748736873
45.0
5.547480356824579 188.13100270623863
0
5.547480356824579 142.76225986305008
0.25 0.25 0.25 0.25
45.36874284318857
45.0
3.831718549374294 66.03644082230655
0
3.831718549374294 47.33239371747932
0.25 0.25 0.25 0.25
18.70404710482722
45.0
372.0499462044763 157.16942188017592
1
372.0499462044763 180.92821666407406
0.25 0.25 0.25 0.25
23.75879478389813
45.0
385.9368897466827 28.95611956595843
2
428.44479296464317 28.95611956595843
0.25 0.25 0.25 0.25
42.50790321796045
45.0
377.58384939396757 117.2697932423373
1
377.58384939396757 152.18054467342125
0.25 0.25 0.25 0.25
34.910751431083945
45.0
339.5647763504817 431.15182628913715
1
339.5647763504817 465.0130457097804
0.25 0.25 0.25 0.25
33.86121942064324
45.0
277.13756008275436 470.74974246313764
2
303.878680701857 470.74974246313764
0.25 0.25 0.25 0.25
26.741120619102627
45.0
142.73405576349097 74.72354323153408
2
190.50353819575707 74.72354323153408
0.25 0.25 0.25 0.25
47.769482432266116
45.0
302.49350138516485 95.37075943365602
2
322.41370556110246 95.37075943365602
0.25 0.25 0.25 0.25
19.920204175937616
45.0
105.24993844283892 50.83788092627224
2
139.71564452268538 50.83788092627224
0.25 0.25 0.25 0.25
34.46570607984646
45.0
69.72219123198522 201.0678834613069
1
69.72219123198522 227.51607377060083
0.25 0.25 0.25 0.25
26.448190309293924
45.0
462.432469859493 227.80976986347036
3
454.31061114952837 227.80976986347036
0.25 0.25 0.25 0.25
8.12185870996463
45.0
106.79953527669153 276.13478398236657
3
68.11557188536975 276.13478398236657
0.25 0.25 0.25 0.25
38.68396339132178
45.0
143.38216577846146 166.06483195752222
2
144.80372433639945 166.06483195752222
0.25 0.25 0.25 0.25
1.4215585579380074
45.0
143.4238167546507 324.1103044853705
2
193.26803631601368 324.1103044853705
0.25 0.25 0.25 0.25
49.844219561363
45.0
