42372
382.30572181928335 458.3793763849384
2
423.6203868277036 458.3793763849384
0.25 0.25 0.25 0.25
41.31466500842026
45.0
318.68511802443606 59.886383599852024
3
297.6691324989692 59.886383599852024
0.25 0.25 0.25 0.25
21.015985525466878
45.0
381.4119822647625 305.910602437109
0
381.4119822647625 260.53138125152736
0.25 0.25 0.25 0.25
45.379221185581606
45.0
232.81133399414927 475.560510276732
3
189.68032247845133 475.560510276732
0.25 0.25 0.25 0.25
43.13101151569795
45.0
348.60013122074236 88.94510815257931
0
348.60013122074236 57.77440152732699
0.25 0.25 0.25 0.25
31.170706625252322
45.0
28.353393777647263 201.64300057758015
0
28.353393777647263 198.0848988940908
0.25 0.25 0.25 0.25
3.5581016834893617
45.0
354.5412795805168 421.3145288865464
3
315.07616415950406 421.3145288865464
0.25 0.25 0.25 0.25
39.46511542101274
45.0
377.7598269636639 56.78858662737565
2
379.15901435466117 56.78858662737565
0.25 0.25 0.25 0.25
1.3991873909972696
45.0
190.66888334480353 271.59525562356
1
190.66888334480353 275.15036566410544
0.25 0.25 0.25 0.25
3.555110040545456
45.0
245.15498650694968 170.7228416708216
2
267.20223687025464 170.7228416708216
0.25 0.25 0.25 0.25
22.047250363304943
45.0
189.19182144867085 163.82011885066746
1
189.19182144867085 199.7223589280929
0.25 0.25 0.25 0.25
35.90224007742544
45.0
312.387098607305 380.84018091477856
3
282.8564627043106 380.84018091477856
0.25 0.25 0.25 0.25
29.530635902994405
45.0
156.32908611516442 40.38644668774644
3
144.7212051067175 40.38644668774644
0.25 0.25 0.25 0.25
11.607881008446913
45.0
275.628527021467 132.77795741824264
2
305.4942016019402 132.77795741824264
0.25 0.25 0.25 0.25
29.865674580473183
45.0
5.400606604725674 349.72397385936415
2
27.88780993389598 349.72397385936415
0.25 0.25 0.25 0.25
33.288416538621654
45.0
343.56319924775676 28.868292361744338
1
343.56319924775676 49.30386329675954
0.25 0.25 0.25 0.25
20.4355709350152
45.0
409.8993009085649 52.81786067970995
0
409.8993009085649 42.78398491284628
0.25 0.25 0.25 0.25
10.03387576686367
45.0
167.51678699240915 252.07611048688818
2
212.73572421097435 252.07611048688818
0.25 0.25 0.25 0.25
45.218937218565216
45.0
101.94784986071878 79.7431061323586
1
101.94784986071878 110.38108478705337
0.25 0.25 0.25 0.25
30.63797865469477
45.0
51.89837898990846 288.72403979852885
2
69.96055187251918 288.72403979852885
0.25 0.25 0.25 0.25
18.062172882610717
45.0
255.41957434291783 393.5894360656035
2
280.97146389957715 393.5894360656035
0.25 0.25 0.25 0.25
25.55188955665931
45.0
235.51786398378817 239.66539102882098
1
235.51786398378817 269.600166475091
0.25 0.25 0.25 0.25
29.934775446270017
45.0
59.736954895637666 4.568251659286773
1
59.736954895637666 30.88513766872086
0.25 0.25 0.25 0.25
35.45338932800763
45.0
162.4114649376831 191.50650931081245
2
178.9866320776588 191.50650931081245
0.25 0.25 0.25 0.25
16.57516713997571
45.0
413.81151268666736 299.49497047376224
2
450.4667156450795 299.49497047376224
0.25 0.25 0.25 0.25
36.65520295841215
45.0
203.60694445651853 458.1786513038251
3
198.86990203357308 458.1786513038251
0.25 0.25 0.25 0.25
4.737042422945448
45.0
96.2232071464189 232.6243491203456
2
124.9148094790101 232.6243491203456
0.25 0.25 0.25 0.25
28.691602332591202
45.0
28.106622163974542 335.8111827597352
0
28.106622163974542 300.2783425810232
0.25 0.25 0.25 0.25
35.53284017871196
45.0
495.16863294935433 150.76420295124993
3
462.40897570334937 150.76420295124993
0.25 0.25 0.25 0.25
32.75965724600497
45.0
454.75947463492173 242.5337723758126
2
498.9648165154621 242.5337723758126
0.25 0.25 0.25 0.25
44.20534188054034
45.0
361.0173875989956 330.40524008279317
0
361.0173875989956 313.1737320558535
0.25 0.25 0.25 0.25
17.23150802693965
45.0
464.5940945473121 240.14809034870044
3
448.46448132248315 240.14809034870044
0.25 0.25 0.25 0.25
16.129613224828947
45.0
288.5031892287818 74.97932030737773
1
288.5031892287818 97.50186505611461
0.25 0.25 0.25 0.25
22.522544748736873
45.0
94.39730859335008 220.1876828824585
0
94.39730859335008 174.81894003926993
0.25 0.25 0.25 0.25
45.36874284318857
45.0
97.35195407351043 372.8421460328767
1
97.35195407351043 391.54619313770394
0.25 0.25 0.25 0.25
18.70404710482722
45.0
105.25656854976505 199.21249987829603
3
81.49777376586692 199.21249987829603
0.25 0.25 0.25 0.25
23.75879478389813
45.0
166.66585208680317 161.2651705369343
1
166.66585208680317 203.77307375489477
0.25 0.25 0.25 0.25
42.50790321796045
45.0
238.39788486410902 92.19471534416638
0
238.39788486410902 57.28396391308244
0.25 0.25 0.25 0.25
34.910751431083945
45.0
391.450632572471 413.12718948779104
3
357.5894131518278 413.12718948779104
0.25 0.25 0.25 0.25
33.86121942064324
45.0
81.07554505878281 85.7955167024979
3
54.33442443968018 85.7955167024979
0.25 0.25 0.25 0.25
26.741120619102627
45.0
286.0425030602893 110.03612434235389
3
238.27302062802318 110.03612434235389
0.25 0.25 0.25 0.25
47.769482432266116
45.0
362.2541139129777 346.8635236400908
2
382.1743180889153 346.8635236400908
0.25 0.25 0.25 0.25
19.920204175937616
45.0
449.9069992413037 430.9496951734881
2
484.3727053211502 430.9496951734881
0.25 0.25 0.25 0.25
34.46570607984646
45.0
43.27400092269136 481.55383282716605
3
16.825810613397433 481.55383282716605
0.25 0.25 0.25 0.25
26.448190309293924
45.0
446.18875243956376 57.250736954213025
3
438.06689372959914 57.250736954213025
0.25 0.25 0.25 0.25
8.12185870996463
45.0
434.7759522018133 403.75277050506395
0
434.7759522018133 365.0688071137422
0.25 0.25 0.25 0.25
38.68396339132178
45.0
107.84320183001127 194.4960031162822
0
107.84320183001127 193.0744445583442
0.25 0.25 0.25 0.25
1.4215585579380074
45.0
149.65503430013104 84.23603299677575
3
99.81081473876804 84.23603299677575
0.25 0.25 0.25 0.25
49.844219561363
45.0
