22075
27.032178544438395 299.0105340018132
3
21.296836048027117 299.0105340018132
0.25 0.25 0.25 0.25
5.735342496411278
45.0
403.1277896741076 396.2219765827098
1
403.1277896741076 427.92970175513506
0.25 0.25 0.25 0.25
31.70772517242526
45.0
16.06498399821657 396.57329073101903
0
16.06498399821657 384.2828969871517
0.25 0.25 0.25 0.25
12.290393743867373
45.0
330.46640684996987 308.06367232479465
3
298.65010430703717 308.06367232479465
0.25 0.25 0.25 0.25
31.81630254293268
45.0
116.1360843357104 175.90837062509326
2
161.93371158791555 175.90837062509326
0.25 0.25 0.25 0.25
45.79762725220515
45.0
254.77341947538181 215.73504704368125
3
218.60376971242846 215.73504704368125
0.25 0.25 0.25 0.25
36.16964976295335
45.0
85.59300460571697 199.70573670099753
2
91.93910152882856 199.70573670099753
0.25 0.25 0.25 0.25
6.346096923111594
45.0
365.18119935240196 327.09031489421943
1
365.18119935240196 360.2581250257345
0.25 0.25 0.25 0.25
33.16781013151509
45.0
146.69013485357743 474.31128372795985
1
146.69013485357743 484.24488089231505
0.25 0.25 0.25 0.25
9.933597164355207
45.0
69.37461297800569 363.252236990124
2
69.55646997823345 363.252236990124
0.25 0.25 0.25 0.25
0.18185700022775864
45.0
148.0341604507558 101.87244749824742
0
148.0341604507558 95.32825348484434
0.25 0.25 0.25 0.25
6.544194013403088
45.0
478.7264039184191 38.09975905039131
0
478.7264039184191 20.473326558224404
0.25 0.25 0.25 0.25
17.62643249216691
45.0
453.2335021648171 332.2271048547669
3
448.9931511411796 332.2271048547669
0.25 0.25 0.25 0.25
4.240351023637445
45.0
153.23024410849825 343.49349853428714
0
153.23024410849825 312.65653463075176
0.25 0.25 0.25 0.25
30.836963903535374
45.0
57.97798174140967 220.2418446842903
0
57.97798174140967 208.8841180279646
0.25 0.25 0.25 0.25
11.35772665632569
45.0
267.43607326962797 333.2981946490772
1
267.43607326962797 382.06772424832275
0.25 0.25 0.25 0.25
48.769529599245566
45.0
341.7422231932331 286.22837425418845
2
389.1950202787731 286.22837425418845
0.25 0.25 0.25 0.25
47.45279708554001
45.0
322.7222508549869 371.93181541359394
1
322.7222508549869 391.38791412388235
0.25 0.25 0.25 0.25
19.456098710288426
45.0
225.12135608632082 330.3400722597478
1
225.12135608632082 352.03780111978017
0.25 0.25 0.25 0.25
21.697728860032385
45.0
284.3438404715514 433.1791758631017
3
254.31683898248264 433.1791758631017
0.25 0.25 0.25 0.25
30.027001489068756
45.0
373.35542069288755 248.66370598045975
3
340.8630261364119 248.66370598045975
0.25 0.25 0.25 0.25
32.49239455647561
45.0
211.10856577951262 391.34464719938194
0
211.10856577951262 389.3558327404014
0.25 0.25 0.25 0.25
1.9888144589805201
45.0
122.255898575742 388.16141804340907
2
163.22672766415593 388.16141804340907
0.25 0.25 0.25 0.25
40.970829088413936
45.0
85.06554896017033 304.79628175026784
2
134.24185459591214 304.79628175026784
0.25 0.25 0.25 0.25
49.176305635741805
45.0
22.745404298325866 301.9605305814714
2
42.2345928303683 301.9605305814714
0.25 0.25 0.25 0.25
19.489188532042434
45.0
149.28777143931717 60.34801310019979
3
121.17176783006808 60.34801310019979
0.25 0.25 0.25 0.25
28.11600360924909
45.0
8.986831087035737 77.5626454714152
1
8.986831087035737 81.05904648178651
0.25 0.25 0.25 0.25
3.4964010103713083
45.0
375.3131337737972 257.953378930369
0
375.3131337737972 249.90416467347563
0.25 0.25 0.25 0.25
8.049214256893379
45.0
352.8550510084854 232.52480387465442
0
352.8550510084854 220.91436811182828
0.25 0.25 0.25 0.25
11.610435762826155
45.0
105.78709055951055 83.56851160832402
0
105.78709055951055 56.418385795192684
0.25 0.25 0.25 0.25
27.150125813131332
45.0
445.2051156841662 36.67521220417758
3
438.1101345247139 36.67521220417758
0.25 0.25 0.25 0.25
7.094981159452268
45.0
34.3213136361844 210.4386112614829
3
25.53500488499625 210.4386112614829
0.25 0.25 0.25 0.25
8.786308751188148
45.0
150.92687629076042 134.26886051551617
3
110.51343853698165 134.26886051551617
0.25 0.25 0.25 0.25
40.413437753778766
45.0
403.66467776437116 456.9268501091864
0
403.66467776437116 446.9251011890258
0.25 0.25 0.25 0.25
10.001748920160614
45.0
416.2647133493273 61.4850262838504
2
418.5163000218711 61.4850262838504
0.25 0.25 0.25 0.25
2.2515866725437816
45.0
410.7782017622359 343.8479160648883
2
456.4645971796882 343.8479160648883
0.25 0.25 0.25 0.25
45.68639541745233
45.0
253.03643993359 81.01026366388719
2
270.64935979096526 81.01026366388719
0.25 0.25 0.25 0.25
17.61291985737527
45.0
58.39614391187581 481.962830190997
1
58.39614391187581 486.10991300621043
0.25 0.25 0.25 0.25
4.14708281521341
45.0
290.968351533245 161.02953749811394
1
290.968351533245 189.29828663448055
0.25 0.25 0.25 0.25
28.268749136366605
45.0
477.9775995832564 378.84118296130026
2
482.5269964523451 378.84118296130026
0.25 0.25 0.25 0.25
4.5493968690887066
45.0
437.47688944551334 68.71393019687324
0
437.47688944551334 58.490437215429274
0.25 0.25 0.25 0.25
10.223492981443961
45.0
271.64673670724676 437.3735286449246
1
271.64673670724676 485.0989538722131
0.25 0.25 0.25 0.25
47.725425227288476
45.0
136.9940062120029 323.03074768878565
2
165.863360807962 323.03074768878565
0.25 0.25 0.25 0.25
28.86935459595913
45.0
481.2329095309477 211.43167494137555
1
481.2329095309477 235.68098534055278
0.25 0.25 0.25 0.25
24.249310399177233
45.0
275.55917207715316 482.5459352778686
1
275.55917207715316 495.7774569517671
0.25 0.25 0.25 0.25
13.231521673898477
45.0
163.526841502323 30.201214462862026
0
163.526841502323 27.087012011224132
0.25 0.25 0.25 0.25
3.114202451637893
45.0
1.915134051234375 340.4446694286414
2
40.70964547587352 340.4446694286414
0.25 0.25 0.25 0.25
38.79451142463915
45.0
267.1613928063365 446.4513910905581
0
267.1613928063365 429.35169229754547
0.25 0.25 0.25 0.25
17.099698793012656
45.0
