22075
67.17957601931734 230.18642404487807
2
72.91491851572862 230.18642404487807
0.25 0.25 0.25 0.25
5.735342496411278
45.0
57.8408823946627 396.2219765827098
1
57.8408823946627 427.92970175513506
0.25 0.25 0.25 0.25
31.70772517242526
45.0
119.12934718432452 283.87647192842974
3
106.83895344045715 283.87647192842974
0.25 0.25 0.25 0.25
12.290393743867373
45.0
489.5479195646334 137.3645632762628
3
478.6357778924339 137.3645632762628
0.25 0.25 0.25 0.25
31.81630254293268
45.0
288.4947613856228 458.2419336868372
3
242.69713413341762 458.2419336868372
0.25 0.25 0.25 0.25
45.79762725220515
45.0
58.003235028504804 73.6221510599456
0
58.003235028504804 37.452501296992246
0.25 0.25 0.25 0.25
36.16964976295335
45.0
54.021127702738085 180.66744593166274
2
60.36722462584968 180.66744593166274
0.25 0.25 0.25 0.25
6.346096923111594
45.0
66.00033235729421 70.9234066839617
3
32.83252222577912 70.9234066839617
0.25 0.25 0.25 0.25
33.16781013151509
45.0
385.09646679810237 416.4191474641329
3
375.16286963374716 416.4191474641329
0.25 0.25 0.25 0.25
9.933597164355207
45.0
62.2821899691229 370.52651699923405
3
62.100332968895145 370.52651699923405
0.25 0.25 0.25 0.25
0.18185700022775864
45.0
48.2916599513368 147.68180559206903
3
41.74746593793371 147.68180559206903
0.25 0.25 0.25 0.25
6.544194013403088
45.0
14.813705862254071 191.04386334777857
2
32.44013835442098 191.04386334777857
0.25 0.25 0.25 0.25
17.62643249216691
45.0
393.86858783389266 446.71658249297826
3
389.6282368102552 446.71658249297826
0.25 0.25 0.25 0.25
4.240351023637445
45.0
29.882388494356793 132.27811510561145
0
29.882388494356793 101.44115120207607
0.25 0.25 0.25 0.25
30.836963903535374
45.0
180.53427804142987 401.9654711855011
0
180.53427804142987 390.6077445291754
0.25 0.25 0.25 0.25
11.35772665632569
45.0
413.7446620673647 179.0065093584671
3
364.9751324681191 179.0065093584671
0.25 0.25 0.25 0.25
48.769529599245566
45.0
250.327890225813 334.14924906149156
0
250.327890225813 286.69645197595156
0.25 0.25 0.25 0.25
47.45279708554001
45.0
342.17834956527525 371.93181541359394
1
342.17834956527525 391.38791412388235
0.25 0.25 0.25 0.25
19.456098710288426
45.0
295.6241365544564 257.4030793996369
2
317.3218654144888 257.4030793996369
0.25 0.25 0.25 0.25
21.697728860032385
45.0
65.04587918733921 63.74620713354581
1
65.04587918733921 93.77320862261456
0.25 0.25 0.25 0.25
30.027001489068756
45.0
74.27387184702695 491.39713756773523
2
106.76626640350256 491.39713756773523
0.25 0.25 0.25 0.25
32.49239455647561
45.0
229.0078959103374 379.41176044549877
1
229.0078959103374 381.4005749044793
0.25 0.25 0.25 0.25
1.9888144589805201
45.0
492.3065377504672 382.71370930417254
3
451.33570866205326 382.71370930417254
0.25 0.25 0.25 0.25
40.970829088413936
45.0
242.69470320485846 436.09666759207914
0
242.69470320485846 386.92036195633733
0.25 0.25 0.25 0.25
49.176305635741805
45.0
367.03836634252264 68.33405152733474
2
386.52755487456506 68.33405152733474
0.25 0.25 0.25 0.25
19.489188532042434
45.0
356.80029352716656 88.46401670944888
1
356.80029352716656 116.58002031869798
0.25 0.25 0.25 0.25
28.11600360924909
45.0
32.96998103741997 248.88629497960915
0
32.96998103741997 245.38989396923785
0.25 0.25 0.25 0.25
3.4964010103713083
45.0
479.801009602122 217.70730764590212
1
479.801009602122 225.7565219027955
0.25 0.25 0.25 0.25
8.049214256893379
45.0
368.4944906836865 151.25175353487143
3
356.8840549208603 151.25175353487143
0.25 0.25 0.25 0.25
11.610435762826155
45.0
78.63696474637922 165.33727579571746
1
78.63696474637922 192.48740160884878
0.25 0.25 0.25 0.25
27.150125813131332
45.0
445.2051156841662 12.989655911988283
2
452.30009684361846 12.989655911988283
0.25 0.25 0.25 0.25
7.094981159452268
45.0
43.107622387372544 438.88263879237445
0
43.107622387372544 430.0963300411863
0.25 0.25 0.25 0.25
8.786308751188148
45.0
202.45811964877905 471.9327057911654
0
202.45811964877905 431.5192680373866
0.25 0.25 0.25 0.25
40.413437753778766
45.0
373.6594310038894 223.0171844456745
2
383.66117992405 223.0171844456745
0.25 0.25 0.25 0.25
10.001748920160614
45.0
477.05755350800973 88.50406635437577
3
474.80596683546594 88.50406635437577
0.25 0.25 0.25 0.25
2.2515866725437816
45.0
457.2633111693584 435.22070689979296
3
497.05029341318925 435.22070689979296
0.25 0.25 0.25 0.25
45.68639541745233
45.0
429.93100263365477 288.86105334099346
1
429.93100263365477 306.47397319836875
0.25 0.25 0.25 0.25
17.61291985737527
45.0
99.8669720640099 289.9476149722647
1
99.8669720640099 294.09469778747814
0.25 0.25 0.25 0.25
4.14708281521341
45.0
93.08710757867874 273.5954797745543
3
64.81835844231213 273.5954797745543
0.25 0.25 0.25 0.25
28.268749136366605
45.0
444.6826536422358 333.3472142704133
0
444.6826536422358 328.7978174013246
0.25 0.25 0.25 0.25
4.5493968690887066
45.0
100.10162105786287 211.8428319370888
1
100.10162105786287 222.06632491853276
0.25 0.25 0.25 0.25
10.223492981443961
45.0
442.0007119290223 274.03999021828633
0
442.0007119290223 226.31456499099787
0.25 0.25 0.25 0.25
47.725425227288476
45.0
310.2101337877576 102.50332177968195
0
310.2101337877576 73.63396718372283
0.25 0.25 0.25 0.25
28.86935459595913
45.0
203.52605527974796 229.90271170681987
2
227.7753656789252 229.90271170681987
0.25 0.25 0.25 0.25
24.249310399177233
45.0
187.54408650929344 279.28667459195844
1
187.54408650929344 292.51819626585694
0.25 0.25 0.25 0.25
13.231521673898477
45.0
182.2120562121503 27.087012011224132
1
182.2120562121503 30.201214462862026
0.25 0.25 0.25 0.25
3.114202451637893
45.0
114.46840022268304 426.6909893185377
3
75.67388879804389 426.6909893185377
0.25 0.25 0.25 0.25
38.79451142463915
45.0
476.343125298474 480.6507886765834
0
476.343125298474 463.55108988357074
0.25 0.25 0.25 0.25
17.099698793012656
45.0
