57035
200.55576563343675 397.4439055524123
0
200.55576563343675 242.30270745169946
0.25 0.25 0.25 0.25
155.1411981007128
45.0
106.43289354564894 205.70300297288694
1
106.43289354564894 312.11534332251375
0.25 0.25 0.25 0.25
106.41234034962682
45.0
23.723329196668715 103.33729526390073
2
196.81982349400465 103.33729526390073
0.25 0.25 0.25 0.25
173.09649429733594
45.0
129.07666726046153 194.54878714585647
2
39.13492839767673 194.54878714585647
0.25 0.25 0.25 0.25
168.21159565813826
45.0
45.06868897722495 47.53898680720016
1
45.06868897722495 42.917330422984946
0.25 0.25 0.25 0.25
90.4563172301851
45.0
21.94538660996841 109.93307766222927
1
21.94538660996841 281.6724542675904
0.25 0.25 0.25 0.25
171.73937660536114
45.0
241.1188673105497 82.66510986413181
3
122.95071758612005 82.66510986413181
0.25 0.25 0.25 0.25
118.16814972442964
45.0
5.501530559699205 304.0391784031484
1
5.501530559699205 426.3398609250131
0.25 0.25 0.25 0.25
122.30068252186472
45.0
411.73280038749226 257.9890459496327
3
454.0966148105233 257.9890459496327
0.25 0.25 0.25 0.25
134.1705848019845
45.0
397.0623916122249 143.5091517141937
3
273.8832063576328 143.5091517141937
0.25 0.25 0.25 0.25
123.17918525459214
45.0
7.628651089176557 472.2696912558364
2
116.79928735036808 472.2696912558364
0.25 0.25 0.25 0.25
124.42793843954463
45.0
332.9112551765909 60.98600439392578
2
435.2190234584922 60.98600439392578
0.25 0.25 0.25 0.25
102.30776828190128
45.0
198.7730421144574 214.62027945560064
2
300.3462517906195 214.62027945560064
0.25 0.25 0.25 0.25
101.57320967616207
45.0
61.16911918961375 68.66928504265525
2
72.9956559236906 68.66928504265525
0.25 0.25 0.25 0.25
134.16477511330436
45.0
4.5323573120055585 92.77335601701185
2
151.8576032766754 92.77335601701185
0.25 0.25 0.25 0.25
156.38996058868096
45.0
472.764604422106 376.9952383847346
0
472.764604422106 255.77596231947712
0.25 0.25 0.25 0.25
121.21927606525747
45.0
247.2814554018844 188.2340181172524
2
361.44306556171637 188.2340181172524
0.25 0.25 0.25 0.25
114.16161015983198
45.0
414.06603483452363 265.3247888468268
0
414.06603483452363 130.41783149802453
0.25 0.25 0.25 0.25
134.90695734880225
45.0
150.1964658148485 314.7372220392881
2
300.3163388520219 314.7372220392881
0.25 0.25 0.25 0.25
150.1198730371734
45.0
292.9903395540774 287.7205034022369
3
176.34851108774438 287.7205034022369
0.25 0.25 0.25 0.25
116.64182846633304
45.0
411.1337057485506 456.68865308235513
0
411.1337057485506 335.20931237075035
0.25 0.25 0.25 0.25
121.47934071160478
45.0
35.23618409048464 91.48297151639659
2
135.86273855164237 91.48297151639659
0.25 0.25 0.25 0.25
171.098922642127
45.0
237.24588508105603 157.61057007456793
1
237.24588508105603 277.4379419416087
0.25 0.25 0.25 0.25
119.82737186704078
45.0
6.913380969421468 469.7192223928588
0
6.913380969421468 345.4755338117318
0.25 0.25 0.25 0.25
124.24368858112697
45.0
376.195406822951 213.48779537567876
1
376.195406822951 357.32171089388396
0.25 0.25 0.25 0.25
143.8339155182052
45.0
173.63529552628893 345.46955748278924
1
173.63529552628893 452.6997037925023
0.25 0.25 0.25 0.25
107.23014630971306
45.0
452.2330719835205 6.776742251242979
1
452.2330719835205 139.38006432586909
0.25 0.25 0.25 0.25
146.15680657711206
45.0
490.33589129539115 217.24291376000463
1
490.33589129539115 307.6819284200257
0.25 0.25 0.25 0.25
90.4390146600211
45.0
13.408692328582106 7.912064632010015
2
136.51647941594445 7.912064632010015
0.25 0.25 0.25 0.25
123.10778708736234
45.0
106.99499414556664 305.14803045021284
0
106.99499414556664 185.55573084477476
0.25 0.25 0.25 0.25
119.59229960543809
45.0
493.9124868439348 477.77265005306776
0
493.9124868439348 427.12118795409526
0.25 0.25 0.25 0.25
95.10616199283693
45.0
79.04799870638027 306.80341402607917
2
65.27921254119585 306.80341402607917
0.25 0.25 0.25 0.25
144.32721124757612
45.0
31.360669087478954 437.7748242241894
0
31.360669087478954 460.0866161552759
0.25 0.25 0.25 0.25
102.13855962053466
45.0
1.1322434192690594 91.00237355554043
1
1.1322434192690594 251.79715233722237
0.25 0.25 0.25 0.25
160.79477878168194
45.0
89.60284452196163 499.57033354866803
0
89.60284452196163 389.5706312190414
0.25 0.25 0.25 0.25
110.85903523229058
45.0
160.53729918483805 179.59120295294224
0
160.53729918483805 27.76269690788257
0.25 0.25 0.25 0.25
151.82850604505967
45.0
216.11103586457966 337.64859796410695
1
216.11103586457966 454.02885967282214
0.25 0.25 0.25 0.25
116.38026170871518
45.0
203.813384895819 430.37527934687375
2
359.34243569815214 430.37527934687375
0.25 0.25 0.25 0.25
155.52905080233313
45.0
163.73973934819088 254.23183923770605
3
73.76197820646311 254.23183923770605
0.25 0.25 0.25 0.25
89.97776114172777
45.0
80.61797278164028 406.5077872642912
0
80.61797278164028 419.72836275848545
0.25 0.25 0.25 0.25
173.76384997722337
45.0
469.40867370401486 207.93631329559682
3
333.80542473516687 207.93631329559682
0.25 0.25 0.25 0.25
135.60324896884802
45.0
58.1860261228166 229.02769784565092
0
58.1860261228166 104.15014409690667
0.25 0.25 0.25 0.25
124.87755374874425
45.0
157.56540759573863 111.94787277521242
0
157.56540759573863 14.483954411158123
0.25 0.25 0.25 0.25
97.4639183640543
45.0
266.8093025933796 334.99258757423684
3
113.86352077209585 334.99258757423684
0.25 0.25 0.25 0.25
152.94578182128373
45.0
51.2619822942317 46.20001069508385
2
39.920436134162514 46.20001069508385
0.25 0.25 0.25 0.25
91.18241842839421
45.0
216.40642935805826 88.4927865345067
1
216.40642935805826 71.23634146852723
0.25 0.25 0.25 0.25
159.72912800303394
45.0
401.7952125429541 238.08770889370578
1
401.7952125429541 341.03187400723715
0.25 0.25 0.25 0.25
102.94416511353137
45.0
36.21346626212227 264.2704299730466
2
169.78763748338864 264.2704299730466
0.25 0.25 0.25 0.25
133.57417122126637
45.0
