67073
382.316603168631 230.4406839133813
3
498.7574840918819 230.4406839133813
0.25 0.25 0.25 0.25
118.92591273948709
45.0
26.910794469942473 289.94301368520775
2
93.1587427307206 289.94301368520775
0.25 0.25 0.25 0.25
120.06953720066308
45.0
162.3338850259407 300.5924515992085
3
21.029164725065527 300.5924515992085
0.25 0.25 0.25 0.25
141.30472030087518
45.0
176.32771261833722 173.63596081973643
3
159.53064073635048 173.63596081973643
0.25 0.25 0.25 0.25
16.797071881986742
45.0
85.45154109545052 371.3458102809969
3
78.0217098223799 371.3458102809969
0.25 0.25 0.25 0.25
7.4298312730706195
45.0
303.47236662593093 328.4262466377314
3
298.6944377996418 328.4262466377314
0.25 0.25 0.25 0.25
4.777928826289163
45.0
39.51371887322421 294.68815117464806
0
39.51371887322421 247.52554631327416
0.25 0.25 0.25 0.25
47.16260486137389
45.0
95.99653190489764 456.62547025924925
3
51.59270066560266 456.62547025924925
0.25 0.25 0.25 0.25
44.40383123929497
45.0
481.24764226058073 433.05509913497696
3
432.59565934797587 433.05509913497696
0.25 0.25 0.25 0.25
48.65198291260487
45.0
135.6017970189649 124.55638113483226
1
135.6017970189649 129.28670575686036
0.25 0.25 0.25 0.25
4.730324622028093
45.0
146.3737327335632 491.9062012200056
3
112.64411418991935 491.9062012200056
0.25 0.25 0.25 0.25
33.72961854364386
45.0
414.415239865469 45.864845583329625
2
426.5179134479593 45.864845583329625
0.25 0.25 0.25 0.25
12.102673582490292
45.0
272.55441794994914 317.47479953176236
0
272.55441794994914 315.751849274805
0.25 0.25 0.25 0.25
1.7229502569573618
45.0
209.2645395289888 332.68332967991245
2
215.1842479161442 332.68332967991245
0.25 0.25 0.25 0.25
5.919708387155409
45.0
86.4843236728477 173.6384988564813
2
104.01972037444884 173.6384988564813
0.25 0.25 0.25 0.25
17.53539670160114
45.0
261.7427681508085 136.021816898245
2
276.7595563785942 136.021816898245
0.25 0.25 0.25 0.25
15.016788227785677
45.0
229.07280483964325 497.97505997135227
3
209.6382444575654 497.97505997135227
0.25 0.25 0.25 0.25
19.434560382077848
45.0
75.42860262707597 242.67419340999749
3
67.54697199820563 242.67419340999749
0.25 0.25 0.25 0.25
7.88163062887034
45.0
256.57074445514036 441.7139613489281
3
248.4856465377917 441.7139613489281
0.25 0.25 0.25 0.25
8.085097917348666
45.0
19.441297323469897 392.7248202499807
0
19.441297323469897 343.4308035987632
0.25 0.25 0.25 0.25
49.29401665121752
45.0
267.29713765767895 28.3361680668945
3
246.17720826304895 28.3361680668945
0.25 0.25 0.25 0.25
21.119929394630006
45.0
24.947014980557014 46.292157113604105
1
24.947014980557014 67.00164524422672
0.25 0.25 0.25 0.25
20.709488130622617
45.0
490.0636913101238 191.51510460315444
3
473.9995155405687 191.51510460315444
0.25 0.25 0.25 0.25
16.06417576955504
45.0
248.1258788355992 342.31004320032986
1
248.1258788355992 351.9268801648303
0.25 0.25 0.25 0.25
9.616836964500491
45.0
370.19443434387705 315.334211289363
0
370.19443434387705 301.4401392631641
0.25 0.25 0.25 0.25
13.89407202619889
45.0
4.8466621441977225 263.482911447427
2
23.58302994519145 263.482911447427
0.25 0.25 0.25 0.25
18.736367800993726
45.0
182.162336506462 252.81020598121316
0
182.162336506462 233.62393042056993
0.25 0.25 0.25 0.25
19.186275560643235
45.0
277.2397085556794 195.99506674016664
3
244.39706009258236 195.99506674016664
0.25 0.25 0.25 0.25
32.842648463097035
45.0
462.015555502913 405.9693669942222
3
456.52472685619085 405.9693669942222
0.25 0.25 0.25 0.25
5.49082864672214
45.0
283.7027726223211 299.19478423402904
0
283.7027726223211 294.67094357267473
0.25 0.25 0.25 0.25
4.5238406613543
45.0
305.20677728588237 496.9092941362571
0
305.20677728588237 458.20201750122203
0.25 0.25 0.25 0.25
44.88868836252089
45.0
439.71709493462856 481.76102707395603
2
472.88064830440067 481.76102707395603
0.25 0.25 0.25 0.25
33.16355336977212
45.0
22.18377439446372 261.09440793277554
0
22.18377439446372 259.2224028799202
0.25 0.25 0.25 0.25
1.8720050528553411
45.0
7.011190847374543 151.24769913756876
2
14.82407734756271 151.24769913756876
0.25 0.25 0.25 0.25
21.835268194937253
45.0
138.493700608138 441.92351671329897
3
101.87077053420138 441.92351671329897
0.25 0.25 0.25 0.25
36.622930073936615
45.0
127.00230412358559 54.35866640730955
1
127.00230412358559 71.9249472344591
0.25 0.25 0.25 0.25
17.566280827149548
45.0
45.66709808232196 256.9704196690668
1
45.66709808232196 304.30621024779566
0.25 0.25 0.25 0.25
47.33579057872886
45.0
104.58199669496048 340.00521454943527
3
96.05087922944037 340.00521454943527
0.25 0.25 0.25 0.25
8.531117465520104
45.0
381.2262123101043 468.27427934774926
3
372.77968719481487 468.27427934774926
0.25 0.25 0.25 0.25
8.446525115289461
45.0
177.61549506448304 494.72279163446615
2
221.2135115870984 494.72279163446615
0.25 0.25 0.25 0.25
43.59801652261536
45.0
197.3505677465846 133.1680015487628
0
197.3505677465846 96.77964792674021
0.25 0.25 0.25 0.25
36.38835362202257
45.0
358.334656600892 53.95494460147813
0
358.334656600892 36.62707471946598
0.25 0.25 0.25 0.25
17.327869882012152
45.0
316.7414142105628 222.4979629201896
1
316.7414142105628 232.40473036831057
0.25 0.25 0.25 0.25
9.906767448120984
45.0
87.83025552249944 236.97549722889872
2
110.2777550221517 236.97549722889872
0.25 0.25 0.25 0.25
22.447499499652245
45.0
478.18342974694605 68.72092007695281
0
478.18342974694605 56.2658414492037
0.25 0.25 0.25 0.25
12.455078627749112
45.0
454.1990085753582 268.32518797644616
0
454.1990085753582 266.92683935453294
0.25 0.25 0.25 0.25
1.3983486219132146
45.0
118.65388927306012 376.6195108009975
1
118.65388927306012 408.5585474517627
0.25 0.25 0.25 0.25
31.939036650765196
45.0
258.986549300883 125.58773726947891
2
283.89079319712096 125.58773726947891
0.25 0.25 0.25 0.25
24.904243896237944
45.0
