67073
141.9797458734206 7.411141565592885
2
260.9056586129077 7.411141565592885
0.25 0.25 0.25 0.25
118.92591273948709
45.0
186.42403406530093 51.5423693004586
1
186.42403406530093 68.52716790020447
0.25 0.25 0.25 0.25
120.06953720066308
45.0
281.90468953906816 79.85387772792154
3
140.59996923819298 79.85387772792154
0.25 0.25 0.25 0.25
141.30472030087518
45.0
125.936496972377 123.24474517377621
2
142.73356885436374 123.24474517377621
0.25 0.25 0.25 0.25
16.797071881986742
45.0
152.3200225530861 334.19665391564365
1
152.3200225530861 341.6264851887143
0.25 0.25 0.25 0.25
7.4298312730706195
45.0
250.9151495367502 361.8717484217555
0
250.9151495367502 357.09381959546636
0.25 0.25 0.25 0.25
4.777928826289163
45.0
77.09102582344985 11.712522006404697
2
124.25363068482375 11.712522006404697
0.25 0.25 0.25 0.25
47.16260486137389
45.0
58.50308031677153 188.14387982639107
3
14.099249077476557 188.14387982639107
0.25 0.25 0.25 0.25
44.40383123929497
45.0
211.02738594965382 31.773088826369467
1
211.02738594965382 80.42507173897434
0.25 0.25 0.25 0.25
48.65198291260487
45.0
145.0624462630211 39.4105379383266
3
140.332121640993 39.4105379383266
0.25 0.25 0.25 0.25
4.730324622028093
45.0
247.5625883644947 148.95655110922777
1
247.5625883644947 182.68616965287163
0.25 0.25 0.25 0.25
33.72961854364386
45.0
329.6965247880369 106.37821349578113
2
341.7991983705272 106.37821349578113
0.25 0.25 0.25 0.25
12.102673582490292
45.0
303.5675225751814 358.8256056987387
3
301.84457231822404 358.8256056987387
0.25 0.25 0.25 0.25
1.7229502569573618
45.0
280.30104017485365 226.12857871111498
0
280.30104017485365 220.2088703239596
0.25 0.25 0.25 0.25
5.919708387155409
45.0
174.1613071808534 156.10310215488016
2
191.69670388245456 156.10310215488016
0.25 0.25 0.25 0.25
17.53539670160114
45.0
201.67561523966583 284.44825347975393
3
186.65882701188016 284.44825347975393
0.25 0.25 0.25 0.25
15.016788227785677
45.0
442.85296904249964 93.89917200501293
1
442.85296904249964 113.33373238709078
0.25 0.25 0.25 0.25
19.434560382077848
45.0
145.25705498129355 416.0700672451444
3
137.3754243524232 416.0700672451444
0.25 0.25 0.25 0.25
7.88163062887034
45.0
321.25152779392965 360.86298217544146
2
329.3366257112783 360.86298217544146
0.25 0.25 0.25 0.25
8.085097917348666
45.0
33.56096429911932 395.9794461694997
2
82.85498095033684 395.9794461694997
0.25 0.25 0.25 0.25
49.29401665121752
45.0
225.8245568712013 28.336168066894516
0
225.8245568712013 7.2162386722645095
0.25 0.25 0.25 0.25
21.119929394630006
45.0
4.237526849934426 98.67425980075421
2
24.947014980557043 98.67425980075421
0.25 0.25 0.25 0.25
20.709488130622617
45.0
24.20259399302743 336.0926865291499
1
24.20259399302743 352.15686229870494
0.25 0.25 0.25 0.25
16.06417576955504
45.0
1.9118822414135757 111.50595605231825
2
11.528719205914067 111.50595605231825
0.25 0.25 0.25 0.25
9.616836964500491
45.0
300.72407421288256 468.1690035775509
1
300.72407421288256 482.0630756037498
0.25 0.25 0.25 0.25
13.89407202619889
45.0
136.00123675115378 319.69201485040816
3
117.26486895016006 319.69201485040816
0.25 0.25 0.25 0.25
18.736367800993726
45.0
182.37689914575944 118.50627705671057
1
182.37689914575944 137.6925526173538
0.25 0.25 0.25 0.25
19.186275560643235
45.0
262.96321296096227 473.45680055203206
2
295.8058614240593 473.45680055203206
0.25 0.25 0.25 0.25
32.842648463097035
45.0
455.62201479625475 466.36848210816584
2
461.1128434429769 466.36848210816584
0.25 0.25 0.25 0.25
5.49082864672214
45.0
111.79682749085728 371.57623481569806
2
116.32066815221158 371.57623481569806
0.25 0.25 0.25 0.25
4.5238406613543
45.0
9.014041251763913 272.46585232365265
2
35.874647110756975 272.46585232365265
0.25 0.25 0.25 0.25
44.88868836252089
45.0
24.572652242180894 12.37788099030979
1
24.572652242180894 45.54143436008191
0.25 0.25 0.25 0.25
33.16355336977212
45.0
48.39184513443852 294.7904988841717
1
48.39184513443852 296.66250393702705
0.25 0.25 0.25 0.25
1.8720050528553411
45.0
80.3298819323745 416.4692739307999
0
80.3298819323745 394.6340057358626
0.25 0.25 0.25 0.25
21.835268194937253
45.0
191.11267005729155 155.22425247339817
2
227.73560013122818 155.22425247339817
0.25 0.25 0.25 0.25
36.622930073936615
45.0
144.56858495073513 71.9249472344591
1
144.56858495073513 89.49122806160864
0.25 0.25 0.25 0.25
17.566280827149548
45.0
335.63023940138913 222.33588396491592
2
382.966029980118 222.33588396491592
0.25 0.25 0.25 0.25
47.33579057872886
45.0
78.98864429840015 212.03845256663385
2
87.51976176392026 212.03845256663385
0.25 0.25 0.25 0.25
8.531117465520104
45.0
466.7363356146859 379.68826857704096
2
475.18286072997535 379.68826857704096
0.25 0.25 0.25 0.25
8.446525115289461
45.0
473.6003727545941 320.33072554400474
3
482.80161072279054 320.33072554400474
0.25 0.25 0.25 0.25
43.59801652261536
45.0
147.65906705700894 478.17763635235644
2
184.04742067903152 478.17763635235644
0.25 0.25 0.25 0.25
36.38835362202257
45.0
410.3182662469284 209.9057735395875
2
427.6461361289405 209.9057735395875
0.25 0.25 0.25 0.25
17.327869882012152
45.0
277.1143444180788 420.6333118826095
0
277.1143444180788 410.7265444344885
0.25 0.25 0.25 0.25
9.906767448120984
45.0
402.0952485176308 192.0804982295942
0
402.0952485176308 169.63299872994196
0.25 0.25 0.25 0.25
22.447499499652245
45.0
328.72248621395664 43.81076282145459
0
328.72248621395664 31.35568419370548
0.25 0.25 0.25 0.25
12.455078627749112
45.0
470.9791920383168 268.32518797644616
0
470.9791920383168 266.92683935453294
0.25 0.25 0.25 0.25
1.3983486219132146
45.0
182.53196257459047 218.0628765653335
3
150.59292592382528 218.0628765653335
0.25 0.25 0.25 0.25
31.939036650765196
45.0
283.89079319712096 297.78440896656616
2
308.7950370933589 297.78440896656616
0.25 0.25 0.25 0.25
24.904243896237944
45.0
