76105
480.8544995566973 411.6555632084398
3
475.7276712693824 411.6555632084398
0.25 0.25 0.25 0.25
43.41782917392032
45.0
321.8343394565466 484.0371050592105
0
321.8343394565466 484.1604428374073
0.25 0.25 0.25 0.25
31.80245210338224
45.0
249.04092254825832 293.6365217732577
0
249.04092254825832 257.4166458981182
0.25 0.25 0.25 0.25
36.21987587513951
45.0
123.37614504136673 173.2665918318236
2
163.34679063067745 173.2665918318236
0.25 0.25 0.25 0.25
39.97064558931073
45.0
212.76741199966773 349.28465001964696
3
192.2532033271305 349.28465001964696
0.25 0.25 0.25 0.25
20.514208672537233
45.0
285.99485142461356 287.2659991841239
3
282.38661897420644 287.2659991841239
0.25 0.25 0.25 0.25
3.6082324504071117
45.0
51.36374266915505 447.38654921157575
0
51.36374266915505 426.23465420871406
0.25 0.25 0.25 0.25
21.151895002861714
45.0
315.5542670301172 149.51960222039003
1
315.5542670301172 179.61093314310662
0.25 0.25 0.25 0.25
30.0913309227166
45.0
487.785046048253 279.9399284232538
1
487.785046048253 324.1409358223568
0.25 0.25 0.25 0.25
44.20100739910307
45.0
14.593743100201303 60.04885553140479
2
22.702857631752806 60.04885553140479
0.25 0.25 0.25 0.25
8.109114531551503
45.0
389.38337110282396 110.6930910173
3
381.27338810198955 110.6930910173
0.25 0.25 0.25 0.25
8.109983000834415
45.0
400.70012072103066 138.07335981454128
3
371.4520975737476 138.07335981454128
0.25 0.25 0.25 0.25
29.248023147283035
45.0
380.47179259794683 352.8163894396107
3
353.7810696089446 352.8163894396107
0.25 0.25 0.25 0.25
26.690722989002204
45.0
251.4271312835046 185.65601405433847
3
242.27685632704373 185.65601405433847
0.25 0.25 0.25 0.25
9.150274956460851
45.0
117.7205286739091 294.6732863695538
2
147.6356718681045 294.6732863695538
0.25 0.25 0.25 0.25
29.91514319419541
45.0
45.01780219341768 218.9948920425066
3
11.75818297069057 218.9948920425066
0.25 0.25 0.25 0.25
33.25961922272711
45.0
481.57203716430166 138.07305368761448
3
481.07719610084416 138.07305368761448
0.25 0.25 0.25 0.25
0.4948410634574796
45.0
210.43971206626134 424.4125646278158
2
250.71230944624182 424.4125646278158
0.25 0.25 0.25 0.25
40.272597379980496
45.0
331.0328978782474 5.001455066009598
1
331.0328978782474 35.93148108278688
0.25 0.25 0.25 0.25
40.93293614879648
45.0
496.7239938351055 148.9266765161737
3
493.4911832726079 148.9266765161737
0.25 0.25 0.25 0.25
3.2328105624976233
45.0
488.61423647061844 251.65107831394116
0
488.61423647061844 230.44293331784093
0.25 0.25 0.25 0.25
21.208144996100238
45.0
96.1564387304535 96.16521604354341
0
96.1564387304535 84.81369100133254
0.25 0.25 0.25 0.25
11.35152504221087
45.0
494.09524823613276 289.3694956105324
3
447.6634303075913 289.3694956105324
0.25 0.25 0.25 0.25
46.43181792854148
45.0
499.0368634978563 192.1523033244868
3
450.01695503795236 192.1523033244868
0.25 0.25 0.25 0.25
49.01990845990397
45.0
310.67691817470757 49.83861425588469
2
323.07631838475953 49.83861425588469
0.25 0.25 0.25 0.25
12.399400210051969
45.0
387.81719245622804 324.9193565637641
2
417.3260313998444 324.9193565637641
0.25 0.25 0.25 0.25
29.508838943616354
45.0
327.3340225460166 437.5523938205786
2
370.16993702622835 437.5523938205786
0.25 0.25 0.25 0.25
42.835914480211706
45.0
421.03109860983716 396.15266071409917
3
405.2648426106229 396.15266071409917
0.25 0.25 0.25 0.25
15.766255999214263
45.0
17.65691063267262 224.818648392299
2
21.81712360477608 224.818648392299
0.25 0.25 0.25 0.25
4.16021297210346
45.0
226.23346847743593 202.98063496136973
3
188.37245661694595 202.98063496136973
0.25 0.25 0.25 0.25
37.86101186048999
45.0
367.6417715255429 206.25298727739394
3
358.9297691923274 206.25298727739394
0.25 0.25 0.25 0.25
8.712002333215468
45.0
295.33586140573004 147.6179328059203
2
327.16421571458835 147.6179328059203
0.25 0.25 0.25 0.25
31.82835430885831
45.0
201.6062039547101 272.8218099096184
3
175.96159355896583 272.8218099096184
0.25 0.25 0.25 0.25
25.644610395744294
45.0
381.0101637811668 180.75067848758266
0
381.0101637811668 173.10743503153313
0.25 0.25 0.25 0.25
7.643243456049537
45.0
317.82811454131786 482.22359432047347
1
317.82811454131786 495.3340694864372
0.25 0.25 0.25 0.25
13.11047516596373
45.0
390.60262118967694 213.20184463728833
3
345.1280356617616 213.20184463728833
0.25 0.25 0.25 0.25
45.47458552791534
45.0
216.88451733309427 398.6965365463989
1
216.88451733309427 406.34273852256644
0.25 0.25 0.25 0.25
7.646201976167577
45.0
384.39544088894445 222.5335872925271
1
384.39544088894445 244.764858115632
0.25 0.25 0.25 0.25
22.231270823104893
45.0
485.7369401118733 487.81583479211906
3
473.0710432536888 487.81583479211906
0.25 0.25 0.25 0.25
12.665896858184517
45.0
400.22210042764954 150.0724937725026
1
400.22210042764954 196.2535804382689
0.25 0.25 0.25 0.25
46.18108666576628
45.0
207.8956701598695 157.35082423014347
3
163.02895078508664 157.35082423014347
0.25 0.25 0.25 0.25
44.866719374782846
45.0
244.54944457208168 338.3220400405255
1
244.54944457208168 375.4719418121799
0.25 0.25 0.25 0.25
37.14990177165444
45.0
181.85830091586263 212.23396693113665
3
153.39735963163432 212.23396693113665
0.25 0.25 0.25 0.25
28.46094128422831
45.0
169.9192587942524 343.2774108533159
2
196.21093575120508 343.2774108533159
0.25 0.25 0.25 0.25
26.29167695695268
45.0
199.0673240921874 165.9765764509615
0
199.0673240921874 122.68903977003436
0.25 0.25 0.25 0.25
43.28753668092713
45.0
284.58297154799595 134.70100848321752
2
333.2839312249657 134.70100848321752
0.25 0.25 0.25 0.25
48.7009596769698
45.0
374.64849563492913 449.3454871896322
2
413.39937898193745 449.3454871896322
0.25 0.25 0.25 0.25
38.75088334700832
45.0
256.4413875582425 95.980954894326
2
275.32079331961035 95.980954894326
0.25 0.25 0.25 0.25
18.879405761367817
45.0
