78793
1.7365617515895337 393.45081002408574
0
1.7365617515895337 236.71000181233342
0.25 0.25 0.25 0.25
156.74080821175232
45.0
204.19451847515802 425.51996635889475
0
204.19451847515802 304.14463026463756
0.25 0.25 0.25 0.25
121.37533609425718
45.0
282.44845573540863 446.8890717177926
0
282.44845573540863 415.1226089733826
0.25 0.25 0.25 0.25
137.98831930882474
45.0
457.4415837510568 322.72549968875325
3
450.90171485390124 322.72549968875325
0.25 0.25 0.25 0.25
91.65670139504194
45.0
422.4257572597746 104.20776130778664
3
478.4574354477246 104.20776130778664
0.25 0.25 0.25 0.25
99.11680729250072
45.0
209.65393257513855 130.63489637866005
1
209.65393257513855 38.421846913719094
0.25 0.25 0.25 0.25
169.05674329237914
45.0
42.15118880803976 165.3776402825122
1
42.15118880803976 322.06777347240427
0.25 0.25 0.25 0.25
156.69013318989207
45.0
319.40989039236047 222.03922038690996
1
319.40989039236047 354.1943568695034
0.25 0.25 0.25 0.25
132.15513648259343
45.0
272.6169973434553 35.98662063235275
3
102.46086666077903 35.98662063235275
0.25 0.25 0.25 0.25
170.15613068267626
45.0
35.684364679393866 343.9680157271505
0
35.684364679393866 482.54775595238857
0.25 0.25 0.25 0.25
173.48422832046094
45.0
161.93394725327718 89.1313141692653
1
161.93394725327718 209.08888789776503
0.25 0.25 0.25 0.25
119.95757372849974
45.0
432.18665169560245 252.14411551342357
0
432.18665169560245 111.59138980130606
0.25 0.25 0.25 0.25
140.5527257121175
45.0
369.1567960882296 370.6922584278798
0
369.1567960882296 221.43752528900217
0.25 0.25 0.25 0.25
149.2547331388776
45.0
109.90172277194097 341.6953122219114
2
51.699098904745256 341.6953122219114
0.25 0.25 0.25 0.25
161.60082167668622
45.0
450.92275039827564 221.6732865590168
1
450.92275039827564 366.502974597651
0.25 0.25 0.25 0.25
144.82968803863423
45.0
319.89764472357217 196.08244651956647
3
218.33237905337 196.08244651956647
0.25 0.25 0.25 0.25
101.56526567020217
45.0
470.6521651361792 457.4892379657289
3
300.56372742880035 457.4892379657289
0.25 0.25 0.25 0.25
170.08843770737886
45.0
139.1690638146424 153.30690954883767
0
139.1690638146424 5.028660747665413
0.25 0.25 0.25 0.25
148.27824880117225
45.0
21.975591635627836 301.8663898594199
2
192.49374640560595 301.8663898594199
0.25 0.25 0.25 0.25
170.5181547699781
45.0
478.5822685556402 243.83049623591236
3
424.38068562228784 243.83049623591236
0.25 0.25 0.25 0.25
97.03704582207197
45.0
474.2276203052837 418.94524236736186
0
474.2276203052837 261.37609632595274
0.25 0.25 0.25 0.25
157.56914604140914
45.0
42.55793695561496 317.22418189956215
1
42.55793695561496 439.7956719362096
0.25 0.25 0.25 0.25
122.57149003664748
45.0
353.47049284513423 327.65408754860835
3
210.9861299669211 327.65408754860835
0.25 0.25 0.25 0.25
142.48436287821312
45.0
126.57328625620214 83.66193164639427
1
126.57328625620214 37.42218271206649
0.25 0.25 0.25 0.25
121.08411435846075
45.0
383.633742097094 95.78560913285385
1
383.633742097094 188.385547198486
0.25 0.25 0.25 0.25
92.59993806563214
45.0
317.8326103400376 319.03829697934543
1
317.8326103400376 423.47951534160734
0.25 0.25 0.25 0.25
104.44121836226189
45.0
38.6000878834345 370.6851176975397
2
50.3157754698732 370.6851176975397
0.25 0.25 0.25 0.25
88.9158633533077
45.0
469.30591698979674 215.71213523144937
3
389.51239374389627 215.71213523144937
0.25 0.25 0.25 0.25
141.18168926630696
45.0
210.30229401590483 222.3144657462691
3
53.49797831114239 222.3144657462691
0.25 0.25 0.25 0.25
156.80431570476244
45.0
236.76613045839642 120.68383429561047
1
236.76613045839642 5.541313601150193
0.25 0.25 0.25 0.25
126.22514789676066
45.0
168.64993237305504 326.9201275957995
3
67.98642700785858 326.9201275957995
0.25 0.25 0.25 0.25
100.66350536519646
45.0
432.909014506001 134.96851540908037
1
432.909014506001 5.16805744585082
0.25 0.25 0.25 0.25
140.1365728549312
45.0
95.08574856938364 373.5298807824205
0
95.08574856938364 202.16304554386383
0.25 0.25 0.25 0.25
171.36683523855666
45.0
77.30287036957498 221.19856652354036
2
43.703471809341124 221.19856652354036
0.25 0.25 0.25 0.25
121.0063421789161
45.0
361.3511988811108 317.46055627822693
3
272.53314028915906 317.46055627822693
0.25 0.25 0.25 0.25
88.81805859195177
45.0
114.88475205110203 227.00233023967678
0
114.88475205110203 85.51686712435512
0.25 0.25 0.25 0.25
141.48546311532166
45.0
18.364033325673347 237.0073462494503
0
18.364033325673347 65.13176092484747
0.25 0.25 0.25 0.25
171.87558532460284
45.0
55.25553103326399 100.20803200062443
2
144.72282997463074 100.20803200062443
0.25 0.25 0.25 0.25
89.46729894136675
45.0
144.58491137671743 51.1787502380285
2
284.1547851331293 51.1787502380285
0.25 0.25 0.25 0.25
139.56987375641185
45.0
55.72546281887092 391.41819740849036
2
46.311606293009476 391.41819740849036
0.25 0.25 0.25 0.25
102.0370691118804
45.0
369.47038161620435 356.2000296728978
0
369.47038161620435 211.8680858667807
0.25 0.25 0.25 0.25
144.33194380611712
45.0
488.65883917841245 365.4914051925705
3
345.14951683845686 365.4914051925705
0.25 0.25 0.25 0.25
166.19164398313072
45.0
328.258500180443 209.34700933039625
0
328.258500180443 113.21089580384903
0.25 0.25 0.25 0.25
96.13611352654722
45.0
380.93478991303687 9.825627437544426
3
214.5998910504348 9.825627437544426
0.25 0.25 0.25 0.25
166.33489886260207
45.0
407.4507841645012 343.5646734973823
0
407.4507841645012 204.03707735973236
0.25 0.25 0.25 0.25
139.5275961376499
45.0
234.09630064612034 144.86140767329917
2
349.8624551790168 144.86140767329917
0.25 0.25 0.25 0.25
115.76615453289648
45.0
423.388186759855 490.4421553710577
3
271.94614903315465 490.4421553710577
0.25 0.25 0.25 0.25
151.44203772670033
45.0
93.71750144775842 39.0708555314626
1
93.71750144775842 125.52709215616972
0.25 0.25 0.25 0.25
164.5979476876323
45.0
