78793
311.7450546719151 427.8837377874561
3
155.0042464601628 427.8837377874561
0.25 0.25 0.25 0.25
156.74080821175232
45.0
373.6848507501853 210.35402535833373
3
252.30951465592813 210.35402535833373
0.25 0.25 0.25 0.25
121.37533609425718
45.0
371.7501160145705 412.8073068795659
0
371.7501160145705 274.8189875707411
0.25 0.25 0.25 0.25
137.98831930882474
45.0
7.3817921213083935 406.158485738334
2
84.27490927373354 406.158485738334
0.25 0.25 0.25 0.25
91.65670139504194
45.0
379.3406281552239 490.49308244721766
0
379.3406281552239 410.39011026028163
0.25 0.25 0.25 0.25
99.11680729250072
45.0
209.65393257513855 221.819049960373
2
378.7106758675177 221.819049960373
0.25 0.25 0.25 0.25
169.05674329237914
45.0
54.679743521204784 111.03089462867493
1
54.679743521204784 267.721027818567
0.25 0.25 0.25 0.25
156.69013318989207
45.0
451.5650268749539 117.18509720012287
3
416.27983664245266 117.18509720012287
0.25 0.25 0.25 0.25
132.15513648259343
45.0
293.5537814395128 35.98662063235275
1
293.5537814395128 206.14275131502902
0.25 0.25 0.25 0.25
170.15613068267626
45.0
137.79986364106708 476.5468741248458
0
137.79986364106708 303.06264580438483
0.25 0.25 0.25 0.25
173.48422832046094
45.0
478.19333156122366 209.08888789776506
0
478.19333156122366 89.13131416926532
0.25 0.25 0.25 0.25
119.95757372849974
45.0
427.26062259228 201.77590165328368
1
427.26062259228 342.3286273654012
0.25 0.25 0.25 0.25
140.5527257121175
45.0
369.1567960882296 226.3266741276306
3
219.902062949352 226.3266741276306
0.25 0.25 0.25 0.25
149.2547331388776
45.0
271.5025444486272 203.89729268791257
1
271.5025444486272 365.4981143645988
0.25 0.25 0.25 0.25
161.60082167668622
45.0
404.24756156309013 343.8376493250805
3
450.92275039827564 343.8376493250805
0.25 0.25 0.25 0.25
144.82968803863423
45.0
187.92868362743866 499.221756469827
3
86.36341795723649 499.221756469827
0.25 0.25 0.25 0.25
101.56526567020217
45.0
39.61314798595737 73.30670140068077
1
39.61314798595737 96.7817363066981
0.25 0.25 0.25 0.25
170.08843770737886
45.0
325.39505422402044 363.9106024394398
0
325.39505422402044 487.81114875938795
0.25 0.25 0.25 0.25
148.27824880117225
45.0
466.46994405443786 131.34823508944177
3
363.01190117558406 131.34823508944177
0.25 0.25 0.25 0.25
170.5181547699781
45.0
448.9527267763599 397.65086225508014
3
454.01022740156816 397.65086225508014
0.25 0.25 0.25 0.25
97.03704582207197
45.0
313.61810990176195 206.7909725744075
2
471.18725594317107 206.7909725744075
0.25 0.25 0.25 0.25
157.56914604140914
45.0
222.01312282450033 192.48985795384803
3
99.44163278785285 192.48985795384803
0.25 0.25 0.25 0.25
122.57149003664748
45.0
356.0799526976424 179.9508049653789
0
356.0799526976424 37.466442087165774
0.25 0.25 0.25 0.25
142.48436287821312
45.0
126.57328625620214 325.8301603633158
0
126.57328625620214 204.7460460048551
0.25 0.25 0.25 0.25
121.08411435846075
45.0
179.83454724387605 441.2147005389854
3
87.2346091782439 441.2147005389854
0.25 0.25 0.25 0.25
92.59993806563214
45.0
204.37348147127187 423.47951534160734
0
204.37348147127187 319.03829697934543
0.25 0.25 0.25 0.25
104.44121836226189
45.0
127.51595123674214 6.903838829306352
2
216.43181459004984 6.903838829306352
0.25 0.25 0.25 0.25
88.9158633533077
45.0
34.032674055024614 66.65124330116458
2
107.14901521128235 66.65124330116458
0.25 0.25 0.25 0.25
141.18168926630696
45.0
260.1106530983825 65.51015004150662
3
103.30633739362005 65.51015004150662
0.25 0.25 0.25 0.25
156.80431570476244
45.0
489.2164262519177 110.88265112152527
3
384.55842585132166 110.88265112152527
0.25 0.25 0.25 0.25
126.22514789676066
45.0
435.3310998181237 326.9201275957995
3
334.66759445292723 326.9201275957995
0.25 0.25 0.25 0.25
100.66350536519646
45.0
451.95300452148274 285.4412031557132
3
311.8164316665516 285.4412031557132
0.25 0.25 0.25 0.25
140.1365728549312
45.0
76.28108666917302 140.5706249332495
2
95.08574856938364 140.5706249332495
0.25 0.25 0.25 0.25
171.36683523855666
45.0
109.25213293824612 20.814117834291892
1
109.25213293824612 141.820460013208
0.25 0.25 0.25 0.25
121.0063421789161
45.0
183.7150816972073 139.82443909432337
2
272.53314028915906 139.82443909432337
0.25 0.25 0.25 0.25
88.81805859195177
45.0
265.9719733591721 95.11862531710352
1
265.9719733591721 236.6040884324252
0.25 0.25 0.25 0.25
141.48546311532166
45.0
497.2627226481352 471.3899554692873
0
497.2627226481352 356.7344592061098
0.25 0.25 0.25 0.25
171.87558532460284
45.0
318.47337637716885 473.9369394110572
0
318.47337637716885 436.59576164757607
0.25 0.25 0.25 0.25
89.46729894136675
45.0
251.1138261874012 390.54175473632404
0
251.1138261874012 469.8883715072641
0.25 0.25 0.25 0.25
139.56987375641185
45.0
55.72546281887091 16.730079039031153
1
55.72546281887091 85.30699007284925
0.25 0.25 0.25 0.25
102.0370691118804
45.0
225.13843781008723 365.4596893576878
3
80.8064940039701 365.4596893576878
0.25 0.25 0.25 0.25
144.33194380611712
45.0
153.4254151109353 30.257981125093295
2
12.766228872195427 30.257981125093295
0.25 0.25 0.25 0.25
166.19164398313072
45.0
56.28595392574594 209.34700933039625
0
56.28595392574594 113.21089580384903
0.25 0.25 0.25 0.25
96.13611352654722
45.0
50.25559901222016 344.48603198713613
0
50.25559901222016 489.1790691502618
0.25 0.25 0.25 0.25
166.33489886260207
45.0
151.70241892565215 75.01811491556742
1
151.70241892565215 64.50948122208248
0.25 0.25 0.25 0.25
139.5275961376499
45.0
71.30677215650067 318.2032104582868
1
71.30677215650067 433.9693649911833
0.25 0.25 0.25 0.25
115.76615453289648
45.0
180.5983753933566 459.18864581816206
0
180.5983753933566 307.7466080914617
0.25 0.25 0.25 0.25
151.44203772670033
45.0
422.91339682302305 63.89548327987484
1
422.91339682302305 100.70246440775747
0.25 0.25 0.25 0.25
164.5979476876323
45.0
