78793
61.29171248107559 32.85160527235803
1
61.29171248107559 123.8892029393943
0.25 0.25 0.25 0.25
156.74080821175232
45.0
77.43309127041388 273.7347389607058
0
77.43309127041388 152.3594028664486
0.25 0.25 0.25 0.25
121.37533609425718
45.0
232.10053674982785 308.90075240896783
3
94.11221744100311 308.90075240896783
0.25 0.25 0.25 0.25
137.98831930882474
45.0
259.3645967183562 310.64769473107907
0
259.3645967183562 218.99099333603715
0.25 0.25 0.25 0.25
91.65670139504194
45.0
197.69636144979478 104.20776130778641
0
197.69636144979478 5.090954015285689
0.25 0.25 0.25 0.25
99.11680729250072
45.0
397.8995155819223 328.37255917958873
1
397.8995155819223 497.42930247196784
0.25 0.25 0.25 0.25
169.05674329237914
45.0
188.4824073190463 142.49017089046166
3
31.792274129154237 142.49017089046166
0.25 0.25 0.25 0.25
156.69013318989207
45.0
37.48737995577085 42.27105257827691
1
37.48737995577085 174.42618906087034
0.25 0.25 0.25 0.25
132.15513648259343
45.0
461.048054207973 346.1992089251148
3
290.89192352529676 346.1992089251148
0.25 0.25 0.25 0.25
170.15613068267626
45.0
229.4733521159967 322.78814306318145
0
229.4733521159967 149.3039147427205
0.25 0.25 0.25 0.25
173.48422832046094
45.0
480.31464513623723 251.5496116447808
3
360.35707140773746 251.5496116447808
0.25 0.25 0.25 0.25
119.95757372849974
45.0
291.6339259834849 422.983227441288
3
151.0812002713674 422.983227441288
0.25 0.25 0.25 0.25
140.5527257121175
45.0
145.24113622751327 77.07194098875306
1
145.24113622751327 72.18279215012456
0.25 0.25 0.25 0.25
149.2547331388776
45.0
393.08282420815783 492.15200791326083
0
393.08282420815783 330.5511862365746
0.25 0.25 0.25 0.25
161.60082167668622
45.0
473.2866429152882 249.28891909989602
3
381.88366904607756 249.28891909989602
0.25 0.25 0.25 0.25
144.82968803863423
45.0
69.80914327710286 194.52595945922053
1
69.80914327710286 296.0912251294227
0.25 0.25 0.25 0.25
101.56526567020217
45.0
104.10123572395432 246.33954776980383
1
104.10123572395432 416.4279854771827
0.25 0.25 0.25 0.25
170.08843770737886
45.0
336.58798893377843 194.76736878869428
3
188.30974013260618 194.76736878869428
0.25 0.25 0.25 0.25
148.27824880117225
45.0
137.5202347349709 186.32174676007682
2
32.99792003500721 186.32174676007682
0.25 0.25 0.25 0.25
170.5181547699781
45.0
65.86204411328032 270.9842746537279
0
65.86204411328032 173.9472288316559
0.25 0.25 0.25 0.25
97.03704582207197
45.0
313.61810990176195 11.549522431773369
2
471.18725594317107 11.549522431773369
0.25 0.25 0.25 0.25
157.56914604140914
45.0
99.44163278785283 420.3675922293893
0
99.44163278785283 297.79610219274184
0.25 0.25 0.25 0.25
122.57149003664748
45.0
374.34617166519956 408.25286551503075
0
374.34617166519956 265.76850263681763
0.25 0.25 0.25 0.25
142.48436287821312
45.0
278.98448574697727 352.9330193248345
3
157.90037138851653 352.9330193248345
0.25 0.25 0.25 0.25
121.08411435846075
45.0
236.02915895387292 237.01885014163116
1
236.02915895387292 329.6187882072633
0.25 0.25 0.25 0.25
92.59993806563214
45.0
35.74265748729978 469.6408965676778
0
35.74265748729978 425.91788507006027
0.25 0.25 0.25 0.25
104.44121836226189
45.0
427.9047319967193 192.85339099092437
0
427.9047319967193 103.93752763761667
0.25 0.25 0.25 0.25
88.9158633533077
45.0
10.576323783322266 243.0174579750251
0
10.576323783322266 101.83576870871815
0.25 0.25 0.25 0.25
141.18168926630696
45.0
91.95408247305403 358.40077984151776
0
91.95408247305403 201.59646413675532
0.25 0.25 0.25 0.25
156.80431570476244
45.0
345.353693154981 34.944863123405696
2
471.5788410517416 34.944863123405696
0.25 0.25 0.25 0.25
126.22514789676066
45.0
41.446212400000476 196.30256018607645
2
142.10971776519693 196.30256018607645
0.25 0.25 0.25 0.25
100.66350536519646
45.0
127.63727691372375 259.56857039367264
1
127.63727691372375 399.7051432486038
0.25 0.25 0.25 0.25
140.1365728549312
45.0
38.6837257067038 368.33948303448597
2
132.68310953185286 368.33948303448597
0.25 0.25 0.25 0.25
171.36683523855666
45.0
421.9540505291893 287.9853566650266
3
457.0396072918945 287.9853566650266
0.25 0.25 0.25 0.25
121.0063421789161
45.0
114.71101523161536 192.44643978495307
2
203.52907382356713 192.44643978495307
0.25 0.25 0.25 0.25
88.81805859195177
45.0
407.45743647449376 387.6913097404953
3
451.0571004101846 387.6913097404953
0.25 0.25 0.25 0.25
141.48546311532166
45.0
18.364033325673347 143.24681040659905
2
153.5115519989295 143.24681040659905
0.25 0.25 0.25 0.25
171.87558532460284
45.0
413.124726798731 247.42320659342622
3
323.65742785736427 247.42320659342622
0.25 0.25 0.25 0.25
89.46729894136675
45.0
459.7163510591639 376.3402651610861
0
459.7163510591639 236.77039140467426
0.25 0.25 0.25 0.25
139.56987375641185
45.0
463.8737392663925 166.97336806592585
3
434.0891916217271 166.97336806592585
0.25 0.25 0.25 0.25
102.0370691118804
45.0
176.88657367980454 57.2125354178437
1
176.88657367980454 87.11940838827343
0.25 0.25 0.25 0.25
144.33194380611712
45.0
350.84978904088837 124.53311845317441
1
350.84978904088837 290.7247624363051
0.25 0.25 0.25 0.25
166.19164398313072
45.0
308.47801950340653 344.12198759147134
1
308.47801950340653 440.25810111801854
0.25 0.25 0.25 0.25
96.13611352654722
45.0
222.56231834798433 160.49048507383287
1
222.56231834798433 5.844413788769202
0.25 0.25 0.25 0.25
166.33489886260207
45.0
337.8436691362035 134.11659625038018
2
477.3712652738534 134.11659625038018
0.25 0.25 0.25 0.25
139.5275961376499
45.0
401.677863830394 2.880119800356937
3
285.9117092974975 2.880119800356937
0.25 0.25 0.25 0.25
115.76615453289648
45.0
356.055657616286 245.23958898567054
3
204.61361988958566 245.23958898567054
0.25 0.25 0.25 0.25
151.44203772670033
45.0
387.6640277409324 330.59984878937314
0
387.6640277409324 166.00190110174083
0.25 0.25 0.25 0.25
164.5979476876323
45.0
