78793
1.7365617515895337 189.59241348411035
2
155.0042464601628 189.59241348411035
0.25 0.25 0.25 0.25
156.74080821175232
45.0
77.43309127041387 395.110075054963
0
77.43309127041387 273.7347389607058
0.25 0.25 0.25 0.25
121.37533609425718
45.0
404.1706208968793 105.0642055175064
1
404.1706208968793 32.92411379131835
0.25 0.25 0.25 0.25
137.98831930882474
45.0
282.3518963064341 139.4120968986694
0
282.3518963064341 47.755395503627454
0.25 0.25 0.25 0.25
91.65670139504194
45.0
296.8131687422955 85.19392620222219
1
296.8131687422955 13.922881090278537
0.25 0.25 0.25 0.25
99.11680729250072
45.0
447.3842008799734 314.03209942531396
3
383.5590558276475 314.03209942531396
0.25 0.25 0.25 0.25
169.05674329237914
45.0
31.792274129154237 170.89009548932248
2
188.4824073190463 170.89009548932248
0.25 0.25 0.25 0.25
156.69013318989207
45.0
94.66775652682259 306.5813255434638
0
94.66775652682259 174.42618906087034
0.25 0.25 0.25 0.25
132.15513648259343
45.0
120.7357928426205 176.04307824243855
2
49.420337840055765 176.04307824243855
0.25 0.25 0.25 0.25
170.15613068267626
45.0
158.40047444769084 149.3039147427205
1
158.40047444769084 24.180313577740435
0.25 0.25 0.25 0.25
173.48422832046094
45.0
400.6964815797396 211.2102014727786
1
400.6964815797396 331.16777520127835
0.25 0.25 0.25 0.25
119.95757372849974
45.0
151.0812002713674 17.45597032011284
1
151.0812002713674 158.00869603223035
0.25 0.25 0.25 0.25
140.5527257121175
45.0
362.2115323837106 370.6922584278798
3
488.5337344774117 370.6922584278798
0.25 0.25 0.25 0.25
149.2547331388776
45.0
91.71964082190084 477.4529221468565
0
91.71964082190084 315.8521004701703
0.25 0.25 0.25 0.25
161.60082167668622
45.0
24.989762528945903 185.20014501600667
2
169.81945056758013 185.20014501600667
0.25 0.25 0.25 0.25
144.82968803863423
45.0
31.756122393099304 196.08244651956647
2
133.32138806330147 196.08244651956647
0.25 0.25 0.25 0.25
101.56526567020217
45.0
65.98720198342454 225.80892152553074
0
65.98720198342454 55.72048381815188
0.25 0.25 0.25 0.25
170.08843770737886
45.0
256.5250062709106 46.48911998752203
3
108.24675746973833 46.48911998752203
0.25 0.25 0.25 0.25
148.27824880117225
45.0
455.4476156550585 403.05775876979214
0
455.4476156550585 232.53960399981403
0.25 0.25 0.25 0.25
170.5181547699781
45.0
162.8990899353523 465.05836629787177
0
162.8990899353523 437.9045878800563
0.25 0.25 0.25 0.25
97.03704582207197
45.0
101.4638401088076 272.10269076304644
1
101.4638401088076 429.67183680445555
0.25 0.25 0.25 0.25
157.56914604140914
45.0
467.1561028977952 89.3464476240209
3
344.5846128611478 89.3464476240209
0.25 0.25 0.25 0.25
122.57149003664748
45.0
234.4712686394946 19.20022311960861
3
91.98690576128149 19.20022311960861
0.25 0.25 0.25 0.25
142.48436287821312
45.0
478.84728553610125 283.8146375997833
3
400.068600105438 283.8146375997833
0.25 0.25 0.25 0.25
121.08411435846075
45.0
226.97053137428782 133.38090212089742
3
134.37059330865566 133.38090212089742
0.25 0.25 0.25 0.25
92.59993806563214
45.0
453.5075309363474 200.72942510351112
3
442.0512507013907 200.72942510351112
0.25 0.25 0.25 0.25
104.44121836226189
45.0
250.07300529010388 103.93752763761667
0
250.07300529010388 15.021664284308969
0.25 0.25 0.25 0.25
88.9158633533077
45.0
130.6053654829847 474.61916349236094
0
130.6053654829847 333.43747422605395
0.25 0.25 0.25 0.25
141.18168926630696
45.0
378.4588646412333 358.40077984151776
3
464.7368196540043 358.40077984151776
0.25 0.25 0.25 0.25
156.80431570476244
45.0
392.3948278774126 343.73058056687626
1
392.3948278774126 469.9557284636369
0.25 0.25 0.25 0.25
126.22514789676066
45.0
242.77322313039338 498.2930762816658
0
242.77322313039338 401.0434183531378
0.25 0.25 0.25 0.25
100.66350536519646
45.0
407.9104226235861 119.43199753874146
1
407.9104226235861 20.704575316189732
0.25 0.25 0.25 0.25
140.1365728549312
45.0
304.0499447704095 196.9726477959293
3
132.68310953185286 196.9726477959293
0.25 0.25 0.25 0.25
171.36683523855666
45.0
300.9477083502732 470.00195897714116
0
300.9477083502732 408.99169884394274
0.25 0.25 0.25 0.25
121.0063421789161
45.0
292.3471324155189 103.6283811930013
1
292.3471324155189 192.44643978495307
0.25 0.25 0.25 0.25
88.81805859195177
45.0
309.57163729486297 187.85230091353978
2
451.0571004101846 187.85230091353978
0.25 0.25 0.25 0.25
141.48546311532166
45.0
466.0092107005181 169.25084829498954
3
362.115203974879 169.25084829498954
0.25 0.25 0.25 0.25
171.87558532460284
45.0
323.65742785736427 110.44598917204081
0
323.65742785736427 20.97869023067406
0.25 0.25 0.25 0.25
89.46729894136675
45.0
459.7163510591639 484.089861082502
0
459.7163510591639 376.3402651610861
0.25 0.25 0.25 0.25
139.56987375641185
45.0
230.0150533979663 371.0475062896866
0
230.0150533979663 269.01043717780624
0.25 0.25 0.25 0.25
102.0370691118804
45.0
455.2268546492189 57.2125354178437
3
400.44120154466395 57.2125354178437
0.25 0.25 0.25 0.25
144.33194380611712
45.0
353.6999251421041 374.04181349621774
3
480.1084308747652 374.04181349621774
0.25 0.25 0.25 0.25
166.19164398313072
45.0
172.20254812932956 271.33355830233984
3
76.06643460278234 271.33355830233984
0.25 0.25 0.25 0.25
96.13611352654722
45.0
220.5717115235969 5.844413788769202
2
386.90661038619896 5.844413788769202
0.25 0.25 0.25 0.25
166.33489886260207
45.0
82.09530389735443 307.77301919902027
2
221.62290003500433 307.77301919902027
0.25 0.25 0.25 0.25
139.5275961376499
45.0
401.677863830394 118.64627433325342
3
482.5559816367095 118.64627433325342
0.25 0.25 0.25 0.25
115.76615453289648
45.0
53.17158216288527 396.68162671237087
0
53.17158216288527 245.23958898567054
0.25 0.25 0.25 0.25
151.44203772670033
45.0
118.54212919617066 1.4039534141085142
1
118.54212919617066 166.00190110174083
0.25 0.25 0.25 0.25
164.5979476876323
45.0
