78793
155.0042464601628 383.9637284486429
0
155.0042464601628 459.2954633396048
0.25 0.25 0.25 0.25
156.74080821175232
45.0
198.80842736467105 152.3594028664486
2
320.18376345892824 152.3594028664486
0.25 0.25 0.25 0.25
121.37533609425718
45.0
9.794337029594942 381.0408441351559
2
128.1939822792298 381.0408441351559
0.25 0.25 0.25 0.25
137.98831930882474
45.0
76.05119392827235 406.158485738334
1
76.05119392827235 497.8151871333759
0.25 0.25 0.25 0.25
91.65670139504194
45.0
395.92997603479625 490.493082447218
0
395.92997603479625 410.3901102602813
0.25 0.25 0.25 0.25
99.11680729250072
45.0
228.84277228954315 164.4572109432739
1
228.84277228954315 333.51395423565305
0.25 0.25 0.25 0.25
169.05674329237914
45.0
91.65147498980178 74.05916316007796
1
91.65147498980178 82.63097002981411
0.25 0.25 0.25 0.25
156.69013318989207
45.0
169.58180114866855 164.7981285261625
1
169.58180114866855 296.9532650087559
0.25 0.25 0.25 0.25
132.15513648259343
45.0
290.89192352529676 176.04307824243855
1
290.89192352529676 346.1992089251148
0.25 0.25 0.25 0.25
170.15613068267626
45.0
96.89449371830142 462.82225869359195
2
270.37872203876236 462.82225869359195
0.25 0.25 0.25 0.25
173.48422832046094
45.0
479.3459446917607 28.704945984220842
3
359.3883709632609 28.704945984220842
0.25 0.25 0.25 0.25
119.95757372849974
45.0
162.28609118322234 282.4305017291705
2
302.83881689533985 282.4305017291705
0.25 0.25 0.25 0.25
140.5527257121175
45.0
48.79672888350768 77.07194098875306
2
198.0514620223853 77.07194098875306
0.25 0.25 0.25 0.25
149.2547331388776
45.0
69.88118085478538 215.04141867324938
0
69.88118085478538 53.44059699656316
0.25 0.25 0.25 0.25
161.60082167668622
45.0
328.456954876654 132.07486360214102
2
473.2866429152882 132.07486360214102
0.25 0.25 0.25 0.25
144.82968803863423
45.0
234.88665373350364 296.0912251294227
1
234.88665373350364 397.65649079962486
0.25 0.25 0.25 0.25
101.56526567020217
45.0
236.0756396908034 246.33954776980383
2
406.16407739818226 246.33954776980383
0.25 0.25 0.25 0.25
170.08843770737886
45.0
40.03149133143393 8.541378379316257
2
108.24675746973833 8.541378379316257
0.25 0.25 0.25 0.25
148.27824880117225
45.0
455.4476156550585 154.7145627798794
3
284.9294608850804 154.7145627798794
0.25 0.25 0.25 0.25
170.5181547699781
45.0
98.58250575158331 146.7934504138404
0
98.58250575158331 49.756404591768415
0.25 0.25 0.25 0.25
97.03704582207197
45.0
46.87871635726236 91.43449985809056
1
46.87871635726236 66.13464618331858
0.25 0.25 0.25 0.25
157.56914604140914
45.0
145.7013472854421 155.79653244927408
0
145.7013472854421 33.22504241262661
0.25 0.25 0.25 0.25
122.57149003664748
45.0
485.7789253090955 306.778408728543
1
485.7789253090955 449.26277160675613
0.25 0.25 0.25 0.25
142.48436287821312
45.0
189.22745652083051 231.84890496637377
1
189.22745652083051 352.9330193248345
0.25 0.25 0.25 0.25
121.08411435846075
45.0
328.629097019505 144.418912075999
1
328.629097019505 237.01885014163116
0.25 0.25 0.25 0.25
92.59993806563214
45.0
68.6985608749621 217.03544834553645
2
173.139779237224 217.03544834553645
0.25 0.25 0.25 0.25
104.44121836226189
45.0
194.50631147643463 281.7692543442321
3
105.59044812312693 281.7692543442321
0.25 0.25 0.25 0.25
88.9158633533077
45.0
140.02983791377804 113.56394384456934
1
140.02983791377804 254.7456331108763
0.25 0.25 0.25 0.25
141.18168926630696
45.0
405.5627138825789 299.2266740700924
3
248.75839817781647 299.2266740700924
0.25 0.25 0.25 0.25
156.80431570476244
45.0
266.16967998065195 101.0814679474401
1
266.16967998065195 227.30661584420076
0.25 0.25 0.25 0.25
126.22514789676066
45.0
343.43672849558976 300.37991298794134
3
242.77322313039332 300.37991298794134
0.25 0.25 0.25 0.25
100.66350536519646
45.0
413.8650244905192 320.0217110415339
1
413.8650244905192 460.15828389646504
0.25 0.25 0.25 0.25
140.1365728549312
45.0
38.6837257067038 260.72583505706086
1
38.6837257067038 432.0926702956175
0.25 0.25 0.25 0.25
171.36683523855666
45.0
300.9477083502732 166.9790144861105
0
300.9477083502732 45.97267230719439
0.25 0.25 0.25 0.25
121.0063421789161
45.0
469.9832495994224 14.810322601049506
3
381.16519100747064 14.810322601049506
0.25 0.25 0.25 0.25
88.81805859195177
45.0
158.48441598679287 461.22146895143464
0
158.48441598679287 319.736005836113
0.25 0.25 0.25 0.25
141.48546311532166
45.0
294.13362537591524 143.24681040659905
1
294.13362537591524 28.628774918003785
0.25 0.25 0.25 0.25
171.87558532460284
45.0
229.0060774358021 184.05357646844166
3
139.53877849443535 184.05357646844166
0.25 0.25 0.25 0.25
89.46729894136675
45.0
98.56314396648352 181.93922986456133
1
98.56314396648352 321.5091036209732
0.25 0.25 0.25 0.25
139.56987375641185
45.0
332.0521225098467 16.730079039030983
1
332.0521225098467 85.30699007284942
0.25 0.25 0.25 0.25
102.0370691118804
45.0
176.88657367980454 76.79580174545356
1
176.88657367980454 221.12774555157068
0.25 0.25 0.25 0.25
144.33194380611712
45.0
350.84978904088837 124.53311845317441
1
350.84978904088837 290.7247624363051
0.25 0.25 0.25 0.25
166.19164398313072
45.0
365.9752682954258 328.83080709435916
0
365.9752682954258 232.69469356781195
0.25 0.25 0.25 0.25
96.13611352654722
45.0
52.2462058366072 326.82538393643495
1
52.2462058366072 493.160282799037
0.25 0.25 0.25 0.25
166.33489886260207
45.0
198.3160729985536 273.6441923880301
1
198.3160729985536 413.17178852568
0.25 0.25 0.25 0.25
139.5275961376499
45.0
177.1529088340884 118.64627433325342
3
61.38675430119193 118.64627433325342
0.25 0.25 0.25 0.25
115.76615453289648
45.0
401.15453101721573 209.08652419443047
0
401.15453101721573 57.64448646773013
0.25 0.25 0.25 0.25
151.44203772670033
45.0
295.5523907580091 340.20425583536223
2
460.1503384456414 340.20425583536223
0.25 0.25 0.25 0.25
164.5979476876323
45.0
