35361
351.80486620743113 326.1534009314636
1
351.80486620743113 365.9188720384109
0.25 0.25 0.25 0.25
39.76547110694732
45.0
78.2984216522038 419.96427514274296
1
78.2984216522038 443.5837132462755
0.25 0.25 0.25 0.25
23.619438103532573
45.0
75.99619057429348 314.65203104183024
0
75.99619057429348 286.0798697386551
0.25 0.25 0.25 0.25
28.572161303175154
45.0
196.04080968377042 104.33822681309408
3
153.9049062494444 104.33822681309408
0.25 0.25 0.25 0.25
42.13590343432603
45.0
245.4983591951255 107.61230365186786
1
245.4983591951255 141.7663935325894
0.25 0.25 0.25 0.25
34.15408988072154
45.0
453.9265814263065 161.13751741035617
1
453.9265814263065 195.3442805562113
0.25 0.25 0.25 0.25
34.20676314585512
45.0
433.77750478331046 221.35288415300522
2
463.69643388927045 221.35288415300522
0.25 0.25 0.25 0.25
29.91892910595999
45.0
46.486270800264656 279.3371641831247
3
9.149153300303979 279.3371641831247
0.25 0.25 0.25 0.25
37.33711749996068
45.0
98.37318104212349 300.23410663160655
2
125.53571240832342 300.23410663160655
0.25 0.25 0.25 0.25
27.16253136619993
45.0
463.8454844360474 3.459645145888516
2
465.88933908230536 3.459645145888516
0.25 0.25 0.25 0.25
2.0438546462579477
45.0
154.57825652522584 256.5992372237507
3
138.23283159831044 256.5992372237507
0.25 0.25 0.25 0.25
16.3454249269154
45.0
186.48357370008858 190.2707833220288
1
186.48357370008858 199.85401131553425
0.25 0.25 0.25 0.25
9.58322799350546
45.0
125.4415782040049 263.7413448463459
2
134.08930907136727 263.7413448463459
0.25 0.25 0.25 0.25
8.64773086736237
45.0
394.0229522003003 441.5418753480605
2
439.2537756195624 441.5418753480605
0.25 0.25 0.25 0.25
45.230823419262116
45.0
499.7834622351832 291.60264498956855
3
452.9178924921018 291.60264498956855
0.25 0.25 0.25 0.25
47.29864527271494
45.0
329.2547312246545 93.70548798870671
2
342.37661200262085 93.70548798870671
0.25 0.25 0.25 0.25
13.12188077796635
45.0
215.1837274199875 134.88748519585084
3
193.21646445901624 134.88748519585084
0.25 0.25 0.25 0.25
21.967262960971258
45.0
464.8516434331457 285.88938794362605
0
464.8516434331457 281.7090193255066
0.25 0.25 0.25 0.25
4.180368618119445
45.0
67.75365888062069 136.91184012831133
1
67.75365888062069 185.61920865970797
0.25 0.25 0.25 0.25
48.70736853139665
45.0
300.9550056536557 323.41242493192965
2
342.6256266847082 323.41242493192965
0.25 0.25 0.25 0.25
41.67062103105253
45.0
465.9463277814083 362.78870063084537
0
465.9463277814083 328.0909857791968
0.25 0.25 0.25 0.25
34.697714851648556
45.0
488.7834914134995 51.830668945298235
3
462.5191865890389 51.830668945298235
0.25 0.25 0.25 0.25
26.264304824460616
45.0
228.8665244777591 401.2219737873268
3
206.1961525688577 401.2219737873268
0.25 0.25 0.25 0.25
22.670371908901384
45.0
221.3590127593818 73.97328003711262
0
221.3590127593818 70.34651935331495
0.25 0.25 0.25 0.25
3.626760683797664
45.0
69.1478650636578 136.27679802030096
1
69.1478650636578 140.31134927749767
0.25 0.25 0.25 0.25
4.034551257196705
45.0
203.94665689950074 175.90923743374265
3
201.31642478968962 175.90923743374265
0.25 0.25 0.25 0.25
2.6302321098111205
45.0
13.628456360172038 352.79387931027827
2
34.91244114051105 352.79387931027827
0.25 0.25 0.25 0.25
48.54089750068309
45.0
304.2616087059079 150.9256888346678
1
304.2616087059079 151.5618591682171
0.25 0.25 0.25 0.25
0.636170333549313
45.0
455.6635047253678 162.05867822520548
3
436.3394152681011 162.05867822520548
0.25 0.25 0.25 0.25
19.32408945726666
45.0
60.25340664499689 18.500640915856174
0
60.25340664499689 14.099410012466222
0.25 0.25 0.25 0.25
4.401230903389952
45.0
391.5517445555464 92.47404068064772
2
403.5576939265641 92.47404068064772
0.25 0.25 0.25 0.25
12.005949371017705
45.0
11.732795645253063 94.05869915780022
0
11.732795645253063 59.33451244551106
0.25 0.25 0.25 0.25
34.72418671228916
45.0
485.55682252676024 444.7305609914607
0
485.55682252676024 398.34661711484114
0.25 0.25 0.25 0.25
46.383943876619554
45.0
68.38170206502208 406.15780462549526
2
81.63498550089366 406.15780462549526
0.25 0.25 0.25 0.25
13.253283435871577
45.0
265.98267655813584 153.0382739364381
1
265.98267655813584 173.30525268238304
0.25 0.25 0.25 0.25
20.266978745944954
45.0
216.02475899670918 10.817555622063967
1
216.02475899670918 12.422389826750454
0.25 0.25 0.25 0.25
23.23994544881442
45.0
110.21235357703205 262.33034924397305
1
110.21235357703205 284.80283124005956
0.25 0.25 0.25 0.25
22.472481996086508
45.0
116.91011147498138 472.2211172751887
3
79.11135613831496 472.2211172751887
0.25 0.25 0.25 0.25
37.79875533666642
45.0
165.52387616619285 450.6875034183302
1
165.52387616619285 477.1069199516963
0.25 0.25 0.25 0.25
26.419416533366093
45.0
439.11401529190647 254.65150227707116
3
427.3731645835988 254.65150227707116
0.25 0.25 0.25 0.25
11.740850708307699
45.0
418.8675535500812 322.47755742180925
0
418.8675535500812 319.7765402691532
0.25 0.25 0.25 0.25
2.7010171526560214
45.0
285.4685532866653 325.7385102694959
0
285.4685532866653 306.3640301344915
0.25 0.25 0.25 0.25
19.37448013500444
45.0
460.21482724541835 176.85531169028283
1
460.21482724541835 185.93417555863218
0.25 0.25 0.25 0.25
9.078863868349352
45.0
130.41397915241066 452.7401387010025
3
98.75792646284494 452.7401387010025
0.25 0.25 0.25 0.25
31.656052689565723
45.0
129.46260733088974 290.8251941753835
3
92.22322016146461 290.8251941753835
0.25 0.25 0.25 0.25
37.239387169425136
45.0
364.0545944657506 462.09271255326735
0
364.0545944657506 434.14632809946687
0.25 0.25 0.25 0.25
27.94638445380046
45.0
41.3421374623868 214.94113016565547
0
41.3421374623868 187.03334340584436
0.25 0.25 0.25 0.25
27.907786759811092
45.0
79.52464108806906 449.1045698693849
1
79.52464108806906 452.9699424649887
0.25 0.25 0.25 0.25
3.8653725956038554
45.0
