10532
451.0871111945223 156.19688309165724
2
480.1647745893596 156.19688309165724
0.25 0.25 0.25 0.25
29.077663394837266
45.0
422.26649137154016 420.0952470855282
1
422.26649137154016 444.2602905214664
0.25 0.25 0.25 0.25
24.165043435938205
45.0
272.15902151706047 48.03361887381791
0
272.15902151706047 5.018698449101279
0.25 0.25 0.25 0.25
43.01492042471663
45.0
420.4785624917152 110.32143499682596
0
420.4785624917152 97.0278275293873
0.25 0.25 0.25 0.25
13.293607467438662
45.0
81.52433563324698 453.7149450297434
2
117.34046553078929 453.7149450297434
0.25 0.25 0.25 0.25
35.81612989754232
45.0
397.61535866613707 240.01353839467114
3
351.0828133206978 240.01353839467114
0.25 0.25 0.25 0.25
46.532545345439225
45.0
144.85756593927388 482.645653894868
0
144.85756593927388 444.0377994267599
0.25 0.25 0.25 0.25
38.607854468108165
45.0
408.4088425140844 487.8329398523973
0
408.4088425140844 453.6314287660235
0.25 0.25 0.25 0.25
34.20151108637385
45.0
53.91218445752525 279.39597128140866
1
53.91218445752525 283.2046586511545
0.25 0.25 0.25 0.25
3.80868736974585
45.0
241.1468363598182 195.83639096128374
2
268.1746657789811 195.83639096128374
0.25 0.25 0.25 0.25
27.027829419162885
45.0
150.80764080189448 36.76073926206702
1
150.80764080189448 54.33730544225862
0.25 0.25 0.25 0.25
17.576566180191598
45.0
481.79507211706647 123.78259304428346
1
481.79507211706647 133.13247900520122
0.25 0.25 0.25 0.25
9.349885960917764
45.0
430.08210692547107 22.267915699646327
3
412.86566015518815 22.267915699646327
0.25 0.25 0.25 0.25
17.21644677028294
45.0
239.2256438362738 242.9436089961341
1
239.2256438362738 281.6326810718158
0.25 0.25 0.25 0.25
38.68907207568171
45.0
306.00253005784197 296.81428287907886
2
354.64794282652826 296.81428287907886
0.25 0.25 0.25 0.25
48.64541276868628
45.0
106.03758189345001 12.191260066254932
1
106.03758189345001 16.82714993284688
0.25 0.25 0.25 0.25
4.635889866591947
45.0
404.6823763316082 125.40720060961738
0
404.6823763316082 112.96129912673985
0.25 0.25 0.25 0.25
12.445901482877531
45.0
299.14092223848775 490.15542558308147
0
299.14092223848775 461.13527947588136
0.25 0.25 0.25 0.25
29.020146107200084
45.0
262.4088223777113 393.14147574673996
0
262.4088223777113 358.4864271320571
0.25 0.25 0.25 0.25
34.655048614682855
45.0
317.3330289241168 430.23215827711425
3
314.08892632249 430.23215827711425
0.25 0.25 0.25 0.25
3.2441026016267696
45.0
369.36345262255696 133.43416867197934
3
347.20695020876576 133.43416867197934
0.25 0.25 0.25 0.25
22.156502413791205
45.0
470.44587187613547 379.66041240807294
0
470.44587187613547 342.3299240700688
0.25 0.25 0.25 0.25
37.330488338004145
45.0
223.90717300382425 308.1873940404528
3
221.87362773466756 308.1873940404528
0.25 0.25 0.25 0.25
2.033545269156689
45.0
497.5926456927629 204.46917513248204
3
479.2592575641353 204.46917513248204
0.25 0.25 0.25 0.25
23.14809674310178
45.0
365.24959796836265 354.6580035383954
0
365.24959796836265 309.8308194978307
0.25 0.25 0.25 0.25
44.82718404056469
45.0
373.97715988299007 481.28078340235254
1
373.97715988299007 487.0022994224689
0.25 0.25 0.25 0.25
5.721516020116391
45.0
491.3319459732252 447.5316846234407
0
491.3319459732252 402.8016126472811
0.25 0.25 0.25 0.25
44.730071976159564
45.0
496.0161372708539 185.01100109413315
3
467.6767529793036 185.01100109413315
0.25 0.25 0.25 0.25
28.339384291550267
45.0
451.6749336674849 418.06538335762787
1
451.6749336674849 446.8601377712872
0.25 0.25 0.25 0.25
28.79475441365935
45.0
135.31948450948252 306.1039228799632
3
90.59496318907341 306.1039228799632
0.25 0.25 0.25 0.25
44.72452132040912
45.0
352.77431223256326 2.0801320816762896
2
375.18733288875137 2.0801320816762896
0.25 0.25 0.25 0.25
22.41302065618813
45.0
254.58794121410833 98.59904640925285
2
265.76913864043945 98.59904640925285
0.25 0.25 0.25 0.25
11.181197426331119
45.0
322.64348719086274 250.66616766711243
3
285.205285121065 250.66616766711243
0.25 0.25 0.25 0.25
37.43820206979772
45.0
327.0428448733125 10.558803602266224
1
327.0428448733125 37.92188338136916
0.25 0.25 0.25 0.25
48.48068698363539
45.0
117.3552395886868 4.163665739607218
1
117.3552395886868 7.889873819537215
0.25 0.25 0.25 0.25
12.053539559144433
45.0
383.7367248787866 443.5784161812047
0
383.7367248787866 409.61967252614977
0.25 0.25 0.25 0.25
33.95874365505496
45.0
227.29997169161265 151.53920600990628
2
235.28372624810683 151.53920600990628
0.25 0.25 0.25 0.25
7.983754556494177
45.0
490.5119570747383 438.9522258694662
3
464.1003577016917 438.9522258694662
0.25 0.25 0.25 0.25
26.411599373046613
45.0
380.06576022557675 214.2434562236159
2
408.5521145735403 214.2434562236159
0.25 0.25 0.25 0.25
28.486354347963545
45.0
64.23953997584582 363.0889994309113
2
71.13986630649887 363.0889994309113
0.25 0.25 0.25 0.25
6.900326330653056
45.0
483.58045241877863 67.37239766104904
0
483.58045241877863 65.90737545861494
0.25 0.25 0.25 0.25
1.465022202434102
45.0
171.98328125152847 479.1557137443093
0
171.98328125152847 451.029088626737
0.25 0.25 0.25 0.25
28.126625117572317
45.0
122.7029714466162 140.28370122417698
3
102.84500715255712 140.28370122417698
0.25 0.25 0.25 0.25
19.857964294059084
45.0
32.68463681743725 390.5295572063004
0
32.68463681743725 341.77017848136256
0.25 0.25 0.25 0.25
48.75937872493783
45.0
236.87637149583406 207.25991190952544
0
236.87637149583406 192.3036194567005
0.25 0.25 0.25 0.25
14.956292452824943
45.0
377.25468348517126 181.39584124607222
3
348.39405912156445 181.39584124607222
0.25 0.25 0.25 0.25
28.860624363606806
45.0
272.622341538432 382.3792591420008
2
318.0419006149695 382.3792591420008
0.25 0.25 0.25 0.25
45.4195590765375
45.0
469.6471913661583 357.1362210792144
0
469.6471913661583 349.7678317651712
0.25 0.25 0.25 0.25
7.3683893140432
45.0
