10532
392.9317844048478 378.5605025909466
3
363.85412101001054 378.5605025909466
0.25 0.25 0.25 0.25
29.077663394837266
45.0
398.1014479356019 314.0892751191513
2
422.26649137154016 314.0892751191513
0.25 0.25 0.25 0.25
24.165043435938205
45.0
416.0797052784056 177.69781348128265
2
459.09462570312223 177.69781348128265
0.25 0.25 0.25 0.25
43.01492042471663
45.0
314.1297027522058 110.32143499682596
1
314.1297027522058 123.61504246426462
0.25 0.25 0.25 0.25
13.293607467438662
45.0
332.2372449160432 349.11819246830146
3
296.42111501850087 349.11819246830146
0.25 0.25 0.25 0.25
35.81612989754232
45.0
304.5502679752586 77.59935461257737
1
304.5502679752586 124.13189995801659
0.25 0.25 0.25 0.25
46.532545345439225
45.0
276.0246170391039 247.09936482837495
1
276.0246170391039 285.7072192964831
0.25 0.25 0.25 0.25
38.607854468108165
45.0
283.77755770855094 43.2132957295374
1
283.77755770855094 77.41480681591125
0.25 0.25 0.25 0.25
34.20151108637385
45.0
88.19037078523792 328.9089070881044
3
84.38168341549206 328.9089070881044
0.25 0.25 0.25 0.25
3.80868736974585
45.0
29.13145783181065 195.83639096128377
1
29.13145783181065 222.86422038044665
0.25 0.25 0.25 0.25
27.027829419162885
45.0
308.9967364236189 124.64357016302503
3
291.4201702434273 124.64357016302503
0.25 0.25 0.25 0.25
17.576566180191598
45.0
378.9463265469708 20.93384747418809
0
378.9463265469708 11.583961513270328
0.25 0.25 0.25 0.25
9.349885960917764
45.0
85.7531715198125 22.267915699646327
0
85.7531715198125 5.051468929363388
0.25 0.25 0.25 0.25
17.21644677028294
45.0
155.93162571718634 10.809176542043815
3
117.24255364150463 10.809176542043815
0.25 0.25 0.25 0.25
38.68907207568171
45.0
450.7704060987266 362.66782774011705
3
402.1249933300403 362.66782774011705
0.25 0.25 0.25 0.25
48.64541276868628
45.0
59.67868322753049 24.895858866480637
2
64.31457309412244 24.895858866480637
0.25 0.25 0.25 0.25
4.635889866591947
45.0
317.5610659514657 88.06949616098477
0
317.5610659514657 75.62359467810724
0.25 0.25 0.25 0.25
12.445901482877531
45.0
183.0603378096874 83.87338008228016
2
212.0804839168875 83.87338008228016
0.25 0.25 0.25 0.25
29.020146107200084
45.0
460.35078870482573 22.7191076294544
3
425.69574009014286 22.7191076294544
0.25 0.25 0.25 0.25
34.655048614682855
45.0
340.0417471355041 478.8936973015157
0
340.0417471355041 475.64959469988895
0.25 0.25 0.25 0.25
3.2441026016267696
45.0
475.5410304809046 376.16538684521834
1
475.5410304809046 398.32188925900954
0.25 0.25 0.25 0.25
22.156502413791205
45.0
358.454406862123 478.9408193660226
2
395.78489520012715 478.9408193660226
0.25 0.25 0.25 0.25
37.330488338004145
45.0
240.17553515707777 312.2544845787661
3
238.14198988792108 312.2544845787661
0.25 0.25 0.25 0.25
2.033545269156689
45.0
381.8521619772539 366.50585233419457
1
381.8521619772539 389.6539490772964
0.25 0.25 0.25 0.25
23.14809674310178
45.0
199.7428129136805 376.3788922182164
3
154.9156288731158 376.3788922182164
0.25 0.25 0.25 0.25
44.82718404056469
45.0
351.09109580252453 389.7365270804904
3
345.36957978240815 389.7365270804904
0.25 0.25 0.25 0.25
5.721516020116391
45.0
296.4732415440975 357.60961094743163
1
296.4732415440975 402.3396829235912
0.25 0.25 0.25 0.25
44.730071976159564
45.0
62.80382310185947 14.974695344831545
1
62.80382310185947 43.31407963638181
0.25 0.25 0.25 0.25
28.339384291550267
45.0
375.55653985055903 42.65068726092176
1
375.55653985055903 71.4454416745811
0.25 0.25 0.25 0.25
28.79475441365935
45.0
45.87044186866432 127.20583759832675
2
90.59496318907344 127.20583759832675
0.25 0.25 0.25 0.25
44.72452132040912
45.0
288.617357268427 315.86242126831013
1
288.617357268427 338.27544192449824
0.25 0.25 0.25 0.25
22.41302065618813
45.0
422.3059026090748 91.48130983837619
1
422.3059026090748 102.66250726470732
0.25 0.25 0.25 0.25
11.181197426331119
45.0
115.78348176217133 262.63720542551704
0
115.78348176217133 225.19900335571933
0.25 0.25 0.25 0.25
37.43820206979772
45.0
91.18891132306285 213.7502046595675
3
42.70822433942747 213.7502046595675
0.25 0.25 0.25 0.25
48.48068698363539
45.0
298.1583329758534 80.21111117440381
3
286.10479341670896 80.21111117440381
0.25 0.25 0.25 0.25
12.053539559144433
45.0
349.7779812237317 250.79289092330077
3
315.8192375686767 250.79289092330077
0.25 0.25 0.25 0.25
33.95874365505496
45.0
52.131437785683524 111.62043322743538
3
44.14768322918935 111.62043322743538
0.25 0.25 0.25 0.25
7.983754556494177
45.0
67.92636710599243 296.9317804000677
2
94.33796647903904 296.9317804000677
0.25 0.25 0.25 0.25
26.411599373046613
45.0
66.71586239797777 71.81168448379819
0
66.71586239797777 43.32533013583465
0.25 0.25 0.25 0.25
28.486354347963545
45.0
147.04345594368252 321.68704144699296
3
140.14312961302946 321.68704144699296
0.25 0.25 0.25 0.25
6.900326330653056
45.0
473.32529700173984 68.83741986348313
1
473.32529700173984 70.30244206591723
0.25 0.25 0.25 0.25
1.465022202434102
45.0
256.3631566042454 169.76283745101398
1
256.3631566042454 197.88946256858628
0.25 0.25 0.25 0.25
28.126625117572317
45.0
281.5666857990889 458.0111299291221
2
301.42465009314793 458.0111299291221
0.25 0.25 0.25 0.25
19.857964294059084
45.0
479.72157593318434 219.39541299419682
3
430.9621972082465 219.39541299419682
0.25 0.25 0.25 0.25
48.75937872493783
45.0
493.9103643533172 267.08508172082526
3
491.13334319385785 267.08508172082526
0.25 0.25 0.25 0.25
14.956292452824943
45.0
117.50906421271 385.69479329982573
1
117.50906421271 414.55541766343254
0.25 0.25 0.25 0.25
28.860624363606806
45.0
0.6647132369680406 291.5401409889258
1
0.6647132369680406 336.9597000654633
0.25 0.25 0.25 0.25
45.4195590765375
45.0
456.66891549340954 312.92588519495513
3
449.30052617936633 312.92588519495513
0.25 0.25 0.25 0.25
7.3683893140432
45.0
