10532
403.5245718312914 185.2745464864945
2
432.60223522612864 185.2745464864945
0.25 0.25 0.25 0.25
29.077663394837266
45.0
108.12092670434336 492.59037739334286
2
132.28597014028156 492.59037739334286
0.25 0.25 0.25 0.25
24.165043435938205
45.0
229.14410109234385 263.108220997401
2
272.15902151706047 263.108220997401
0.25 0.25 0.25 0.25
43.01492042471663
45.0
194.4872355452577 97.0278275293873
3
181.19362807781903 97.0278275293873
0.25 0.25 0.25 0.25
13.293607467438662
45.0
81.52433563324698 474.65279517517195
2
117.34046553078929 474.65279517517195
0.25 0.25 0.25 0.25
35.81612989754232
45.0
118.42008659350168 132.24682436884262
0
118.42008659350168 85.7142790234034
0.25 0.25 0.25 0.25
46.532545345439225
45.0
86.78956086937512 19.351400277570107
3
48.18170640126696 19.351400277570107
0.25 0.25 0.25 0.25
38.607854468108165
45.0
442.61035360045827 0.855606148005009
1
442.61035360045827 33.34590493836884
0.25 0.25 0.25 0.25
34.20151108637385
45.0
31.060060239050163 317.4828449788669
2
34.86874760879601 317.4828449788669
0.25 0.25 0.25 0.25
3.80868736974585
45.0
78.97985984484089 303.9477086379353
2
106.00768926400377 303.9477086379353
0.25 0.25 0.25 0.25
27.027829419162885
45.0
77.68771954059633 19.18417308187542
1
77.68771954059633 36.76073926206702
0.25 0.25 0.25 0.25
17.576566180191598
45.0
378.9463265469708 282.73065437988544
1
378.9463265469708 292.0805403408032
0.25 0.25 0.25 0.25
9.349885960917764
45.0
412.86566015518815 98.24721169233425
2
430.08210692547107 98.24721169233425
0.25 0.25 0.25 0.25
17.21644677028294
45.0
277.9147159119555 408.8547423227308
1
277.9147159119555 447.54381439841245
0.25 0.25 0.25 0.25
38.68907207568171
45.0
375.03324870376593 216.73158943405824
3
326.38783593507964 216.73158943405824
0.25 0.25 0.25 0.25
48.64541276868628
45.0
110.67347176004196 1.7164095335209097
1
110.67347176004196 2.9194803330710375
0.25 0.25 0.25 0.25
4.635889866591947
45.0
470.85860883961675 25.83998874659713
2
483.30451032249425 25.83998874659713
0.25 0.25 0.25 0.25
12.445901482877531
45.0
165.18141547671354 199.95396451108047
0
165.18141547671354 170.9338184038804
0.25 0.25 0.25 0.25
29.020146107200084
45.0
460.35078870482573 185.21118405864274
1
460.35078870482573 219.8662326733256
0.25 0.25 0.25 0.25
34.655048614682855
45.0
333.5535419322506 446.4526712852481
1
333.5535419322506 449.69677388687484
0.25 0.25 0.25 0.25
3.2441026016267696
45.0
413.67645745013937 44.80815901681456
0
413.67645745013937 22.65165660302335
0.25 0.25 0.25 0.25
22.156502413791205
45.0
358.454406862123 43.68601736603556
1
358.454406862123 81.0165057040397
0.25 0.25 0.25 0.25
37.330488338004145
45.0
195.4375392356306 328.5228467320194
0
195.4375392356306 326.4893014628627
0.25 0.25 0.25 0.25
2.033545269156689
45.0
409.8149673348299 425.1612769778892
1
409.8149673348299 448.309373720991
0.25 0.25 0.25 0.25
23.14809674310178
45.0
172.67661051841367 93.61383686725152
2
217.50379455897837 93.61383686725152
0.25 0.25 0.25 0.25
44.82718404056469
45.0
345.36957978240815 441.23017126153786
0
345.36957978240815 435.5086552414215
0.25 0.25 0.25 0.25
5.721516020116391
45.0
44.03122621162939 73.75269228967477
0
44.03122621162939 29.022620313515205
0.25 0.25 0.25 0.25
44.730071976159564
45.0
390.62632556294494 411.7260754265353
3
362.28694127139465 411.7260754265353
0.25 0.25 0.25 0.25
28.339384291550267
45.0
404.3512942642184 331.6811201166498
1
404.3512942642184 360.47587453030917
0.25 0.25 0.25 0.25
28.79475441365935
45.0
269.4930484707099 112.47729995471832
3
224.76852715030077 112.47729995471832
0.25 0.25 0.25 0.25
44.72452132040912
45.0
352.77431223256326 46.90617339405254
3
330.36129157637515 46.90617339405254
0.25 0.25 0.25 0.25
22.41302065618813
45.0
366.3999154774193 98.59904640925285
3
355.2187180510882 98.59904640925285
0.25 0.25 0.25 0.25
11.181197426331119
45.0
472.3962954700537 100.91335938792159
3
434.95809340025596 100.91335938792159
0.25 0.25 0.25 0.25
37.43820206979772
45.0
12.32196401213524 68.3081437086613
2
36.15872297150015 68.3081437086613
0.25 0.25 0.25 0.25
48.48068698363539
45.0
117.3552395886868 76.48490309447382
2
129.40877914783124 76.48490309447382
0.25 0.25 0.25 0.25
12.053539559144433
45.0
140.84086395044415 307.74344156098493
3
106.88212029538919 307.74344156098493
0.25 0.25 0.25 0.25
33.95874365505496
45.0
195.36495346563595 391.05184270473205
0
195.36495346563595 383.06808814823785
0.25 0.25 0.25 0.25
7.983754556494177
45.0
403.84164543307526 227.6594308850933
3
377.43004606002864 227.6594308850933
0.25 0.25 0.25 0.25
26.411599373046613
45.0
47.22955499387638 242.72981057157946
3
18.743200645912832 242.72981057157946
0.25 0.25 0.25 0.25
28.486354347963545
45.0
98.74117162911111 287.1854097937277
2
105.64149795976417 287.1854097937277
0.25 0.25 0.25 0.25
6.900326330653056
45.0
479.1853858114763 71.76746426835133
2
480.6504080139104 71.76746426835133
0.25 0.25 0.25 0.25
1.465022202434102
45.0
59.47678078123921 295.83128531511227
1
59.47678078123921 323.95791043268457
0.25 0.25 0.25 0.25
28.126625117572317
45.0
380.85650726938417 279.28945128259056
3
360.9985429753251 279.28945128259056
0.25 0.25 0.25 0.25
19.857964294059084
45.0
162.35287808231408 24.357898094445474
3
113.59349935737625 24.357898094445474
0.25 0.25 0.25 0.25
48.75937872493783
45.0
221.9200790430091 102.5658647397508
0
221.9200790430091 87.60957228692585
0.25 0.25 0.25 0.25
14.956292452824943
45.0
319.53343475795765 296.83833870049943
2
348.39405912156445 296.83833870049943
0.25 0.25 0.25 0.25
28.860624363606806
45.0
227.76250861965553 299.68382732223665
2
273.18206769619303 299.68382732223665
0.25 0.25 0.25 0.25
45.4195590765375
45.0
322.27940508529406 445.55689284773297
0
322.27940508529406 438.18850353368975
0.25 0.25 0.25 0.25
7.3683893140432
45.0
