82433
339.106513359876 194.4746494584357
0
339.106513359876 56.741078268792364
0.25 0.25 0.25 0.25
137.73357118964333
45.0
276.8596484007087 63.8239934395246
1
276.8596484007087 227.05391287170593
0.25 0.25 0.25 0.25
163.22991943218133
45.0
407.62516167097715 379.04881417986644
0
407.62516167097715 207.2062486209618
0.25 0.25 0.25 0.25
171.84256555890465
45.0
387.24392436579626 70.00936415111585
1
387.24392436579626 102.80465170270577
0.25 0.25 0.25 0.25
172.81401585382162
45.0
445.7643869991276 317.5776181246408
3
324.6259454512136 317.5776181246408
0.25 0.25 0.25 0.25
121.138441547914
45.0
493.04582239346684 461.9168080177278
3
386.6933599580257 461.9168080177278
0.25 0.25 0.25 0.25
106.35246243544113
45.0
235.5532522603503 351.6289902859474
3
136.04275674867114 351.6289902859474
0.25 0.25 0.25 0.25
99.51049551167917
45.0
287.4948186599808 324.02311314572466
1
287.4948186599808 433.76252958705874
0.25 0.25 0.25 0.25
109.73941644133406
45.0
6.302404183231943 237.99261609294047
2
153.3879580013255 237.99261609294047
0.25 0.25 0.25 0.25
159.69036218455744
45.0
227.15281815057511 445.32798084551973
2
335.2193799757174 445.32798084551973
0.25 0.25 0.25 0.25
108.0665618251423
45.0
76.57050158318623 456.461384586646
0
76.57050158318623 321.197243612316
0.25 0.25 0.25 0.25
135.26414097432996
45.0
174.5177308484142 7.921273701488417
1
174.5177308484142 148.12662051322468
0.25 0.25 0.25 0.25
156.0478942147131
45.0
179.31992235546693 142.75936083110048
1
179.31992235546693 272.0133042582257
0.25 0.25 0.25 0.25
129.2539434271252
45.0
197.9215141464112 127.60529446632314
2
286.5604209821887 127.60529446632314
0.25 0.25 0.25 0.25
88.63890683577749
45.0
38.006207440644275 89.24836398356989
2
146.32436487330648 89.24836398356989
0.25 0.25 0.25 0.25
108.3181574326622
45.0
366.96882276311794 439.4815851239932
3
219.77940087713637 439.4815851239932
0.25 0.25 0.25 0.25
147.18942188598157
45.0
22.863692626686827 56.61663235446855
1
22.863692626686827 198.8563996357707
0.25 0.25 0.25 0.25
142.23976728130216
45.0
406.5834684276231 128.54360523272322
0
406.5834684276231 17.04591983491119
0.25 0.25 0.25 0.25
111.49768539781203
45.0
235.0067409833656 355.30968552686807
2
380.95155296127916 355.30968552686807
0.25 0.25 0.25 0.25
145.94481197791356
45.0
0.81794852118378 29.04524878589075
1
0.81794852118378 196.05609544039197
0.25 0.25 0.25 0.25
167.01084665450122
45.0
18.91016845235214 407.8463616960714
2
131.57043432654794 407.8463616960714
0.25 0.25 0.25 0.25
150.48060277890008
45.0
421.16774403428394 319.76032632546645
0
421.16774403428394 225.89905230470083
0.25 0.25 0.25 0.25
93.86127402076562
45.0
170.66846729155645 454.04035488056707
2
258.80891588747323 454.04035488056707
0.25 0.25 0.25 0.25
88.1404485959168
45.0
60.576940101752314 373.8373027120804
2
169.15890679610263 373.8373027120804
0.25 0.25 0.25 0.25
108.58196669435031
45.0
164.51307202024233 409.97966802281496
0
164.51307202024233 278.69578143614694
0.25 0.25 0.25 0.25
131.28388658666805
45.0
250.55688555179222 476.0329340461185
0
250.55688555179222 310.30805151410846
0.25 0.25 0.25 0.25
165.72488253201004
45.0
293.1550821717683 102.4289715622146
1
293.1550821717683 251.9508044037071
0.25 0.25 0.25 0.25
149.5218328414925
45.0
95.72210686437496 422.3235934459864
2
197.4969714350433 422.3235934459864
0.25 0.25 0.25 0.25
101.77486457066833
45.0
137.76673620310373 155.03629266778478
1
137.76673620310373 249.36757121778453
0.25 0.25 0.25 0.25
94.33127854999975
45.0
488.4768542031753 338.8818239937767
0
488.4768542031753 213.0604019677016
0.25 0.25 0.25 0.25
125.82142202607511
45.0
71.24196522381595 211.81392660048252
1
71.24196522381595 354.3624299972769
0.25 0.25 0.25 0.25
142.54850339679436
45.0
461.78109856562673 72.80076550352373
1
461.78109856562673 22.967823749642264
0.25 0.25 0.25 0.25
95.768589253166
45.0
314.57614225766577 463.6906986426146
2
468.653145077115 463.6906986426146
0.25 0.25 0.25 0.25
154.0770028194493
45.0
233.1367954065165 178.21717022251238
2
325.6158780424529 178.21717022251238
0.25 0.25 0.25 0.25
92.47908263593636
45.0
132.53357104025426 192.42944230080545
0
132.53357104025426 65.79181335446339
0.25 0.25 0.25 0.25
126.63762894634206
45.0
288.4092708047456 3.188362670246505
3
191.55759584089913 3.188362670246505
0.25 0.25 0.25 0.25
96.85167496384643
45.0
409.66120721970697 138.20839556668784
3
263.6731888094722 138.20839556668784
0.25 0.25 0.25 0.25
145.98801841023476
45.0
136.07973287879554 333.00901430502927
2
24.07518370634284 333.00901430502927
0.25 0.25 0.25 0.25
160.15491658513838
45.0
428.36712996888957 329.66725049368415
3
276.3025827842878 329.66725049368415
0.25 0.25 0.25 0.25
152.06454718460176
45.0
404.60718836077854 315.70762053931907
1
404.60718836077854 412.1365424764447
0.25 0.25 0.25 0.25
96.42892193712561
45.0
181.39907500608328 166.3971085530512
1
181.39907500608328 300.58739572983393
0.25 0.25 0.25 0.25
134.19028717678273
45.0
449.7135998732497 331.95553121355545
3
323.4113185568716 331.95553121355545
0.25 0.25 0.25 0.25
126.30228131637804
45.0
371.320497304857 414.78138122580947
0
371.320497304857 467.98565888374253
0.25 0.25 0.25 0.25
117.23295989044803
45.0
365.42306097499886 193.75054803736387
2
479.1299856775619 193.75054803736387
0.25 0.25 0.25 0.25
113.70692470256299
45.0
63.986411465415415 284.1915776100431
0
63.986411465415415 143.35506306287505
0.25 0.25 0.25 0.25
140.83651454716806
45.0
384.2530877702343 102.59928123084102
3
267.1707198845158 102.59928123084102
0.25 0.25 0.25 0.25
117.08236788571851
45.0
214.85602799616893 118.8905716879213
1
214.85602799616893 3.5362650833083364
0.25 0.25 0.25 0.25
122.42683677122963
45.0
343.9001974061768 336.7734112022528
2
442.57670495901357 336.7734112022528
0.25 0.25 0.25 0.25
98.67650755283675
45.0
