5861
170.25937875333327 244.40841040361622
1
170.25937875333327 402.251164177536
0.25 0.25 0.25 0.25
157.84275377391978
45.0
427.8921665431824 196.12547242637004
1
427.8921665431824 350.7437695389293
0.25 0.25 0.25 0.25
154.61829711255928
45.0
203.78609361963325 391.9720546946444
3
56.71345048735458 391.9720546946444
0.25 0.25 0.25 0.25
147.07264313227867
45.0
412.40944130227876 81.74360986969026
3
424.5123792493773 81.74360986969026
0.25 0.25 0.25 0.25
163.07817944834397
45.0
471.4496109078493 318.7618385479878
3
383.315701534737 318.7618385479878
0.25 0.25 0.25 0.25
88.13390937311232
45.0
45.066793084263836 390.1972115606152
2
141.9214254229159 390.1972115606152
0.25 0.25 0.25 0.25
96.85463233865205
45.0
288.899256535331 256.65415619097485
3
137.1554291426282 256.65415619097485
0.25 0.25 0.25 0.25
151.7438273927028
45.0
46.79231491398184 161.42916888912623
1
46.79231491398184 4.612268002933206
0.25 0.25 0.25 0.25
166.04143689205944
45.0
50.62962367325355 259.6205759434449
0
50.62962367325355 88.72119263646456
0.25 0.25 0.25 0.25
170.89938330698035
45.0
460.3326512816409 457.9015003582065
3
390.58468061684516 457.9015003582065
0.25 0.25 0.25 0.25
149.0826681015139
45.0
42.570832912772005 223.22079534140877
1
42.570832912772005 378.5116231008092
0.25 0.25 0.25 0.25
155.2908277594004
45.0
34.02741303274763 322.2334804095941
2
132.72949988448318 322.2334804095941
0.25 0.25 0.25 0.25
98.70208685173554
45.0
175.76416961318853 260.566817718984
1
175.76416961318853 414.83437766709665
0.25 0.25 0.25 0.25
154.26755994811265
45.0
353.1290449587457 468.2047907652668
0
353.1290449587457 300.0623002199053
0.25 0.25 0.25 0.25
168.14249054536148
45.0
308.64339322851265 354.30214221460506
2
427.2665269683167 354.30214221460506
0.25 0.25 0.25 0.25
118.6231337398041
45.0
326.96454926729245 298.1978584274084
2
469.908132275002 298.1978584274084
0.25 0.25 0.25 0.25
142.94358300770958
45.0
388.63224180573945 277.1077151740835
3
221.09883804569503 277.1077151740835
0.25 0.25 0.25 0.25
167.53340376004442
45.0
4.864153707287272 326.82099632296905
1
4.864153707287272 432.0692167349757
0.25 0.25 0.25 0.25
105.24822041200669
45.0
308.04824773198686 457.6747005379309
0
308.04824773198686 427.04495902408996
0.25 0.25 0.25 0.25
115.28034043797916
45.0
350.8395861628801 381.33062422387593
3
492.0748704634042 381.33062422387593
0.25 0.25 0.25 0.25
157.0855433737157
45.0
49.473740555503326 435.83417895933474
0
49.473740555503326 315.8416335269977
0.25 0.25 0.25 0.25
119.99254543233704
45.0
139.51566696968405 111.2105763923172
2
291.94386097921375 111.2105763923172
0.25 0.25 0.25 0.25
152.4281940095297
45.0
102.22760203957606 73.7834304568417
2
265.9957399579422 73.7834304568417
0.25 0.25 0.25 0.25
163.76813791836614
45.0
73.33727465661372 221.66075625250434
0
73.33727465661372 53.5029311119161
0.25 0.25 0.25 0.25
168.15782514058824
45.0
122.44832466014111 443.22660838471916
2
281.350240132824 443.22660838471916
0.25 0.25 0.25 0.25
158.9019154726829
45.0
74.19609350282013 131.79009530228547
2
185.54033636218185 131.79009530228547
0.25 0.25 0.25 0.25
111.34424285936171
45.0
226.55540956200912 180.2063337081783
3
107.17282493277436 180.2063337081783
0.25 0.25 0.25 0.25
119.38258462923476
45.0
359.74262694207505 220.8238940778134
1
359.74262694207505 359.6279968398487
0.25 0.25 0.25 0.25
138.8041027620353
45.0
384.5267480946743 447.59644596294953
3
457.3161856114489 447.59644596294953
0.25 0.25 0.25 0.25
158.15706629387688
45.0
262.4017912403385 372.8070842214995
1
262.4017912403385 469.713579869211
0.25 0.25 0.25 0.25
96.90649564771147
45.0
41.19438653142447 98.4800337170575
2
204.4066218596247 98.4800337170575
0.25 0.25 0.25 0.25
163.21223532820022
45.0
357.45905190460974 432.114659675963
2
467.38452513619745 432.114659675963
0.25 0.25 0.25 0.25
109.92547323158772
45.0
220.57065842104066 190.3003909050526
1
220.57065842104066 354.0735454657014
0.25 0.25 0.25 0.25
163.77315456064878
45.0
196.03517540259588 354.8347748177266
1
196.03517540259588 446.58200146767786
0.25 0.25 0.25 0.25
91.74722664995123
45.0
415.7879406422246 56.791567691986074
1
415.7879406422246 116.31423462471571
0.25 0.25 0.25 0.25
173.10580231670178
45.0
371.3312025614985 313.3587301383437
2
459.79972653842356 313.3587301383437
0.25 0.25 0.25 0.25
88.46852397692506
45.0
88.09776028128263 487.519566755533
2
216.891324314729 487.519566755533
0.25 0.25 0.25 0.25
128.79356403344636
45.0
484.3153408856274 24.245772025638956
1
484.3153408856274 112.04353462527384
0.25 0.25 0.25 0.25
87.79776259963488
45.0
449.7247997322122 73.018517853621
3
289.57547575491446 73.018517853621
0.25 0.25 0.25 0.25
160.14932397729774
45.0
495.0728393174717 465.4335119960331
3
465.95400848798715 465.4335119960331
0.25 0.25 0.25 0.25
29.118830829484498
45.0
97.80849160206586 255.70180972202752
2
102.46494467267908 255.70180972202752
0.25 0.25 0.25 0.25
4.65645307061322
45.0
482.88596129171657 96.31224219460267
1
482.88596129171657 109.90310990883376
0.25 0.25 0.25 0.25
13.590867714231086
45.0
304.2660682412428 61.113917700573744
3
278.27949658097384 61.113917700573744
0.25 0.25 0.25 0.25
25.986571660268986
45.0
434.15903294292116 147.75450252183975
2
479.712641020036 147.75450252183975
0.25 0.25 0.25 0.25
45.553608077114866
45.0
232.5939758396064 263.4901682917059
2
263.61391966359633 263.4901682917059
0.25 0.25 0.25 0.25
31.019943823989948
45.0
183.09288791374175 271.7624431707521
1
183.09288791374175 274.3113032371301
0.25 0.25 0.25 0.25
2.548860066378017
45.0
214.8866828905712 350.53107910590546
1
214.8866828905712 386.51579460636344
0.25 0.25 0.25 0.25
35.984715500457995
45.0
145.23261377040149 178.6162332389647
0
145.23261377040149 130.15765093531888
0.25 0.25 0.25 0.25
48.45858230364581
45.0
