5861
411.1311938724375 192.4526113426592
3
253.28844009851773 192.4526113426592
0.25 0.25 0.25 0.25
157.84275377391978
45.0
479.7418912056321 60.89662940064534
3
365.6398116818086 60.89662940064534
0.25 0.25 0.25 0.25
154.61829711255928
45.0
86.22195241330533 136.83164748509355
2
60.85069071897334 136.83164748509355
0.25 0.25 0.25 0.25
147.07264313227867
45.0
132.2486599414164 189.3982264193716
1
132.2486599414164 352.4764058677156
0.25 0.25 0.25 0.25
163.07817944834397
45.0
295.1817921616247 318.7618385479878
1
295.1817921616247 406.8957479211001
0.25 0.25 0.25 0.25
88.13390937311232
45.0
245.49710393169232 382.1462446503877
1
245.49710393169232 479.00087698903974
0.25 0.25 0.25 0.25
96.85463233865205
45.0
425.55047600964986 443.27453143773334
3
422.7056965976474 443.27453143773334
0.25 0.25 0.25 0.25
151.7438273927028
45.0
153.011529806868 374.20892826348586
2
319.05296669892743 374.20892826348586
0.25 0.25 0.25 0.25
166.04143689205944
45.0
0.16297601051059019 499.8341431898773
2
171.06235931749094 499.8341431898773
0.25 0.25 0.25 0.25
170.89938330698035
45.0
155.2819143074604 131.54377127669625
2
304.3645824089743 131.54377127669625
0.25 0.25 0.25 0.25
149.0826681015139
45.0
211.66853998941357 98.62347928119593
1
211.66853998941357 56.667348478204474
0.25 0.25 0.25 0.25
155.2908277594004
45.0
129.57033123221072 0.1689568890983537
1
129.57033123221072 98.53312996263719
0.25 0.25 0.25 0.25
98.70208685173554
45.0
377.8679885188668 271.15222311121363
3
223.60042857075416 271.15222311121363
0.25 0.25 0.25 0.25
154.26755994811265
45.0
310.5859739505313 168.94539832750334
1
310.5859739505313 337.0878888728648
0.25 0.25 0.25 0.25
168.14249054536148
45.0
419.68868278698153 323.01500371932195
0
419.68868278698153 204.39186997951788
0.25 0.25 0.25 0.25
118.6231337398041
45.0
329.98995453712723 130.63289059572034
3
187.04637152941766 130.63289059572034
0.25 0.25 0.25 0.25
142.94358300770958
45.0
438.6339318739497 261.8954540279151
3
393.83266436600593 261.8954540279151
0.25 0.25 0.25 0.25
167.53340376004442
45.0
205.91609928859907 63.55853920701587
1
205.91609928859907 168.80675961902256
0.25 0.25 0.25 0.25
105.24822041200669
45.0
117.72177941038302 345.1055087124938
0
117.72177941038302 229.82516827451465
0.25 0.25 0.25 0.25
115.28034043797916
45.0
235.86610664746854 472.9465444619093
3
78.78056327375285 472.9465444619093
0.25 0.25 0.25 0.25
157.0855433737157
45.0
129.59301363811085 35.98327031259413
1
129.59301363811085 155.97581574493117
0.25 0.25 0.25 0.25
119.99254543233704
45.0
291.94386097921375 334.3770811979053
0
291.94386097921375 181.94888718837558
0.25 0.25 0.25 0.25
152.4281940095297
45.0
273.24332546808023 296.9726713547552
3
109.4751875497141 296.9726713547552
0.25 0.25 0.25 0.25
163.76813791836614
45.0
449.0301024522098 35.60902942485728
3
280.8722773116216 35.60902942485728
0.25 0.25 0.25 0.25
168.15782514058824
45.0
29.271310332336157 455.28065808552367
2
129.63060514034674 455.28065808552367
0.25 0.25 0.25 0.25
158.9019154726829
45.0
144.29602074739256 195.94807607303358
1
144.29602074739256 307.2923189323953
0.25 0.25 0.25 0.25
111.34424285936171
45.0
444.80077524727744 207.44535887651705
3
325.4181906180427 207.44535887651705
0.25 0.25 0.25 0.25
119.38258462923476
45.0
498.54672970411036 476.2489202990919
3
359.74262694207505 476.2489202990919
0.25 0.25 0.25 0.25
138.8041027620353
45.0
462.300445195109 226.12090228197593
3
304.1433789012321 226.12090228197593
0.25 0.25 0.25 0.25
158.15706629387688
45.0
59.252739225681125 82.08759727836508
2
156.1592348733926 82.08759727836508
0.25 0.25 0.25 0.25
96.90649564771147
45.0
163.47102485837308 163.16420392875784
2
326.6832601865733 163.16420392875784
0.25 0.25 0.25 0.25
163.21223532820022
45.0
499.3967478833291 91.66749906548932
3
390.67777888508317 91.66749906548932
0.25 0.25 0.25 0.25
109.92547323158772
45.0
108.8807217687139 423.51783601013074
0
108.8807217687139 412.7090094292205
0.25 0.25 0.25 0.25
163.77315456064878
45.0
343.09936094932857 452.4512787329073
3
251.35213429937733 452.4512787329073
0.25 0.25 0.25 0.25
91.74722664995123
45.0
160.73082692395042 172.69600939261818
1
160.73082692395042 345.80181170931996
0.25 0.25 0.25 0.25
173.10580231670178
45.0
167.547918353824 286.51249388451936
2
256.01644233074904 286.51249388451936
0.25 0.25 0.25 0.25
88.46852397692506
45.0
366.37947131736087 199.58392642106926
2
495.17303535080725 199.58392642106926
0.25 0.25 0.25 0.25
128.79356403344636
45.0
450.0907294816112 356.0882826325761
3
462.1115079187539 356.0882826325761
0.25 0.25 0.25 0.25
87.79776259963488
45.0
172.2633073462738 275.1848879398575
0
172.2633073462738 115.03556396255976
0.25 0.25 0.25 0.25
160.14932397729774
45.0
291.13559307861 155.08612466923012
0
291.13559307861 125.96729383974562
0.25 0.25 0.25 0.25
29.118830829484498
45.0
41.9310547547072 441.9599325465565
0
41.9310547547072 437.3034794759433
0.25 0.25 0.25 0.25
4.65645307061322
45.0
319.7955487209436 63.40629591304047
1
319.7955487209436 76.99716362727156
0.25 0.25 0.25 0.25
13.590867714231086
45.0
409.8816434957986 380.65780052399896
2
435.86821515606755 380.65780052399896
0.25 0.25 0.25 0.25
25.986571660268986
45.0
433.5388982187883 444.4424024806535
1
433.5388982187883 489.9960105577684
0.25 0.25 0.25 0.25
45.553608077114866
45.0
256.2521220312743 15.68932612420356
2
287.27206585526426 15.68932612420356
0.25 0.25 0.25 0.25
31.019943823989948
45.0
228.97236910854596 159.61260025011939
1
228.97236910854596 162.1614603164974
0.25 0.25 0.25 0.25
2.548860066378017
45.0
358.8255448924031 414.9284760939978
3
322.84082939194514 414.9284760939978
0.25 0.25 0.25 0.25
35.984715500457995
45.0
127.88865167491133 160.98600486240264
3
79.43006937126552 160.98600486240264
0.25 0.25 0.25 0.25
48.45858230364581
45.0
