5861
40.52685237706788 124.22057450070471
1
40.52685237706788 282.0633282746245
0.25 0.25 0.25 0.25
157.84275377391978
45.0
35.96272479449544 185.40133912339286
1
35.96272479449544 340.01963623595213
0.25 0.25 0.25 0.25
154.61829711255928
45.0
56.71345048735458 313.8826590407982
2
203.78609361963325 313.8826590407982
0.25 0.25 0.25 0.25
147.07264313227867
45.0
64.7221590956546 81.33456957865377
2
98.35602035268937 81.33456957865377
0.25 0.25 0.25 0.25
163.07817944834397
45.0
352.282570345926 416.83643333267526
2
440.4164797190383 416.83643333267526
0.25 0.25 0.25 0.25
88.13390937311232
45.0
373.80541288382386 350.6925680369082
2
470.6600452224759 350.6925680369082
0.25 0.25 0.25 0.25
96.85463233865205
45.0
380.2828447843997 42.70353704935252
3
228.53901739169692 42.70353704935252
0.25 0.25 0.25 0.25
151.7438273927028
45.0
285.29055887013703 344.19789908233884
2
451.33199576219647 344.19789908233884
0.25 0.25 0.25 0.25
166.04143689205944
45.0
367.0320904453322 405.1236594085432
0
367.0320904453322 423.9769572844765
0.25 0.25 0.25 0.25
170.89938330698035
45.0
100.24200039829373 138.42917204784908
1
100.24200039829373 10.65349605366481
0.25 0.25 0.25 0.25
149.0826681015139
45.0
42.570832912772005 242.6516879367924
2
112.7199948466284 242.6516879367924
0.25 0.25 0.25 0.25
155.2908277594004
45.0
317.1545421053097 85.55399847999263
1
317.1545421053097 184.25608533172817
0.25 0.25 0.25 0.25
98.70208685173554
45.0
132.77095028303677 202.23586212535395
0
132.77095028303677 47.9683021772413
0.25 0.25 0.25 0.25
154.26755994811265
45.0
478.7284644958928 186.65528487184125
3
353.1290449587457 186.65528487184125
0.25 0.25 0.25 0.25
168.14249054536148
45.0
165.84914173070374 1.567259004807255
3
47.22600799089963 1.567259004807255
0.25 0.25 0.25 0.25
118.6231337398041
45.0
184.02096625958288 154.64919436573186
1
184.02096625958288 297.59277737344144
0.25 0.25 0.25 0.25
142.94358300770958
45.0
276.30095067417176 220.29207354578327
1
276.30095067417176 387.8254773058277
0.25 0.25 0.25 0.25
167.53340376004442
45.0
57.34635782735414 484.5514208550426
0
57.34635782735414 379.3032004430359
0.25 0.25 0.25 0.25
105.24822041200669
45.0
230.83039051609657 189.59095572016017
2
346.11073095407573 189.59095572016017
0.25 0.25 0.25 0.25
115.28034043797916
45.0
334.98932708968846 25.047473618140373
1
334.98932708968846 182.13301699185607
0.25 0.25 0.25 0.25
157.0855433737157
45.0
449.5110133938182 195.8490880946607
3
430.4964411738448 195.8490880946607
0.25 0.25 0.25 0.25
119.99254543233704
45.0
488.6305869445485 416.06696441137666
3
336.2023929350188 416.06696441137666
0.25 0.25 0.25 0.25
152.4281940095297
45.0
84.83642954977293 220.1603958854047
2
78.9317083685932 220.1603958854047
0.25 0.25 0.25 0.25
163.76813791836614
45.0
250.44205064073137 212.71380540897493
1
250.44205064073137 380.8716305495632
0.25 0.25 0.25 0.25
168.15782514058824
45.0
241.94401344912723 284.32469291203626
1
241.94401344912723 443.22660838471916
0.25 0.25 0.25 0.25
158.9019154726829
45.0
296.88457922154356 202.24263327579968
3
185.54033636218185 202.24263327579968
0.25 0.25 0.25 0.25
111.34424285936171
45.0
17.29417900053052 418.9715029666478
2
136.67676362976528 418.9715029666478
0.25 0.25 0.25 0.25
119.38258462923476
45.0
192.56724351428693 306.02123630457504
3
53.763140752251616 306.02123630457504
0.25 0.25 0.25 0.25
138.8041027620353
45.0
486.64195256815185 496.36169221665125
3
355.20098113797127 496.36169221665125
0.25 0.25 0.25 0.25
158.15706629387688
45.0
68.58879994491559 142.66043753994308
2
28.317695702795874 142.66043753994308
0.25 0.25 0.25 0.25
96.90649564771147
45.0
448.4423194531762 424.90450437345794
0
448.4423194531762 261.6922690452577
0.25 0.25 0.25 0.25
163.21223532820022
45.0
467.38452513619745 432.114659675963
3
357.45905190460974 432.114659675963
0.25 0.25 0.25 0.25
109.92547323158772
45.0
253.38773262479833 483.1245547541355
3
89.61457806414955 483.1245547541355
0.25 0.25 0.25 0.25
163.77315456064878
45.0
379.52962870249837 180.55981466728775
2
471.2768553524496 180.55981466728775
0.25 0.25 0.25 0.25
91.74722664995123
45.0
454.4227545424353 307.16699780910926
0
454.4227545424353 134.06119549240748
0.25 0.25 0.25 0.25
173.10580231670178
45.0
282.8626785845735 217.45241372320663
1
282.8626785845735 305.9209377001317
0.25 0.25 0.25 0.25
88.46852397692506
45.0
40.6958037521637 457.171054487962
2
88.09776028128266 457.171054487962
0.25 0.25 0.25 0.25
128.79356403344636
45.0
220.9220530867227 146.26814602929005
2
308.7198156863576 146.26814602929005
0.25 0.25 0.25 0.25
87.79776259963488
45.0
429.2299324267036 247.28013010097447
3
269.0806084494059 247.28013010097447
0.25 0.25 0.25 0.25
160.14932397729774
45.0
349.47868517004906 174.24520370118793
0
349.47868517004906 145.12637287170344
0.25 0.25 0.25 0.25
29.118830829484498
45.0
69.86977317838651 213.7937320865085
3
65.21332010777328 213.7937320865085
0.25 0.25 0.25 0.25
4.65645307061322
45.0
462.7505678513591 109.90310990883376
0
462.7505678513591 96.31224219460267
0.25 0.25 0.25 0.25
13.590867714231086
45.0
148.34663827962888 16.845797280233214
2
174.33320993989787 16.845797280233214
0.25 0.25 0.25 0.25
25.986571660268986
45.0
19.19767013170052 284.41532675318433
0
19.19767013170052 238.86171867606947
0.25 0.25 0.25 0.25
45.553608077114866
45.0
170.55408819162653 294.51011211569585
0
170.55408819162653 263.4901682917059
0.25 0.25 0.25 0.25
31.019943823989948
45.0
165.25086744909567 276.86016330350816
0
165.25086744909567 274.3113032371301
0.25 0.25 0.25 0.25
2.548860066378017
45.0
178.9019673901132 62.65335510224159
3
142.91725188965523 62.65335510224159
0.25 0.25 0.25 0.25
35.984715500457995
45.0
193.6911960740473 209.0524251902018
3
145.23261377040149 209.0524251902018
0.25 0.25 0.25 0.25
48.45858230364581
45.0
