5861
145.4261287945063 295.3765311690489
1
145.4261287945063 453.21928494296867
0.25 0.25 0.25 0.25
157.84275377391978
45.0
355.2371814828846 51.54503777708135
3
490.14452140455614 51.54503777708135
0.25 0.25 0.25 0.25
154.61829711255928
45.0
233.29459554558403 49.24587470219163
1
233.29459554558403 97.82676843008704
0.25 0.25 0.25 0.25
147.07264313227867
45.0
107.78400571552692 25.91100667999092
2
55.29417373281706 25.91100667999092
0.25 0.25 0.25 0.25
163.07817944834397
45.0
409.88948282327385 491.5825759800311
3
321.75557345016153 491.5825759800311
0.25 0.25 0.25 0.25
88.13390937311232
45.0
45.066793084263836 447.54720037556024
2
141.9214254229159 447.54720037556024
0.25 0.25 0.25 0.25
96.85463233865205
45.0
467.97332782289755 415.9442875428696
0
467.97332782289755 264.2004601501668
0.25 0.25 0.25 0.25
151.7438273927028
45.0
134.2546365686511 336.6951417870521
0
134.2546365686511 497.2634213208885
0.25 0.25 0.25 0.25
166.04143689205944
45.0
247.25125884313715 12.86400673106374
3
76.3518755361568 12.86400673106374
0.25 0.25 0.25 0.25
170.89938330698035
45.0
408.9313185865674 94.8504953372518
1
408.9313185865674 243.9331634387657
0.25 0.25 0.25 0.25
149.0826681015139
45.0
93.93923397442333 291.47582878500646
2
61.35159378497707 291.47582878500646
0.25 0.25 0.25 0.25
155.2908277594004
45.0
189.33502363601258 493.34147736957937
0
189.33502363601258 407.9564357786851
0.25 0.25 0.25 0.25
98.70208685173554
45.0
330.0317295613012 403.8778190161678
2
484.2992895094138 403.8778190161678
0.25 0.25 0.25 0.25
154.26755994811265
45.0
361.98398823091463 140.77475294671277
3
469.87352122372386 140.77475294671277
0.25 0.25 0.25 0.25
168.14249054536148
45.0
386.5021356336424 472.92527595440913
3
494.8747306265535 472.92527595440913
0.25 0.25 0.25 0.25
118.6231337398041
45.0
245.41486381751278 436.3007930033823
0
245.41486381751278 420.75562398890816
0.25 0.25 0.25 0.25
142.94358300770958
45.0
236.70010572649446 194.2899607444509
2
404.2335094865389 194.2899607444509
0.25 0.25 0.25 0.25
167.53340376004442
45.0
416.1287279407394 41.68968120499082
3
310.8805075287327 41.68968120499082
0.25 0.25 0.25 0.25
105.24822041200669
45.0
230.83039051609657 457.6747005379309
3
115.55005007811741 457.6747005379309
0.25 0.25 0.25 0.25
115.28034043797916
45.0
366.2142620622817 461.58383240240835
0
366.2142620622817 381.33062422387593
0.25 0.25 0.25 0.25
157.0855433737157
45.0
209.52592252914417 196.035452286235
3
89.53337709680713 196.035452286235
0.25 0.25 0.25 0.25
119.99254543233704
45.0
169.64606928416435 178.20793445902507
2
322.07426329369406 178.20793445902507
0.25 0.25 0.25 0.25
152.4281940095297
45.0
300.77808493754844 202.76922339560159
2
464.5462228559146 202.76922339560159
0.25 0.25 0.25 0.25
163.76813791836614
45.0
205.70729642308433 282.8127191692604
3
37.549471282496086 282.8127191692604
0.25 0.25 0.25 0.25
168.15782514058824
45.0
48.40770431331123 237.736185748134
2
207.30961978599413 237.736185748134
0.25 0.25 0.25 0.25
158.9019154726829
45.0
181.3439648936711 20.44585244292375
1
181.3439648936711 131.79009530228547
0.25 0.25 0.25 0.25
111.34424285936171
45.0
415.2968365502867 74.89230350680346
1
415.2968365502867 194.27488813603821
0.25 0.25 0.25 0.25
119.38258462923476
45.0
141.7835233412893 220.8238940778134
2
280.5876261033246 220.8238940778134
0.25 0.25 0.25 0.25
138.8041027620353
45.0
170.3278199803982 131.2823133751957
3
12.170753686521323 131.2823133751957
0.25 0.25 0.25 0.25
158.15706629387688
45.0
415.9436782936417 367.4084723582513
3
319.0371826459302 367.4084723582513
0.25 0.25 0.25 0.25
96.90649564771147
45.0
121.50026973643003 365.32520919925105
2
284.71250506463025 365.32520919925105
0.25 0.25 0.25 0.25
163.21223532820022
45.0
92.91358193745168 322.1891864443753
1
92.91358193745168 432.114659675963
0.25 0.25 0.25 0.25
109.92547323158772
45.0
496.0337496340162 155.57824563283793
1
496.0337496340162 319.3514001934867
0.25 0.25 0.25 0.25
163.77315456064878
45.0
278.5629089030836 290.7460276161661
3
186.81568225313237 290.7460276161661
0.25 0.25 0.25 0.25
91.74722664995123
45.0
491.55584797415327 248.46391672454683
1
491.55584797415327 421.5697190412486
0.25 0.25 0.25 0.25
173.10580231670178
45.0
263.94625754620057 136.42168218449342
3
175.47773356927553 136.42168218449342
0.25 0.25 0.25 0.25
88.46852397692506
45.0
131.74134055487664 40.441850120051924
1
131.74134055487664 169.23541415349828
0.25 0.25 0.25 0.25
128.79356403344636
45.0
415.8661180775948 136.4736815612169
3
496.33611932277034 136.4736815612169
0.25 0.25 0.25 0.25
87.79776259963488
45.0
289.57547575491446 126.23486225989029
1
289.57547575491446 286.38418623718803
0.25 0.25 0.25 0.25
160.14932397729774
45.0
68.14469824026068 193.40428273314583
3
39.025867410776186 193.40428273314583
0.25 0.25 0.25 0.25
29.118830829484498
45.0
139.71656923758488 288.2969812163201
2
144.3730223081981 288.2969812163201
0.25 0.25 0.25 0.25
4.65645307061322
45.0
47.97819443632197 441.5982555215406
3
34.38732672209088 441.5982555215406
0.25 0.25 0.25 0.25
13.590867714231086
45.0
59.54593500252299 498.080381915565
0
59.54593500252299 472.09381025529603
0.25 0.25 0.25 0.25
25.986571660268986
45.0
427.00076512920725 280.0565713601305
1
427.00076512920725 325.61017943724534
0.25 0.25 0.25 0.25
45.553608077114866
45.0
263.72512534423265 433.67219110071676
0
263.72512534423265 402.6522472767268
0.25 0.25 0.25 0.25
31.019943823989948
45.0
203.48376844476584 394.107726356898
3
200.93490837838783 394.107726356898
0.25 0.25 0.25 0.25
2.548860066378017
45.0
430.7949758933191 350.53107910590546
1
430.7949758933191 386.51579460636344
0.25 0.25 0.25 0.25
35.984715500457995
45.0
418.6401454967862 451.7374986842775
2
467.098727800432 451.7374986842775
0.25 0.25 0.25 0.25
48.45858230364581
45.0
