5861
304.2565608639504 244.40841040361622
3
146.41380709003064 244.40841040361622
0.25 0.25 0.25 0.25
157.84275377391978
45.0
437.5652612707995 475.24847926167683
3
407.8164416166412 475.24847926167683
0.25 0.25 0.25 0.25
154.61829711255928
45.0
178.41483192530123 460.4854356756017
0
178.41483192530123 392.4419211921196
0.25 0.25 0.25 0.25
147.07264313227867
45.0
119.8869436626257 145.92733950846207
2
43.19123578571828 145.92733950846207
0.25 0.25 0.25 0.25
163.07817944834397
45.0
321.7555734501614 54.360110428650955
3
233.6216640770491 54.360110428650955
0.25 0.25 0.25 0.25
88.13390937311232
45.0
117.18879497956077 60.12867102095207
2
214.04342731821282 60.12867102095207
0.25 0.25 0.25 0.25
96.85463233865205
45.0
495.3035717177613 74.16374248929452
1
495.3035717177613 225.90756988199732
0.25 0.25 0.25 0.25
151.7438273927028
45.0
451.33199576219647 289.9568193047519
1
451.33199576219647 455.9982561968113
0.25 0.25 0.25 0.25
166.04143689205944
45.0
50.95557569427473 310.41317562720906
1
50.95557569427473 481.3125589341894
0.25 0.25 0.25 0.25
170.89938330698035
45.0
118.58863836801595 324.2051160888073
2
267.67130646952984 324.2051160888073
0.25 0.25 0.25 0.25
149.0826681015139
45.0
458.9690436195806 427.98589567220176
0
458.9690436195806 272.6950679128014
0.25 0.25 0.25 0.25
155.2908277594004
45.0
313.99537345303725 184.25608533172817
2
412.6974603047728 184.25608533172817
0.25 0.25 0.25 0.25
98.70208685173554
45.0
95.89124997639999 436.37634171025513
2
250.15880992451264 436.37634171025513
0.25 0.25 0.25 0.25
154.26755994811265
45.0
34.55395041236062 459.34984749309785
0
34.55395041236062 372.50766196154063
0.25 0.25 0.25 0.25
168.14249054536148
45.0
241.03518957027578 490.7536588826372
3
122.41205583047167 490.7536588826372
0.25 0.25 0.25 0.25
118.6231337398041
45.0
469.908132275002 416.52005661113947
3
387.14828471728845 416.52005661113947
0.25 0.25 0.25 0.25
142.94358300770958
45.0
221.09883804569503 251.49460890738212
2
388.63224180573945 251.49460890738212
0.25 0.25 0.25 0.25
167.53340376004442
45.0
416.4125401126124 199.98773008081037
3
478.33923947538085 199.98773008081037
0.25 0.25 0.25 0.25
105.24822041200669
45.0
270.52518379017454 114.54482783653549
3
155.24484335219537 114.54482783653549
0.25 0.25 0.25 0.25
115.28034043797916
45.0
408.3263259205859 273.7489372298894
0
408.3263259205859 116.66339385617371
0.25 0.25 0.25 0.25
157.0855433737157
45.0
329.5184679614812 324.18073017599124
2
449.5110133938182 324.18073017599124
0.25 0.25 0.25 0.25
119.99254543233704
45.0
421.63322887784057 96.51805124555386
3
269.20503486831086 96.51805124555386
0.25 0.25 0.25 0.25
152.4281940095297
45.0
218.06108828701818 469.6945007676661
0
218.06108828701818 366.5373613139677
0.25 0.25 0.25 0.25
163.76813791836614
45.0
298.7661789986804 141.49574655926037
1
298.7661789986804 309.6535716998486
0.25 0.25 0.25 0.25
168.15782514058824
45.0
129.6306051403468 424.09021440374386
2
288.5325206130297 424.09021440374386
0.25 0.25 0.25 0.25
158.9019154726829
45.0
364.8863207318606 311.488690400906
1
364.8863207318606 422.83293326026774
0.25 0.25 0.25 0.25
111.34424285936171
45.0
390.87731715736584 15.88442611282143
1
390.87731715736584 103.49815851641333
0.25 0.25 0.25 0.25
119.38258462923476
45.0
167.24826341526284 470.0608189361312
0
167.24826341526284 331.2567161740959
0.25 0.25 0.25 0.25
138.8041027620353
45.0
462.3004451951092 236.08942144929705
1
462.3004451951092 394.24648774317393
0.25 0.25 0.25 0.25
158.15706629387688
45.0
28.317695702795874 398.34351588113657
1
28.317695702795874 495.25001152884806
0.25 0.25 0.25 0.25
96.90649564771147
45.0
305.95667215577464 450.73596744175006
0
305.95667215577464 287.52373211354984
0.25 0.25 0.25 0.25
163.21223532820022
45.0
270.0815647377849 322.1891864443753
0
270.0815647377849 212.2637132127876
0.25 0.25 0.25 0.25
109.92547323158772
45.0
91.51964913260656 9.166163708296494
1
91.51964913260656 172.93931826894527
0.25 0.25 0.25 0.25
163.77315456064878
45.0
409.3174385492084 85.46237213310242
3
317.5702118992572 85.46237213310242
0.25 0.25 0.25 0.25
91.74722664995123
45.0
429.6728037569326 56.791567691986074
3
256.5670014402308 56.791567691986074
0.25 0.25 0.25 0.25
173.10580231670178
45.0
451.73174948465135 374.9810178614443
1
451.73174948465135 463.4495418383693
0.25 0.25 0.25 0.25
88.46852397692506
45.0
345.6848883481754 138.88690188592727
0
345.6848883481754 10.093337852480914
0.25 0.25 0.25 0.25
128.79356403344636
45.0
152.47283027869025 126.9196062376878
1
152.47283027869025 214.71736883732268
0.25 0.25 0.25 0.25
87.79776259963488
45.0
30.723172199681017 40.56055112257616
2
129.42615177761672 40.56055112257616
0.25 0.25 0.25 0.25
160.14932397729774
45.0
145.54143893118749 116.94310459365707
2
174.66026976067198 116.94310459365707
0.25 0.25 0.25 0.25
29.118830829484498
45.0
121.09075695513198 288.2969812163201
0
121.09075695513198 283.64052814570687
0.25 0.25 0.25 0.25
4.65645307061322
45.0
449.159700137128 348.8145179118932
1
449.159700137128 362.40538562612426
0.25 0.25 0.25 0.25
13.590867714231086
45.0
487.8413584766055 446.107238595027
3
461.8547868163365 446.107238595027
0.25 0.25 0.25 0.25
25.986571660268986
45.0
66.9306559053424 8.91430059396815
1
66.9306559053424 54.467908671083016
0.25 0.25 0.25 0.25
45.553608077114866
45.0
15.56557475231314 170.78904524415327
1
15.56557475231314 201.8089890681432
0.25 0.25 0.25 0.25
31.019943823989948
45.0
246.81438957319205 228.4318220423257
0
246.81438957319205 225.8829619759477
0.25 0.25 0.25 0.25
2.548860066378017
45.0
108.97575661355073 397.5759123908887
2
144.96047211400872 397.5759123908887
0.25 0.25 0.25 0.25
35.984715500457995
45.0
405.1557536651926 306.3617517733401
2
453.6143359688384 306.3617517733401
0.25 0.25 0.25 0.25
48.45858230364581
45.0
