61741
483.55691302565447 202.36682816502858
3
354.1001231144495 202.36682816502858
0.25 0.25 0.25 0.25
129.45678991120494
45.0
388.84258206731704 221.40196910493572
1
388.84258206731704 313.2359572010678
0.25 0.25 0.25 0.25
91.83398809613206
45.0
25.380660305406508 353.30907121618094
1
25.380660305406508 469.5449878641791
0.25 0.25 0.25 0.25
116.23591664799817
45.0
65.88358847005433 402.4060152710124
1
65.88358847005433 494.0633711959127
0.25 0.25 0.25 0.25
91.6573559249003
45.0
486.00774953322343 169.69825953812006
3
381.9644089056105 169.69825953812006
0.25 0.25 0.25 0.25
104.0433406276129
45.0
202.81111636695175 127.32508565413127
1
202.81111636695175 299.31939851898994
0.25 0.25 0.25 0.25
171.99431286485867
45.0
317.2359904917721 491.1819955822724
0
317.2359904917721 392.8878969831603
0.25 0.25 0.25 0.25
115.93010743456728
45.0
223.90838893159173 289.1725754480815
3
68.481382721534 289.1725754480815
0.25 0.25 0.25 0.25
155.42700621005773
45.0
215.76146176636422 98.82965575956496
1
215.76146176636422 42.79993145591135
0.25 0.25 0.25 0.25
141.6295872154763
45.0
117.05610964640692 394.03702456730184
0
117.05610964640692 443.2484760975383
0.25 0.25 0.25 0.25
162.71449933515981
45.0
164.0042364138999 381.0165162714163
3
5.300608782518339 381.0165162714163
0.25 0.25 0.25 0.25
158.70362763138155
45.0
198.70318417056845 210.19058873129032
0
198.70318417056845 49.478473139862615
0.25 0.25 0.25 0.25
160.7121155914277
45.0
409.6905025232403 91.91981891983774
1
409.6905025232403 200.1431092186748
0.25 0.25 0.25 0.25
108.22329029883706
45.0
371.0339190731531 478.3200354325563
0
371.0339190731531 367.581325192642
0.25 0.25 0.25 0.25
154.09863937480162
45.0
307.9499203703854 465.56804909223706
3
170.6146673049526 465.56804909223706
0.25 0.25 0.25 0.25
137.33525306543282
45.0
188.59137023152124 438.08434373389696
0
188.59137023152124 401.1426278354238
0.25 0.25 0.25 0.25
160.7730284306793
45.0
231.591862891309 35.423480867845
1
231.591862891309 203.47823493689395
0.25 0.25 0.25 0.25
168.05475406904895
45.0
302.84951548369634 220.1077862618679
2
459.0469428048016 220.1077862618679
0.25 0.25 0.25 0.25
156.19742732110527
45.0
44.54680421758593 240.2870425136786
2
95.39282968383498 240.2870425136786
0.25 0.25 0.25 0.25
139.9396339014209
45.0
304.35076232772394 420.9323706158019
0
304.35076232772394 440.69727801840975
0.25 0.25 0.25 0.25
138.37035136578837
45.0
397.5168923348406 409.97915896087466
0
397.5168923348406 415.6520231538583
0.25 0.25 0.25 0.25
174.36881788526708
45.0
463.8165626173376 70.4732931843015
3
414.9359112060895 70.4732931843015
0.25 0.25 0.25 0.25
121.24752617657293
45.0
147.8433357193002 321.67502878823325
2
11.27898815252712 321.67502878823325
0.25 0.25 0.25 0.25
159.12232387182732
45.0
87.34705337083001 409.5514455118363
2
0.22363817790053986 409.5514455118363
0.25 0.25 0.25 0.25
87.57069154873055
45.0
398.0964481360121 112.01355292475898
3
256.92497951156105 112.01355292475898
0.25 0.25 0.25 0.25
141.17146862445105
45.0
316.11906339921654 222.8090352470234
2
418.030458206857 222.8090352470234
0.25 0.25 0.25 0.25
101.9113948076405
45.0
205.49839573081866 378.66324296770733
0
205.49839573081866 468.2926911408523
0.25 0.25 0.25 0.25
153.04406589144034
45.0
253.13142187933795 230.5850961936584
0
253.13142187933795 128.15993770066024
0.25 0.25 0.25 0.25
102.42515849299816
45.0
425.2677985880273 429.97381518767327
0
425.2677985880273 472.65824354226856
0.25 0.25 0.25 0.25
97.36794127005817
45.0
329.37112455133445 189.98224637049623
0
329.37112455133445 78.40848896922454
0.25 0.25 0.25 0.25
111.57375740127169
45.0
386.30766320431735 151.68679888499136
3
441.20412313044176 151.68679888499136
0.25 0.25 0.25 0.25
172.48821366524092
45.0
415.2531361009517 355.32871419222704
0
415.2531361009517 196.36070240572494
0.25 0.25 0.25 0.25
158.9680117865021
45.0
314.4979032476283 419.2703752501809
2
449.506483192293 419.2703752501809
0.25 0.25 0.25 0.25
135.0085799446647
45.0
258.5464267149456 131.4081052305384
3
141.2394017030738 131.4081052305384
0.25 0.25 0.25 0.25
117.30702501187179
45.0
245.4592536272906 377.1211460637985
3
95.38270025833856 377.1211460637985
0.25 0.25 0.25 0.25
150.07655336895203
45.0
176.70999010166804 83.40154404637934
3
69.41871107543199 83.40154404637934
0.25 0.25 0.25 0.25
107.29127902623605
45.0
52.796551158938996 67.23955145537587
2
116.08287382186398 67.23955145537587
0.25 0.25 0.25 0.25
168.87942498080298
45.0
355.0656381979327 420.23770289673075
0
355.0656381979327 421.67158398895344
0.25 0.25 0.25 0.25
158.09071311431575
45.0
241.32327055409004 112.69533676030886
2
346.86590365495204 112.69533676030886
0.25 0.25 0.25 0.25
105.54263310086199
45.0
205.1188554057674 398.56194161444444
3
90.67045980743575 398.56194161444444
0.25 0.25 0.25 0.25
114.44839559833164
45.0
363.81165445424006 453.9623748227922
0
363.81165445424006 336.2510402429667
0.25 0.25 0.25 0.25
117.71133457982549
45.0
410.4758004886678 20.72928159259854
1
410.4758004886678 137.47773905709795
0.25 0.25 0.25 0.25
116.74845746449941
45.0
173.66065371100228 122.39864089307207
3
39.50660068687404 122.39864089307207
0.25 0.25 0.25 0.25
134.15405302412825
45.0
393.97817252791174 142.3411484544834
3
227.09988526563194 142.3411484544834
0.25 0.25 0.25 0.25
166.8782872622798
45.0
295.76657118078845 181.7659206036101
0
295.76657118078845 79.7550543252475
0.25 0.25 0.25 0.25
102.01086627836261
45.0
290.74152446449955 55.18677245961214
2
440.6835634632039 55.18677245961214
0.25 0.25 0.25 0.25
149.94203899870433
45.0
267.239166487097 285.562696400365
2
405.6663566091257 285.562696400365
0.25 0.25 0.25 0.25
138.42719012202872
45.0
362.6569240979221 67.60246855430552
3
465.60946642780425 67.60246855430552
0.25 0.25 0.25 0.25
171.73360947427366
45.0
