51598
468.5645087196383 221.0292698283214
0
468.5645087196383 127.8114243042013
0.25 0.25 0.25 0.25
93.2178455241201
45.0
421.68763297430576 487.5717511364186
3
459.71464195808505 487.5717511364186
0.25 0.25 0.25 0.25
118.59772506760922
45.0
446.11295076104204 495.8191601037
3
315.2726095847336 495.8191601037
0.25 0.25 0.25 0.25
130.8403411763085
45.0
411.91201418608455 222.2791767118269
0
411.91201418608455 210.42789163966563
0.25 0.25 0.25 0.25
11.851285072161255
45.0
148.21706310187932 29.669465113224724
1
148.21706310187932 75.50593205174218
0.25 0.25 0.25 0.25
45.836466938517454
45.0
271.6689882714837 139.26107573932373
0
271.6689882714837 89.54088425404638
0.25 0.25 0.25 0.25
49.72019148527736
45.0
142.86506156678345 428.74171595071857
0
142.86506156678345 427.1052911780066
0.25 0.25 0.25 0.25
1.6364247727119363
45.0
223.9737889273088 352.30530354508664
3
185.40967221731364 352.30530354508664
0.25 0.25 0.25 0.25
38.56411670999514
45.0
440.00022053128936 209.9107887090716
1
440.00022053128936 215.8128830319712
0.25 0.25 0.25 0.25
5.902094322899609
45.0
307.11617005920004 198.4189407020255
1
307.11617005920004 213.0877102900484
0.25 0.25 0.25 0.25
14.668769588022895
45.0
189.94778185333496 218.63814289922158
1
189.94778185333496 225.8179807401959
0.25 0.25 0.25 0.25
7.179837840974329
45.0
440.12794902150455 363.96606706029144
2
471.5916671685816 363.96606706029144
0.25 0.25 0.25 0.25
31.46371814707703
45.0
301.522400556515 432.62763547833094
2
319.5179029922939 432.62763547833094
0.25 0.25 0.25 0.25
17.995502435778903
45.0
54.170876984515985 117.48251422954881
3
43.48779738180515 117.48251422954881
0.25 0.25 0.25 0.25
10.683079602710832
45.0
162.6029341639116 360.1554454281944
3
112.88763780869321 360.1554454281944
0.25 0.25 0.25 0.25
49.7152963552184
45.0
211.89662812927668 417.2539987560492
3
177.8835927799934 417.2539987560492
0.25 0.25 0.25 0.25
34.01303534928329
45.0
351.2283611288157 286.831217510776
3
322.0614315684827 286.831217510776
0.25 0.25 0.25 0.25
29.16692956033301
45.0
10.409283050782818 251.98486802872415
1
10.409283050782818 253.69336117779784
0.25 0.25 0.25 0.25
1.708493149073692
45.0
455.5174021881891 421.26986683944097
0
455.5174021881891 405.12696543084
0.25 0.25 0.25 0.25
16.142901408600963
45.0
211.16095902652717 307.45052577063416
0
211.16095902652717 302.0780361415006
0.25 0.25 0.25 0.25
5.372489629133536
45.0
188.4015247847165 65.63107789542946
0
188.4015247847165 64.86264450262902
0.25 0.25 0.25 0.25
0.7684333928004272
45.0
253.51351206532283 376.8477833399242
1
253.51351206532283 382.0054103983695
0.25 0.25 0.25 0.25
5.157627058445291
45.0
431.21014934311194 44.54143508816792
1
431.21014934311194 81.08507701577966
0.25 0.25 0.25 0.25
36.54364192761174
45.0
485.2594040554378 387.28358464905375
0
485.2594040554378 338.2547710147666
0.25 0.25 0.25 0.25
49.02881363428715
45.0
485.2423121045539 371.6855516608331
3
438.0703011426307 371.6855516608331
0.25 0.25 0.25 0.25
47.17201096192322
45.0
244.22190336938095 497.3966693811953
3
209.79569577958085 497.3966693811953
0.25 0.25 0.25 0.25
34.42620758980009
45.0
282.5902339402568 82.78914314278866
1
282.5902339402568 101.83007074950586
0.25 0.25 0.25 0.25
19.0409276067172
45.0
131.9060371043061 281.0714910306473
0
131.9060371043061 236.61933541979516
0.25 0.25 0.25 0.25
44.45215561085211
45.0
379.849365553956 115.81485758496824
2
401.2428768362602 115.81485758496824
0.25 0.25 0.25 0.25
21.39351128230426
45.0
186.70760553070505 240.17282978918502
1
186.70760553070505 255.86625385210522
0.25 0.25 0.25 0.25
15.693424062920213
45.0
414.5680539335176 51.890757161644984
3
394.7189430988739 51.890757161644984
0.25 0.25 0.25 0.25
19.849110834643657
45.0
471.2739192575778 101.00495520938308
2
472.3178437512222 101.00495520938308
0.25 0.25 0.25 0.25
1.0439244936444048
45.0
297.8596622388844 278.9613623556812
0
297.8596622388844 276.28451145234715
0.25 0.25 0.25 0.25
2.676850903334099
45.0
420.3359911646163 401.2043029905111
2
452.1889474469492 401.2043029905111
0.25 0.25 0.25 0.25
31.852956282332883
45.0
322.601877567686 1.8600190000847476
1
322.601877567686 22.372604321122466
0.25 0.25 0.25 0.25
24.232623321207214
45.0
208.56374443571633 18.388596404620092
1
208.56374443571633 38.865448237900694
0.25 0.25 0.25 0.25
20.4768518332806
45.0
53.370224025183845 247.47334779315298
2
84.86161284146657 247.47334779315298
0.25 0.25 0.25 0.25
31.49138881628272
45.0
115.51871293225179 178.40147348709274
1
115.51871293225179 213.3783681891162
0.25 0.25 0.25 0.25
34.976894702023465
45.0
53.074279816762925 77.80481975742615
0
53.074279816762925 35.3837793198649
0.25 0.25 0.25 0.25
42.421040437561246
45.0
275.7079753418746 58.16175525062124
0
275.7079753418746 46.39348872398847
0.25 0.25 0.25 0.25
11.768266526632775
45.0
26.971956347088557 257.6895020198356
2
74.02941998140577 257.6895020198356
0.25 0.25 0.25 0.25
47.05746363431721
45.0
187.12288911662247 239.16322121467857
0
187.12288911662247 238.15132297659915
0.25 0.25 0.25 0.25
1.0118982380794228
45.0
145.16391115422138 126.36882442093679
0
145.16391115422138 112.6046346766797
0.25 0.25 0.25 0.25
13.764189744257093
45.0
133.6886361748078 401.3464244751158
0
133.6886361748078 360.53856061618967
0.25 0.25 0.25 0.25
40.807863858926105
45.0
440.6293460767503 436.81984401111475
2
470.4168097132076 436.81984401111475
0.25 0.25 0.25 0.25
29.78746363645728
45.0
61.28837607631402 142.2113729595065
3
11.948674937479268 142.2113729595065
0.25 0.25 0.25 0.25
49.339701138834755
45.0
414.9139965581471 33.22537807983366
0
414.9139965581471 15.378914827123111
0.25 0.25 0.25 0.25
17.84646325271055
45.0
429.7383584079696 194.83896778711932
3
397.56659565333644 194.83896778711932
0.25 0.25 0.25 0.25
32.171762754633136
45.0
