51598
282.1288176713981 407.4649608765616
0
282.1288176713981 314.2471153524415
0.25 0.25 0.25 0.25
93.2178455241201
45.0
421.68763297430576 487.5717511364186
0
421.68763297430576 368.9740260688094
0.25 0.25 0.25 0.25
118.59772506760922
45.0
423.0467080626495 373.3404987199915
3
446.11295076104204 373.3404987199915
0.25 0.25 0.25 0.25
130.8403411763085
45.0
400.0607291139233 234.13046178398815
2
411.91201418608455 234.13046178398815
0.25 0.25 0.25 0.25
11.851285072161255
45.0
56.54412922484442 29.669465113224724
2
102.38059616336187 29.669465113224724
0.25 0.25 0.25 0.25
45.836466938517454
45.0
321.3891797567611 89.54088425404638
3
271.6689882714837 89.54088425404638
0.25 0.25 0.25 0.25
49.72019148527736
45.0
144.5014863394954 430.37814072343053
0
144.5014863394954 428.74171595071857
0.25 0.25 0.25 0.25
1.6364247727119363
45.0
223.9737889273088 275.1770701250964
3
185.40967221731364 275.1770701250964
0.25 0.25 0.25 0.25
38.56411670999514
45.0
440.00022053128936 221.71497735487083
3
434.0981262083898 221.71497735487083
0.25 0.25 0.25 0.25
5.902094322899609
45.0
277.7786308831543 198.4189407020255
1
277.7786308831543 213.0877102900484
0.25 0.25 0.25 0.25
14.668769588022895
45.0
168.40826833041197 225.8179807401959
2
175.5881061713863 225.8179807401959
0.25 0.25 0.25 0.25
7.179837840974329
45.0
408.6642308744275 332.5023489132144
2
440.12794902150455 332.5023489132144
0.25 0.25 0.25 0.25
31.46371814707703
45.0
301.522400556515 432.62763547833094
3
283.52689812073606 432.62763547833094
0.25 0.25 0.25 0.25
17.995502435778903
45.0
64.85395658722682 128.16559383225965
0
64.85395658722682 117.48251422954881
0.25 0.25 0.25 0.25
10.683079602710832
45.0
212.31823051913 409.8707417834128
0
212.31823051913 360.1554454281944
0.25 0.25 0.25 0.25
49.7152963552184
45.0
245.90966347855996 451.2670341053325
2
279.92269882784325 451.2670341053325
0.25 0.25 0.25 0.25
34.01303534928329
45.0
292.8945020081497 345.16507663144205
0
292.8945020081497 315.99814707110903
0.25 0.25 0.25 0.25
29.16692956033301
45.0
8.700789901709125 253.69336117779784
1
8.700789901709125 255.40185432687153
0.25 0.25 0.25 0.25
1.708493149073692
45.0
471.6603035967901 405.12696543084
3
455.5174021881891 405.12696543084
0.25 0.25 0.25 0.25
16.142901408600963
45.0
216.5334486556607 291.3330568832335
2
221.90593828479422 291.3330568832335
0.25 0.25 0.25 0.25
5.372489629133536
45.0
187.63309139191608 67.93637807383075
2
188.4015247847165 67.93637807383075
0.25 0.25 0.25 0.25
0.7684333928004272
45.0
263.8287661822134 376.8477833399242
3
258.6711391237681 376.8477833399242
0.25 0.25 0.25 0.25
5.157627058445291
45.0
467.7537912707237 154.17236087100312
0
467.7537912707237 117.62871894339139
0.25 0.25 0.25 0.25
36.54364192761174
45.0
387.20177678686355 289.2259573804795
1
387.20177678686355 338.2547710147666
0.25 0.25 0.25 0.25
49.02881363428715
45.0
420.4136659715997 466.0295735846795
0
420.4136659715997 418.8575626227563
0.25 0.25 0.25 0.25
47.17201096192322
45.0
175.36948818978075 497.3966693811953
2
209.79569577958085 497.3966693811953
0.25 0.25 0.25 0.25
34.42620758980009
45.0
301.631161546974 63.748215536071456
0
301.631161546974 44.70728792935425
0.25 0.25 0.25 0.25
19.0409276067172
45.0
131.9060371043061 192.16717980894305
0
131.9060371043061 147.71502419809093
0.25 0.25 0.25 0.25
44.45215561085211
45.0
444.0298994008687 137.2083688672725
1
444.0298994008687 158.60188014957674
0.25 0.25 0.25 0.25
21.39351128230426
45.0
186.70760553070505 177.3991335375042
1
186.70760553070505 193.0925576004244
0.25 0.25 0.25 0.25
15.693424062920213
45.0
355.02072142958656 32.04164632700133
1
355.02072142958656 51.890757161644984
0.25 0.25 0.25 0.25
19.849110834643657
45.0
470.2299947639334 102.0488797030275
1
470.2299947639334 103.0928041966719
0.25 0.25 0.25 0.25
1.0439244936444048
45.0
297.8596622388844 278.9613623556812
1
297.8596622388844 281.6382132590153
0.25 0.25 0.25 0.25
2.676850903334099
45.0
324.77712231761757 369.3513467081782
2
356.6300785999505 369.3513467081782
0.25 0.25 0.25 0.25
31.852956282332883
45.0
322.601877567686 46.60522764232968
3
298.3692542464788 46.60522764232968
0.25 0.25 0.25 0.25
24.232623321207214
45.0
188.08689260243574 38.865448237900694
0
188.08689260243574 18.388596404620092
0.25 0.25 0.25 0.25
20.4768518332806
45.0
21.878835208901126 278.9647366094357
2
53.370224025183845 278.9647366094357
0.25 0.25 0.25 0.25
31.49138881628272
45.0
10.5880288261814 213.3783681891162
0
10.5880288261814 178.40147348709274
0.25 0.25 0.25 0.25
34.976894702023465
45.0
74.18884149592081 35.3837793198649
3
31.767801058359566 35.3837793198649
0.25 0.25 0.25 0.25
42.421040437561246
45.0
252.17144228860906 34.6252221973557
1
252.17144228860906 46.39348872398847
0.25 0.25 0.25 0.25
11.768266526632775
45.0
26.971956347088557 257.6895020198356
2
20.08550728722865 257.6895020198356
0.25 0.25 0.25 0.25
47.05746363431721
45.0
189.14668559278132 239.16322121467857
2
190.15858383086075 239.16322121467857
0.25 0.25 0.25 0.25
1.0118982380794228
45.0
117.63553166570719 98.8404449324226
1
117.63553166570719 112.6046346766797
0.25 0.25 0.25 0.25
13.764189744257093
45.0
174.49650003373392 360.53856061618967
3
133.6886361748078 360.53856061618967
0.25 0.25 0.25 0.25
40.807863858926105
45.0
381.05441880383574 496.39477128402933
2
410.84188244029303 496.39477128402933
0.25 0.25 0.25 0.25
29.78746363645728
45.0
110.62807721514878 5.807730456997774
1
110.62807721514878 43.53197068183698
0.25 0.25 0.25 0.25
49.339701138834755
45.0
432.7604598108577 15.378914827123111
1
432.7604598108577 33.22537807983366
0.25 0.25 0.25 0.25
17.84646325271055
45.0
461.91012116260276 162.66720503248618
3
429.7383584079696 162.66720503248618
0.25 0.25 0.25 0.25
32.171762754633136
45.0
