51598
327.9708570039645 118.07845396567393
1
327.9708570039645 211.29629948979402
0.25 0.25 0.25 0.25
93.2178455241201
45.0
270.76725560798343 368.9740260688094
3
152.1695305403742 368.9740260688094
0.25 0.25 0.25 0.25
118.59772506760922
45.0
296.61691547454325 28.508371864029158
3
165.77657429823475 28.508371864029158
0.25 0.25 0.25 0.25
130.8403411763085
45.0
469.57513509230284 80.06375584589176
3
457.7238500201416 80.06375584589176
0.25 0.25 0.25 0.25
11.851285072161255
45.0
294.1287365648156 433.79539491249784
2
339.96520350333304 433.79539491249784
0.25 0.25 0.25 0.25
45.836466938517454
45.0
275.2531180665671 393.4582034601631
0
275.2531180665671 343.7380119748857
0.25 0.25 0.25 0.25
49.72019148527736
45.0
133.04651293051185 409.10461867817503
2
134.68293770322379 409.10461867817503
0.25 0.25 0.25 0.25
1.6364247727119363
45.0
267.87197455705086 241.94702233484813
3
229.30785784705571 241.94702233484813
0.25 0.25 0.25 0.25
38.56411670999514
45.0
388.83904410462264 381.0715240731598
0
388.83904410462264 375.16942975026024
0.25 0.25 0.25 0.25
5.902094322899609
45.0
99.22972781243593 244.16781495310494
3
84.56095822441303 244.16781495310494
0.25 0.25 0.25 0.25
14.668769588022895
45.0
491.50097117425594 261.71716994506755
1
491.50097117425594 268.89700778604185
0.25 0.25 0.25 0.25
7.179837840974329
45.0
301.3233250954142 482.9819589421345
0
301.3233250954142 451.51824079505747
0.25 0.25 0.25 0.25
31.46371814707703
45.0
104.62601906278078 233.20595464548876
0
104.62601906278078 215.21045220970984
0.25 0.25 0.25 0.25
17.995502435778903
45.0
74.02607824801402 177.37150919099514
1
74.02607824801402 188.05458879370596
0.25 0.25 0.25 0.25
10.683079602710832
45.0
378.54633827168084 50.475521505620264
3
328.8310419164624 50.475521505620264
0.25 0.25 0.25 0.25
49.7152963552184
45.0
198.2746532584922 471.6580945838316
2
232.2876886077755 471.6580945838316
0.25 0.25 0.25 0.25
34.01303534928329
45.0
388.7196856378262 124.34777981175588
3
359.5527560774932 124.34777981175588
0.25 0.25 0.25 0.25
29.16692956033301
45.0
122.85318257696503 320.32459399167277
3
121.14468942789134 320.32459399167277
0.25 0.25 0.25 0.25
1.708493149073692
45.0
373.94300781192527 46.874274009986706
0
373.94300781192527 30.731372601385743
0.25 0.25 0.25 0.25
16.142901408600963
45.0
109.08365607299015 65.68849245962508
2
114.45614570212369 65.68849245962508
0.25 0.25 0.25 0.25
5.372489629133536
45.0
209.14922639032818 69.47324485943162
3
208.38079299752775 69.47324485943162
0.25 0.25 0.25 0.25
0.7684333928004272
45.0
284.4592744159947 418.1087998074867
3
279.30164735754937 418.1087998074867
0.25 0.25 0.25 0.25
5.157627058445291
45.0
422.615282946441 55.18918467602134
2
459.1589248740528 55.18918467602134
0.25 0.25 0.25 0.25
36.54364192761174
45.0
122.51008687026528 377.75370618528325
1
122.51008687026528 426.7825198195704
0.25 0.25 0.25 0.25
49.02881363428715
45.0
324.95073961955916 3.6972337650599485
1
324.95073961955916 50.86924472698317
0.25 0.25 0.25 0.25
47.17201096192322
45.0
311.5173577548131 82.64219840779674
3
277.091150165013 82.64219840779674
0.25 0.25 0.25 0.25
34.42620758980009
45.0
158.4729038492484 488.4386850587276
3
139.43197624253122 488.4386850587276
0.25 0.25 0.25 0.25
19.0409276067172
45.0
490.7711439359685 74.89275634451468
3
464.7767004531794 74.89275634451468
0.25 0.25 0.25 0.25
44.45215561085211
45.0
379.3269800723976 356.6385119586147
1
379.3269800723976 378.03202324091893
0.25 0.25 0.25 0.25
21.39351128230426
45.0
249.48130178238586 365.7202222925466
2
265.17472584530606 365.7202222925466
0.25 0.25 0.25 0.25
15.693424062920213
45.0
208.53248731926416 432.0323611376196
1
208.53248731926416 451.8814719722633
0.25 0.25 0.25 0.25
19.849110834643657
45.0
439.9561844482459 30.018089641563357
0
439.9561844482459 28.974165147918953
0.25 0.25 0.25 0.25
1.0439244936444048
45.0
346.0429784988977 300.3761695823538
3
343.3661275955636 300.3761695823538
0.25 0.25 0.25 0.25
2.676850903334099
45.0
261.1344460120546 222.3823310822017
2
292.9874022943875 222.3823310822017
0.25 0.25 0.25 0.25
31.852956282332883
45.0
346.8345008888932 396.04443596990467
3
322.601877567686 396.04443596990467
0.25 0.25 0.25 0.25
24.232623321207214
45.0
420.06374243002057 326.3521449304009
3
399.58689059674 326.3521449304009
0.25 0.25 0.25 0.25
20.4768518332806
45.0
104.08672005622985 350.86303971621874
1
104.08672005622985 382.35442853250146
0.25 0.25 0.25 0.25
31.49138881628272
45.0
46.731756608540074 402.5927880579138
2
81.70865131056354 402.5927880579138
0.25 0.25 0.25 0.25
34.976894702023465
45.0
243.8730032461658 219.1424633055026
2
286.29404368372707 219.1424633055026
0.25 0.25 0.25 0.25
42.421040437561246
45.0
393.3906406082023 459.6419719212208
0
393.3906406082023 447.873705394588
0.25 0.25 0.25 0.25
11.768266526632775
45.0
255.37282545881467 257.6895020198356
2
302.4302890931319 257.6895020198356
0.25 0.25 0.25 0.25
47.05746363431721
45.0
229.62261511595833 287.734336642491
1
229.62261511595833 288.7462348805704
0.25 0.25 0.25 0.25
1.0118982380794228
45.0
249.2117400984674 66.32983199866248
2
262.9759298427245 66.32983199866248
0.25 0.25 0.25 0.25
13.764189744257093
45.0
399.56175762675866 68.15134535884471
3
358.75389376783255 68.15134535884471
0.25 0.25 0.25 0.25
40.807863858926105
45.0
108.31876301902845 444.0303014430561
0
108.31876301902845 414.2428378065988
0.25 0.25 0.25 0.25
29.78746363645728
45.0
50.59700342466033 351.185638428841
1
50.59700342466033 400.52533956767576
0.25 0.25 0.25 0.25
49.339701138834755
45.0
335.2355179039048 319.9649058196196
0
335.2355179039048 302.11844256690904
0.25 0.25 0.25 0.25
17.84646325271055
45.0
14.180797204111059 36.655508620325975
2
17.990965550522077 36.655508620325975
0.25 0.25 0.25 0.25
32.171762754633136
45.0
