51598
19.504224327194834 0.5356923237671936
2
112.72206985131493 0.5356923237671936
0.25 0.25 0.25 0.25
93.2178455241201
45.0
17.64639398636129 199.1581015420738
2
100.95133108124793 199.1581015420738
0.25 0.25 0.25 0.25
118.59772506760922
45.0
451.030249227935 279.89503989905575
3
418.12940959575656 279.89503989905575
0.25 0.25 0.25 0.25
130.8403411763085
45.0
305.2504485366332 293.38688714479446
1
305.2504485366332 305.2381722169557
0.25 0.25 0.25 0.25
11.851285072161255
45.0
164.23593282035893 387.9589279739804
1
164.23593282035893 433.79539491249784
0.25 0.25 0.25 0.25
45.836466938517454
45.0
271.66898827148384 109.33988168706318
0
271.66898827148384 59.61969020178582
0.25 0.25 0.25 0.25
49.72019148527736
45.0
155.95645974847892 430.37814072343053
0
155.95645974847892 428.74171595071857
0.25 0.25 0.25 0.25
1.6364247727119363
45.0
307.92274163300283 393.5364547149552
3
269.3586249230077 393.5364547149552
0.25 0.25 0.25 0.25
38.56411670999514
45.0
400.6432327504218 386.9736183960594
2
406.5453270733214 386.9736183960594
0.25 0.25 0.25 0.25
5.902094322899609
45.0
179.47689435999905 156.15519742496764
2
194.14566394802193 156.15519742496764
0.25 0.25 0.25 0.25
14.668769588022895
45.0
383.8034035596414 89.40106176168365
3
376.6235657186671 89.40106176168365
0.25 0.25 0.25 0.25
7.179837840974329
45.0
175.46845250710606 422.62688661663435
2
206.9321706541831 422.62688661663435
0.25 0.25 0.25 0.25
31.46371814707703
45.0
165.30651747390277 162.6950989416472
3
147.31101503812386 162.6950989416472
0.25 0.25 0.25 0.25
17.995502435778903
45.0
11.438558573672639 166.68842958828432
2
22.12163817638347 166.68842958828432
0.25 0.25 0.25 0.25
10.683079602710832
45.0
428.26163462689925 154.07973681088515
1
428.26163462689925 203.79503316610356
0.25 0.25 0.25 0.25
49.7152963552184
45.0
447.9730183778904 267.5798824881317
1
447.9730183778904 301.59291783741503
0.25 0.25 0.25 0.25
34.01303534928329
45.0
447.05354475849225 429.8238818345714
0
447.05354475849225 400.6569522742384
0.25 0.25 0.25 0.25
29.16692956033301
45.0
100.64277163900707 303.2396625009356
1
100.64277163900707 304.9481556500093
0.25 0.25 0.25 0.25
1.708493149073692
45.0
454.65751485493 114.55474007602292
1
454.65751485493 130.6976414846239
0.25 0.25 0.25 0.25
16.142901408600963
45.0
125.20112496039077 162.3933057840287
0
125.20112496039077 157.0208161548952
0.25 0.25 0.25 0.25
5.372489629133536
45.0
219.90729388953423 94.83154682184588
0
219.90729388953423 94.06311342904544
0.25 0.25 0.25 0.25
0.7684333928004272
45.0
191.6219873639794 423.26642686593203
3
186.46436030553411 423.26642686593203
0.25 0.25 0.25 0.25
5.157627058445291
45.0
29.23008813938278 470.4909138342334
2
65.77373006699452 470.4909138342334
0.25 0.25 0.25 0.25
36.54364192761174
45.0
220.56771413883956 113.18591069959034
3
171.53890050455243 113.18591069959034
0.25 0.25 0.25 0.25
49.02881363428715
45.0
372.12275058148236 41.48147492737061
1
372.12275058148236 88.65348588929383
0.25 0.25 0.25 0.25
47.17201096192322
45.0
275.36815116758606 117.06840599759684
2
309.79435875738614 117.06840599759684
0.25 0.25 0.25 0.25
34.42620758980009
45.0
101.35012102909681 259.94755377812095
2
120.39104863581402 259.94755377812095
0.25 0.25 0.25 0.25
19.0409276067172
45.0
335.36210054215866 369.62879976400643
1
335.36210054215866 414.08095537485855
0.25 0.25 0.25 0.25
44.45215561085211
45.0
428.1314183868642 370.74087163972985
3
406.73790710455995 370.74087163972985
0.25 0.25 0.25 0.25
21.39351128230426
45.0
296.56157397114646 320.41129644904936
0
296.56157397114646 304.71787238612916
0.25 0.25 0.25 0.25
15.693424062920213
45.0
247.9970618775399 448.8729738545183
0
247.9970618775399 429.0238630198746
0.25 0.25 0.25 0.25
19.849110834643657
45.0
433.6926374863795 14.359222236897295
1
433.6926374863795 15.4031467305417
0.25 0.25 0.25 0.25
1.0439244936444048
45.0
354.0735312088999 353.9131876490352
3
351.39668030556584 353.9131876490352
0.25 0.25 0.25 0.25
2.676850903334099
45.0
292.9874022943875 331.6762809651376
2
324.8403585767204 331.6762809651376
0.25 0.25 0.25 0.25
31.852956282332883
45.0
322.601877567686 70.83785096353695
2
346.8345008888932 70.83785096353695
0.25 0.25 0.25 0.25
24.232623321207214
45.0
112.91096493081169 285.39844126383974
3
92.43411309753108 285.39844126383974
0.25 0.25 0.25 0.25
20.4768518332806
45.0
179.33577929031463 161.91470681852235
1
179.33577929031463 193.40609563480507
0.25 0.25 0.25 0.25
31.49138881628272
45.0
116.68554601258697 367.61589335589036
3
81.70865131056351 367.61589335589036
0.25 0.25 0.25 0.25
34.976894702023465
45.0
416.7586732533441 449.352635994779
1
416.7586732533441 491.77367643234027
0.25 0.25 0.25 0.25
42.421040437561246
45.0
275.7079753418746 293.224431019491
1
275.7079753418746 304.9926975461238
0.25 0.25 0.25 0.25
11.768266526632775
45.0
121.086883615723 412.9082525399438
2
168.1443472500402 412.9082525399438
0.25 0.25 0.25 0.25
47.05746363431721
45.0
206.34895564013155 287.734336642491
2
207.36085387821097 287.734336642491
0.25 0.25 0.25 0.25
1.0118982380794228
45.0
111.56984265589645 80.09402174291958
3
97.80565291163936 80.09402174291958
0.25 0.25 0.25 0.25
13.764189744257093
45.0
256.5268986642069 7.146885026765901
3
215.71903480528078 7.146885026765901
0.25 0.25 0.25 0.25
40.807863858926105
45.0
495.5557902929732 86.58073780556865
3
465.7683266565159 86.58073780556865
0.25 0.25 0.25 0.25
29.78746363645728
45.0
196.10150226951345 449.8650407065105
2
245.4412034083482 449.8650407065105
0.25 0.25 0.25 0.25
49.339701138834755
45.0
272.1422905364625 233.873512862616
0
272.1422905364625 216.02704960990545
0.25 0.25 0.25 0.25
17.84646325271055
45.0
342.3839477032259 188.54683066210598
1
342.3839477032259 220.7185934167391
0.25 0.25 0.25 0.25
32.171762754633136
45.0
