51598
70.2968258578369 406.09934807519824
2
22.9210196662832 406.09934807519824
0.25 0.25 0.25 0.25
93.2178455241201
45.0
103.92146675525743 156.63507366075382
0
103.92146675525743 38.0373485931446
0.25 0.25 0.25 0.25
118.59772506760922
45.0
6.869197821648726 280.86120716155096
2
123.97114335465977 280.86120716155096
0.25 0.25 0.25 0.25
130.8403411763085
45.0
222.29145303150437 139.32018120669807
1
222.29145303150437 151.17146627885933
0.25 0.25 0.25 0.25
11.851285072161255
45.0
56.54412922484442 99.43766305494376
2
102.38059616336187 99.43766305494376
0.25 0.25 0.25 0.25
45.836466938517454
45.0
23.06803084509695 164.65624346679311
2
72.78822233037431 164.65624346679311
0.25 0.25 0.25 0.25
49.72019148527736
45.0
110.13656611254478 420.55959208715876
0
110.13656611254478 418.9231673144468
0.25 0.25 0.25 0.25
1.6364247727119363
45.0
236.12857713275943 69.23294580498643
3
197.56446042276428 69.23294580498643
0.25 0.25 0.25 0.25
38.56411670999514
45.0
475.4127864686869 204.00869438617198
1
475.4127864686869 209.9107887090716
0.25 0.25 0.25 0.25
5.902094322899609
45.0
106.13304641988461 125.07509276191108
2
120.8018160079075 125.07509276191108
0.25 0.25 0.25 0.25
14.668769588022895
45.0
189.94778185333502 3.936830170982631
3
182.7679440123607 3.936830170982631
0.25 0.25 0.25 0.25
7.179837840974329
45.0
434.0171783901873 458.35722150152253
0
434.0171783901873 426.8935033544455
0.25 0.25 0.25 0.25
31.46371814707703
45.0
68.63501419122298 387.4173401638799
1
68.63501419122298 405.4128425996588
0.25 0.25 0.25 0.25
17.995502435778903
45.0
171.68475261433508 288.4745106734627
2
182.3678322170459 288.4745106734627
0.25 0.25 0.25 0.25
10.683079602710832
45.0
218.0123034147619 43.26099830918466
1
218.0123034147619 6.454298046033742
0.25 0.25 0.25 0.25
49.7152963552184
45.0
279.9226988278432 92.94153148320024
0
279.9226988278432 58.928496133916944
0.25 0.25 0.25 0.25
34.01303534928329
45.0
407.11180743984266 92.3388667735532
3
377.94487787950965 92.3388667735532
0.25 0.25 0.25 0.25
29.16692956033301
45.0
34.32818713781451 257.1103474759452
3
32.61969398874082 257.1103474759452
0.25 0.25 0.25 0.25
1.708493149073692
45.0
335.48476683325765 292.1266555706334
3
319.3418654246567 292.1266555706334
0.25 0.25 0.25 0.25
16.142901408600963
45.0
173.5535316225925 242.9806502210316
0
173.5535316225925 237.60816059189807
0.25 0.25 0.25 0.25
5.372489629133536
45.0
193.0121251415191 86.37877950104112
2
193.78055853431954 86.37877950104112
0.25 0.25 0.25 0.25
0.7684333928004272
45.0
299.9321555913306 480.0003245088305
2
305.08978264977594 480.0003245088305
0.25 0.25 0.25 0.25
5.157627058445291
45.0
80.40083764345243 446.5214962918971
2
116.94447957106416 446.5214962918971
0.25 0.25 0.25 0.25
36.54364192761174
45.0
191.08652224971502 113.18591069959037
0
191.08652224971502 64.15709706530322
0.25 0.25 0.25 0.25
49.02881363428715
45.0
14.641106913515898 156.59433871993485
2
32.53090404840732 156.59433871993485
0.25 0.25 0.25 0.25
47.17201096192322
45.0
306.5974180674205 256.4132162525948
1
306.5974180674205 290.83942384239487
0.25 0.25 0.25 0.25
34.42620758980009
45.0
431.79585195898494 298.0294089915554
0
431.79585195898494 278.98848138483817
0.25 0.25 0.25 0.25
19.0409276067172
45.0
153.95861366555965 141.0504860282752
1
153.95861366555965 185.50264163912732
0.25 0.25 0.25 0.25
44.45215561085211
45.0
85.83523786999618 499.1019393335553
3
64.44172658769192 499.1019393335553
0.25 0.25 0.25 0.25
21.39351128230426
45.0
406.41554241158786 152.16277178382023
3
390.72211834866766 152.16277178382023
0.25 0.25 0.25 0.25
15.693424062920213
45.0
335.1716105949429 7.656575342285983
1
335.1716105949429 12.192535492357674
0.25 0.25 0.25 0.25
19.849110834643657
45.0
416.98984558806916 68.64329590640634
2
418.03377008171356 68.64329590640634
0.25 0.25 0.25 0.25
1.0439244936444048
45.0
343.3661275955636 289.6687659690175
2
346.0429784988977 289.6687659690175
0.25 0.25 0.25 0.25
2.676850903334099
45.0
229.21825347061886 133.8222974841677
1
229.21825347061886 165.6752537665006
0.25 0.25 0.25 0.25
31.852956282332883
45.0
210.51583549887255 26.092642321291905
3
186.28321217766535 26.092642321291905
0.25 0.25 0.25 0.25
24.232623321207214
45.0
320.46866339883 264.11081840398725
2
340.9455152321106 264.11081840398725
0.25 0.25 0.25 0.25
20.4768518332806
45.0
167.0694976887952 256.3888732673705
2
198.56088650507792 256.3888732673705
0.25 0.25 0.25 0.25
31.49138881628272
45.0
485.93460829582943 416.2057364473061
3
450.957713593806 416.2057364473061
0.25 0.25 0.25 0.25
34.976894702023465
45.0
56.08387099445068 59.699849255956025
3
13.662830556889432 59.699849255956025
0.25 0.25 0.25 0.25
42.421040437561246
45.0
488.92669412546996 353.7275731815258
0
488.92669412546996 341.95930665489306
0.25 0.25 0.25 0.25
11.768266526632775
45.0
349.4877527274491 116.51711111688397
2
396.54521636176634 116.51711111688397
0.25 0.25 0.25 0.25
47.05746363431721
45.0
168.90872083119282 246.24650888123455
1
168.90872083119282 247.25840711931397
0.25 0.25 0.25 0.25
1.0118982380794228
45.0
461.74027527213417 203.97172944123346
0
461.74027527213417 190.20753969697637
0.25 0.25 0.25 0.25
13.764189744257093
45.0
335.39446274653204 258.3115655125641
0
335.39446274653204 217.50370165363796
0.25 0.25 0.25 0.25
40.807863858926105
45.0
410.84188244029303 205.73059235139777
2
440.6293460767503 205.73059235139777
0.25 0.25 0.25 0.25
29.78746363645728
45.0
334.39883621709765 140.62085665019714
1
334.39883621709765 189.9605577890319
0.25 0.25 0.25 0.25
49.339701138834755
45.0
325.68168029459423 355.0597744768322
1
325.68168029459423 372.9062377295428
0.25 0.25 0.25 0.25
17.84646325271055
45.0
105.3453762552657 294.0296106573911
2
137.51713900989884 294.0296106573911
0.25 0.25 0.25 0.25
32.171762754633136
45.0
