51598
256.7325169060771 312.88150255107814
2
349.9503624301972 312.88150255107814
0.25 0.25 0.25 0.25
93.2178455241201
45.0
184.49218283908735 436.3535516772922
3
65.89445777147813 436.3535516772922
0.25 0.25 0.25 0.25
118.59772506760922
45.0
221.8271507637978 196.74359539571034
2
352.6674919401063 196.74359539571034
0.25 0.25 0.25 0.25
130.8403411763085
45.0
257.84530824798816 328.94074236127824
0
257.84530824798816 317.089457289117
0.25 0.25 0.25 0.25
11.851285072161255
45.0
218.4746724062603 53.6011961164263
3
172.63820546774286 53.6011961164263
0.25 0.25 0.25 0.25
45.836466938517454
45.0
23.06803084509695 387.8620331657105
2
72.78822233037431 387.8620331657105
0.25 0.25 0.25 0.25
49.72019148527736
45.0
118.31868997610445 420.55959208715876
1
118.31868997610445 422.1960168598707
0.25 0.25 0.25 0.25
1.6364247727119363
45.0
185.4096722173137 313.7411868350915
2
223.97378892730885 313.7411868350915
0.25 0.25 0.25 0.25
38.56411670999514
45.0
430.15370436491975 233.51916600067005
2
436.05579868781933 233.51916600067005
0.25 0.25 0.25 0.25
5.902094322899609
45.0
267.48951188813635 21.612603118317885
1
267.48951188813635 36.28137270634078
0.25 0.25 0.25 0.25
14.668769588022895
45.0
204.30745753528362 60.68171039778633
3
197.1276196943093 60.68171039778633
0.25 0.25 0.25 0.25
7.179837840974329
45.0
339.62602394895623 395.42978520736847
0
339.62602394895623 363.96606706029144
0.25 0.25 0.25 0.25
31.46371814707703
45.0
356.5630531636856 450.62313791410986
3
338.5675507279067 450.62313791410986
0.25 0.25 0.25 0.25
17.995502435778903
45.0
96.9031953953593 117.5452370300895
1
96.9031953953593 128.22831663280033
0.25 0.25 0.25 0.25
10.683079602710832
45.0
85.97354761218038 192.40688737483987
1
85.97354761218038 242.12218373005828
0.25 0.25 0.25 0.25
49.7152963552184
45.0
484.0009109235431 77.12364526321625
3
481.9860537271736 77.12364526321625
0.25 0.25 0.25 0.25
34.01303534928329
45.0
115.4425118365125 179.8396554545522
2
144.6094413968455 179.8396554545522
0.25 0.25 0.25 0.25
29.16692956033301
45.0
5.283803603561742 246.85938858150308
2
6.992296752635434 246.85938858150308
0.25 0.25 0.25 0.25
1.708493149073692
45.0
190.1986541558491 195.26924711902768
1
190.1986541558491 211.41214852762863
0.25 0.25 0.25 0.25
16.142901408600963
45.0
211.16095902652717 232.23567096276454
3
205.78846939739364 232.23567096276454
0.25 0.25 0.25 0.25
5.372489629133536
45.0
207.61235960472732 78.6944455730368
2
208.38079299752775 78.6944455730368
0.25 0.25 0.25 0.25
0.7684333928004272
45.0
341.19317205889314 382.0054103983695
1
341.19317205889314 387.16303745681483
0.25 0.25 0.25 0.25
5.157627058445291
45.0
153.4881214986759 297.67301021482064
2
190.03176342628763 297.67301021482064
0.25 0.25 0.25 0.25
36.54364192761174
45.0
73.60516766688355 14.476802889013797
1
73.60516766688355 34.55201074527335
0.25 0.25 0.25 0.25
49.02881363428715
45.0
486.361216532748 298.1103716057045
3
466.4667725053288 298.1103716057045
0.25 0.25 0.25 0.25
47.17201096192322
45.0
237.7450028878204 359.691839021995
0
237.7450028878204 325.26563143219494
0.25 0.25 0.25 0.25
34.42620758980009
45.0
301.631161546974 88.57920531766617
1
301.631161546974 107.62013292438337
0.25 0.25 0.25 0.25
19.0409276067172
45.0
357.06767461506706 52.146174806570976
1
357.06767461506706 96.59833041742309
0.25 0.25 0.25 0.25
44.45215561085211
45.0
171.4092829992132 94.42134630266398
0
171.4092829992132 73.02783502035972
0.25 0.25 0.25 0.25
21.39351128230426
45.0
453.49581460034847 214.93646803550104
3
437.80239053742827 214.93646803550104
0.25 0.25 0.25 0.25
15.693424062920213
45.0
216.07694558708087 12.19253549235766
1
216.07694558708087 7.656575342285997
0.25 0.25 0.25 0.25
19.849110834643657
45.0
453.52720286562305 89.52178577929456
1
453.52720286562305 90.56571027293897
0.25 0.25 0.25 0.25
1.0439244936444048
45.0
295.18281133555035 292.34561687235157
1
295.18281133555035 295.02246777568564
0.25 0.25 0.25 0.25
2.676850903334099
45.0
101.80642834128733 38.263428637169056
3
69.95347205895445 38.263428637169056
0.25 0.25 0.25 0.25
31.852956282332883
45.0
113.58534221404373 98.79051228491355
2
137.81796553525095 98.79051228491355
0.25 0.25 0.25 0.25
24.232623321207214
45.0
381.8992188986718 141.2497074043037
3
361.4223670653912 141.2497074043037
0.25 0.25 0.25 0.25
20.4768518332806
45.0
486.5252253320949 374.62998641145435
3
481.9833858516224 374.62998641145435
0.25 0.25 0.25 0.25
31.49138881628272
45.0
409.13470759810014 66.43678942707152
0
409.13470759810014 31.459894725048052
0.25 0.25 0.25 0.25
34.976894702023465
45.0
98.50491143201192 261.56350374306385
3
56.08387099445068 261.56350374306385
0.25 0.25 0.25 0.25
42.421040437561246
45.0
275.7079753418746 294.88624054836197
0
275.7079753418746 283.1179740217292
0.25 0.25 0.25 0.25
11.768266526632775
45.0
302.4302890931319 457.71262023644294
3
255.37282545881465 457.71262023644294
0.25 0.25 0.25 0.25
47.05746363431721
45.0
184.0871944023842 248.2703053573934
1
184.0871944023842 249.28220359547282
0.25 0.25 0.25 0.25
1.0118982380794228
45.0
296.56999834104937 80.09402174291961
3
282.8058085967923 80.09402174291961
0.25 0.25 0.25 0.25
13.764189744257093
45.0
274.3900024144532 272.1906646534753
1
274.3900024144532 312.99852851240144
0.25 0.25 0.25 0.25
40.807863858926105
45.0
470.4168097132076 354.6679105336842
3
440.6293460767503 354.6679105336842
0.25 0.25 0.25 0.25
29.78746363645728
45.0
172.2041523945548 204.7570513216462
1
172.2041523945548 254.09675246048096
0.25 0.25 0.25 0.25
49.339701138834755
45.0
495.8536871783 305.8574237216668
0
495.8536871783 288.0109604689562
0.25 0.25 0.25 0.25
17.84646325271055
45.0
409.4028278188646 159.0504225138452
0
409.4028278188646 126.87865975921207
0.25 0.25 0.25 0.25
32.171762754633136
45.0
