51598
344.9998002321215 432.8612616418826
2
438.2176457562416 432.8612616418826
0.25 0.25 0.25 0.25
93.2178455241201
45.0
187.46231851309687 496.26692271422496
0
187.46231851309687 385.13535221816585
0.25 0.25 0.25 0.25
118.59772506760922
45.0
217.41660217559556 158.3825457778424
0
217.41660217559556 27.54220460153391
0.25 0.25 0.25 0.25
130.8403411763085
45.0
317.10173360879446 400.0484527942458
0
317.10173360879446 388.19716772208454
0.25 0.25 0.25 0.25
11.851285072161255
45.0
126.80173852922539 258.851799805812
2
172.63820546774284 258.851799805812
0.25 0.25 0.25 0.25
45.836466938517454
45.0
376.7055415364912 95.13705454849895
1
376.7055415364912 144.8572460337763
0.25 0.25 0.25 0.25
49.72019148527736
45.0
111.77299088525672 392.7403709510554
3
110.13656611254478 392.7403709510554
0.25 0.25 0.25 0.25
1.6364247727119363
45.0
2.076842412915127 223.48941264496702
1
2.076842412915127 262.05352935496217
0.25 0.25 0.25 0.25
38.56411670999514
45.0
422.2939375625906 292.54010922966603
1
422.2939375625906 298.4422035525656
0.25 0.25 0.25 0.25
5.902094322899609
45.0
260.58619328068767 403.78171493434587
2
275.25496286871055 403.78171493434587
0.25 0.25 0.25 0.25
14.668769588022895
45.0
283.2856737860012 25.47634369390562
2
290.4655116269755 25.47634369390562
0.25 0.25 0.25 0.25
7.179837840974329
45.0
132.32974825719924 478.7153422043234
0
132.32974825719924 489.82093964859956
0.25 0.25 0.25 0.25
31.46371814707703
45.0
158.6125263701175 477.39485234277447
2
176.60802880589642 477.39485234277447
0.25 0.25 0.25 0.25
17.995502435778903
45.0
289.1986282441542 465.8146584641878
1
289.1986282441542 476.49773806689865
0.25 0.25 0.25 0.25
10.683079602710832
45.0
173.99107995517534 6.454298046033713
2
223.70637631039375 6.454298046033713
0.25 0.25 0.25 0.25
49.7152963552184
45.0
434.351043507106 263.00670822961666
0
434.351043507106 228.99367288033338
0.25 0.25 0.25 0.25
34.01303534928329
45.0
417.88661519815923 82.66271058844484
2
447.05354475849225 82.66271058844484
0.25 0.25 0.25 0.25
29.16692956033301
45.0
42.870652883182956 279.32075841390355
0
42.870652883182956 277.61226526482983
0.25 0.25 0.25 0.25
1.708493149073692
45.0
254.7702597902529 465.7298233003524
1
254.7702597902529 481.87272470895334
0.25 0.25 0.25 0.25
16.142901408600963
45.0
264.8858553178625 173.13828504229576
1
264.8858553178625 178.5107746714293
0.25 0.25 0.25 0.25
5.372489629133536
45.0
186.86465799911565 95.59998021464631
2
187.63309139191608 95.59998021464631
0.25 0.25 0.25 0.25
0.7684333928004272
45.0
294.7745285328853 464.52744333349455
0
294.7745285328853 459.36981627504923
0.25 0.25 0.25 0.25
5.157627058445291
45.0
349.5279990912175 81.08507701577966
0
349.5279990912175 44.54143508816792
0.25 0.25 0.25 0.25
36.54364192761174
45.0
357.5966904668336 162.21472433387754
1
357.5966904668336 211.24353796816467
0.25 0.25 0.25 0.25
49.02881363428715
45.0
230.60671769571275 409.46979282314373
2
277.77872865763595 409.46979282314373
0.25 0.25 0.25 0.25
47.17201096192322
45.0
209.79569577958094 221.9870086627947
1
209.79569577958094 256.4132162525948
0.25 0.25 0.25 0.25
34.42620758980009
45.0
374.6730691388333 393.2340470251415
1
374.6730691388333 412.2749746318587
0.25 0.25 0.25 0.25
19.0409276067172
45.0
335.0150980538136 369.9758022523515
1
335.0150980538136 414.42795786320363
0.25 0.25 0.25 0.25
44.45215561085211
45.0
107.22874915230044 477.7084280512511
3
85.83523786999618 477.7084280512511
0.25 0.25 0.25 0.25
21.39351128230426
45.0
390.72211834866766 73.69565146921917
1
390.72211834866766 89.38907553213939
0.25 0.25 0.25 0.25
15.693424062920213
45.0
374.86983226423024 126.75124035014792
3
355.02072142958656 126.75124035014792
0.25 0.25 0.25 0.25
19.849110834643657
45.0
424.29731704357994 61.33582445089548
0
424.29731704357994 60.291899957251076
0.25 0.25 0.25 0.25
1.0439244936444048
45.0
316.5976185622229 289.6687659690175
3
313.92076765888885 289.6687659690175
0.25 0.25 0.25 0.25
2.676850903334099
45.0
229.21825347061883 197.5282100488335
3
197.36529718828595 197.5282100488335
0.25 0.25 0.25 0.25
31.852956282332883
45.0
380.14419874732295 1.8600190000846908
1
380.14419874732295 22.372604321122523
0.25 0.25 0.25 0.25
24.232623321207214
45.0
191.45263243318493 469.69010776336506
1
191.45263243318493 490.16695959664565
0.25 0.25 0.25 0.25
20.4768518332806
45.0
203.10272598555042 130.42331800223963
0
203.10272598555042 98.9319291859569
0.25 0.25 0.25 0.25
31.49138881628272
45.0
485.93460829582943 276.29815763921226
3
450.957713593806 276.29815763921226
0.25 0.25 0.25 0.25
34.976894702023465
45.0
13.662830556889446 406.93159555721775
2
56.08387099445069 406.93159555721775
0.25 0.25 0.25 0.25
42.421040437561246
45.0
324.17096275261116 283.1179740217292
2
335.93922927924393 283.1179740217292
0.25 0.25 0.25 0.25
11.768266526632775
45.0
349.4877527274491 304.7469656541528
2
396.54521636176634 304.7469656541528
0.25 0.25 0.25 0.25
47.05746363431721
45.0
169.92061906927225 245.23461064315512
3
168.90872083119282 245.23461064315512
0.25 0.25 0.25 0.25
1.0118982380794228
45.0
337.86256757382057 80.09402174291958
3
324.0983778295635 80.09402174291958
0.25 0.25 0.25 0.25
13.764189744257093
45.0
90.54727959297537 231.38280079454915
2
131.35514345190148 231.38280079454915
0.25 0.25 0.25 0.25
40.807863858926105
45.0
440.2207993774205 295.09298326076964
3
410.43333574096323 295.09298326076964
0.25 0.25 0.25 0.25
29.78746363645728
45.0
334.39883621709765 365.98213196145537
2
383.7385373559324 365.98213196145537
0.25 0.25 0.25 0.25
49.339701138834755
45.0
289.9887537891731 497.83148049851684
3
272.1422905364625 497.83148049851684
0.25 0.25 0.25 0.25
17.84646325271055
45.0
169.688901764532 36.655508620326
2
201.86066451916514 36.655508620326
0.25 0.25 0.25 0.25
32.171762754633136
45.0
