51598
302.5745562386435 110.78248107604429
1
302.5745562386435 204.00032660016439
0.25 0.25 0.25 0.25
93.2178455241201
45.0
405.5263068249492 207.85327311988019
1
405.5263068249492 326.4509981874894
0.25 0.25 0.25 0.25
118.59772506760922
45.0
156.4487272431396 243.46632480617822
1
156.4487272431396 374.3066659824867
0.25 0.25 0.25 0.25
130.8403411763085
45.0
180.65223942197838 388.19716772208454
2
192.50352449413964 388.19716772208454
0.25 0.25 0.25 0.25
11.851285072161255
45.0
10.707662286326936 116.24220834971155
2
35.12880465219052 116.24220834971155
0.25 0.25 0.25 0.25
45.836466938517454
45.0
435.60603311130455 54.02351990733316
0
435.60603311130455 4.303328422055799
0.25 0.25 0.25 0.25
49.72019148527736
45.0
124.86438906695219 387.8310966329195
2
126.50081383966412 387.8310966329195
0.25 0.25 0.25 0.25
1.6364247727119363
45.0
499.2566748170216 300.6176460649573
0
499.2566748170216 262.05352935496217
0.25 0.25 0.25 0.25
38.56411670999514
45.0
453.7620816565181 245.32335464646928
2
459.6641759794177 245.32335464646928
0.25 0.25 0.25 0.25
5.902094322899609
45.0
179.47689435999905 229.49904536508205
0
179.47689435999905 214.83027577705917
0.25 0.25 0.25 0.25
14.668769588022895
45.0
261.7461602630783 175.5591158533756
0
261.7461602630783 168.37927801240127
0.25 0.25 0.25 0.25
7.179837840974329
45.0
245.23486950772514 328.23573217540326
0
245.23486950772514 296.7720140283262
0.25 0.25 0.25 0.25
31.46371814707703
45.0
50.639511755444076 360.6456257352153
1
50.639511755444076 378.6411281709942
0.25 0.25 0.25 0.25
17.995502435778903
45.0
96.9031953953593 220.10382760183842
2
107.58627499807014 220.10382760183842
0.25 0.25 0.25 0.25
10.683079602710832
45.0
328.8559564926406 149.90611421605706
3
279.1406601374222 149.90611421605706
0.25 0.25 0.25 0.25
49.7152963552184
45.0
447.9730183778904 369.6189885359816
0
447.9730183778904 335.6059531866983
0.25 0.25 0.25 0.25
34.01303534928329
45.0
388.7196856378262 249.3398930017654
0
388.7196856378262 220.1729634414324
0.25 0.25 0.25 0.25
29.16692956033301
45.0
45.97099086864901 284.4462378611247
1
45.97099086864901 286.1547310101984
0.25 0.25 0.25 0.25
1.708493149073692
45.0
67.22788104850719 130.6976414846239
1
67.22788104850719 146.84054289322484
0.25 0.25 0.25 0.25
16.142901408600963
45.0
286.3758138343967 135.53085763836108
3
281.00332420526314 135.53085763836108
0.25 0.25 0.25 0.25
5.372489629133536
45.0
233.739094959942 75.62071200183507
2
234.50752835274244 75.62071200183507
0.25 0.25 0.25 0.25
0.7684333928004272
45.0
274.14402029910406 376.8477833399242
1
274.14402029910406 382.0054103983695
0.25 0.25 0.25 0.25
5.157627058445291
45.0
80.40083764345243 224.58572635959715
0
80.40083764345243 188.04208443198542
0.25 0.25 0.25 0.25
36.54364192761174
45.0
250.1728004588694 4.295443883241219
2
299.20161409315654 4.295443883241219
0.25 0.25 0.25 0.25
49.02881363428715
45.0
419.29476154340557 418.8575626227563
1
419.29476154340557 466.0295735846795
0.25 0.25 0.25 0.25
47.17201096192322
45.0
242.58192347358343 358.0518591261975
3
208.15571588378333 358.0518591261975
0.25 0.25 0.25 0.25
34.42620758980009
45.0
469.8777071724194 340.19296648081746
0
469.8777071724194 321.15203887410024
0.25 0.25 0.25 0.25
19.0409276067172
45.0
1.797432216595226 319.20611096002875
0
1.797432216595226 274.75395534917664
0.25 0.25 0.25 0.25
44.45215561085211
45.0
470.9184409514727 479.50454938414043
0
470.9184409514727 499.1019393335553
0.25 0.25 0.25 0.25
21.39351128230426
45.0
185.5554319524869 194.86390394568775
2
201.2488560154071 194.86390394568775
0.25 0.25 0.25 0.25
15.693424062920213
45.0
335.1716105949428 51.890757161644984
2
355.0207214295865 51.890757161644984
0.25 0.25 0.25 0.25
19.849110834643657
45.0
433.6926374863795 11.227448755964083
3
432.6487129927351 11.227448755964083
0.25 0.25 0.25 0.25
1.0439244936444048
45.0
354.0735312088999 329.82152951902856
1
354.0735312088999 332.49838042236263
0.25 0.25 0.25 0.25
2.676850903334099
45.0
420.39922742371914 165.4126643045084
2
452.25218370605205 165.4126643045084
0.25 0.25 0.25 0.25
31.852956282332883
45.0
283.21370546249415 219.95362889094957
3
258.98108214128695 219.95362889094957
0.25 0.25 0.25 0.25
24.232623321207214
45.0
9.950146068871938 183.0141820974368
0
9.950146068871938 162.5373302641562
0.25 0.25 0.25 0.25
20.4768518332806
45.0
210.82716810659744 35.94915155339149
1
210.82716810659744 67.44054036967421
0.25 0.25 0.25 0.25
31.49138881628272
45.0
18.071863891179355 247.6382649218516
0
18.071863891179355 212.66137021982814
0.25 0.25 0.25 0.25
34.976894702023465
45.0
283.2844525060393 406.93159555721775
3
240.86341206847806 406.93159555721775
0.25 0.25 0.25 0.25
42.421040437561246
45.0
418.31709496567333 436.10543886795523
0
418.31709496567333 424.33717234132246
0.25 0.25 0.25 0.25
11.768266526632775
45.0
403.4316654216263 351.80442928847003
1
403.4316654216263 398.86189292278726
0.25 0.25 0.25 0.25
47.05746363431721
45.0
201.28946444973442 277.6153542616967
1
201.28946444973442 278.62725249977615
0.25 0.25 0.25 0.25
1.0118982380794228
45.0
455.67458626232343 52.56564225440539
3
441.91039651806636 52.56564225440539
0.25 0.25 0.25 0.25
13.764189744257093
45.0
131.35514345190143 415.225523616027
3
90.54727959297531 415.225523616027
0.25 0.25 0.25 0.25
40.807863858926105
45.0
487.43050971011724 496.39477128402933
3
482.78202665342553 496.39477128402933
0.25 0.25 0.25 0.25
29.78746363645728
45.0
433.07823849476716 303.4364535993157
3
383.7385373559324 303.4364535993157
0.25 0.25 0.25 0.25
49.339701138834755
45.0
218.60290077833085 194.44160520243713
1
218.60290077833085 212.28806845514768
0.25 0.25 0.25 0.25
17.84646325271055
45.0
441.57459057349774 57.184425037201066
1
441.57459057349774 89.3561877918342
0.25 0.25 0.25 0.25
32.171762754633136
45.0
