67192
487.4008291658197 24.971396094501273
3
347.2097569432217 24.971396094501273
0.25 0.25 0.25 0.25
140.19107222259797
45.0
255.54438370163783 9.98770089000061
1
255.54438370163783 114.80795746129408
0.25 0.25 0.25 0.25
104.82025657129347
45.0
111.23919258181358 474.6781354862254
2
10.554140755239004 474.6781354862254
0.25 0.25 0.25 0.25
121.79333333705259
45.0
290.56575872340443 39.347582225182535
1
290.56575872340443 60.00875324044129
0.25 0.25 0.25 0.25
20.661171015258752
45.0
171.20704892542463 216.82246880882235
0
171.20704892542463 200.24634842355357
0.25 0.25 0.25 0.25
16.576120385268776
45.0
146.14424771711197 246.69258070501104
1
146.14424771711197 276.782459047236
0.25 0.25 0.25 0.25
30.089878342224935
45.0
172.85156905950123 263.1390651659956
3
152.09304611533892 263.1390651659956
0.25 0.25 0.25 0.25
20.758522944162312
45.0
255.5335073660091 412.1755661557963
0
255.5335073660091 367.5691445669426
0.25 0.25 0.25 0.25
44.60642158885367
45.0
109.5180980295998 464.8133132302044
2
137.6639049332381 464.8133132302044
0.25 0.25 0.25 0.25
28.145806903638288
45.0
49.44095797390481 450.62286546652314
0
49.44095797390481 422.4053269246994
0.25 0.25 0.25 0.25
28.21753854182372
45.0
368.9721966020852 485.9616543853278
1
368.9721966020852 497.03978628114703
0.25 0.25 0.25 0.25
11.078131895819238
45.0
245.6138727403831 99.3799563652459
0
245.6138727403831 52.926314697539325
0.25 0.25 0.25 0.25
46.45364166770658
45.0
300.29952998663475 311.51482919118763
1
300.29952998663475 317.3605338972427
0.25 0.25 0.25 0.25
5.845704706055077
45.0
11.434576689333952 44.28745608408852
2
30.993651745062138 44.28745608408852
0.25 0.25 0.25 0.25
19.559075055728186
45.0
249.13037058647492 34.751009537675614
1
249.13037058647492 59.27913877345996
0.25 0.25 0.25 0.25
24.528129235784345
45.0
471.2935804943991 369.37379633417163
1
471.2935804943991 417.5338484316109
0.25 0.25 0.25 0.25
48.16005209743927
45.0
127.13549751021674 61.13436737926622
1
127.13549751021674 71.58481725281723
0.25 0.25 0.25 0.25
10.450449873551005
45.0
400.77359717045204 340.04660101716513
2
450.1921318471864 340.04660101716513
0.25 0.25 0.25 0.25
49.41853467673431
45.0
491.97438879507513 294.41971757772814
3
471.0180590557745 294.41971757772814
0.25 0.25 0.25 0.25
20.956329739300646
45.0
77.21763874988918 255.41170113107498
3
66.9242989549666 255.41170113107498
0.25 0.25 0.25 0.25
10.293339794922568
45.0
461.87931018404777 499.57737128070653
3
448.57894766396566 499.57737128070653
0.25 0.25 0.25 0.25
13.30036252008211
45.0
457.2254115169129 121.92434565509996
1
457.2254115169129 163.52357438837194
0.25 0.25 0.25 0.25
41.599228733271985
45.0
425.4002160306904 188.41080949939249
3
418.49025245859286 188.41080949939249
0.25 0.25 0.25 0.25
6.909963572097527
45.0
452.22690709526967 164.73130122580613
0
452.22690709526967 154.29999355114137
0.25 0.25 0.25 0.25
10.431307674664758
45.0
183.77485327425663 405.7528348356576
0
183.77485327425663 397.6761875593993
0.25 0.25 0.25 0.25
8.076647276258337
45.0
160.70760706569587 139.45604274500323
3
128.8568752267389 139.45604274500323
0.25 0.25 0.25 0.25
31.850731838956975
45.0
274.5436129495432 272.5011122526476
1
274.5436129495432 293.9156509924998
0.25 0.25 0.25 0.25
21.41453873985224
45.0
254.72169238681317 358.7006377890446
3
236.4876735179298 358.7006377890446
0.25 0.25 0.25 0.25
18.23401886888336
45.0
17.626634209060263 49.21707806546281
0
17.626634209060263 43.87643792849219
0.25 0.25 0.25 0.25
5.34064013697062
45.0
342.2089717553247 330.339715593896
2
378.26631521023575 330.339715593896
0.25 0.25 0.25 0.25
36.05734345491104
45.0
354.421838001272 49.26283447216506
0
354.421838001272 42.37735309139737
0.25 0.25 0.25 0.25
6.885481380767694
45.0
156.5219892542238 361.04938289204193
3
151.8282116558158 361.04938289204193
0.25 0.25 0.25 0.25
4.693777598407978
45.0
39.400053463184754 270.7599419283522
2
71.77138216699385 270.7599419283522
0.25 0.25 0.25 0.25
32.37132870380909
45.0
42.481423150591255 88.70156038010448
2
77.3299942303544 88.70156038010448
0.25 0.25 0.25 0.25
34.84857107976315
45.0
247.75548182273036 488.4589435502126
2
282.49247211966673 488.4589435502126
0.25 0.25 0.25 0.25
34.73699029693636
45.0
267.24839055383234 446.8809649602838
3
239.79944176121552 446.8809649602838
0.25 0.25 0.25 0.25
27.448948792616807
45.0
490.9013307464598 246.17481872345564
0
490.9013307464598 223.7285166525009
0.25 0.25 0.25 0.25
22.446302070954737
45.0
143.63953975173013 299.79478149894555
3
117.76893674261517 299.79478149894555
0.25 0.25 0.25 0.25
25.870603009114962
45.0
378.45612511254615 31.3075779343553
2
423.9799670026618 31.3075779343553
0.25 0.25 0.25 0.25
45.52384189011564
45.0
168.96047707123378 88.59134256802727
3
163.0098227923563 88.59134256802727
0.25 0.25 0.25 0.25
5.950654278877487
45.0
140.2398117295026 40.6343584431569
2
179.62441915926917 40.6343584431569
0.25 0.25 0.25 0.25
39.384607429766575
45.0
357.6302633863217 23.347893651494864
2
375.5968470956412 23.347893651494864
0.25 0.25 0.25 0.25
17.966583709319472
45.0
310.682080128328 207.83853181828766
2
343.89242821438563 207.83853181828766
0.25 0.25 0.25 0.25
33.210348086057635
45.0
148.00183529555596 328.4080162590043
1
148.00183529555596 375.32502292152594
0.25 0.25 0.25 0.25
46.91700666252164
45.0
472.03146091303074 218.55684212977795
1
472.03146091303074 235.31791079348145
0.25 0.25 0.25 0.25
16.761068663703487
45.0
54.53190373217422 269.1525242444561
0
54.53190373217422 266.9137883566587
0.25 0.25 0.25 0.25
2.2387358877974437
45.0
79.36277602245292 86.93181745243035
3
71.66255795244304 86.93181745243035
0.25 0.25 0.25 0.25
7.700218070009878
45.0
72.283447743338 342.56361868645564
0
72.283447743338 323.76064451675114
0.25 0.25 0.25 0.25
18.802974169704505
45.0
