67192
269.5420152726126 96.55718168628249
1
269.5420152726126 43.63389053631548
0.25 0.25 0.25 0.25
140.19107222259797
45.0
276.97202430025345 477.47129288810936
0
276.97202430025345 372.65103631681586
0.25 0.25 0.25 0.25
104.82025657129347
45.0
181.72585931170735 429.18186448030144
3
59.932525974654766 429.18186448030144
0.25 0.25 0.25 0.25
121.79333333705259
45.0
290.56575872340443 291.2311540189575
0
290.56575872340443 270.5699830036988
0.25 0.25 0.25 0.25
20.661171015258752
45.0
187.78316931069338 67.63738534140333
2
204.35928969596216 67.63738534140333
0.25 0.25 0.25 0.25
16.576120385268776
45.0
146.14424771711202 415.2847428239377
3
116.05436937488709 415.2847428239377
0.25 0.25 0.25 0.25
30.089878342224935
45.0
172.85156905950123 404.724567727407
2
193.61009200366354 404.724567727407
0.25 0.25 0.25 0.25
20.758522944162312
45.0
298.4022767454542 301.5271792658625
3
253.7958551566005 301.5271792658625
0.25 0.25 0.25 0.25
44.60642158885367
45.0
165.80971183687637 197.43700392613607
0
165.80971183687637 169.29119702249778
0.25 0.25 0.25 0.25
28.145806903638288
45.0
190.52865068302344 238.9842105734158
2
218.74618922484717 238.9842105734158
0.25 0.25 0.25 0.25
28.21753854182372
45.0
169.56582247733888 447.56955423975677
2
180.64395437315812 447.56955423975677
0.25 0.25 0.25 0.25
11.078131895819238
45.0
196.94242724713808 285.19452303607216
3
150.48878557943152 285.19452303607216
0.25 0.25 0.25 0.25
46.45364166770658
45.0
323.68234881085505 311.51482919118763
0
323.68234881085505 305.66912448513256
0.25 0.25 0.25 0.25
5.845704706055077
45.0
303.99779636018013 170.86236952892153
2
323.5568714159083 170.86236952892153
0.25 0.25 0.25 0.25
19.559075055728186
45.0
364.0728603081336 352.0457595677162
3
339.5447310723493 352.0457595677162
0.25 0.25 0.25 0.25
24.528129235784345
45.0
278.653372104642 465.6939005290502
3
230.49332000720275 465.6939005290502
0.25 0.25 0.25 0.25
48.16005209743927
45.0
186.37799869631348 1.5683318620398126
1
186.37799869631348 8.882118011511192
0.25 0.25 0.25 0.25
10.450449873551005
45.0
92.63308264473255 55.30167639670938
3
43.21454796799824 55.30167639670938
0.25 0.25 0.25 0.25
49.41853467673431
45.0
298.46231381191836 496.0169850292653
2
319.418643551219 496.0169850292653
0.25 0.25 0.25 0.25
20.956329739300646
45.0
138.97767751942462 152.47830318184938
1
138.97767751942462 162.77164297677194
0.25 0.25 0.25 0.25
10.293339794922568
45.0
275.6742349028983 261.0161033578156
3
262.3738723828162 261.0161033578156
0.25 0.25 0.25 0.25
13.30036252008211
45.0
459.5761310165432 121.92434565509996
1
459.5761310165432 163.52357438837194
0.25 0.25 0.25 0.25
41.599228733271985
45.0
418.49025245859286 209.14070021568506
2
425.4002160306904 209.14070021568506
0.25 0.25 0.25 0.25
6.909963572097527
45.0
474.753939182077 488.10183914041386
0
474.753939182077 477.6705314657491
0.25 0.25 0.25 0.25
10.431307674664758
45.0
127.23832234044824 316.90971479681616
2
135.31496961670658 316.90971479681616
0.25 0.25 0.25 0.25
8.076647276258337
45.0
45.93199270220215 489.81409297352985
2
77.78272454115913 489.81409297352985
0.25 0.25 0.25 0.25
31.850731838956975
45.0
317.37269042924765 229.6720347729431
3
295.95815168939544 229.6720347729431
0.25 0.25 0.25 0.25
21.41453873985224
45.0
54.147484829096136 367.7890791777048
0
54.147484829096136 349.55506030882145
0.25 0.25 0.25 0.25
18.23401886888336
45.0
97.73623626361956 11.832597106668459
3
92.39559612664894 11.832597106668459
0.25 0.25 0.25 0.25
5.34064013697062
45.0
152.98821987592058 390.80715350432484
0
152.98821987592058 354.7498100494138
0.25 0.25 0.25 0.25
36.05734345491104
45.0
361.30731938203974 26.477460716279573
2
368.19280076280745 26.477460716279573
0.25 0.25 0.25 0.25
6.885481380767694
45.0
123.66554606536788 346.96805009681805
1
123.66554606536788 351.661827695226
0.25 0.25 0.25 0.25
4.693777598407978
45.0
39.400053463184754 17.070826587848053
1
39.400053463184754 15.300502115961038
0.25 0.25 0.25 0.25
32.37132870380909
45.0
330.24429741367226 19.004418220578216
1
330.24429741367226 53.85298930034136
0.25 0.25 0.25 0.25
34.84857107976315
45.0
126.97869283241505 484.1767847640057
0
126.97869283241505 449.4397944670693
0.25 0.25 0.25 0.25
34.73699029693636
45.0
102.55469779813144 278.62954711354797
1
102.55469779813144 306.0784959061648
0.25 0.25 0.25 0.25
27.448948792616807
45.0
333.77721624977653 225.19752476659392
0
333.77721624977653 202.75122269563917
0.25 0.25 0.25 0.25
22.446302070954737
45.0
37.45468131207457 273.9241784898306
0
37.45468131207457 248.0535754807156
0.25 0.25 0.25 0.25
25.870603009114962
45.0
59.78923188173662 258.92678738493356
3
14.265389991620978 258.92678738493356
0.25 0.25 0.25 0.25
45.52384189011564
45.0
168.96047707123378 54.22436012503245
1
168.96047707123378 60.175014403909934
0.25 0.25 0.25 0.25
5.950654278877487
45.0
179.6244191592691 237.55739559198975
0
179.6244191592691 198.17278816222318
0.25 0.25 0.25 0.25
39.384607429766575
45.0
142.03125887448795 156.3179434416999
0
142.03125887448795 138.35135973238042
0.25 0.25 0.25 0.25
17.966583709319472
45.0
177.84068778409738 8.576443301941808
1
177.84068778409738 24.633904784115828
0.25 0.25 0.25 0.25
33.210348086057635
45.0
335.66986194564254 234.57400293396097
1
335.66986194564254 281.4910095964826
0.25 0.25 0.25 0.25
46.91700666252164
45.0
310.0746464588238 34.185086829039534
3
293.3135777951203 34.185086829039534
0.25 0.25 0.25 0.25
16.761068663703487
45.0
65.72558317116145 316.1659778882019
2
67.96431905895889 316.1659778882019
0.25 0.25 0.25 0.25
2.2387358877974437
45.0
20.740058887675524 94.63203552244023
2
28.440276957685402 94.63203552244023
0.25 0.25 0.25 0.25
7.700218070009878
45.0
72.283447743338 417.77551536527363
1
72.283447743338 436.57848953497813
0.25 0.25 0.25 0.25
18.802974169704505
45.0
