75901
2.3884699080443283 317.36568687579927
1
2.3884699080443283 459.2685445943464
0.25 0.25 0.25 0.25
141.90285771854715
45.0
227.53723961491482 78.93489242340236
1
227.53723961491482 176.19998065278645
0.25 0.25 0.25 0.25
97.26508822938409
45.0
249.99106647776466 196.51985063942004
1
249.99106647776466 341.083892537619
0.25 0.25 0.25 0.25
144.56404189819898
45.0
193.02425863961048 22.971272365059406
1
193.02425863961048 159.5238532569001
0.25 0.25 0.25 0.25
136.5525808918407
45.0
350.2895952698692 462.6915710169669
0
350.2895952698692 398.90970976891185
0.25 0.25 0.25 0.25
138.39871921412126
45.0
136.63919171570114 129.7791990556687
2
252.7179737283489 129.7791990556687
0.25 0.25 0.25 0.25
116.07878201264775
45.0
310.713283277195 277.3231454431652
3
215.2385847554017 277.3231454431652
0.25 0.25 0.25 0.25
95.47469852179329
45.0
473.16109757991967 30.55701865836977
3
408.7806731624431 30.55701865836977
0.25 0.25 0.25 0.25
118.05822925763721
45.0
294.93623296705437 20.359170139167247
1
294.93623296705437 156.25905983491432
0.25 0.25 0.25 0.25
135.89988969574708
45.0
335.28515478565805 74.85373685110613
1
335.28515478565805 248.6140899941448
0.25 0.25 0.25 0.25
173.76035314303866
45.0
219.34886550750534 331.33023978550386
3
111.90246024704123 331.33023978550386
0.25 0.25 0.25 0.25
107.4464052604641
45.0
39.00537934738759 91.07304352807654
2
91.62910447802659 91.07304352807654
0.25 0.25 0.25 0.25
130.63448382541418
45.0
234.70781348212188 259.47698458737784
2
336.19024428785895 259.47698458737784
0.25 0.25 0.25 0.25
101.48243080573708
45.0
22.86939326004456 108.72543669828578
1
22.86939326004456 219.8571105152696
0.25 0.25 0.25 0.25
111.13167381698382
45.0
422.5309361714328 4.091703256263855
3
454.02557466417454 4.091703256263855
0.25 0.25 0.25 0.25
123.44348916439269
45.0
293.51098036300283 291.6401995859098
3
141.99244720408387 291.6401995859098
0.25 0.25 0.25 0.25
151.51853315891896
45.0
170.6152722200834 40.616507769601
3
52.667995041989144 40.616507769601
0.25 0.25 0.25 0.25
117.94727717809424
45.0
199.91888667802462 23.038369329407203
2
370.81148073286295 23.038369329407203
0.25 0.25 0.25 0.25
170.89259405483833
45.0
370.93039158542115 349.67663320420365
1
370.93039158542115 440.37006175632655
0.25 0.25 0.25 0.25
90.69342855212292
45.0
33.370945356983185 200.4362389510757
1
33.370945356983185 304.7631538992681
0.25 0.25 0.25 0.25
104.32691494819241
45.0
265.7032995945008 402.7839352469043
2
369.71931214209275 402.7839352469043
0.25 0.25 0.25 0.25
104.01601254759196
45.0
290.4592313360605 349.473478101251
3
128.46270967783934 349.473478101251
0.25 0.25 0.25 0.25
161.99652165822116
45.0
269.3737065765174 175.94823502891958
1
269.3737065765174 271.5677115518399
0.25 0.25 0.25 0.25
95.61947652292034
45.0
476.9327086637911 32.857626982000085
1
476.9327086637911 68.18129976908675
0.25 0.25 0.25 0.25
101.03892675108683
45.0
338.1536593925117 340.79675443459223
1
338.1536593925117 478.3800841558435
0.25 0.25 0.25 0.25
137.58332972125126
45.0
132.0809451093342 372.14456131184716
3
32.22088291526718 372.14456131184716
0.25 0.25 0.25 0.25
99.86006219406703
45.0
459.4535300835953 63.31394608410022
3
415.9066000373555 63.31394608410022
0.25 0.25 0.25 0.25
124.63986987904917
45.0
327.52266664108004 250.44023171112255
3
172.7547333877346 250.44023171112255
0.25 0.25 0.25 0.25
154.76793325334543
45.0
302.37190661447437 339.2716694047556
3
182.58731289609628 339.2716694047556
0.25 0.25 0.25 0.25
119.78459371837809
45.0
407.14229217185255 345.2514460248167
1
407.14229217185255 465.45446680325927
0.25 0.25 0.25 0.25
120.20302077844258
45.0
276.99996324756216 224.310278705733
3
168.84044594851943 224.310278705733
0.25 0.25 0.25 0.25
108.15951729904273
45.0
142.07619668477753 28.902176789158858
1
142.07619668477753 87.5686617492713
0.25 0.25 0.25 0.25
116.47083853843016
45.0
355.9119301373124 473.32329288312576
3
213.87721369502472 473.32329288312576
0.25 0.25 0.25 0.25
142.0347164422877
45.0
380.91755069195716 252.02775752989055
3
217.91468275961347 252.02775752989055
0.25 0.25 0.25 0.25
163.0028679323437
45.0
326.56111184174176 52.6302435167338
2
490.4935930086957 52.6302435167338
0.25 0.25 0.25 0.25
163.93248116695395
45.0
354.54709424029215 304.12721416793727
1
354.54709424029215 449.8810331100659
0.25 0.25 0.25 0.25
145.75381894212862
45.0
268.0171589978391 100.82913586420148
1
268.0171589978391 266.2128842953703
0.25 0.25 0.25 0.25
165.38374843116884
45.0
34.55965916666588 256.5421611807434
0
34.55965916666588 105.60922965080485
0.25 0.25 0.25 0.25
150.93293152993854
45.0
478.57451539016574 311.14897795639536
3
317.0739024834593 311.14897795639536
0.25 0.25 0.25 0.25
161.5006129067065
45.0
372.5099313483718 19.987964482870055
3
368.0036294149118 19.987964482870055
0.25 0.25 0.25 0.25
4.506301933459989
45.0
219.09055780472266 266.7277817619108
1
219.09055780472266 299.58594428135945
0.25 0.25 0.25 0.25
32.858162519448605
45.0
152.86906563271444 33.48798250691286
3
104.69453231287514 33.48798250691286
0.25 0.25 0.25 0.25
48.1745333198393
45.0
13.323065549507305 491.08503915141495
2
43.16894026347262 491.08503915141495
0.25 0.25 0.25 0.25
29.845874713965316
45.0
7.051379383524395 243.43494117789632
2
8.836618544694316 243.43494117789632
0.25 0.25 0.25 0.25
15.887997928218711
45.0
469.3229410715248 450.1888178822065
1
469.3229410715248 450.62720784101094
0.25 0.25 0.25 0.25
0.43838995880445264
45.0
142.264635370856 145.64707160604826
0
142.264635370856 106.32816594089877
0.25 0.25 0.25 0.25
39.31890566514949
45.0
83.55148931470035 189.98975958322563
0
83.55148931470035 174.99257823686816
0.25 0.25 0.25 0.25
14.997181346357486
45.0
39.02023797272151 221.690818869062
0
39.02023797272151 184.83963430859455
0.25 0.25 0.25 0.25
36.85118456046745
45.0
