21252
297.46070583779476 411.3081659537752
0
297.46070583779476 257.67169889561046
0.25 0.25 0.25 0.25
153.63646705816473
45.0
170.48251896496367 430.9124608769347
0
170.48251896496367 287.6682652324426
0.25 0.25 0.25 0.25
143.2441956444921
45.0
68.16324489976438 304.9663405168649
0
68.16324489976438 205.56283336257164
0.25 0.25 0.25 0.25
99.40350715429324
45.0
454.7617619266264 78.28461768916105
3
295.9149987422759 78.28461768916105
0.25 0.25 0.25 0.25
158.84676318435046
45.0
102.79335891739045 179.40077416885873
1
102.79335891739045 270.0574797374428
0.25 0.25 0.25 0.25
90.65670556858406
45.0
295.0269427067537 77.44338694314351
1
295.0269427067537 38.094160108795066
0.25 0.25 0.25 0.25
115.53754705193857
45.0
74.5088331904085 429.1894670992208
0
74.5088331904085 433.9726140105731
0.25 0.25 0.25 0.25
136.83791889020603
45.0
0.3486832184476043 311.6821243022428
2
165.03382484471211 311.6821243022428
0.25 0.25 0.25 0.25
164.6851416262645
45.0
99.04054985584492 404.5458466473288
3
4.373756327537194 404.5458466473288
0.25 0.25 0.25 0.25
94.66679352830772
45.0
224.6959659407838 40.226068108689276
3
65.03982288463641 40.226068108689276
0.25 0.25 0.25 0.25
159.65614305614739
45.0
469.77861235803516 87.55235077549025
1
469.77861235803516 248.71685672701426
0.25 0.25 0.25 0.25
161.164505951524
45.0
453.72049226990464 428.8426030380648
3
303.2398692626832 428.8426030380648
0.25 0.25 0.25 0.25
150.48062300722142
45.0
21.432105904260993 164.4110343226224
1
21.432105904260993 337.5477804705197
0.25 0.25 0.25 0.25
173.13674614789727
45.0
247.0543396592989 57.92529414923325
2
400.7313908060738 57.92529414923325
0.25 0.25 0.25 0.25
153.67705114677491
45.0
66.75904338906625 15.210230441434732
1
66.75904338906625 82.43874329670608
0.25 0.25 0.25 0.25
97.64897373814081
45.0
116.93720916322542 219.61299305107474
2
50.121337063423084 219.61299305107474
0.25 0.25 0.25 0.25
167.0585462266485
45.0
200.57577877616154 179.09199983118037
2
365.92949297354295 179.09199983118037
0.25 0.25 0.25 0.25
165.3537141973814
45.0
380.71388669397675 192.47219592159254
0
380.71388669397675 19.623883091485425
0.25 0.25 0.25 0.25
172.84831283010712
45.0
316.81053801643407 235.98347488182844
2
477.4576021508294 235.98347488182844
0.25 0.25 0.25 0.25
160.64706413439532
45.0
190.6257762677913 197.59910405487295
2
363.85929441993756 197.59910405487295
0.25 0.25 0.25 0.25
173.23351815214625
45.0
438.0396694098199 129.2468423116576
3
468.8193403407786 129.2468423116576
0.25 0.25 0.25 0.25
93.14099024940151
45.0
15.87069747763968 29.70504096460411
1
15.87069747763968 193.16683367458842
0.25 0.25 0.25 0.25
163.4617927099843
45.0
391.71269802555844 154.4050556065426
3
291.7388484789024 154.4050556065426
0.25 0.25 0.25 0.25
99.97384954665604
45.0
268.465678249025 68.50874751929089
1
268.465678249025 37.52959958149755
0.25 0.25 0.25 0.25
106.03834710078844
45.0
56.41256925923443 370.8008188309874
0
56.41256925923443 488.9968648215557
0.25 0.25 0.25 0.25
140.20231634745693
45.0
267.0784203119743 374.5647954907879
2
416.8768556857128 374.5647954907879
0.25 0.25 0.25 0.25
149.79843537373853
45.0
52.232261860125035 309.38919593959986
2
148.91039921493518 309.38919593959986
0.25 0.25 0.25 0.25
96.67813735481015
45.0
311.37993705703815 241.01880211788824
0
311.37993705703815 89.62667822452124
0.25 0.25 0.25 0.25
151.392123893367
45.0
60.8394865135603 52.45888156674647
1
60.8394865135603 218.3471136901036
0.25 0.25 0.25 0.25
165.88823212335714
45.0
296.718809876639 262.1534115111164
0
296.718809876639 137.79358670329145
0.25 0.25 0.25 0.25
124.35982480782495
45.0
481.8761265331236 278.87188274215623
1
481.8761265331236 385.22816259096567
0.25 0.25 0.25 0.25
106.35627984880944
45.0
241.02022582299026 139.52997477960378
3
150.23131502291494 139.52997477960378
0.25 0.25 0.25 0.25
90.78891080007531
45.0
394.6290570209736 251.10141771746657
3
293.6466826730541 251.10141771746657
0.25 0.25 0.25 0.25
100.98237434791952
45.0
173.17698634594748 334.04632320658857
3
10.403027536762636 334.04632320658857
0.25 0.25 0.25 0.25
162.77395880918485
45.0
404.32488102810805 268.22852222055576
3
294.64532461609815 268.22852222055576
0.25 0.25 0.25 0.25
109.6795564120099
45.0
221.66301050113591 133.4468117962853
1
221.66301050113591 270.1855310832808
0.25 0.25 0.25 0.25
136.73871928699552
45.0
388.33370562385585 488.9718737486987
0
388.33370562385585 395.6997355875276
0.25 0.25 0.25 0.25
93.27213816117113
45.0
136.51866447244078 387.840281028139
0
136.51866447244078 274.92867813785347
0.25 0.25 0.25 0.25
112.91160289028548
45.0
472.03639259287866 89.97978649696026
3
379.3712792621411 89.97978649696026
0.25 0.25 0.25 0.25
148.59232814498026
45.0
327.7675082558144 333.1903384033551
1
327.7675082558144 354.9163501255905
0.25 0.25 0.25 0.25
21.726011722235405
45.0
294.4587637276693 486.4781043492348
0
294.4587637276693 485.1495218640916
0.25 0.25 0.25 0.25
1.3285824851432038
45.0
54.29989191299177 369.8597148625042
1
54.29989191299177 402.16163474975724
0.25 0.25 0.25 0.25
32.301919887253064
45.0
45.40735782703258 223.59448653312552
1
45.40735782703258 272.28932493526986
0.25 0.25 0.25 0.25
48.694838402144335
45.0
300.9670264733311 495.20713961428055
3
256.50047943341923 495.20713961428055
0.25 0.25 0.25 0.25
44.46654703991184
45.0
469.04533072773575 470.34325150908865
0
469.04533072773575 425.3260512319621
0.25 0.25 0.25 0.25
45.01720027712655
45.0
236.43002330145828 347.64385265969383
2
273.3458373785139 347.64385265969383
0.25 0.25 0.25 0.25
36.915814077055636
45.0
332.5688203657754 197.5729476816532
0
332.5688203657754 152.6442694051467
0.25 0.25 0.25 0.25
44.92867827650652
45.0
54.62198504951134 312.37073146584225
2
56.73008474696783 312.37073146584225
0.25 0.25 0.25 0.25
2.1080996974564945
45.0
