15082
288.2389225305244 354.11594405769415
1
288.2389225305244 454.07315357993275
0.25 0.25 0.25 0.25
99.9572095222386
45.0
81.35919925049092 453.4584756969143
2
22.521809953308065 453.4584756969143
0.25 0.25 0.25 0.25
103.88100920379898
45.0
310.72697804390606 166.45519030534643
1
310.72697804390606 259.174775630869
0.25 0.25 0.25 0.25
92.7195853255226
45.0
209.92475016042664 377.9617448470931
0
209.92475016042664 212.17663593521485
0.25 0.25 0.25 0.25
165.78510891187824
45.0
476.3719245485361 112.62405433615686
1
476.3719245485361 61.696313008435254
0.25 0.25 0.25 0.25
174.3203673445921
45.0
13.264406692606485 200.18836057952473
2
160.77898152529548 200.18836057952473
0.25 0.25 0.25 0.25
174.04338821790196
45.0
156.0315581822161 287.7458304488144
0
156.0315581822161 113.52136887306631
0.25 0.25 0.25 0.25
174.22446157574808
45.0
171.33094277191287 165.99459415058402
1
171.33094277191287 316.38561065904554
0.25 0.25 0.25 0.25
150.39101650846152
45.0
188.64505658910562 240.4945596788131
3
18.831303454214037 240.4945596788131
0.25 0.25 0.25 0.25
169.81375313489158
45.0
344.80187102928915 118.66917070681774
2
474.61721352350855 118.66917070681774
0.25 0.25 0.25 0.25
129.81534249421944
45.0
237.9512558814693 465.6524785454417
0
237.9512558814693 443.05081996748567
0.25 0.25 0.25 0.25
22.60165857795603
45.0
469.4470307225273 285.8622912344008
1
469.4470307225273 318.5013639626158
0.25 0.25 0.25 0.25
32.639072728215034
45.0
485.09011725177197 397.39903362533977
3
458.12736000940737 397.39903362533977
0.25 0.25 0.25 0.25
26.96275724236461
45.0
41.931866219037545 140.40067683164727
2
0.7674720550797218 140.40067683164727
0.25 0.25 0.25 0.25
42.69933827411727
45.0
61.3603376035754 400.71074777794627
3
50.641689004761375 400.71074777794627
0.25 0.25 0.25 0.25
10.718648598814024
45.0
78.86220268991349 162.29717097429312
0
78.86220268991349 113.44136261387908
0.25 0.25 0.25 0.25
48.85580836041405
45.0
277.13078792975585 92.94753656538421
0
277.13078792975585 91.55273173654679
0.25 0.25 0.25 0.25
1.3948048288374204
45.0
51.01715364504635 291.75578834027334
0
51.01715364504635 289.35560114945474
0.25 0.25 0.25 0.25
2.4001871908185812
45.0
167.69991205892043 206.29571346868144
1
167.69991205892043 225.15403188812752
0.25 0.25 0.25 0.25
18.858318419446086
45.0
181.98980649215565 392.9664575236977
2
186.8005691129727 392.9664575236977
0.25 0.25 0.25 0.25
4.810762620817044
45.0
117.3596489770207 450.7431408862592
1
117.3596489770207 484.09228651579633
0.25 0.25 0.25 0.25
33.349145629537134
45.0
167.65601989327672 306.1880692974651
1
167.65601989327672 350.01986059093207
0.25 0.25 0.25 0.25
43.83179129346694
45.0
91.69817846516557 413.18457650182984
3
63.73982876038464 413.18457650182984
0.25 0.25 0.25 0.25
27.95834970478093
45.0
306.58851713350754 37.17045266001321
2
314.7691723623509 37.17045266001321
0.25 0.25 0.25 0.25
8.180655228843376
45.0
296.3789164081302 238.3312557107848
1
296.3789164081302 276.7369037649818
0.25 0.25 0.25 0.25
38.405648054196966
45.0
43.689022053935275 3.891727036526106
1
43.689022053935275 27.459221531223875
0.25 0.25 0.25 0.25
31.35094856774998
45.0
172.39802653518717 87.41624308363419
0
172.39802653518717 44.917222279062656
0.25 0.25 0.25 0.25
42.49902080457153
45.0
276.60276293783875 382.202344003512
3
243.3191778129621 382.202344003512
0.25 0.25 0.25 0.25
33.28358512487666
45.0
473.8021389307995 45.74440913560121
1
473.8021389307995 78.59118020573237
0.25 0.25 0.25 0.25
32.84677107013116
45.0
350.85945853822386 15.413682081448282
1
350.85945853822386 6.811861242064047
0.25 0.25 0.25 0.25
22.22554332351233
45.0
291.4618269172836 154.98618065976845
1
291.4618269172836 159.72574391465034
0.25 0.25 0.25 0.25
4.739563254881896
45.0
131.53733747946794 491.0588126219815
3
99.93893979927483 491.0588126219815
0.25 0.25 0.25 0.25
31.598397680193095
45.0
67.22908560273501 399.0737494767229
3
27.431194705810988 399.0737494767229
0.25 0.25 0.25 0.25
39.797890896924024
45.0
155.8632243503031 247.2657115157787
2
156.5535888046436 247.2657115157787
0.25 0.25 0.25 0.25
0.6903644543404697
45.0
2.811542302710862 81.85847220430432
1
2.811542302710862 92.46881670944029
0.25 0.25 0.25 0.25
10.610344505135966
45.0
173.35048614070354 87.24700582411947
1
173.35048614070354 129.0986417406217
0.25 0.25 0.25 0.25
41.851635916502225
45.0
405.14360234972196 105.46385758248181
3
383.36904863016105 105.46385758248181
0.25 0.25 0.25 0.25
21.774553719560895
45.0
292.88882563408004 484.70885321200944
0
292.88882563408004 498.5646980663237
0.25 0.25 0.25 0.25
16.72644872166686
45.0
4.246319352177274 378.0118913392491
0
4.246319352177274 353.3380091594644
0.25 0.25 0.25 0.25
24.673882179784723
45.0
145.14609519281984 218.4370248815454
1
145.14609519281984 232.6027117993242
0.25 0.25 0.25 0.25
14.165686917778803
45.0
481.0959679903033 441.86564062157186
0
481.0959679903033 395.0591045600961
0.25 0.25 0.25 0.25
46.80653606147577
45.0
142.2666709494309 434.13313068300215
1
142.2666709494309 477.70015277498067
0.25 0.25 0.25 0.25
43.56702209197849
45.0
289.22231952255146 166.36717872490098
0
289.22231952255146 129.44561431324158
0.25 0.25 0.25 0.25
36.92156441165941
45.0
392.53529430564174 154.2175847779681
3
358.2056562805501 154.2175847779681
0.25 0.25 0.25 0.25
34.329638025091626
45.0
466.20970167602695 271.6788460264072
1
466.20970167602695 313.65424351597426
0.25 0.25 0.25 0.25
41.975397489567044
45.0
462.33657446223236 299.2744582561325
3
445.7843103510343 299.2744582561325
0.25 0.25 0.25 0.25
16.55226411119805
45.0
343.48367212985676 443.17807749512775
2
347.96771258706013 443.17807749512775
0.25 0.25 0.25 0.25
4.4840404572033865
45.0
328.8707332487816 386.56811229371567
3
316.7890153518873 386.56811229371567
0.25 0.25 0.25 0.25
12.081717896894279
45.0
