23604
344.2429567096971 268.86551665250687
1
344.2429567096971 386.99431482037096
0.25 0.25 0.25 0.25
118.1287981678641
45.0
110.17501779234692 173.42209325002693
1
110.17501779234692 321.3629231807908
0.25 0.25 0.25 0.25
147.94082993076387
45.0
237.4647518914589 471.84630981367854
0
237.4647518914589 332.3672639190183
0.25 0.25 0.25 0.25
139.47904589466026
45.0
229.78318087033105 37.592391046364554
2
331.7124594041321 37.592391046364554
0.25 0.25 0.25 0.25
101.92927853380107
45.0
81.10198543109556 304.1140136192607
2
208.32540301434267 304.1140136192607
0.25 0.25 0.25 0.25
127.22341758324711
45.0
478.3783168424284 371.4939109127854
0
478.3783168424284 206.49153816587844
0.25 0.25 0.25 0.25
165.00237274690696
45.0
338.72119719103205 95.35853646696901
3
164.19009489353792 95.35853646696901
0.25 0.25 0.25 0.25
174.53110229749413
45.0
250.9313677887444 390.1675716405088
2
359.51565666084605 390.1675716405088
0.25 0.25 0.25 0.25
108.58428887210162
45.0
376.33200470250335 453.60956695847153
0
376.33200470250335 405.8660898026351
0.25 0.25 0.25 0.25
140.52434323889332
45.0
399.05414515866823 61.466778061360856
3
463.85962529620883 61.466778061360856
0.25 0.25 0.25 0.25
137.08622954512293
45.0
241.34855360375775 125.58033378894591
2
332.4306701180615 125.58033378894591
0.25 0.25 0.25 0.25
91.08211651430376
45.0
215.46380367465792 310.14437555447864
0
215.46380367465792 188.40692586467748
0.25 0.25 0.25 0.25
121.73744968980117
45.0
302.46200728015674 497.19355881736584
0
302.46200728015674 401.33514874263903
0.25 0.25 0.25 0.25
95.8584100747268
45.0
108.94698618918264 241.20506183434676
1
108.94698618918264 393.88947262748195
0.25 0.25 0.25 0.25
152.68441079313519
45.0
3.448648823722806 6.32201064781168
1
3.448648823722806 113.14782359724813
0.25 0.25 0.25 0.25
119.46983424505981
45.0
362.45622435048074 225.0425305946267
3
224.35201770924155 225.0425305946267
0.25 0.25 0.25 0.25
138.1042066412392
45.0
495.4903792916804 64.23331086445694
3
333.7170045634308 64.23331086445694
0.25 0.25 0.25 0.25
170.79261614488877
45.0
99.95451369172002 282.9619142742563
2
226.86284194403427 282.9619142742563
0.25 0.25 0.25 0.25
126.90832825231425
45.0
204.19256327194682 282.35022221063326
2
338.96754031120093 282.35022221063326
0.25 0.25 0.25 0.25
134.7749770392541
45.0
199.26299743515892 466.0795452065953
0
199.26299743515892 404.44540636515956
0.25 0.25 0.25 0.25
129.47504842824512
45.0
285.5878253278147 241.4433066922775
3
127.08674645173247 241.4433066922775
0.25 0.25 0.25 0.25
158.50107887608223
45.0
175.0490144702685 77.22087872017778
1
175.0490144702685 13.566334788849417
0.25 0.25 0.25 0.25
90.7872135090272
45.0
274.4038258437989 174.75870911279054
2
374.25644587442747 174.75870911279054
0.25 0.25 0.25 0.25
99.85262003062854
45.0
269.2341928452979 499.06184497036816
0
269.2341928452979 402.013522289664
0.25 0.25 0.25 0.25
98.92463273996783
45.0
158.42886571028166 369.72061183803817
3
5.064142408161217 369.72061183803817
0.25 0.25 0.25 0.25
153.36472330212044
45.0
321.72674820697057 234.77678513666007
0
321.72674820697057 66.89559813148378
0.25 0.25 0.25 0.25
167.8811870051763
45.0
240.31687734527532 406.2978233019752
0
240.31687734527532 285.119865770394
0.25 0.25 0.25 0.25
121.17795753158124
45.0
128.8655466420275 300.76921046288203
1
128.8655466420275 447.92509915285325
0.25 0.25 0.25 0.25
147.15588868997125
45.0
297.5707721377685 440.9230042399795
0
297.5707721377685 288.0424362597605
0.25 0.25 0.25 0.25
152.880567980219
45.0
339.1504298561466 33.92377627510575
3
495.0471730425758 33.92377627510575
0.25 0.25 0.25 0.25
165.80239710127756
45.0
404.06593787560485 79.46550089987909
3
310.08630263553744 79.46550089987909
0.25 0.25 0.25 0.25
93.97963524006744
45.0
143.81785336909275 475.3302965216783
0
143.81785336909275 316.8269910228357
0.25 0.25 0.25 0.25
158.50330549884256
45.0
281.1814911900617 333.1743800348206
0
281.1814911900617 166.1638723316929
0.25 0.25 0.25 0.25
167.01050770312773
45.0
243.76375923771047 107.40457017733019
3
106.5074288304908 107.40457017733019
0.25 0.25 0.25 0.25
137.25633040721968
45.0
414.3072540717536 494.7441394545142
0
414.3072540717536 406.634847864318
0.25 0.25 0.25 0.25
88.10929159019622
45.0
474.12244171362977 350.8068137460264
0
474.12244171362977 247.30245189472785
0.25 0.25 0.25 0.25
103.50436185129857
45.0
77.19072618981022 236.16397865875848
1
77.19072618981022 375.911829889116
0.25 0.25 0.25 0.25
139.74785123035753
45.0
354.6698362328227 261.82915214403056
1
354.6698362328227 430.42009982730127
0.25 0.25 0.25 0.25
168.5909476832707
45.0
356.3779625326597 323.06279826331695
0
356.3779625326597 203.46736484681287
0.25 0.25 0.25 0.25
119.59543341650408
45.0
37.749534789992225 145.6741366903164
2
43.985086098614886 145.6741366903164
0.25 0.25 0.25 0.25
6.235551308622661
45.0
54.894317523643316 26.063904365011396
3
44.75377570861979 26.063904365011396
0.25 0.25 0.25 0.25
10.140541815023523
45.0
453.1099562687773 17.857037692846028
2
464.18552583273265 17.857037692846028
0.25 0.25 0.25 0.25
11.075569563955344
45.0
232.85150848063336 167.10549481181593
3
211.3143898499833 167.10549481181593
0.25 0.25 0.25 0.25
21.53711863065004
45.0
315.4855966019707 35.35889912000938
3
299.9589465737721 35.35889912000938
0.25 0.25 0.25 0.25
15.526650028198608
45.0
363.66157797087817 136.43626179294964
1
363.66157797087817 184.13941621379644
0.25 0.25 0.25 0.25
47.70315442084681
45.0
185.1040123359479 323.15564568385935
1
185.1040123359479 348.12483657307985
0.25 0.25 0.25 0.25
24.96919088922051
45.0
50.730771303845145 182.52597822566776
2
59.65522294889025 182.52597822566776
0.25 0.25 0.25 0.25
8.924451645045101
45.0
0.7522108622261889 308.30191026227556
1
0.7522108622261889 320.93808772605956
0.25 0.25 0.25 0.25
12.636177463784021
45.0
