23604
419.49944695457464 323.83513130959403
1
419.49944695457464 441.9639294774581
0.25 0.25 0.25 0.25
118.1287981678641
45.0
441.6424871692218 25.48126331926295
1
441.6424871692218 173.42209325002682
0.25 0.25 0.25 0.25
147.94082993076387
45.0
97.98570599679863 225.54891965962275
2
41.49333989786163 225.54891965962275
0.25 0.25 0.25 0.25
139.47904589466026
45.0
351.00524474214274 287.48822989304927
2
452.9345232759438 287.48822989304927
0.25 0.25 0.25 0.25
101.92927853380107
45.0
264.99358598669204 176.89059603601356
2
392.21700356993915 176.89059603601356
0.25 0.25 0.25 0.25
127.22341758324711
45.0
498.3498438795448 288.51558007484243
0
498.3498438795448 123.51320732793548
0.25 0.25 0.25 0.25
165.00237274690696
45.0
90.4988821315207 317.076252549428
1
90.4988821315207 491.60735484692214
0.25 0.25 0.25 0.25
174.53110229749413
45.0
142.34707891664277 66.91098399898301
3
33.76279004454115 66.91098399898301
0.25 0.25 0.25 0.25
108.58428887210162
45.0
358.9489061474567 313.0852237195783
0
358.9489061474567 172.560880480685
0.25 0.25 0.25 0.25
140.52434323889332
45.0
302.36430879768477 212.705681028885
0
302.36430879768477 75.61945148376208
0.25 0.25 0.25 0.25
137.08622954512293
45.0
59.18432057515021 307.74456681755345
2
150.26643708945397 307.74456681755345
0.25 0.25 0.25 0.25
91.08211651430376
45.0
419.3238472559385 240.60773082785875
0
419.3238472559385 118.87028113805758
0.25 0.25 0.25 0.25
121.73744968980117
45.0
368.5468632429309 23.514390809000133
1
368.5468632429309 119.37280088372694
0.25 0.25 0.25 0.25
95.8584100747268
45.0
498.2093430166419 73.41799135196888
3
349.1062461902229 73.41799135196888
0.25 0.25 0.25 0.25
152.68441079313519
45.0
71.77985938181553 364.7315133829911
1
71.77985938181553 484.20134762805094
0.25 0.25 0.25 0.25
119.46983424505981
45.0
86.24781106800236 225.0425305946267
2
224.35201770924155 225.0425305946267
0.25 0.25 0.25 0.25
138.1042066412392
45.0
358.4727014327634 235.0259270093457
3
187.68008528787465 235.0259270093457
0.25 0.25 0.25 0.25
170.79261614488877
45.0
153.8621428129085 282.9619142742563
0
153.8621428129085 156.05358602194204
0.25 0.25 0.25 0.25
126.90832825231425
45.0
448.05766633551207 360.5500385246661
3
417.1673566252339 360.5500385246661
0.25 0.25 0.25 0.25
134.7749770392541
45.0
95.48748684729236 207.12944835010504
0
95.48748684729236 77.65439992185992
0.25 0.25 0.25 0.25
129.47504842824512
45.0
285.5878253278147 26.56532431638044
1
285.5878253278147 131.9357545597018
0.25 0.25 0.25 0.25
158.50107887608223
45.0
447.4106549973501 168.00809222920498
1
447.4106549973501 258.7953057382322
0.25 0.25 0.25 0.25
90.7872135090272
45.0
271.45622645636956 26.42033064218117
1
271.45622645636956 126.27295067280971
0.25 0.25 0.25 0.25
99.85262003062854
45.0
357.40515298494404 15.19235387085078
3
258.4805202449762 15.19235387085078
0.25 0.25 0.25 0.25
98.92463273996783
45.0
84.87580259543864 136.5442283486403
2
238.24052589755908 136.5442283486403
0.25 0.25 0.25 0.25
153.36472330212044
45.0
21.322747834439838 93.69846684263467
1
21.322747834439838 261.57965384781096
0.25 0.25 0.25 0.25
167.8811870051763
45.0
365.57291031263094 12.187610959881383
2
486.75086784421217 12.187610959881383
0.25 0.25 0.25 0.25
121.17795753158124
45.0
135.35500990811633 447.92509915285325
2
282.5108985980876 447.92509915285325
0.25 0.25 0.25 0.25
147.15588868997125
45.0
74.52622829601643 217.87846039822747
0
74.52622829601643 64.99789241800846
0.25 0.25 0.25 0.25
152.880567980219
45.0
494.58159217275494 199.72617337638326
3
328.7791950714774 199.72617337638326
0.25 0.25 0.25 0.25
165.80239710127756
45.0
126.03588592405805 45.689513259137385
1
126.03588592405805 139.66914849920482
0.25 0.25 0.25 0.25
93.97963524006744
45.0
302.3211588679353 316.8269910228357
2
460.8244643667779 316.8269910228357
0.25 0.25 0.25 0.25
158.50330549884256
45.0
54.90257043496007 338.99374321522293
2
221.9130781380878 338.99374321522293
0.25 0.25 0.25 0.25
167.01050770312773
45.0
8.456785572733281 29.85176022988952
2
128.7995448344864 29.85176022988952
0.25 0.25 0.25 0.25
137.25633040721968
45.0
26.23920387922749 406.634847864318
1
26.23920387922749 494.7441394545142
0.25 0.25 0.25 0.25
88.10929159019622
45.0
370.61807986233123 373.72371921306353
1
370.61807986233123 477.2280810643621
0.25 0.25 0.25 0.25
103.50436185129857
45.0
238.70361880766512 322.8274262626716
3
98.9557675773076 322.8274262626716
0.25 0.25 0.25 0.25
139.74785123035753
45.0
488.28490218353085 81.69251836113557
3
343.12415013319844 81.69251836113557
0.25 0.25 0.25 0.25
168.5909476832707
45.0
284.83573721782807 116.99429951087814
1
284.83573721782807 2.601133905625943
0.25 0.25 0.25 0.25
119.59543341650408
45.0
12.807329555501582 133.20303407307108
0
12.807329555501582 126.96748276444842
0.25 0.25 0.25 0.25
6.235551308622661
45.0
46.511100626591926 26.063904365011396
2
56.65164244161545 26.063904365011396
0.25 0.25 0.25 0.25
10.140541815023523
45.0
320.20312150131303 4.294101435064665
1
320.20312150131303 15.369670999020009
0.25 0.25 0.25 0.25
11.075569563955344
45.0
448.22269478713355 80.95702028921576
1
448.22269478713355 102.4941389198658
0.25 0.25 0.25 0.25
21.53711863065004
45.0
393.1188467429638 112.99214926100241
0
393.1188467429638 97.46549923280381
0.25 0.25 0.25 0.25
15.526650028198608
45.0
268.2552691291845 327.24887947633687
2
315.95842355003134 327.24887947633687
0.25 0.25 0.25 0.25
47.70315442084681
45.0
160.13482144672741 497.93998190840284
0
160.13482144672741 477.09082720237666
0.25 0.25 0.25 0.25
24.96919088922051
45.0
41.80631965880004 209.2993331608031
0
41.80631965880004 200.37488151575798
0.25 0.25 0.25 0.25
8.924451645045101
45.0
0.7522108622261889 489.5192503171803
2
11.883966601557832 489.5192503171803
0.25 0.25 0.25 0.25
12.636177463784021
45.0
