23604
419.49944695457464 439.90727235467773
0
419.49944695457464 441.9639294774581
0.25 0.25 0.25 0.25
118.1287981678641
45.0
186.9442286924167 392.5345422114849
0
186.9442286924167 459.5246278577513
0.25 0.25 0.25 0.25
147.94082993076387
45.0
325.25348474639935 308.72058518164005
2
464.7325306410596 308.72058518164005
0.25 0.25 0.25 0.25
139.47904589466026
45.0
469.89433537201376 56.8851763843752
3
428.1763860941852 56.8851763843752
0.25 0.25 0.25 0.25
101.92927853380107
45.0
388.91084259552053 21.482184211141202
3
483.8657398212324 21.482184211141202
0.25 0.25 0.25 0.25
127.22341758324711
45.0
26.614564916850725 83.5701532537027
2
138.38780783005623 83.5701532537027
0.25 0.25 0.25 0.25
165.00237274690696
45.0
211.37670867850275 298.3203444491935
3
36.84560638100862 298.3203444491935
0.25 0.25 0.25 0.25
174.53110229749413
45.0
455.60396914851253 284.0795617431868
3
435.81174197938583 284.0795617431868
0.25 0.25 0.25 0.25
108.58428887210162
45.0
218.42456290856336 487.51407644136907
0
218.42456290856336 346.98973320247575
0.25 0.25 0.25 0.25
140.52434323889332
45.0
455.3475883355122 349.79191057400794
3
318.2613587903893 349.79191057400794
0.25 0.25 0.25 0.25
137.08622954512293
45.0
206.4489023383951 26.885090645276165
1
206.4489023383951 117.96720715957993
0.25 0.25 0.25 0.25
91.08211651430376
45.0
193.18478763977475 440.64638796243185
3
71.44733794997359 440.64638796243185
0.25 0.25 0.25 0.25
121.73744968980117
45.0
176.8300430934773 318.503350237175
3
80.97163301875048 318.503350237175
0.25 0.25 0.25 0.25
95.8584100747268
45.0
142.73361953438425 73.41799135196885
2
9.95079125875094 73.41799135196885
0.25 0.25 0.25 0.25
152.68441079313519
45.0
412.45632382448275 395.718695549008
3
468.07384193045743 395.718695549008
0.25 0.25 0.25 0.25
119.46983424505981
45.0
328.0648088557152 189.27008932909087
0
328.0648088557152 51.16588268785168
0.25 0.25 0.25 0.25
138.1042066412392
45.0
396.4675918143498 420.8915787604367
3
432.73979204076136 420.8915787604367
0.25 0.25 0.25 0.25
170.79261614488877
45.0
458.2539974772808 434.6875087534877
0
458.2539974772808 307.7791805011734
0.25 0.25 0.25 0.25
126.90832825231425
45.0
256.7075285710368 100.35005331831735
1
256.7075285710368 235.12503035757146
0.25 0.25 0.25 0.25
134.7749770392541
45.0
372.88581816412807 372.4048842043112
3
243.41076973588295 372.4048842043112
0.25 0.25 0.25 0.25
129.47504842824512
45.0
483.87657176147127 131.9357545597018
1
483.87657176147127 26.56532431638044
0.25 0.25 0.25 0.25
158.50107887608223
45.0
451.076920288016 356.28577625076355
1
451.076920288016 447.07298975979074
0.25 0.25 0.25 0.25
90.7872135090272
45.0
267.0348273752253 174.7587091127906
3
167.18220734459675 174.7587091127906
0.25 0.25 0.25 0.25
99.85262003062854
45.0
126.46433811457301 135.62433181146167
0
126.46433811457301 36.699699071493825
0.25 0.25 0.25 0.25
98.92463273996783
45.0
458.89971524208806 224.96249015314024
3
305.53499193996765 224.96249015314024
0.25 0.25 0.25 0.25
153.36472330212044
45.0
138.19408062221163 283.44101994098446
2
29.687106382964657 283.44101994098446
0.25 0.25 0.25 0.25
167.8811870051763
45.0
426.725589807331 138.43928486123076
0
426.725589807331 17.261327329649504
0.25 0.25 0.25 0.25
121.17795753158124
45.0
105.37475673027296 447.92509915285325
2
252.5306454202442 447.92509915285325
0.25 0.25 0.25 0.25
147.15588868997125
45.0
161.07093180288857 485.98174758720654
0
161.07093180288857 361.1376844325745
0.25 0.25 0.25 0.25
152.880567980219
45.0
183.7192675395375 479.4747936555925
0
183.7192675395375 313.67239655431496
0.25 0.25 0.25 0.25
165.80239710127756
45.0
427.0541239206865 368.7527343022392
3
478.9662408392461 368.7527343022392
0.25 0.25 0.25 0.25
93.97963524006744
45.0
199.04331567951954 109.70275846674735
1
199.04331567951954 268.2060639655899
0.25 0.25 0.25 0.25
158.50330549884256
45.0
372.419216091085 331.1113338160543
3
205.40870838795726 331.1113338160543
0.25 0.25 0.25 0.25
167.01050770312773
45.0
165.20668340237765 304.2915702761246
0
165.20668340237765 167.03523986890494
0.25 0.25 0.25 0.25
137.25633040721968
45.0
299.6842559070443 38.1956960199916
1
299.6842559070443 126.30498761018782
0.25 0.25 0.25 0.25
88.10929159019622
45.0
247.1551038701435 349.1803200583681
1
247.1551038701435 452.68468190966666
0.25 0.25 0.25 0.25
103.50436185129857
45.0
207.78097451479437 441.20695405160814
3
68.03312328443684 441.20695405160814
0.25 0.25 0.25 0.25
139.74785123035753
45.0
423.60512939687897 470.263069087174
0
423.60512939687897 361.1459832295552
0.25 0.25 0.25 0.25
168.5909476832707
45.0
264.607408043032 231.67783615123608
2
384.2028414595361 231.67783615123608
0.25 0.25 0.25 0.25
119.59543341650408
45.0
237.28717666591737 20.963110517863186
2
243.52272797454003 20.963110517863186
0.25 0.25 0.25 0.25
6.235551308622661
45.0
136.01865204383148 86.90715525515255
2
146.159193858855 86.90715525515255
0.25 0.25 0.25 0.25
10.140541815023523
45.0
430.9588171408666 195.06615071613157
0
430.9588171408666 183.99058115217622
0.25 0.25 0.25 0.25
11.075569563955344
45.0
479.05235640788226 499.454817261665
0
479.05235640788226 479.00806410768496
0.25 0.25 0.25 0.25
21.53711863065004
45.0
181.36720430038486 221.6786994583927
1
181.36720430038486 237.20534948659133
0.25 0.25 0.25 0.25
15.526650028198608
45.0
459.0678868125718 54.37635589043767
3
411.364732391725 54.37635589043767
0.25 0.25 0.25 0.25
47.70315442084681
45.0
110.1964396682864 497.93998190840284
0
110.1964396682864 472.97079101918234
0.25 0.25 0.25 0.25
24.96919088922051
45.0
131.050836109251 459.18397922206617
3
122.12638446420591 459.18397922206617
0.25 0.25 0.25 0.25
8.924451645045101
45.0
479.4225327615663 131.39542576929944
3
466.7863552977823 131.39542576929944
0.25 0.25 0.25 0.25
12.636177463784021
45.0
