23604
217.92458968814333 140.49049250817268
2
336.0533878560074 140.49049250817268
0.25 0.25 0.25 0.25
118.1287981678641
45.0
256.87826109987503 362.54632456551326
0
256.87826109987503 489.5128455037229
0.25 0.25 0.25 0.25
147.94082993076387
45.0
391.3914678993167 86.06987376496261
3
469.1294862060231 86.06987376496261
0.25 0.25 0.25 0.25
139.47904589466026
45.0
147.14668767454054 406.7239345055476
0
147.14668767454054 491.34678696065134
0.25 0.25 0.25 0.25
101.92927853380107
45.0
229.41890465473818 286.3266729532838
0
229.41890465473818 159.10325537003666
0.25 0.25 0.25 0.25
127.22341758324711
45.0
273.4328900212886 51.47492893752968
1
273.4328900212886 113.52744380937727
0.25 0.25 0.25 0.25
165.00237274690696
45.0
265.0299844290148 109.57388930933419
1
265.0299844290148 64.95721298815994
0.25 0.25 0.25 0.25
174.53110229749413
45.0
246.5072762695931 347.18105031311734
1
246.5072762695931 455.765339185219
0.25 0.25 0.25 0.25
108.58428887210162
45.0
218.42456290856347 438.5252844581287
0
218.42456290856347 298.00094121923536
0.25 0.25 0.25 0.25
140.52434323889332
45.0
205.5842161986675 131.91289466060607
1
205.5842161986675 268.999124205729
0.25 0.25 0.25 0.25
137.08622954512293
45.0
154.07300040413696 420.9123652968767
0
154.07300040413696 329.83024878257294
0.25 0.25 0.25 0.25
91.08211651430376
45.0
245.38559260295608 220.24166544975526
3
123.64814291315491 220.24166544975526
0.25 0.25 0.25 0.25
121.73744968980117
45.0
93.99824458801356 160.78870013645877
2
1.8601654867132424 160.78870013645877
0.25 0.25 0.25 0.25
95.8584100747268
45.0
48.5363474322117 340.20125676477846
2
201.22075822534688 340.20125676477846
0.25 0.25 0.25 0.25
152.68441079313519
45.0
487.6848320300211 484.20134762805094
0
487.6848320300211 396.32881812688925
0.25 0.25 0.25 0.25
119.46983424505981
45.0
362.45622435048074 360.6448494816557
0
362.45622435048074 222.5406428404165
0.25 0.25 0.25 0.25
138.1042066412392
45.0
129.14945013257022 423.3888407008767
0
129.14945013257022 252.59622455598793
0.25 0.25 0.25 0.25
170.79261614488877
45.0
11.687188542080122 267.6952882557422
0
11.687188542080122 140.78696000342794
0.25 0.25 0.25 0.25
126.90832825231425
45.0
360.5921959000126 225.77506148541198
0
360.5921959000126 91.00008444615787
0.25 0.25 0.25 0.25
134.7749770392541
45.0
448.1122447060667 171.329060924144
1
448.1122447060667 300.8041093523891
0.25 0.25 0.25 0.25
129.47504842824512
45.0
395.0953774603904 392.56100881205145
0
395.0953774603904 448.9379123118663
0.25 0.25 0.25 0.25
158.50107887608223
45.0
0.17784445571828655 350.9231706479602
0
0.17784445571828655 260.135957138933
0.25 0.25 0.25 0.25
90.7872135090272
45.0
275.8776255375135 474.31656920467617
0
275.8776255375135 374.4639491740476
0.25 0.25 0.25 0.25
99.85262003062854
45.0
335.0672761948308 213.0416193507864
1
335.0672761948308 311.9662520907542
0.25 0.25 0.25 0.25
98.92463273996783
45.0
391.6052491996795 231.22108722557468
0
391.6052491996795 77.85636392345424
0.25 0.25 0.25 0.25
153.36472330212044
45.0
28.609869865497615 283.44101994098446
2
196.4910568706739 283.44101994098446
0.25 0.25 0.25 0.25
167.8811870051763
45.0
421.52011291373765 411.37153967174345
0
421.52011291373765 290.1935821401622
0.25 0.25 0.25 0.25
121.17795753158124
45.0
426.47753948099205 197.58068180760696
3
279.32165079102083 197.58068180760696
0.25 0.25 0.25 0.25
147.15588868997125
45.0
396.66809190179356 64.99789241800849
3
450.45134011798746 64.99789241800849
0.25 0.25 0.25 0.25
152.880567980219
45.0
38.65934000759859 116.32176864916795
1
38.65934000759859 49.48062845210961
0.25 0.25 0.25 0.25
165.80239710127756
45.0
61.923384556076826 416.860335259042
2
32.05625068399061 416.860335259042
0.25 0.25 0.25 0.25
93.97963524006744
45.0
441.2152016193329 49.159786981794014
1
441.2152016193329 207.66309248063658
0.25 0.25 0.25 0.25
158.50330549884256
45.0
448.1919988931894 335.23742625358693
0
448.1919988931894 497.75206604328537
0.25 0.25 0.25 0.25
167.01050770312773
45.0
383.67293669009257 323.07227488347417
1
383.67293669009257 460.3286052906939
0.25 0.25 0.25 0.25
137.25633040721968
45.0
233.2555795674615 406.634847864318
3
145.14628797726527 406.634847864318
0.25 0.25 0.25 0.25
88.10929159019622
45.0
163.60935615973406 487.7283004226523
3
60.104994308435494 487.7283004226523
0.25 0.25 0.25 0.25
103.50436185129857
45.0
460.0356373441225 322.8274262626716
3
320.287786113765 322.8274262626716
0.25 0.25 0.25 0.25
139.74785123035753
45.0
17.149117432591538 232.39800480615713
0
17.149117432591538 63.80705712288642
0.25 0.25 0.25 0.25
168.5909476832707
45.0
160.4236283676189 246.70389751478024
0
160.4236283676189 127.10846409827616
0.25 0.25 0.25 0.25
119.59543341650408
45.0
81.39839395035085 33.43421313510851
1
81.39839395035085 39.66976444373117
0.25 0.25 0.25 0.25
6.235551308622661
45.0
66.79218425663898 4.357721080059168
1
66.79218425663898 5.782820734964355
0.25 0.25 0.25 0.25
10.140541815023523
45.0
309.1275519373577 4.294101435064633
2
320.20312150131303 4.294101435064633
0.25 0.25 0.25 0.25
11.075569563955344
45.0
297.46286437258345 392.85958958508496
3
275.92574574193344 392.85958958508496
0.25 0.25 0.25 0.25
21.53711863065004
45.0
467.14130300324865 50.88554914820798
2
482.66795303144727 50.88554914820798
0.25 0.25 0.25 0.25
15.526650028198608
45.0
268.2552691291845 279.54572505549004
2
315.95842355003134 279.54572505549004
0.25 0.25 0.25 0.25
47.70315442084681
45.0
315.5121698796421 51.382217654448226
0
315.5121698796421 26.413026765227716
0.25 0.25 0.25 0.25
24.96919088922051
45.0
148.89973939934126 414.5617209968406
1
148.89973939934126 423.48617264188573
0.25 0.25 0.25 0.25
8.924451645045101
45.0
457.39657991951367 20.23870379610883
3
444.76040245572966 20.23870379610883
0.25 0.25 0.25 0.25
12.636177463784021
45.0
