23604
293.18107993302084 85.52087785108544
3
175.05228176515675 85.52087785108544
0.25 0.25 0.25 0.25
118.1287981678641
45.0
298.06166248459766 453.9270359883758
0
298.06166248459766 398.1321340808604
0.25 0.25 0.25 0.25
147.94082993076387
45.0
424.2371552608754 450.60065760590896
0
424.2371552608754 409.9202964994307
0.25 0.25 0.25 0.25
139.47904589466026
45.0
177.93393326487327 491.34678696065134
2
279.86321179867434 491.34678696065134
0.25 0.25 0.25 0.25
101.92927853380107
45.0
28.334091486174714 67.45451911874329
1
28.334091486174714 194.6779367019904
0.25 0.25 0.25 0.25
127.22341758324711
45.0
303.3901805769632 288.51558007484243
1
303.3901805769632 453.5179528217494
0.25 0.25 0.25 0.25
165.00237274690696
45.0
109.25479023175515 206.5170543430544
2
283.7858925292493 206.5170543430544
0.25 0.25 0.25 0.25
174.53110229749413
45.0
33.76279004454132 369.9224504642025
0
33.76279004454132 261.33816159210085
0.25 0.25 0.25 0.25
108.58428887210162
45.0
78.95372089697003 453.60956695847153
0
78.95372089697003 313.0852237195782
0.25 0.25 0.25 0.25
140.52434323889332
45.0
221.57152242940583 5.173334884516862
1
221.57152242940583 131.91289466060607
0.25 0.25 0.25 0.25
137.08622954512293
45.0
215.96531062510257 333.6368120972559
3
124.88319411079881 333.6368120972559
0.25 0.25 0.25 0.25
91.08211651430376
45.0
311.10085088286843 124.60461824154481
2
432.8383005726696 124.60461824154481
0.25 0.25 0.25 0.25
121.73744968980117
45.0
135.41414384074545 305.47673866791223
1
135.41414384074545 401.33514874263903
0.25 0.25 0.25 0.25
95.8584100747268
45.0
471.5853376048726 363.6841532489965
3
375.7302516019922 363.6841532489965
0.25 0.25 0.25 0.25
152.68441079313519
45.0
481.32798580396206 157.38914963676962
3
399.2021799509781 157.38914963676962
0.25 0.25 0.25 0.25
119.46983424505981
45.0
462.26788488445754 460.4565100156325
3
324.1636782432183 460.4565100156325
0.25 0.25 0.25 0.25
138.1042066412392
45.0
113.41299467987693 398.633143831544
2
57.37962146501184 398.633143831544
0.25 0.25 0.25 0.25
170.79261614488877
45.0
211.59621592552017 148.33826864243022
0
211.59621592552017 21.429940390115974
0.25 0.25 0.25 0.25
126.90832825231425
45.0
334.9073448850697 69.37542885734615
3
200.13236784581557 69.37542885734615
0.25 0.25 0.25 0.25
134.7749770392541
45.0
483.91263213202774 207.12944835010504
1
483.91263213202774 336.60449677835015
0.25 0.25 0.25 0.25
129.47504842824512
45.0
408.9305155655834 173.54590454690006
3
250.42943668950116 173.54590454690006
0.25 0.25 0.25 0.25
158.50107887608223
45.0
277.54640167416665 197.82206460830548
0
277.54640167416665 107.03485109927828
0.25 0.25 0.25 0.25
90.7872135090272
45.0
73.22478608882716 127.7467503665244
0
73.22478608882716 27.894130335895852
0.25 0.25 0.25 0.25
99.85262003062854
45.0
137.21801071489517 421.64455743104395
2
236.142643454863 421.64455743104395
0.25 0.25 0.25 0.25
98.92463273996783
45.0
397.86384627211396 375.9792089104726
0
397.86384627211396 222.61448560835217
0.25 0.25 0.25 0.25
153.36472330212044
45.0
482.3208131810891 79.12422278051923
1
482.3208131810891 88.75696422465705
0.25 0.25 0.25 0.25
167.8811870051763
45.0
32.61537746523723 42.7639507072315
2
88.56258006634401 42.7639507072315
0.25 0.25 0.25 0.25
121.17795753158124
45.0
245.93021450220007 374.8277913273769
2
393.0861031921713 374.8277913273769
0.25 0.25 0.25 0.25
147.15588868997125
45.0
87.0788445531694 77.55050867516147
1
87.0788445531694 75.33005930505755
0.25 0.25 0.25 0.25
152.880567980219
45.0
173.34803275486905 28.738158882771245
2
339.1504298561466 28.738158882771245
0.25 0.25 0.25 0.25
165.80239710127756
45.0
343.86229027627917 330.2290277011324
0
343.86229027627917 236.24939246106493
0.25 0.25 0.25 0.25
93.97963524006744
45.0
150.06314867257493 486.893100999687
0
150.06314867257493 354.6035935014704
0.25 0.25 0.25 0.25
158.50330549884256
45.0
384.7974934036829 178.17237416839416
3
217.78698570055516 178.17237416839416
0.25 0.25 0.25 0.25
167.01050770312773
45.0
184.9188031294151 10.28534203926057
3
47.66247272219542 10.28534203926057
0.25 0.25 0.25 0.25
137.25633040721968
45.0
497.58345433805016 33.91161008666313
1
497.58345433805016 122.02090167685935
0.25 0.25 0.25 0.25
88.10929159019622
45.0
233.69659318570538 315.76319523304085
1
233.69659318570538 419.2675570843394
0.25 0.25 0.25 0.25
103.50436185129857
45.0
474.66923849338536 65.09676518945395
3
385.58291027625705 65.09676518945395
0.25 0.25 0.25 0.25
139.74785123035753
45.0
186.07888854955212 204.1007216459089
3
17.487940866281406 204.1007216459089
0.25 0.25 0.25 0.25
168.5909476832707
45.0
447.6677033022995 122.19656732213002
3
328.07226988579544 122.19656732213002
0.25 0.25 0.25 0.25
119.59543341650408
45.0
25.278432172746903 72.57015911147673
3
19.042880864124243 72.57015911147673
0.25 0.25 0.25 0.25
6.235551308622661
45.0
166.44027748890204 217.30909919555307
0
166.44027748890204 207.16855738052956
0.25 0.25 0.25 0.25
10.140541815023523
45.0
209.44742586175948 81.82308838275206
3
198.37185629780413 81.82308838275206
0.25 0.25 0.25 0.25
11.075569563955344
45.0
211.3143898499833 488.3006070977837
3
189.77727121933327 488.3006070977837
0.25 0.25 0.25 0.25
21.53711863065004
45.0
346.53889665836795 392.4718497685775
3
331.01224663016933 392.4718497685775
0.25 0.25 0.25 0.25
15.526650028198608
45.0
363.66157797087817 338.8290395777354
1
363.66157797087817 386.5321939985822
0.25 0.25 0.25 0.25
47.70315442084681
45.0
465.3273152149651 302.30649097783316
1
465.3273152149651 327.27568186705366
0.25 0.25 0.25 0.25
24.96919088922051
45.0
83.13600337183138 111.1303650653069
3
74.21155172678628 111.1303650653069
0.25 0.25 0.25 0.25
8.924451645045101
45.0
0.7522108622261676 270.39337787092353
2
11.883966601557853 270.39337787092353
0.25 0.25 0.25 0.25
12.636177463784021
45.0
