23604
454.1821860238715 22.36169434030856
3
336.0533878560074 22.36169434030856
0.25 0.25 0.25 0.25
118.1287981678641
45.0
446.00249241536153 433.71794359620753
3
298.06166248459766 433.71794359620753
0.25 0.25 0.25 0.25
147.94082993076387
45.0
97.98570599679863 341.38128681690495
2
237.4647518914589 341.38128681690495
0.25 0.25 0.25 0.25
139.47904589466026
45.0
414.34895259992254 202.8653774379455
3
312.4196740661215 202.8653774379455
0.25 0.25 0.25 0.25
101.92927853380107
45.0
483.8657398212324 95.34357979645762
3
356.6423222379853 95.34357979645762
0.25 0.25 0.25 0.25
127.22341758324711
45.0
273.4328900212886 443.5321893031912
0
273.4328900212886 391.4654379499018
0.25 0.25 0.25 0.25
165.00237274690696
45.0
338.72119719103205 414.0194175831482
0
338.72119719103205 411.44948011935764
0.25 0.25 0.25 0.25
174.53110229749413
45.0
165.0884790677281 433.0239390341336
2
273.6727679398297 433.0239390341336
0.25 0.25 0.25 0.25
108.58428887210162
45.0
375.2785034752035 298.00094121923536
3
234.75416023631016 298.00094121923536
0.25 0.25 0.25 0.25
140.52434323889332
45.0
246.07086562084078 456.82841670402513
2
383.1570951659637 456.82841670402513
0.25 0.25 0.25 0.25
137.08622954512293
45.0
61.08760223249165 127.4836154462874
2
29.994514281812116 127.4836154462874
0.25 0.25 0.25 0.25
91.08211651430376
45.0
363.3016558460497 489.8169673109483
0
363.3016558460497 368.07951762114715
0.25 0.25 0.25 0.25
121.73744968980117
45.0
152.16108638343502 455.77765956463395
3
56.302676308708214 455.77765956463395
0.25 0.25 0.25 0.25
95.8584100747268
45.0
104.14806336092349 438.32345689014016
2
48.5363474322117 438.32345689014016
0.25 0.25 0.25 0.25
152.68441079313519
45.0
279.7323457059183 50.56333668733316
3
160.2625114608585 50.56333668733316
0.25 0.25 0.25 0.25
119.46983424505981
45.0
399.62790847430324 289.08174986306767
3
462.26788488445754 289.08174986306767
0.25 0.25 0.25 0.25
138.1042066412392
45.0
358.47270143276353 106.55930528043189
1
358.47270143276353 64.23331086445688
0.25 0.25 0.25 0.25
170.79261614488877
45.0
99.95451369172002 59.67850980665597
2
226.86284194403427 59.67850980665597
0.25 0.25 0.25 0.25
126.90832825231425
45.0
382.21685148882443 417.1251992498874
3
483.0081714719215 417.1251992498874
0.25 0.25 0.25 0.25
134.7749770392541
45.0
318.63719627782154 274.9703579369144
2
448.1122447060667 274.9703579369144
0.25 0.25 0.25 0.25
129.47504842824512
45.0
395.0953774603904 350.9508588248532
3
446.40354366352733 350.9508588248532
0.25 0.25 0.25 0.25
158.50107887608223
45.0
273.52444747206414 103.01289689717578
2
364.31166098109134 103.01289689717578
0.25 0.25 0.25 0.25
90.7872135090272
45.0
274.4038258437989 374.4639491740476
1
274.4038258437989 474.31656920467617
0.25 0.25 0.25 0.25
99.85262003062854
45.0
246.89631605518468 202.2879467504647
2
345.8209487951525 202.2879467504647
0.25 0.25 0.25 0.25
98.92463273996783
45.0
154.55917796639366 317.2913444852866
3
1.1944546642732234 317.2913444852866
0.25 0.25 0.25 0.25
153.36472330212044
45.0
357.0851218447924 227.48966310560218
0
357.0851218447924 59.60847610042589
0.25 0.25 0.25 0.25
167.8811870051763
45.0
57.98624031899389 169.01562460858094
0
57.98624031899389 47.83766707699968
0.25 0.25 0.25 0.25
121.17795753158124
45.0
45.08134741872033 284.5541288379809
1
45.08134741872033 431.7100175279521
0.25 0.25 0.25 0.25
147.15588868997125
45.0
132.13758790039648 87.88267556221052
2
285.0181558806155 87.88267556221052
0.25 0.25 0.25 0.25
152.880567980219
45.0
23.102487830595066 375.8998052623301
0
23.102487830595066 210.09740816105256
0.25 0.25 0.25 0.25
165.80239710127756
45.0
32.05625068399061 289.1047123782329
2
126.03588592405805 289.1047123782329
0.25 0.25 0.25 0.25
93.97963524006744
45.0
282.71189612049034 48.80054703209521
2
441.2152016193329 48.80054703209521
0.25 0.25 0.25 0.25
158.50330549884256
45.0
112.10793726816766 493.62597360575273
0
112.10793726816766 339.36351869111957
0.25 0.25 0.25 0.25
167.01050770312773
45.0
207.2109191334107 185.8159444762545
1
207.2109191334107 323.07227488347417
0.25 0.25 0.25 0.25
137.25633040721968
45.0
145.14628797726527 54.19768150353309
3
57.03699638706905 54.19768150353309
0.25 0.25 0.25 0.25
88.10929159019622
45.0
370.61807986233123 40.293728192130715
1
370.61807986233123 143.79809004342928
0.25 0.25 0.25 0.25
103.50436185129857
45.0
120.72080896480486 236.1639786587586
2
260.4686601951624 236.1639786587586
0.25 0.25 0.25 0.25
139.74785123035753
45.0
365.87669889875724 389.4432663898035
3
197.28575121548653 389.4432663898035
0.25 0.25 0.25 0.25
168.5909476832707
45.0
280.019061784123 289.9404301827476
3
160.4236283676189 289.9404301827476
0.25 0.25 0.25 0.25
119.59543341650408
45.0
18.370426987611722 27.198661826485846
0
18.370426987611722 20.963110517863186
0.25 0.25 0.25 0.25
6.235551308622661
45.0
85.31594296871388 105.76313923029441
1
85.31594296871388 115.90368104531794
0.25 0.25 0.25 0.25
10.140541815023523
45.0
419.88324757691123 281.18334053394835
1
419.88324757691123 292.2589100979037
0.25 0.25 0.25 0.25
11.075569563955344
45.0
189.77727121933327 91.33992875598454
2
211.3143898499833 91.33992875598454
0.25 0.25 0.25 0.25
21.53711863065004
45.0
436.0880029468514 35.35889912000937
0
436.0880029468514 19.83224909181076
0.25 0.25 0.25 0.25
15.526650028198608
45.0
397.8226499248877 88.73310737210275
3
350.11949550404086 88.73310737210275
0.25 0.25 0.25 0.25
47.70315442084681
45.0
434.7959212281529 76.35140854366875
2
459.7651121173734 76.35140854366875
0.25 0.25 0.25 0.25
24.96919088922051
45.0
118.83380995201176 423.48617264188573
0
118.83380995201176 414.5617209968406
0.25 0.25 0.25 0.25
8.924451645045101
45.0
390.9692905150782 295.66573279849155
2
403.60546797886224 295.66573279849155
0.25 0.25 0.25 0.25
12.636177463784021
45.0
