47541
413.5742066777224 151.62188899557032
0
413.5742066777224 39.26518855963084
0.25 0.25 0.25 0.25
112.35670043593947
45.0
246.03783896837157 152.7903429398526
2
389.1491394683501 152.7903429398526
0.25 0.25 0.25 0.25
143.1113004999785
45.0
376.14722652980186 375.2985409278175
0
376.14722652980186 238.16945071419343
0.25 0.25 0.25 0.25
137.12909021362407
45.0
396.5755527398503 380.2631252191817
0
396.5755527398503 251.82591033478812
0.25 0.25 0.25 0.25
128.43721488439357
45.0
272.20916020911153 65.80559542624314
3
129.30447390325105 65.80559542624314
0.25 0.25 0.25 0.25
142.90468630586048
45.0
488.8210014174523 437.3170819010869
3
363.0748553900429 437.3170819010869
0.25 0.25 0.25 0.25
125.74614602740937
45.0
428.20284446209837 260.0773872181497
3
475.01639037471693 260.0773872181497
0.25 0.25 0.25 0.25
96.78076516318471
45.0
484.1133758931645 286.4076506299862
3
337.1967567609418 286.4076506299862
0.25 0.25 0.25 0.25
146.9166191322227
45.0
327.38068558967154 478.21005548084713
0
327.38068558967154 358.52678275593644
0.25 0.25 0.25 0.25
163.26316176321646
45.0
312.6537946436224 271.13712407825915
1
312.6537946436224 386.79858261132574
0.25 0.25 0.25 0.25
115.66145853306662
45.0
148.39627781228467 127.23128497745283
2
258.01488925905227 127.23128497745283
0.25 0.25 0.25 0.25
109.61861144676762
45.0
422.0667249241476 281.48416989428364
1
422.0667249241476 397.3681248568089
0.25 0.25 0.25 0.25
115.88395496252525
45.0
96.77724132878585 344.1555965962912
3
8.127319891017095 344.1555965962912
0.25 0.25 0.25 0.25
88.64992143776875
45.0
287.61911587729696 450.0953477131601
0
287.61911587729696 399.7226520574626
0.25 0.25 0.25 0.25
150.18200022937734
45.0
475.70021743649284 279.0424048870927
1
475.70021743649284 390.07892356728064
0.25 0.25 0.25 0.25
111.03651868018797
45.0
472.67769501198086 323.1960323683342
0
472.67769501198086 205.78813827785643
0.25 0.25 0.25 0.25
117.4078940904778
45.0
412.4421293780556 400.9265085187591
0
412.4421293780556 474.87850575260984
0.25 0.25 0.25 0.25
124.19498572863105
45.0
109.61879931326484 139.89933366948594
2
33.74167343656677 139.89933366948594
0.25 0.25 0.25 0.25
143.36047274983162
45.0
321.2471728089497 281.55123658011223
0
321.2471728089497 140.35982593947276
0.25 0.25 0.25 0.25
141.19141064063948
45.0
437.942307758952 14.350782835505186
3
279.919266968412 14.350782835505186
0.25 0.25 0.25 0.25
158.02304079054002
45.0
84.7437309571521 350.2423329343265
2
28.330014262039384 350.2423329343265
0.25 0.25 0.25 0.25
113.07374521919148
45.0
219.03813828221132 203.7890115334185
1
219.03813828221132 328.4552096706676
0.25 0.25 0.25 0.25
124.66619813724914
45.0
385.86355168438337 297.03477273156875
1
385.86355168438337 412.6887640898954
0.25 0.25 0.25 0.25
115.65399135832666
45.0
302.8069551027218 121.68172587849335
1
302.8069551027218 256.99731014261914
0.25 0.25 0.25 0.25
135.3155842641258
45.0
384.87399550832765 271.5509982737541
3
474.64467051702377 271.5509982737541
0.25 0.25 0.25 0.25
140.4813339746486
45.0
475.99671336786037 124.51676697502353
3
363.53910495998775 124.51676697502353
0.25 0.25 0.25 0.25
160.46418167215188
45.0
193.68341074063156 102.1169193788171
3
99.56480591916164 102.1169193788171
0.25 0.25 0.25 0.25
94.11860482146992
45.0
290.01298166449624 102.30686697635736
1
290.01298166449624 33.59143251071464
0.25 0.25 0.25 0.25
135.898299487072
45.0
303.5438438818258 435.86984387107486
2
453.89174114728826 435.86984387107486
0.25 0.25 0.25 0.25
150.34789726546245
45.0
338.8484810920988 84.26663600178213
0
338.8484810920988 59.26334628949108
0.25 0.25 0.25 0.25
25.00328971229105
45.0
440.8856039785493 231.23932584800403
3
401.5404707427698 231.23932584800403
0.25 0.25 0.25 0.25
39.345133235779464
45.0
422.0925210427266 273.6348180502091
3
403.3692221914366 273.6348180502091
0.25 0.25 0.25 0.25
18.723298851289975
45.0
49.53439072154627 66.19698966787426
3
45.811085127835184 66.19698966787426
0.25 0.25 0.25 0.25
3.7233055937110904
45.0
106.07629280935208 298.74915130751066
1
106.07629280935208 328.697248853663
0.25 0.25 0.25 0.25
29.9480975461523
45.0
206.3069408851238 163.72394782651784
2
206.38214346885957 163.72394782651784
0.25 0.25 0.25 0.25
0.07520258373577837
45.0
471.0614490533551 279.88791258266974
3
488.6051819736914 279.88791258266974
0.25 0.25 0.25 0.25
40.33336897295348
45.0
246.843816974333 121.73664794363171
1
246.843816974333 167.07490415703018
0.25 0.25 0.25 0.25
45.338256213398466
45.0
395.731114080004 477.85865983150427
3
377.7130084645685 477.85865983150427
0.25 0.25 0.25 0.25
18.01810561543552
45.0
176.4819697600741 448.0550965810558
2
190.79992921580762 448.0550965810558
0.25 0.25 0.25 0.25
14.317959455733536
45.0
497.12199187676873 23.05091390289776
1
497.12199187676873 17.17778812445581
0.25 0.25 0.25 0.25
40.22870202735357
45.0
296.8703955866082 56.357686422343534
1
296.8703955866082 57.87373756162183
0.25 0.25 0.25 0.25
1.516051139278296
45.0
20.629195903175336 177.89812326541298
3
14.339406303981235 177.89812326541298
0.25 0.25 0.25 0.25
6.289789599194101
45.0
155.98938922490058 113.41428918625533
3
141.59669792940662 113.41428918625533
0.25 0.25 0.25 0.25
14.392691295493965
45.0
333.6971155558024 85.44341746377545
3
312.71231804001695 85.44341746377545
0.25 0.25 0.25 0.25
20.98479751578542
45.0
80.51911972985992 45.53478306705132
2
81.00356150141513 45.53478306705132
0.25 0.25 0.25 0.25
0.4844417715552052
45.0
443.79916815261805 200.9010442862966
0
443.79916815261805 166.68513040954548
0.25 0.25 0.25 0.25
34.21591387675112
45.0
409.07917578969636 443.8731787812109
1
409.07917578969636 459.87109352913905
0.25 0.25 0.25 0.25
15.9979147479281
45.0
441.5040563521594 33.0201221391614
3
396.9850339968742 33.0201221391614
0.25 0.25 0.25 0.25
44.51902235528516
45.0
