47541
144.0195901120218 297.8049127481876
1
144.0195901120218 410.1616131841271
0.25 0.25 0.25 0.25
112.35670043593947
45.0
396.2655534677481 147.4530324403041
3
253.1542529677696 147.4530324403041
0.25 0.25 0.25 0.25
143.1113004999785
45.0
433.08357973416287 179.63421903185133
0
433.08357973416287 42.50512881822726
0.25 0.25 0.25 0.25
137.12909021362407
45.0
429.0431747168085 380.2631252191817
0
429.0431747168085 251.82591033478812
0.25 0.25 0.25 0.25
128.43721488439357
45.0
270.54513950399445 362.90846349133835
3
127.64045319813397 362.90846349133835
0.25 0.25 0.25 0.25
142.90468630586048
45.0
349.61784323948825 197.382816455235
0
349.61784323948825 71.63667042782563
0.25 0.25 0.25 0.25
125.74614602740937
45.0
73.6795722949643 62.66097669828325
1
73.6795722949643 34.11978846490146
0.25 0.25 0.25 0.25
96.78076516318471
45.0
435.47257183458646 314.82398455554534
1
435.47257183458646 461.74060368776804
0.25 0.25 0.25 0.25
146.9166191322227
45.0
143.69649440575378 335.367923138332
1
143.69649440575378 498.63108490154843
0.25 0.25 0.25 0.25
163.26316176321646
45.0
372.9662826596258 189.2308704830601
3
257.3048241265592 189.2308704830601
0.25 0.25 0.25 0.25
115.66145853306662
45.0
359.3992884842789 223.41739944512898
2
469.0178999310465 223.41739944512898
0.25 0.25 0.25 0.25
109.61861144676762
45.0
1.4864997367737942 456.77515454359514
2
114.39745522575146 456.77515454359514
0.25 0.25 0.25 0.25
115.88395496252525
45.0
284.83061950472955 78.20583228298499
2
373.4805409424983 78.20583228298499
0.25 0.25 0.25 0.25
88.64992143776875
45.0
60.37888159955247 297.17464884618005
2
210.5608818289298 297.17464884618005
0.25 0.25 0.25 0.25
150.18200022937734
45.0
252.95584819780856 60.32602691825859
2
363.9923668779965 60.32602691825859
0.25 0.25 0.25 0.25
111.03651868018797
45.0
185.25666047860273 140.98549053980128
3
67.84876638812493 140.98549053980128
0.25 0.25 0.25 0.25
117.4078940904778
45.0
360.9212160104437 407.36662268971054
0
360.9212160104437 468.4383915816584
0.25 0.25 0.25 0.25
124.19498572863105
45.0
177.1021461863984 426.62027916914917
0
177.1021461863984 430.0192480810192
0.25 0.25 0.25 0.25
143.36047274983162
45.0
113.98718462849246 198.66045351709155
2
27.204226012147018 198.66045351709155
0.25 0.25 0.25 0.25
141.19141064063948
45.0
72.47224594137225 389.57194473412585
0
72.47224594137225 231.54890394358583
0.25 0.25 0.25 0.25
158.02304079054002
45.0
148.49526286408212 441.27388360001396
0
148.49526286408212 445.6523711807946
0.25 0.25 0.25 0.25
113.07374521919148
45.0
333.0226768114329 406.18990464279284
2
457.68887494868204 406.18990464279284
0.25 0.25 0.25 0.25
124.66619813724914
45.0
45.90535292589669 494.4606085397755
0
45.90535292589669 389.88540010189786
0.25 0.25 0.25 0.25
115.65399135832666
45.0
339.2173368372626 415.37004059597757
0
339.2173368372626 280.0544563318518
0.25 0.25 0.25 0.25
135.3155842641258
45.0
13.321980116761381 314.00694825116375
0
13.321980116761381 173.52561427651514
0.25 0.25 0.25 0.25
140.4813339746486
45.0
266.71307992482275 494.13087610598996
3
106.24889825267087 494.13087610598996
0.25 0.25 0.25 0.25
160.46418167215188
45.0
359.3142737260938 427.2900565138333
0
359.3142737260938 333.17145169236335
0.25 0.25 0.25 0.25
94.11860482146992
45.0
312.5295311587039 130.54394799802117
1
312.5295311587039 266.44224748509316
0.25 0.25 0.25 0.25
135.898299487072
45.0
147.49984791456143 294.9958065284903
1
147.49984791456143 445.3437037939527
0.25 0.25 0.25 0.25
150.34789726546245
45.0
311.1054629358263 484.3192713984391
0
311.1054629358263 459.31598168614806
0.25 0.25 0.25 0.25
25.00328971229105
45.0
329.6453916315269 168.9207284819583
3
290.3002583957474 168.9207284819583
0.25 0.25 0.25 0.25
39.345133235779464
45.0
371.9511915930834 194.44765323204015
0
371.9511915930834 175.72435438075019
0.25 0.25 0.25 0.25
18.723298851289975
45.0
177.58725049483036 86.4585396742804
0
177.58725049483036 82.73523408056931
0.25 0.25 0.25 0.25
3.7233055937110904
45.0
2.003316398283367 29.216273392140007
2
27.944781147868934 29.216273392140007
0.25 0.25 0.25 0.25
29.9480975461523
45.0
208.2622080622539 165.2279995012333
3
208.18700547851813 165.2279995012333
0.25 0.25 0.25 0.25
0.07520258373577837
45.0
85.27149224415646 115.11155282302775
2
125.60486121710994 115.11155282302775
0.25 0.25 0.25 0.25
40.33336897295348
45.0
244.28545366909955 235.8526751530891
1
244.28545366909955 281.1909313664876
0.25 0.25 0.25 0.25
45.338256213398466
45.0
90.75773753675496 144.5285676026183
2
108.77584315219048 144.5285676026183
0.25 0.25 0.25 0.25
18.01810561543552
45.0
262.38972649447527 362.14733984665446
3
248.07176703874174 362.14733984665446
0.25 0.25 0.25 0.25
14.317959455733536
45.0
376.47435135733144 138.01946930111933
0
376.47435135733144 97.79076727376577
0.25 0.25 0.25 0.25
40.22870202735357
45.0
375.7050548290807 92.74291376502252
2
377.22110596835904 92.74291376502252
0.25 0.25 0.25 0.25
1.516051139278296
45.0
52.07814389914584 476.16344877891225
1
52.07814389914584 482.45323837810633
0.25 0.25 0.25 0.25
6.289789599194101
45.0
213.56015440687648 339.66344158497327
3
199.16746311138252 339.66344158497327
0.25 0.25 0.25 0.25
14.392691295493965
45.0
57.74375648642018 232.33700007427342
1
57.74375648642018 253.32179759005885
0.25 0.25 0.25 0.25
20.98479751578542
45.0
85.36353744541204 58.13026912748663
0
85.36353744541204 57.645827355931424
0.25 0.25 0.25 0.25
0.4844417715552052
45.0
419.3371763403775 90.51480508182591
3
385.12126246362635 90.51480508182591
0.25 0.25 0.25 0.25
34.21591387675112
45.0
64.99368045474878 203.90445756228922
3
48.99576570682069 203.90445756228922
0.25 0.25 0.25 0.25
15.9979147479281
45.0
218.9089445757335 408.81409542585754
2
263.42796693101866 408.81409542585754
0.25 0.25 0.25 0.25
44.51902235528516
45.0
