16037
20.790696976555523 360.16334475370036
0
20.790696976555523 476.51294595754473
0.25 0.25 0.25 0.25
163.32370928875497
45.0
63.47807725623943 361.9120517509139
2
169.39725045176232 361.9120517509139
0.25 0.25 0.25 0.25
105.91917319552289
45.0
39.92574553577276 194.4305507687808
2
57.81916664944538 194.4305507687808
0.25 0.25 0.25 0.25
97.74491218521814
45.0
465.50404559270885 5.765716117037961
3
444.72427015014387 5.765716117037961
0.25 0.25 0.25 0.25
20.77977544256499
45.0
57.912020411401734 144.00851213070212
0
57.912020411401734 131.01048016192655
0.25 0.25 0.25 0.25
12.998031968775559
45.0
62.064093044916966 496.85310317184417
2
70.97807632604597 496.85310317184417
0.25 0.25 0.25 0.25
8.913983281129001
45.0
115.43569819216906 134.11528927709958
1
115.43569819216906 163.34294282444552
0.25 0.25 0.25 0.25
29.22765354734595
45.0
245.46792402906794 492.24462708821335
0
245.46792402906794 492.20279367502724
0.25 0.25 0.25 0.25
0.04183341318609313
45.0
291.8393166159044 251.11183912852158
3
282.9594779295702 251.11183912852158
0.25 0.25 0.25 0.25
8.879838686334224
45.0
176.89341942899094 396.61636272567273
0
176.89341942899094 385.1329297080327
0.25 0.25 0.25 0.25
11.483433017640015
45.0
73.43612970785705 103.8618162569835
0
73.43612970785705 81.6641806024586
0.25 0.25 0.25 0.25
22.197635654524895
45.0
392.9486488809729 25.39451724800007
1
392.9486488809729 56.369422581113334
0.25 0.25 0.25 0.25
30.974905333113263
45.0
481.41955551746344 102.84210987385069
1
481.41955551746344 150.008344505513
0.25 0.25 0.25 0.25
47.16623463166231
45.0
223.8008892010173 330.7409961593114
0
223.8008892010173 298.1641920952144
0.25 0.25 0.25 0.25
32.57680406409703
45.0
430.85895539166563 267.6196910788027
2
459.38206987872854 267.6196910788027
0.25 0.25 0.25 0.25
28.523114487062905
45.0
237.6738254859502 258.69326602537586
2
263.0650804550381 258.69326602537586
0.25 0.25 0.25 0.25
25.391254969087935
45.0
343.3489213649868 442.9229487863276
0
343.3489213649868 432.2149450914032
0.25 0.25 0.25 0.25
10.708003694924406
45.0
96.227735906399 131.3857548639286
1
96.227735906399 161.43256309172625
0.25 0.25 0.25 0.25
30.046808227797644
45.0
329.71193487198923 233.28384751066523
1
329.71193487198923 270.3781546681235
0.25 0.25 0.25 0.25
37.09430715745827
45.0
245.03711344209418 74.85505314565611
1
245.03711344209418 103.2819641940161
0.25 0.25 0.25 0.25
28.426911048359976
45.0
481.3778672145436 280.88992225807425
3
447.93580638774324 280.88992225807425
0.25 0.25 0.25 0.25
33.442060826800336
45.0
236.6414357995868 332.9886199105293
3
227.58069744551057 332.9886199105293
0.25 0.25 0.25 0.25
9.060738354076214
45.0
198.1045588260988 426.0021962901982
1
198.1045588260988 459.3923490853514
0.25 0.25 0.25 0.25
33.39015279515321
45.0
173.21996228690412 325.15380508828423
1
173.21996228690412 326.37930875774754
0.25 0.25 0.25 0.25
1.2255036694633126
45.0
398.0251545434762 200.6690049494767
2
442.587629740205 200.6690049494767
0.25 0.25 0.25 0.25
44.562475196728776
45.0
69.99118260589765 264.762292985123
1
69.99118260589765 308.80081122980516
0.25 0.25 0.25 0.25
44.03851824468217
45.0
88.64718884521464 191.78298700237252
0
88.64718884521464 150.78589456262102
0.25 0.25 0.25 0.25
40.99709243975151
45.0
19.816695227030763 446.9774443819277
0
19.816695227030763 439.20386734998334
0.25 0.25 0.25 0.25
7.773577031944351
45.0
416.1539150841137 112.24200290829094
0
416.1539150841137 93.92924651948408
0.25 0.25 0.25 0.25
18.312756388806857
45.0
95.22101322946472 38.294722726259785
0
95.22101322946472 37.70176676162478
0.25 0.25 0.25 0.25
0.5929559646350002
45.0
457.8148572374412 281.2599765705339
0
457.8148572374412 268.8046979107038
0.25 0.25 0.25 0.25
12.455278659830126
45.0
199.40258265545455 51.71044053781413
3
193.90882760179326 51.71044053781413
0.25 0.25 0.25 0.25
5.493755053661281
45.0
389.84896755251395 467.9381576049246
0
389.84896755251395 460.4239144998345
0.25 0.25 0.25 0.25
7.514243105090079
45.0
221.98704050866334 176.1466433991008
2
222.5692589983015 176.1466433991008
0.25 0.25 0.25 0.25
0.5822184896381755
45.0
461.6954030223743 300.1221695657821
1
461.6954030223743 300.14588157705737
0.25 0.25 0.25 0.25
0.023712011275289768
45.0
458.74493557433755 163.65303260802753
3
440.30239662719464 163.65303260802753
0.25 0.25 0.25 0.25
18.44253894714291
45.0
369.239248269838 152.93147081533414
1
369.239248269838 158.8484268898526
0.25 0.25 0.25 0.25
5.916956074518465
45.0
307.9445504392604 489.4948641238715
2
310.81985739687735 489.4948641238715
0.25 0.25 0.25 0.25
2.875306957616935
45.0
251.1859867036692 393.0683699241348
2
284.32744145548804 393.0683699241348
0.25 0.25 0.25 0.25
33.14145475181887
45.0
379.6581142026403 5.002477555036606
1
379.6581142026403 53.46566006364324
0.25 0.25 0.25 0.25
48.463182508606636
45.0
183.387610179632 205.33660298804932
1
183.387610179632 236.39064454551325
0.25 0.25 0.25 0.25
31.054041557463925
45.0
454.19702582087456 214.89346457285507
3
426.00677709393983 214.89346457285507
0.25 0.25 0.25 0.25
28.19024872693473
45.0
91.01140842634007 311.8160227914782
2
112.63765655139606 311.8160227914782
0.25 0.25 0.25 0.25
21.626248125055998
45.0
141.4333412097575 497.2965651805439
0
141.4333412097575 490.9156502770632
0.25 0.25 0.25 0.25
6.3809149034806945
45.0
109.20476486831706 390.12659268680795
1
109.20476486831706 436.1519322708278
0.25 0.25 0.25 0.25
46.02533958401981
45.0
35.233098918103266 325.8172100767557
0
35.233098918103266 316.9872979432045
0.25 0.25 0.25 0.25
8.829912133551222
45.0
195.2169309905214 91.37015972546595
3
147.4290244695984 91.37015972546595
0.25 0.25 0.25 0.25
47.78790652092301
45.0
9.481987855950536 408.2714896244473
0
9.481987855950536 398.71725377434814
0.25 0.25 0.25 0.25
9.554235850099168
45.0
