16037
449.1226866222395 129.8077831125646
3
285.7989773334845 129.8077831125646
0.25 0.25 0.25 0.25
163.32370928875497
45.0
4.286345301010442 61.76464103117763
1
4.286345301010442 44.154532164345255
0.25 0.25 0.25 0.25
105.91917319552289
45.0
80.37004479726397 339.3957664529471
0
80.37004479726397 241.65085426772896
0.25 0.25 0.25 0.25
97.74491218521814
45.0
305.91842453907634 483.7005512960326
0
305.91842453907634 462.9207758534676
0.25 0.25 0.25 0.25
20.77977544256499
45.0
252.88249994303519 79.01835228682431
3
239.88446797425962 79.01835228682431
0.25 0.25 0.25 0.25
12.998031968775559
45.0
71.64565617201804 494.23291354702684
2
80.55963945314704 494.23291354702684
0.25 0.25 0.25 0.25
8.913983281129001
45.0
1.4749159972147297 484.84713184525083
0
1.4749159972147297 455.6194782979049
0.25 0.25 0.25 0.25
29.22765354734595
45.0
246.43009253234786 492.7884614596328
3
246.38825911916177 492.7884614596328
0.25 0.25 0.25 0.25
0.04183341318609313
45.0
389.5175421655807 455.3481289142084
0
389.5175421655807 446.4682902278742
0.25 0.25 0.25 0.25
8.879838686334224
45.0
50.57565623495081 270.2985995316323
0
50.57565623495081 258.81516651399227
0.25 0.25 0.25 0.25
11.483433017640015
45.0
317.61012190763097 140.31217594279036
3
295.41248625310607 140.31217594279036
0.25 0.25 0.25 0.25
22.197635654524895
45.0
359.25210845412096 335.14357057913276
1
359.25210845412096 366.118475912246
0.25 0.25 0.25 0.25
30.974905333113263
45.0
387.0870862541388 312.14492907601857
3
339.9208516224765 312.14492907601857
0.25 0.25 0.25 0.25
47.16623463166231
45.0
60.916868880532164 493.6250164797965
2
93.4936729446292 493.6250164797965
0.25 0.25 0.25 0.25
32.57680406409703
45.0
88.58158154691068 447.1491640505682
3
60.05846705984778 447.1491640505682
0.25 0.25 0.25 0.25
28.523114487062905
45.0
381.4573499777309 334.86703093263964
1
381.4573499777309 360.25828590172756
0.25 0.25 0.25 0.25
25.391254969087935
45.0
182.72886594112077 410.7989377015544
2
193.43686963604517 410.7989377015544
0.25 0.25 0.25 0.25
10.708003694924406
45.0
23.95949700479161 371.7602206863098
0
23.95949700479161 341.71341245851215
0.25 0.25 0.25 0.25
30.046808227797644
45.0
144.24039908469786 26.376302591542647
1
144.24039908469786 10.71800456591562
0.25 0.25 0.25 0.25
37.09430715745827
45.0
499.1206871226662 23.059344356337235
3
470.69377607430624 23.059344356337235
0.25 0.25 0.25 0.25
28.426911048359976
45.0
381.0516847341426 220.74099014393084
3
347.60962390734227 220.74099014393084
0.25 0.25 0.25 0.25
33.442060826800336
45.0
173.21626732105324 233.32049801569107
3
164.15552896697702 233.32049801569107
0.25 0.25 0.25 0.25
9.060738354076214
45.0
66.24853150008207 426.0021962901982
1
66.24853150008207 459.3923490853514
0.25 0.25 0.25 0.25
33.39015279515321
45.0
156.0629109144178 320.251790410431
3
154.8374072449545 320.251790410431
0.25 0.25 0.25 0.25
1.2255036694633126
45.0
219.77525375656106 66.70584623089596
0
219.77525375656106 22.143371034167174
0.25 0.25 0.25 0.25
44.562475196728776
45.0
158.06821909526198 440.91636596385166
2
202.10673733994415 440.91636596385166
0.25 0.25 0.25 0.25
44.03851824468217
45.0
236.5657771582567 152.2635339616035
2
277.5628695980082 152.2635339616035
0.25 0.25 0.25 0.25
40.99709243975151
45.0
42.371921028524035 397.5510149791855
0
42.371921028524035 389.77743794724114
0.25 0.25 0.25 0.25
7.773577031944351
45.0
437.3440338054314 331.99507957397327
2
455.6567901942383 331.99507957397327
0.25 0.25 0.25 0.25
18.312756388806857
45.0
90.47736551238475 37.10881079698978
1
90.47736551238475 37.70176676162478
0.25 0.25 0.25 0.25
0.5929559646350002
45.0
330.44540554544665 457.1791715730334
2
342.9006842052768 457.1791715730334
0.25 0.25 0.25 0.25
12.455278659830126
45.0
100.51499168955144 62.69795064513669
0
100.51499168955144 57.20419559147541
0.25 0.25 0.25 0.25
5.493755053661281
45.0
419.9059399728743 467.9381576049246
2
427.4201830779644 467.9381576049246
0.25 0.25 0.25 0.25
7.514243105090079
45.0
230.13809936359766 190.1198871504168
3
229.5558808739595 190.1198871504168
0.25 0.25 0.25 0.25
0.5822184896381755
45.0
462.09850721405405 300.28815364470904
2
462.12221922532933 300.28815364470904
0.25 0.25 0.25 0.25
0.023712011275289768
45.0
393.7147528485192 89.8828768194559
0
393.7147528485192 71.440337872313
0.25 0.25 0.25 0.25
18.44253894714291
45.0
392.9070725679118 223.93494370955557
0
392.9070725679118 218.01798763503712
0.25 0.25 0.25 0.25
5.916956074518465
45.0
353.9494617611315 426.23811105629875
2
356.82476871874843 426.23811105629875
0.25 0.25 0.25 0.25
2.875306957616935
45.0
118.62016769639375 459.3512794277725
0
118.62016769639375 426.20982467595366
0.25 0.25 0.25 0.25
33.14145475181887
45.0
410.3944640305078 198.85520758946313
0
410.3944640305078 150.39202508085648
0.25 0.25 0.25 0.25
48.463182508606636
45.0
369.7118595244155 143.22851987312146
0
369.7118595244155 112.17447831565752
0.25 0.25 0.25 0.25
31.054041557463925
45.0
31.34329491685372 355.8447082075287
3
3.1530461899189888 355.8447082075287
0.25 0.25 0.25 0.25
28.19024872693473
45.0
125.25107282421989 298.9115109575137
2
146.87732094927588 298.9115109575137
0.25 0.25 0.25 0.25
21.626248125055998
45.0
84.00510707843121 470.7988603020527
3
77.62419217495051 470.7988603020527
0.25 0.25 0.25 0.25
6.3809149034806945
45.0
384.51649970746496 208.20282190544958
2
430.5418392914848 208.20282190544958
0.25 0.25 0.25 0.25
46.02533958401981
45.0
26.403186784552044 299.3274736761021
2
35.233098918103266 299.3274736761021
0.25 0.25 0.25 0.25
8.829912133551222
45.0
183.5402842374795 147.5693728791491
1
183.5402842374795 195.35727940007212
0.25 0.25 0.25 0.25
47.78790652092301
45.0
86.06037064504113 496.1861518745608
0
86.06037064504113 494.25961227534003
0.25 0.25 0.25 0.25
9.554235850099168
45.0
