16037
162.59075657966963 259.8746234163494
2
0.7329527090853389 259.8746234163494
0.25 0.25 0.25 0.25
163.32370928875497
45.0
406.9260567661461 342.1292884729417
1
406.9260567661461 448.0484616684646
0.25 0.25 0.25 0.25
105.91917319552289
45.0
408.35451612882673 226.64137571385413
1
408.35451612882673 324.3862878990723
0.25 0.25 0.25 0.25
97.74491218521814
45.0
451.3768526370312 98.13316109578705
0
451.3768526370312 77.35338565322206
0.25 0.25 0.25 0.25
20.77977544256499
45.0
343.86872372446396 362.91473465154456
0
343.86872372446396 349.916702682769
0.25 0.25 0.25 0.25
12.998031968775559
45.0
53.81768960976003 193.77767161345844
1
53.81768960976003 202.69165489458743
0.25 0.25 0.25 0.25
8.913983281129001
45.0
387.69419150295 134.11528927709958
1
387.69419150295 163.34294282444552
0.25 0.25 0.25 0.25
29.22765354734595
45.0
245.13325672357928 493.37412924423836
0
245.13325672357928 493.33229583105225
0.25 0.25 0.25 0.25
0.04183341318609313
45.0
265.1998005569018 126.79409751984262
1
265.1998005569018 135.67393620617685
0.25 0.25 0.25 0.25
8.879838686334224
45.0
475.46267788763174 293.2654655669124
3
463.9792448699917 293.2654655669124
0.25 0.25 0.25 0.25
11.483433017640015
45.0
237.33076945549152 208.01147845274454
3
215.13313380096662 208.01147845274454
0.25 0.25 0.25 0.25
22.197635654524895
45.0
142.4277711223281 408.2541574155857
2
173.40267645544137 408.2541574155857
0.25 0.25 0.25 0.25
30.974905333113263
45.0
18.390879960638735 274.4877671794477
2
65.55711459230105 274.4877671794477
0.25 0.25 0.25 0.25
47.16623463166231
45.0
407.9733401069078 37.5497595824382
2
440.55014417100483 37.5497595824382
0.25 0.25 0.25 0.25
32.57680406409703
45.0
258.02927551649003 447.1491640505682
0
258.02927551649003 418.62604956350526
0.25 0.25 0.25 0.25
28.523114487062905
45.0
488.931512412029 325.3055982636466
3
463.5402574429411 325.3055982636466
0.25 0.25 0.25 0.25
25.391254969087935
45.0
474.6150158212984 378.6749266167812
2
485.3230195162228 378.6749266167812
0.25 0.25 0.25 0.25
10.708003694924406
45.0
384.5211957383634 79.74746689101067
3
354.47438751056575 79.74746689101067
0.25 0.25 0.25 0.25
30.046808227797644
45.0
189.60836533242656 397.3193741661254
2
226.70267248988483 397.3193741661254
0.25 0.25 0.25 0.25
37.09430715745827
45.0
159.75638029701423 392.60918798501683
3
131.32946924865425 392.60918798501683
0.25 0.25 0.25 0.25
28.426911048359976
45.0
110.25337331572962 19.877085251691916
1
110.25337331572962 13.56497557510842
0.25 0.25 0.25 0.25
33.442060826800336
45.0
473.41493686997495 292.20232652072957
2
482.47567522405114 292.20232652072957
0.25 0.25 0.25 0.25
9.060738354076214
45.0
365.0553228018648 92.10066833866618
3
331.6651700067116 92.10066833866618
0.25 0.25 0.25 0.25
33.39015279515321
45.0
191.60251732885374 290.8397023433116
2
192.82802099831704 290.8397023433116
0.25 0.25 0.25 0.25
1.2255036694633126
45.0
314.2115880028135 314.45515173930164
0
314.2115880028135 269.8926765425729
0.25 0.25 0.25 0.25
44.562475196728776
45.0
194.23992686219538 74.65993334464446
3
150.2014086175132 74.65993334464446
0.25 0.25 0.25 0.25
44.03851824468217
45.0
81.43493694707425 125.85858356883345
3
40.43784450732274 125.85858356883345
0.25 0.25 0.25 0.25
40.99709243975151
45.0
12.043118195086413 382.0038609152968
1
12.043118195086413 389.77743794724114
0.25 0.25 0.25 0.25
7.773577031944351
45.0
290.84198269497654 93.92924651948408
0
290.84198269497654 75.61649013067722
0.25 0.25 0.25 0.25
18.312756388806857
45.0
85.14076183066979 44.224282372609814
0
85.14076183066979 43.63132640797481
0.25 0.25 0.25 0.25
0.5929559646350002
45.0
18.302396929796927 281.2599765705339
1
18.302396929796927 293.71525523036405
0.25 0.25 0.25 0.25
12.455278659830126
45.0
309.2776837286803 63.65841558907278
1
309.2776837286803 69.15217064273406
0.25 0.25 0.25 0.25
5.493755053661281
45.0
354.66676687442305 239.00636129656198
1
354.66676687442305 246.52060440165207
0.25 0.25 0.25 0.25
7.514243105090079
45.0
212.6715446744527 169.742240013081
2
213.25376316409086 169.742240013081
0.25 0.25 0.25 0.25
0.5822184896381755
45.0
461.1263147517676 301.18921007316965
0
461.1263147517676 301.16549806189437
0.25 0.25 0.25 0.25
0.023712011275289768
45.0
393.7147528485192 440.8478557934055
3
375.2722139013763 440.8478557934055
0.25 0.25 0.25 0.25
18.44253894714291
45.0
404.74098471694873 16.841481101409457
0
404.74098471694873 10.924525026890992
0.25 0.25 0.25 0.25
5.916956074518465
45.0
414.3309078710873 424.24592714762025
0
414.3309078710873 421.3706201900033
0.25 0.25 0.25 0.25
2.875306957616935
45.0
279.0772893254326 354.1705577268817
1
279.0772893254326 387.3120124787006
0.25 0.25 0.25 0.25
33.14145475181887
45.0
413.47963861580484 326.5179224345438
1
413.47963861580484 374.9811049431504
0.25 0.25 0.25 0.25
48.463182508606636
45.0
226.58560022855377 149.49919003427613
2
257.6396417860177 149.49919003427613
0.25 0.25 0.25 0.25
31.054041557463925
45.0
136.29053783238908 103.64012927748183
3
108.10028910545435 103.64012927748183
0.25 0.25 0.25 0.25
28.19024872693473
45.0
307.2738896769001 246.93727841631016
0
307.2738896769001 225.31103029125416
0.25 0.25 0.25 0.25
21.626248125055998
45.0
473.2409161907532 304.8950728115548
0
473.2409161907532 298.51415790807414
0.25 0.25 0.25 0.25
6.3809149034806945
45.0
317.5807622362973 113.97455518268902
3
271.55542265227746 113.97455518268902
0.25 0.25 0.25 0.25
46.02533958401981
45.0
17.746373883204065 211.0283523405899
3
8.916461749652843 211.0283523405899
0.25 0.25 0.25 0.25
8.829912133551222
45.0
326.9040038002486 190.49200970669511
0
326.9040038002486 142.7041031857721
0.25 0.25 0.25 0.25
47.78790652092301
45.0
238.9281442466277 207.63253677236452
1
238.9281442466277 217.18677262246368
0.25 0.25 0.25 0.25
9.554235850099168
45.0
