16037
347.43811555406546 33.51592617619036
1
347.43811555406546 129.8077831125646
0.25 0.25 0.25 0.25
163.32370928875497
45.0
148.36026913480634 361.9120517509139
3
42.44109593928346 361.9120517509139
0.25 0.25 0.25 0.25
105.91917319552289
45.0
39.92574553577276 194.4305507687808
2
57.81916664944538 194.4305507687808
0.25 0.25 0.25 0.25
97.74491218521814
45.0
423.9444947075789 47.32526700216794
2
444.72427015014387 47.32526700216794
0.25 0.25 0.25 0.25
20.77977544256499
45.0
83.90808434895285 118.01244819315099
0
83.90808434895285 105.01441622437542
0.25 0.25 0.25 0.25
12.998031968775559
45.0
62.064093044916966 467.49096370363986
3
53.15010976378797 467.49096370363986
0.25 0.25 0.25 0.25
8.913983281129001
45.0
203.11865883420688 163.34294282444552
1
203.11865883420688 192.57059637179145
0.25 0.25 0.25 0.25
29.22765354734595
45.0
245.5934242686262 492.20279367502724
3
245.5515908554401 492.20279367502724
0.25 0.25 0.25 0.25
0.04183341318609313
45.0
274.079639243236 286.6311938738584
3
265.1998005569018 286.6311938738584
0.25 0.25 0.25 0.25
8.879838686334224
45.0
176.89341942899094 350.6826306551126
0
176.89341942899094 339.19919763747254
0.25 0.25 0.25 0.25
11.483433017640015
45.0
51.238494053332154 51.52163332469077
2
73.43612970785705 51.52163332469077
0.25 0.25 0.25 0.25
22.197635654524895
45.0
423.92355421408615 56.369422581113334
0
423.92355421408615 25.39451724800007
0.25 0.25 0.25 0.25
30.974905333113263
45.0
481.41955551746344 197.17457913717533
1
481.41955551746344 244.34081376883765
0.25 0.25 0.25 0.25
47.16623463166231
45.0
223.8008892010173 200.43377990292333
3
191.22408513692028 200.43377990292333
0.25 0.25 0.25 0.25
32.57680406409703
45.0
430.85895539166563 267.6196910788027
2
459.38206987872854 267.6196910788027
0.25 0.25 0.25 0.25
28.523114487062905
45.0
339.2388453623019 258.69326602537586
2
364.6301003313898 258.69326602537586
0.25 0.25 0.25 0.25
25.391254969087935
45.0
354.0569250599112 496.4629672609496
0
354.0569250599112 492.829029044126
0.25 0.25 0.25 0.25
10.708003694924406
45.0
66.18092767860136 161.43256309172625
2
96.227735906399 161.43256309172625
0.25 0.25 0.25 0.25
30.046808227797644
45.0
329.71193487198923 307.4724618255818
0
329.71193487198923 270.3781546681235
0.25 0.25 0.25 0.25
37.09430715745827
45.0
245.03711344209418 18.001231048936155
2
273.46402449045416 18.001231048936155
0.25 0.25 0.25 0.25
28.426911048359976
45.0
447.93580638774324 247.4478614312739
0
447.93580638774324 214.00580060447356
0.25 0.25 0.25 0.25
33.442060826800336
45.0
218.51995909143434 314.8671432023769
3
209.45922073735812 314.8671432023769
0.25 0.25 0.25 0.25
9.060738354076214
45.0
198.1045588260988 359.2218906998918
1
198.1045588260988 392.612043495045
0.25 0.25 0.25 0.25
33.39015279515321
45.0
171.9944586174408 326.37930875774754
0
171.9944586174408 325.15380508828423
0.25 0.25 0.25 0.25
1.2255036694633126
45.0
442.587629740205 245.23148014620546
0
442.587629740205 200.6690049494767
0.25 0.25 0.25 0.25
44.562475196728776
45.0
25.952664361215476 308.80081122980516
0
25.952664361215476 264.762292985123
0.25 0.25 0.25 0.25
44.03851824468217
45.0
88.64718884521464 27.79461724336649
3
47.65009640546313 27.79461724336649
0.25 0.25 0.25 0.25
40.99709243975151
45.0
19.816695227030763 431.430290318039
0
19.816695227030763 423.65671328609466
0.25 0.25 0.25 0.25
7.773577031944351
45.0
434.46667147292055 130.5547592970978
0
434.46667147292055 112.24200290829094
0.25 0.25 0.25 0.25
18.312756388806857
45.0
94.03510130019473 35.92289886771977
0
94.03510130019473 35.32994290308477
0.25 0.25 0.25 0.25
0.5929559646350002
45.0
432.9042999177809 256.34941925087367
1
432.9042999177809 268.8046979107038
0.25 0.25 0.25 0.25
12.455278659830126
45.0
188.41507254813197 73.68546075245925
0
188.41507254813197 68.19170569879797
0.25 0.25 0.25 0.25
5.493755053661281
45.0
382.33472444742387 460.4239144998345
3
374.8204813423338 460.4239144998345
0.25 0.25 0.25 0.25
7.514243105090079
45.0
221.40482201902518 176.72886188873898
3
220.822603529387 176.72886188873898
0.25 0.25 0.25 0.25
0.5822184896381755
45.0
461.76653905620014 300.14588157705737
1
461.76653905620014 300.16959358833265
0.25 0.25 0.25 0.25
0.023712011275289768
45.0
440.30239662719464 145.21049366088462
2
458.74493557433755 145.21049366088462
0.25 0.25 0.25 0.25
18.44253894714291
45.0
392.9070725679118 188.43320726244485
1
392.9070725679118 194.3501633369633
0.25 0.25 0.25 0.25
5.916956074518465
45.0
316.57047131211124 480.86894325102065
3
313.6951643544943 480.86894325102065
0.25 0.25 0.25 0.25
2.875306957616935
45.0
317.4688962073069 326.7854604204971
2
350.61035095912575 326.7854604204971
0.25 0.25 0.25 0.25
33.14145475181887
45.0
331.1949316940337 53.46566006364324
3
282.7317491854271 53.46566006364324
0.25 0.25 0.25 0.25
48.463182508606636
45.0
214.44165173709592 112.17447831565752
1
214.44165173709592 143.22851987312146
0.25 0.25 0.25 0.25
31.054041557463925
45.0
489.422476725256 214.89346457285507
1
489.422476725256 243.0837132997898
0.25 0.25 0.25 0.25
28.19024872693473
45.0
91.01140842634007 311.8160227914782
3
69.38516030128407 311.8160227914782
0.25 0.25 0.25 0.25
21.626248125055998
45.0
103.14785178887331 484.5347353735825
1
103.14785178887331 490.9156502770632
0.25 0.25 0.25 0.25
6.3809149034806945
45.0
293.3061232043963 482.1772718548476
0
293.3061232043963 471.7973885611326
0.25 0.25 0.25 0.25
46.02533958401981
45.0
35.233098918103266 325.8172100767557
1
35.233098918103266 334.6471222103069
0.25 0.25 0.25 0.25
8.829912133551222
45.0
99.6411179486754 91.37015972546595
3
51.85321142775239 91.37015972546595
0.25 0.25 0.25 0.25
47.78790652092301
45.0
0.0722479941486327 398.71725377434814
1
0.0722479941486327 408.2714896244473
0.25 0.25 0.25 0.25
9.554235850099168
45.0
