16037
384.6918489400118 152.72728252902914
3
221.36813965125685 152.72728252902914
0.25 0.25 0.25 0.25
163.32370928875497
45.0
232.48058251990517 433.5680744210779
0
232.48058251990517 327.648901225555
0.25 0.25 0.25 0.25
105.91917319552289
45.0
418.7065376485556 51.58388228792546
3
483.5485501662263 51.58388228792546
0.25 0.25 0.25 0.25
97.74491218521814
45.0
340.82539293731895 273.332018113502
2
361.60516837988393 273.332018113502
0.25 0.25 0.25 0.25
20.77977544256499
45.0
279.18834918104557 323.92063874521796
3
266.19031721227003 323.92063874521796
0.25 0.25 0.25 0.25
12.998031968775559
45.0
53.81768960976005 200.0714652697701
2
62.73167289088905 200.0714652697701
0.25 0.25 0.25 0.25
8.913983281129001
45.0
326.2890524138287 10.944895697477794
2
355.51670596117464 10.944895697477794
0.25 0.25 0.25 0.25
29.22765354734595
45.0
246.22092546641744 493.7924633760995
2
246.26275887960352 493.7924633760995
0.25 0.25 0.25 0.25
0.04183341318609313
45.0
152.15261770080656 224.97767837776001
3
143.27277901447235 224.97767837776001
0.25 0.25 0.25 0.25
8.879838686334224
45.0
245.794017534831 247.33173349635226
2
257.277450552471 247.33173349635226
0.25 0.25 0.25 0.25
11.483433017640015
45.0
416.01825023807015 15.071273638883916
1
416.01825023807015 37.26890929340881
0.25 0.25 0.25 0.25
22.197635654524895
45.0
226.5494577812924 147.086068098317
3
195.57455244817913 147.086068098317
0.25 0.25 0.25 0.25
30.974905333113263
45.0
19.26628193593193 329.5433393408662
1
19.26628193593193 376.7095739725285
0.25 0.25 0.25 0.25
47.16623463166231
45.0
470.1929221320279 115.45333475103932
1
470.1929221320279 148.03013881513635
0.25 0.25 0.25 0.25
32.57680406409703
45.0
461.0730628315267 475.6722785376311
2
489.59617731858964 475.6722785376311
0.25 0.25 0.25 0.25
28.523114487062905
45.0
41.62997917401711 217.8314358293485
3
16.238724204929177 217.8314358293485
0.25 0.25 0.25 0.25
25.391254969087935
45.0
442.4910047365252 396.4569957898064
0
442.4910047365252 385.748992094882
0.25 0.25 0.25 0.25
10.708003694924406
45.0
465.2447631226483 447.95892994690416
3
435.1979548948506 447.95892994690416
0.25 0.25 0.25 0.25
30.046808227797644
45.0
142.69410583332456 122.00092603829043
2
179.78841299078283 122.00092603829043
0.25 0.25 0.25 0.25
37.09430715745827
45.0
472.45240182897385 397.667301292418
1
472.45240182897385 426.094212340778
0.25 0.25 0.25 0.25
28.426911048359976
45.0
220.9054101482636 117.15298285951968
2
254.34747097506394 117.15298285951968
0.25 0.25 0.25 0.25
33.442060826800336
45.0
272.88438921589164 305.8064048483007
1
272.88438921589164 314.8671432023769
0.25 0.25 0.25 0.25
9.060738354076214
45.0
334.43330204175646 461.09693293994746
3
301.04314924660326 461.09693293994746
0.25 0.25 0.25 0.25
33.39015279515321
45.0
156.0629109144178 301.8692353684814
0
156.0629109144178 300.6437316990181
0.25 0.25 0.25 0.25
1.2255036694633126
45.0
473.5988037191322 264.8570258181725
3
481.838721084139 264.8570258181725
0.25 0.25 0.25 0.25
44.562475196728776
45.0
69.99118260589763 396.8778477191695
3
25.95266436121546 396.8778477191695
0.25 0.25 0.25 0.25
44.03851824468217
45.0
195.5686847185052 257.70739043591163
0
195.5686847185052 216.71029799616014
0.25 0.25 0.25 0.25
40.99709243975151
45.0
438.8243496576856 229.3172874874861
2
446.59792668962996 229.3172874874861
0.25 0.25 0.25 0.25
7.773577031944351
45.0
75.41314508116065 27.05844681778656
3
57.10038869235379 27.05844681778656
0.25 0.25 0.25 0.25
18.312756388806857
45.0
42.44793237694983 33.55107500917976
1
42.44793237694983 34.144030973814765
0.25 0.25 0.25 0.25
0.5929559646350002
45.0
339.32297699168697 432.26861425337313
1
339.32297699168697 444.72389291320326
0.25 0.25 0.25 0.25
12.455278659830126
45.0
119.23521045689972 134.11676634273329
3
113.74145540323845 134.11676634273329
0.25 0.25 0.25 0.25
5.493755053661281
45.0
164.42167439981134 400.3099696591138
2
171.93591750490143 400.3099696591138
0.25 0.25 0.25 0.25
7.514243105090079
45.0
228.97366238432133 162.755618137423
2
229.5558808739595 162.755618137423
0.25 0.25 0.25 0.25
0.5822184896381755
45.0
463.33153180036857 300.3592896785349
2
463.35524381164385 300.3592896785349
0.25 0.25 0.25 0.25
0.023712011275289768
45.0
311.2046239971943 481.27909156373994
3
292.7620850500514 481.27909156373994
0.25 0.25 0.25 0.25
18.44253894714291
45.0
363.32229219531956 71.91286001636752
1
363.32229219531956 77.82981609088598
0.25 0.25 0.25 0.25
5.916956074518465
45.0
207.30880692266743 414.736883225831
1
207.30880692266743 417.6121901834479
0.25 0.25 0.25 0.25
2.875306957616935
45.0
284.8336467708668 176.09271830222013
0
284.8336467708668 142.95126355040128
0.25 0.25 0.25 0.25
33.14145475181887
45.0
171.16372607277174 84.20200989151071
0
171.16372607277174 35.73882738290408
0.25 0.25 0.25 0.25
48.463182508606636
45.0
487.65735559311645 366.8774809365235
0
487.65735559311645 335.8234393790596
0.25 0.25 0.25 0.25
31.054041557463925
45.0
419.700684714102 461.6725048735784
0
419.700684714102 433.4822561466437
0.25 0.25 0.25 0.25
28.19024872693473
45.0
328.9001378019561 484.82600779192614
3
307.27388967690007 484.82600779192614
0.25 0.25 0.25 0.25
21.626248125055998
45.0
179.7188306306416 317.6569026185162
2
186.0997455341223 317.6569026185162
0.25 0.25 0.25 0.25
6.3809149034806945
45.0
405.4268975946127 300.25350107348925
3
359.40155801059285 300.25350107348925
0.25 0.25 0.25 0.25
46.02533958401981
45.0
361.9398478594984 43.260021803116615
1
361.9398478594984 52.08993393666783
0.25 0.25 0.25 0.25
8.829912133551222
45.0
135.7523777165565 330.309692330081
1
135.7523777165565 378.097598851004
0.25 0.25 0.25 0.25
47.78790652092301
45.0
0.0722479941486327 389.16301792424895
2
9.626483844247801 389.16301792424895
0.25 0.25 0.25 0.25
9.554235850099168
45.0
