16037
451.98444177123315 9.461317507744354
1
451.98444177123315 153.86239178101061
0.25 0.25 0.25 0.25
163.32370928875497
45.0
20.642236128859395 128.27484554944414
2
85.27693706666349 128.27484554944414
0.25 0.25 0.25 0.25
105.91917319552289
45.0
288.05872579579 264.20173241554755
1
288.05872579579 361.9466446007657
0.25 0.25 0.25 0.25
97.74491218521814
45.0
347.4779754242063 86.31403913041714
2
368.2577508667713 86.31403913041714
0.25 0.25 0.25 0.25
20.77977544256499
45.0
279.18834918104557 115.95212724480908
2
292.1863811498211 115.95212724480908
0.25 0.25 0.25 0.25
12.998031968775559
45.0
53.150109763787945 289.21129808106
1
53.150109763787945 298.125281362189
0.25 0.25 0.25 0.25
8.913983281129001
45.0
443.1996666032124 339.78694687067355
0
443.1996666032124 310.5592933233276
0.25 0.25 0.25 0.25
29.22765354734595
45.0
246.68109301146436 493.4159626574245
3
246.63925959827827 493.4159626574245
0.25 0.25 0.25 0.25
0.04183341318609313
45.0
72.23406952379857 340.41558130010475
2
81.11390821013279 340.41558130010475
0.25 0.25 0.25 0.25
8.879838686334224
45.0
395.0786467641515 281.78203254927234
1
395.0786467641515 293.2654655669124
0.25 0.25 0.25 0.25
11.483433017640015
45.0
416.0182502380702 118.11454028826546
1
416.0182502380702 140.31217594279036
0.25 0.25 0.25 0.25
22.197635654524895
45.0
102.64983644883932 481.21506790432375
0
102.64983644883932 450.2401625712105
0.25 0.25 0.25 0.25
30.974905333113263
45.0
160.76498583091885 282.377104709204
0
160.76498583091885 235.21087007754167
0.25 0.25 0.25 0.25
47.16623463166231
45.0
464.6534697397781 310.91415913562145
0
464.6534697397781 278.3373550715244
0.25 0.25 0.25 0.25
32.57680406409703
45.0
253.69579229784415 190.44113366700196
2
282.21890678490706 190.44113366700196
0.25 0.25 0.25 0.25
28.523114487062905
45.0
9.152530764158758 268.61394576752434
0
9.152530764158758 243.22269079843642
0.25 0.25 0.25 0.25
25.391254969087935
45.0
485.3230195162228 417.8730031796552
0
485.3230195162228 407.1649994847308
0.25 0.25 0.25 0.25
10.708003694924406
45.0
495.2915713504459 199.12913564184547
3
474.6616204217564 199.12913564184547
0.25 0.25 0.25 0.25
30.046808227797644
45.0
291.07133446315765 122.0009260382904
1
291.07133446315765 159.09523319574868
0.25 0.25 0.25 0.25
37.09430715745827
45.0
499.1206871226662 403.3443213690623
1
499.1206871226662 431.77123241742225
0.25 0.25 0.25 0.25
28.426911048359976
45.0
280.7255022537415 116.9414429280827
1
280.7255022537415 150.38350375488304
0.25 0.25 0.25 0.25
33.442060826800336
45.0
245.702174153663 296.7456664942245
1
245.702174153663 305.8064048483007
0.25 0.25 0.25 0.25
9.060738354076214
45.0
33.92192688537757 238.39169190367375
2
67.31207968053079 238.39169190367375
0.25 0.25 0.25 0.25
33.39015279515321
45.0
173.21996228690412 311.67326472418785
3
171.9944586174408 311.67326472418785
0.25 0.25 0.25 0.25
1.2255036694633126
45.0
339.9113781289459 423.20564780472614
3
295.34890293221713 423.20564780472614
0.25 0.25 0.25 0.25
44.562475196728776
45.0
69.99118260589765 338.89104281273745
3
25.952664361215476 338.89104281273745
0.25 0.25 0.25 0.25
44.03851824468217
45.0
9.41677748025235 52.72192823715412
2
50.41386992000386 52.72192823715412
0.25 0.25 0.25 0.25
40.99709243975151
45.0
322.2206941785205 330.37378890276256
0
322.2206941785205 322.6002118708182
0.25 0.25 0.25 0.25
7.773577031944351
45.0
2.162119525933228 46.19257873744087
0
2.162119525933228 27.87982234863401
0.25 0.25 0.25 0.25
18.312756388806857
45.0
40.66906448304482 32.95811904454476
2
41.262020447679824 32.95811904454476
0.25 0.25 0.25 0.25
0.5929559646350002
45.0
177.4043544138953 369.9922209542225
2
189.85963307372543 369.9922209542225
0.25 0.25 0.25 0.25
12.455278659830126
45.0
113.74145540323845 172.5730517183623
0
113.74145540323845 167.07929666470102
0.25 0.25 0.25 0.25
5.493755053661281
45.0
126.85045887436091 437.88118518456423
0
126.85045887436091 430.36694207947414
0.25 0.25 0.25 0.25
7.514243105090079
45.0
234.21362879106482 162.17339964778483
0
234.21362879106482 161.59118115814667
0.25 0.25 0.25 0.25
0.5822184896381755
45.0
463.35524381164385 300.95208996041686
2
463.3789558229191 300.95208996041686
0.25 0.25 0.25 0.25
0.023712011275289768
45.0
200.54939031433685 407.5089357751683
2
218.99192926147975 407.5089357751683
0.25 0.25 0.25 0.25
18.44253894714291
45.0
339.65446789724575 36.411123569256716
2
345.5714239717642 36.411123569256716
0.25 0.25 0.25 0.25
5.916956074518465
45.0
256.18902520215545 417.6121901834479
1
256.18902520215545 420.48749714106486
0.25 0.25 0.25 0.25
2.875306957616935
45.0
483.1761699664012 393.0683699241348
1
483.1761699664012 426.20982467595366
0.25 0.25 0.25 0.25
33.14145475181887
45.0
344.20444884116205 12.724355125702587
1
344.20444884116205 61.18753763430922
0.25 0.25 0.25 0.25
48.463182508606636
45.0
425.54927247818864 180.55323159174
1
425.54927247818864 211.60727314920393
0.25 0.25 0.25 0.25
31.054041557463925
45.0
185.63583310881188 481.94699767255213
0
185.63583310881188 489.86275360051314
0.25 0.25 0.25 0.25
28.19024872693473
45.0
328.9001378019561 355.0685190415901
3
307.27388967690007 355.0685190415901
0.25 0.25 0.25 0.25
21.626248125055998
45.0
205.24249024456435 343.18056223243894
3
198.86157534108366 343.18056223243894
0.25 0.25 0.25 0.25
6.3809149034806945
45.0
364.4464044852882 162.17748232142984
3
318.4210649012684 162.17748232142984
0.25 0.25 0.25 0.25
46.02533958401981
45.0
326.6201993252936 43.260021803116615
2
335.4501114588448 43.260021803116615
0.25 0.25 0.25 0.25
8.829912133551222
45.0
338.5806505532904 378.097598851004
1
338.5806505532904 425.885505371927
0.25 0.25 0.25 0.25
47.78790652092301
45.0
124.13281805714053 341.391838673753
2
133.6870539072397 341.391838673753
0.25 0.25 0.25 0.25
9.554235850099168
45.0
