13424
243.34542086686858 79.87914368651226
3
82.55485690406755 79.87914368651226
0.25 0.25 0.25 0.25
160.79056396280103
45.0
441.59383816095567 156.33993537206965
1
441.59383816095567 246.5654578839925
0.25 0.25 0.25 0.25
90.22552251192286
45.0
179.79373053788075 185.9480953416328
1
179.79373053788075 358.4448281941417
0.25 0.25 0.25 0.25
172.49673285250887
45.0
230.55935085305828 371.063105830233
3
85.07097342051964 371.063105830233
0.25 0.25 0.25 0.25
145.48837743253864
45.0
352.27378969002973 151.72254440138744
1
352.27378969002973 22.6735860421536
0.25 0.25 0.25 0.25
174.39613044354104
45.0
329.46717164423023 263.7453902069812
0
329.46717164423023 173.92986689831838
0.25 0.25 0.25 0.25
89.8155233086628
45.0
353.4008691195098 36.87072277418159
2
492.89175072236094 36.87072277418159
0.25 0.25 0.25 0.25
139.4908816028511
45.0
43.16661518637687 235.32076162412892
2
206.68196435396794 235.32076162412892
0.25 0.25 0.25 0.25
163.51534916759107
45.0
348.09870288235805 479.76612253010455
0
348.09870288235805 356.5398819349603
0.25 0.25 0.25 0.25
123.22624059514425
45.0
439.99816837189144 453.0671111338278
0
439.99816837189144 292.518107651122
0.25 0.25 0.25 0.25
160.54900348270579
45.0
409.9958441298943 494.4208360599961
3
457.56573181051704 494.4208360599961
0.25 0.25 0.25 0.25
132.4384240595887
45.0
109.67185996497753 146.4313784075492
2
62.285807682792154 146.4313784075492
0.25 0.25 0.25 0.25
171.95766764776968
45.0
181.7855814029052 371.29939465799487
3
73.82696944095437 371.29939465799487
0.25 0.25 0.25 0.25
107.95861196195082
45.0
282.1486597312072 434.0662898722446
2
396.76634821506866 434.0662898722446
0.25 0.25 0.25 0.25
114.61768848386143
45.0
279.8600106937538 211.16104623488505
0
279.8600106937538 82.10447951262807
0.25 0.25 0.25 0.25
129.05656672225697
45.0
3.6078050945928624 427.56575295106256
0
3.6078050945928624 449.9922064712977
0.25 0.25 0.25 0.25
122.44204057763976
45.0
151.43690700362458 165.8168473397751
1
151.43690700362458 319.30751709908077
0.25 0.25 0.25 0.25
153.49066975930566
45.0
268.0935086156894 403.760288608325
0
268.0935086156894 273.96941167906334
0.25 0.25 0.25 0.25
129.79087692926169
45.0
268.002978835239 390.1110523749917
0
268.002978835239 489.8615859173849
0.25 0.25 0.25 0.25
120.02736170762344
45.0
192.07467621508718 449.69290931594776
0
192.07467621508718 389.1827906113824
0.25 0.25 0.25 0.25
161.1243000726698
45.0
36.260929895290616 309.3073623611093
2
73.92678037515924 309.3073623611093
0.25 0.25 0.25 0.25
110.18771027044986
45.0
360.77858187767396 388.67689910271383
0
360.77858187767396 297.69103396060143
0.25 0.25 0.25 0.25
90.98586514211239
45.0
317.5846033653938 311.1569013306059
3
181.22861542110616 311.1569013306059
0.25 0.25 0.25 0.25
136.35598794428762
45.0
432.16928419197274 464.475952201581
0
432.16928419197274 441.99586405637797
0.25 0.25 0.25 0.25
93.52818374204107
45.0
410.7559222322976 249.96781636741628
3
311.36739309145105 249.96781636741628
0.25 0.25 0.25 0.25
99.38852914084656
45.0
451.7155056218286 495.04846037773484
3
374.62384091873105 495.04846037773484
0.25 0.25 0.25 0.25
173.66065345944037
45.0
400.8970090663951 287.0709111424849
0
400.8970090663951 116.81683469422211
0.25 0.25 0.25 0.25
170.25407644826277
45.0
346.7950173099024 467.0263100630176
0
346.7950173099024 369.88787531401806
0.25 0.25 0.25 0.25
97.13843474899953
45.0
304.2458144569323 345.0264167321502
1
304.2458144569323 488.3737830556853
0.25 0.25 0.25 0.25
143.3473663235351
45.0
362.13597266691454 197.87511332907116
3
353.8164839049517 197.87511332907116
0.25 0.25 0.25 0.25
8.319488761962829
45.0
23.441223990254073 478.32135080117746
0
23.441223990254073 433.3705806308975
0.25 0.25 0.25 0.25
44.95077017027996
45.0
0.764513782305869 465.00020077719665
0
0.764513782305869 446.90642885586226
0.25 0.25 0.25 0.25
18.0937719213344
45.0
112.26600730005714 348.70809865952776
1
112.26600730005714 372.53649073273016
0.25 0.25 0.25 0.25
23.82839207320239
45.0
26.053482367120633 483.91612605619986
1
26.053482367120633 494.42350508687286
0.25 0.25 0.25 0.25
10.507379030672997
45.0
323.71895003103907 80.988041809749
2
349.14203494700956 80.988041809749
0.25 0.25 0.25 0.25
25.423084915970485
45.0
447.12471637160604 245.84115134922752
0
447.12471637160604 244.92760238184692
0.25 0.25 0.25 0.25
0.9135489673805952
45.0
72.81505584572197 406.3069102528933
1
72.81505584572197 412.3362093225018
0.25 0.25 0.25 0.25
6.029299069608507
45.0
323.2843646272387 488.97061394334867
1
323.2843646272387 490.91958911870205
0.25 0.25 0.25 0.25
1.9489751753533846
45.0
463.26666615509566 21.305292267161775
2
485.61457680558283 21.305292267161775
0.25 0.25 0.25 0.25
22.347910650487137
45.0
145.50315079706854 174.39820746601873
3
135.04692177730283 174.39820746601873
0.25 0.25 0.25 0.25
10.456229019765729
45.0
81.84694219367546 188.0516707426349
3
51.152447382779364 188.0516707426349
0.25 0.25 0.25 0.25
30.694494810896096
45.0
357.99323470774357 270.1434741638015
0
357.99323470774357 255.70514541396886
0.25 0.25 0.25 0.25
14.438328749832625
45.0
230.45835523247104 327.45078356608144
2
255.57990778917366 327.45078356608144
0.25 0.25 0.25 0.25
25.12155255670261
45.0
331.5064147495163 338.9322644284995
2
346.8581848243662 338.9322644284995
0.25 0.25 0.25 0.25
15.351770074849941
45.0
434.80273956762505 167.25967151235403
2
476.1703205939963 167.25967151235403
0.25 0.25 0.25 0.25
41.36758102637121
45.0
423.46293451349214 476.93652121082164
0
423.46293451349214 469.49163901804354
0.25 0.25 0.25 0.25
7.444882192778074
45.0
325.9268086609438 281.6984712387422
1
325.9268086609438 316.6223137920123
0.25 0.25 0.25 0.25
34.9238425532701
45.0
454.32378255760773 154.66619517093184
1
454.32378255760773 170.69574088034494
0.25 0.25 0.25 0.25
16.029545709413107
45.0
