13424
490.1417344292257 189.92057427295103
3
349.0677016079733 189.92057427295103
0.25 0.25 0.25 0.25
160.79056396280103
45.0
178.43652299403567 24.11110965177585
3
88.21100048211281 24.11110965177585
0.25 0.25 0.25 0.25
90.22552251192286
45.0
79.66304463823593 255.90888957173937
2
92.83368821427294 255.90888957173937
0.25 0.25 0.25 0.25
172.49673285250887
45.0
283.9545181467445 321.4022560665445
1
283.9545181467445 466.89063349908315
0.25 0.25 0.25 0.25
145.48837743253864
45.0
120.38987638379791 290.8528923851266
2
54.00625405974313 290.8528923851266
0.25 0.25 0.25 0.25
174.39613044354104
45.0
137.80688142219554 263.11850604028655
0
137.80688142219554 173.30298273162373
0.25 0.25 0.25 0.25
89.8155233086628
45.0
121.54676347389218 10.256934785902956
1
121.54676347389218 129.23394681694813
0.25 0.25 0.25 0.25
139.4908816028511
45.0
290.5198789312971 406.4885258342732
0
290.5198789312971 429.9961249981357
0.25 0.25 0.25 0.25
163.51534916759107
45.0
59.0759959755315 204.93349086212407
0
59.0759959755315 81.70725026697983
0.25 0.25 0.25 0.25
123.22624059514425
45.0
352.86112309671637 118.24401710077186
3
486.5898734205779 118.24401710077186
0.25 0.25 0.25 0.25
160.54900348270579
45.0
277.5574200703056 64.44544961686
1
277.5574200703056 67.9929744427287
0.25 0.25 0.25 0.25
132.4384240595887
45.0
40.88911873448234 363.3626901566164
2
131.06854891328734 363.3626901566164
0.25 0.25 0.25 0.25
171.95766764776968
45.0
369.33031298436435 422.5130219350606
0
369.33031298436435 314.5544099731097
0.25 0.25 0.25 0.25
107.95861196195082
45.0
491.44393727932754 244.71111174372695
1
491.44393727932754 359.3288002275884
0.25 0.25 0.25 0.25
114.61768848386143
45.0
460.51971908179894 176.7622223218525
0
460.51971908179894 47.70565559959553
0.25 0.25 0.25 0.25
129.05656672225697
45.0
228.3682225666422 266.49915145266397
1
228.3682225666422 388.94119203030374
0.25 0.25 0.25 0.25
122.44204057763976
45.0
7.188823502371747 145.78578530786262
2
160.6794932616774 145.78578530786262
0.25 0.25 0.25 0.25
153.49066975930566
45.0
282.90333924267065 197.31538081087638
1
282.90333924267065 327.10625774013806
0.25 0.25 0.25 0.25
129.79087692926169
45.0
91.39506359704552 131.14758617568617
1
91.39506359704552 251.1749478833096
0.25 0.25 0.25 0.25
120.02736170762344
45.0
220.18217803183236 66.93419046604282
1
220.18217803183236 228.05849053871262
0.25 0.25 0.25 0.25
161.1243000726698
45.0
383.44527583854256 478.6278246639422
0
383.44527583854256 411.1844650656079
0.25 0.25 0.25 0.25
110.18771027044986
45.0
182.60305928529152 391.2104487924228
0
182.60305928529152 300.2245836503104
0.25 0.25 0.25 0.25
90.98586514211239
45.0
44.872627476818536 493.02097366488016
0
44.872627476818536 370.6230383908322
0.25 0.25 0.25 0.25
136.35598794428762
45.0
273.92293787034237 486.18785310934675
2
367.4511216123834 486.18785310934675
0.25 0.25 0.25 0.25
93.52818374204107
45.0
69.78737466901727 324.8975111421253
2
169.17590380986383 324.8975111421253
0.25 0.25 0.25 0.25
99.38852914084656
45.0
63.461484323620994 303.9728956196799
2
110.19916913581937 303.9728956196799
0.25 0.25 0.25 0.25
173.66065345944037
45.0
144.54509785982583 223.69131820230376
2
314.7991743080886 223.69131820230376
0.25 0.25 0.25 0.25
170.25407644826277
45.0
83.99536557290845 67.18109384803388
2
13.143069176091075 67.18109384803388
0.25 0.25 0.25 0.25
97.13843474899953
45.0
125.79628451367304 355.3211095263873
1
125.79628451367304 498.6684758499224
0.25 0.25 0.25 0.25
143.3473663235351
45.0
103.75539800300355 469.3453361924162
0
103.75539800300355 461.0258474304534
0.25 0.25 0.25 0.25
8.319488761962829
45.0
347.24799362582655 387.4448838428988
2
392.1987637961065 387.4448838428988
0.25 0.25 0.25 0.25
44.95077017027996
45.0
199.79600491698426 227.40567656011865
3
181.70223299564987 227.40567656011865
0.25 0.25 0.25 0.25
18.0937719213344
45.0
411.166151235895 349.50056573402827
2
434.99454330909737 349.50056573402827
0.25 0.25 0.25 0.25
23.82839207320239
45.0
414.82650650202174 494.42350508687286
2
425.33388553269475 494.42350508687286
0.25 0.25 0.25 0.25
10.507379030672997
45.0
184.7427482883707 284.37272113751294
0
184.7427482883707 258.94963622154245
0.25 0.25 0.25 0.25
25.423084915970485
45.0
496.45636061015955 258.63083689255586
2
497.36990957754017 258.63083689255586
0.25 0.25 0.25 0.25
0.9135489673805952
45.0
60.75645770650494 478.6584990881953
1
60.75645770650494 484.6877981578038
0.25 0.25 0.25 0.25
6.029299069608507
45.0
420.7331233949078 446.09316008557425
0
420.7331233949078 444.1441849102209
0.25 0.25 0.25 0.25
1.9489751753533846
45.0
475.3455811653646 68.08635033478677
2
497.69349181585176 68.08635033478677
0.25 0.25 0.25 0.25
22.347910650487137
45.0
417.3651053109771 216.2231235450816
2
427.82133433074284 216.2231235450816
0.25 0.25 0.25 0.25
10.456229019765729
45.0
2.681786520558596 231.66449431310232
1
2.681786520558596 262.3589891239984
0.25 0.25 0.25 0.25
30.694494810896096
45.0
223.29523154711 371.21177541263
1
223.29523154711 385.65010416246264
0.25 0.25 0.25 0.25
14.438328749832625
45.0
461.41443051089954 451.3173456916998
2
486.53598306760216 451.3173456916998
0.25 0.25 0.25 0.25
25.12155255670261
45.0
254.74756437526665 354.2840345033494
2
270.0993344501166 354.2840345033494
0.25 0.25 0.25 0.25
15.351770074849941
45.0
282.80224861486704 212.22661309207763
0
282.80224861486704 170.8590320657064
0.25 0.25 0.25 0.25
41.36758102637121
45.0
222.4511153084837 320.59399516248163
2
229.89599750126177 320.59399516248163
0.25 0.25 0.25 0.25
7.444882192778074
45.0
324.8347658063551 391.1955117369938
3
289.910923253085 391.1955117369938
0.25 0.25 0.25 0.25
34.9238425532701
45.0
486.382873976434 294.1610846926351
3
470.35332826702086 294.1610846926351
0.25 0.25 0.25 0.25
16.029545709413107
45.0
