13424
27.534141610848167 10.398187829901019
2
188.3247055736492 10.398187829901019
0.25 0.25 0.25 0.25
160.79056396280103
45.0
268.6620455059584 219.60065941331874
0
268.6620455059584 129.37513690139588
0.25 0.25 0.25 0.25
90.22552251192286
45.0
112.23818903053169 434.07804183829614
2
60.258543821977185 434.07804183829614
0.25 0.25 0.25 0.25
172.49673285250887
45.0
242.74306550009862 43.249066909614726
1
242.74306550009862 102.23931052292392
0.25 0.25 0.25 0.25
145.48837743253864
45.0
391.6875147453809 418.8722401674213
0
391.6875147453809 244.47610972388026
0.25 0.25 0.25 0.25
174.39613044354104
45.0
305.40868443481213 364.9632729536585
3
215.5931611261493 364.9632729536585
0.25 0.25 0.25 0.25
89.8155233086628
45.0
459.9805917175545 384.65188124260806
0
459.9805917175545 245.16099963975697
0.25 0.25 0.25 0.25
139.4908816028511
45.0
397.3115131155273 236.3173808841904
1
397.3115131155273 399.8327300517815
0.25 0.25 0.25 0.25
163.51534916759107
45.0
291.3384019269739 152.65762646121004
2
414.56464252211816 152.65762646121004
0.25 0.25 0.25 0.25
123.22624059514425
45.0
242.7431857854203 115.71694458946465
3
82.19418230271452 115.71694458946465
0.25 0.25 0.25 0.25
160.54900348270579
45.0
470.98937091668677 302.47501952369794
3
338.5509468570981 302.47501952369794
0.25 0.25 0.25 0.25
132.4384240595887
45.0
112.55018124134878 89.01830101345658
1
112.55018124134878 260.97596866122626
0.25 0.25 0.25 0.25
171.95766764776968
45.0
210.15807374534776 155.38217073409317
0
210.15807374534776 47.42355877214234
0.25 0.25 0.25 0.25
107.95861196195082
45.0
459.88474092457454 161.65261961461843
1
459.88474092457454 276.27030809847986
0.25 0.25 0.25 0.25
114.61768848386143
45.0
409.6701458059774 273.3662552660536
0
409.6701458059774 144.30968854379663
0.25 0.25 0.25 0.25
129.05656672225697
45.0
85.46250661012051 427.22574125541075
0
85.46250661012051 450.3322181669495
0.25 0.25 0.25 0.25
122.44204057763976
45.0
216.11524144304713 215.59918049397584
2
369.6059112023528 215.59918049397584
0.25 0.25 0.25 0.25
153.49066975930566
45.0
61.648600818240766 153.7302345428152
0
61.648600818240766 23.93935761355351
0.25 0.25 0.25 0.25
129.79087692926169
45.0
268.002978835239 468.98922236243106
3
147.97561712761555 468.98922236243106
0.25 0.25 0.25 0.25
120.02736170762344
45.0
396.20752044210167 0.42579133808050074
3
442.6681794852285 0.42579133808050074
0.25 0.25 0.25 0.25
161.1243000726698
45.0
404.48991118650883 386.25264236775445
1
404.48991118650883 496.44035263820433
0.25 0.25 0.25 0.25
110.18771027044986
45.0
272.3262664252705 389.52141566595014
3
181.3404012831581 389.52141566595014
0.25 0.25 0.25 0.25
90.98586514211239
45.0
455.0432399103454 220.3089977763048
0
455.0432399103454 83.95300983201719
0.25 0.25 0.25 0.25
136.35598794428762
45.0
367.4511216123834 67.88312908821364
1
367.4511216123834 25.64505465382743
0.25 0.25 0.25 0.25
93.52818374204107
45.0
75.90208326055172 165.93042597057314
2
23.486445880294838 165.93042597057314
0.25 0.25 0.25 0.25
99.38852914084656
45.0
111.23037551313473 295.1319358390541
1
111.23037551313473 468.7925892984945
0.25 0.25 0.25 0.25
173.66065345944037
45.0
463.5287920667747 200.9730763841781
1
463.5287920667747 371.2271528324409
0.25 0.25 0.25 0.25
170.25407644826277
45.0
333.1740259330943 87.18864592097499
1
333.1740259330943 9.949788828024538
0.25 0.25 0.25 0.25
97.13843474899953
45.0
14.119517545116366 65.19481261457139
2
129.22784877841875 65.19481261457139
0.25 0.25 0.25 0.25
143.3473663235351
45.0
53.83846543122657 339.30642228243903
3
45.518976669263736 339.30642228243903
0.25 0.25 0.25 0.25
8.319488761962829
45.0
169.3765907549349 432.7520354759814
0
169.3765907549349 387.80126530570146
0.25 0.25 0.25 0.25
44.95077017027996
45.0
272.17109260232183 426.437167694797
1
272.17109260232183 444.5309396161314
0.25 0.25 0.25 0.25
18.0937719213344
45.0
231.4079676660691 158.87342914840912
1
231.4079676660691 182.7018212216115
0.25 0.25 0.25 0.25
23.82839207320239
45.0
372.7969903793297 495.0691158824541
2
383.3043694100027 495.0691158824541
0.25 0.25 0.25 0.25
10.507379030672997
45.0
438.9735974480756 157.25729655766048
0
438.9735974480756 131.83421164169
0.25 0.25 0.25 0.25
25.423084915970485
45.0
489.1479688711146 250.40889618613048
2
490.0615178384952 250.40889618613048
0.25 0.25 0.25 0.25
0.9135489673805952
45.0
96.93225212415601 460.5706018793698
0
96.93225212415601 454.5413028097613
0.25 0.25 0.25 0.25
6.029299069608507
45.0
393.44747093996045 397.3687807017397
3
391.49849576460707 397.3687807017397
0.25 0.25 0.25 0.25
1.9489751753533846
45.0
38.65636379583981 112.78217163576105
3
16.308453145352672 112.78217163576105
0.25 0.25 0.25 0.25
22.347910650487137
45.0
239.60921197495998 407.3526317433527
1
239.60921197495998 417.8088607631184
0.25 0.25 0.25 0.25
10.456229019765729
45.0
480.87537473532484 259.4474226612351
3
450.1808799244287 259.4474226612351
0.25 0.25 0.25 0.25
30.694494810896096
45.0
396.55517654510163 241.26681666413623
2
410.99350529493427 241.26681666413623
0.25 0.25 0.25 0.25
14.438328749832625
45.0
436.2928779541969 149.85871501126826
1
436.2928779541969 174.98026756797088
0.25 0.25 0.25 0.25
25.12155255670261
45.0
346.8581848243662 338.9322644284995
1
346.8581848243662 354.2840345033494
0.25 0.25 0.25 0.25
15.351770074849941
45.0
331.34788500832894 291.36241459146765
2
372.71546603470017 291.36241459146765
0.25 0.25 0.25 0.25
41.36758102637121
45.0
140.55741118792497 395.0428170902626
3
133.1125289951469 395.0428170902626
0.25 0.25 0.25 0.25
7.444882192778074
45.0
94.2513448328861 403.9869457818269
1
94.2513448328861 438.910788335097
0.25 0.25 0.25 0.25
34.9238425532701
45.0
229.910142625824 246.07244756439573
2
245.9396883352371 246.07244756439573
0.25 0.25 0.25 0.25
16.029545709413107
45.0
