13424
313.8110853847794 385.96775445894593
0
313.8110853847794 453.24168157825306
0.25 0.25 0.25 0.25
160.79056396280103
45.0
182.46556705365577 302.3069295563929
2
272.69108956557864 302.3069295563929
0.25 0.25 0.25 0.25
90.22552251192286
45.0
300.3108181818351 255.90888957173937
1
300.3108181818351 428.40562242424824
0.25 0.25 0.25 0.25
172.49673285250887
45.0
134.09197212310096 194.33252066177636
0
134.09197212310096 48.844143229237716
0.25 0.25 0.25 0.25
145.48837743253864
45.0
100.38303672098948 232.33549894549657
2
74.01309372255156 232.33549894549657
0.25 0.25 0.25 0.25
174.39613044354104
45.0
419.28269495289305 442.7495526576122
3
329.46717164423023 442.7495526576122
0.25 0.25 0.25 0.25
89.8155233086628
45.0
97.98293469384993 129.23394681694813
1
97.98293469384993 268.7248284197992
0.25 0.25 0.25 0.25
139.4908816028511
45.0
454.0352280988882 102.96542666295358
3
382.4494227335208 102.96542666295358
0.25 0.25 0.25 0.25
163.51534916759107
45.0
448.01904164389157 219.12356610097015
1
448.01904164389157 342.3498066961144
0.25 0.25 0.25 0.25
123.22624059514425
45.0
326.0408699378721 154.9499962045372
3
165.49186645516633 154.9499962045372
0.25 0.25 0.25 0.25
160.54900348270579
45.0
277.5574200703056 123.9528420935695
1
277.5574200703056 256.3912661531582
0.25 0.25 0.25 0.25
132.4384240595887
45.0
72.63512462110037 292.7219745478443
0
72.63512462110037 120.76430690007462
0.25 0.25 0.25 0.25
171.95766764776968
45.0
494.33858271124234 422.5130219350606
0
494.33858271124234 314.5544099731097
0.25 0.25 0.25 0.25
107.95861196195082
45.0
262.20856031160463 15.475734776004089
1
262.20856031160463 99.14195370785734
0.25 0.25 0.25 0.25
114.61768848386143
45.0
281.36714747368706 339.4640445671754
0
281.36714747368706 210.40747784491842
0.25 0.25 0.25 0.25
129.05656672225697
45.0
228.3682225666422 266.49915145266397
2
350.810263144282 266.49915145266397
0.25 0.25 0.25 0.25
122.44204057763976
45.0
378.8484974604056 145.78578530786262
1
378.8484974604056 7.704884451443036
0.25 0.25 0.25 0.25
153.49066975930566
45.0
366.0510454036378 105.85151931570817
2
495.84192233289946 105.85151931570817
0.25 0.25 0.25 0.25
129.79087692926169
45.0
428.49548957246077 371.20230959093306
3
308.46812786483736 371.20230959093306
0.25 0.25 0.25 0.25
120.02736170762344
45.0
220.18217803183236 66.93419046604282
1
220.18217803183236 228.05849053871262
0.25 0.25 0.25 0.25
161.1243000726698
45.0
493.63298610899244 292.6861472292069
1
493.63298610899244 402.87385749965676
0.25 0.25 0.25 0.25
110.18771027044986
45.0
91.61719414317913 245.69060720236394
1
91.61719414317913 336.67647234447634
0.25 0.25 0.25 0.25
90.98586514211239
45.0
0.6354569131681842 370.6230383908322
2
136.9914448574558 370.6230383908322
0.25 0.25 0.25 0.25
136.35598794428762
45.0
100.18979709782188 139.69941192248905
2
193.71798083986295 139.69941192248905
0.25 0.25 0.25 0.25
93.52818374204107
45.0
268.5644329507104 72.65660542126092
3
169.17590380986383 72.65660542126092
0.25 0.25 0.25 0.25
99.38852914084656
45.0
325.82374335190195 390.6697182180816
3
152.16308989246158 390.6697182180816
0.25 0.25 0.25 0.25
173.66065345944037
45.0
463.5287920667747 95.29237600464518
1
463.5287920667747 265.54645245290794
0.25 0.25 0.25 0.25
170.25407644826277
45.0
181.13380032190798 224.2342103989647
2
278.2722350709075 224.2342103989647
0.25 0.25 0.25 0.25
97.13843474899953
45.0
160.89844813339718 357.9841578265425
0
160.89844813339718 498.6684758499224
0.25 0.25 0.25 0.25
143.3473663235351
45.0
120.39437552692921 497.37670875973254
0
120.39437552692921 494.30380247830465
0.25 0.25 0.25 0.25
8.319488761962829
45.0
293.1458450119338 432.7520354759814
1
293.1458450119338 477.70280564626137
0.25 0.25 0.25 0.25
44.95077017027996
45.0
254.07732068098744 281.68699232412183
2
272.17109260232183 281.68699232412183
0.25 0.25 0.25 0.25
18.0937719213344
45.0
411.166151235895 206.5302132948139
3
387.3377591626926 206.5302132948139
0.25 0.25 0.25 0.25
23.82839207320239
45.0
414.82650650202174 452.39398896418083
3
404.31912747134874 452.39398896418083
0.25 0.25 0.25 0.25
10.507379030672997
45.0
32.20423879254777 233.52655130557196
1
32.20423879254777 258.94963622154245
0.25 0.25 0.25 0.25
25.423084915970485
45.0
492.80216474063707 256.8037389577946
1
492.80216474063707 257.71728792517524
0.25 0.25 0.25 0.25
0.9135489673805952
45.0
72.81505584572196 490.7170972274123
2
78.84435491533047 490.7170972274123
0.25 0.25 0.25 0.25
6.029299069608507
45.0
424.6310737456146 442.1952097348675
0
424.6310737456146 440.2462345595141
0.25 0.25 0.25 0.25
1.9489751753533846
45.0
497.69349181585176 1.0426183833253617
3
479.9585975336611 1.0426183833253617
0.25 0.25 0.25 0.25
22.347910650487137
45.0
396.4526472714457 216.2231235450816
0
396.4526472714457 205.76689452531588
0.25 0.25 0.25 0.25
10.456229019765729
45.0
58.707203101233596 108.88651506951797
3
28.0127082903375 108.88651506951797
0.25 0.25 0.25 0.25
30.694494810896096
45.0
295.4868752962732 498.8432658388763
2
309.9252040461058 498.8432658388763
0.25 0.25 0.25 0.25
14.438328749832625
45.0
488.3424643756952 397.95333896808444
1
488.3424643756952 423.07489152478706
0.25 0.25 0.25 0.25
25.12155255670261
45.0
300.80287459981645 369.6358045781993
1
300.80287459981645 384.98757465304925
0.25 0.25 0.25 0.25
15.351770074849941
45.0
282.80224861486704 46.75628898659275
0
282.80224861486704 5.388707960221538
0.25 0.25 0.25 0.25
41.36758102637121
45.0
244.7857618868179 253.5900554274788
3
237.34087969403984 253.5900554274788
0.25 0.25 0.25 0.25
7.444882192778074
45.0
59.327502279616006 495.9670393968042
0
59.327502279616006 461.0431968435341
0.25 0.25 0.25 0.25
34.9238425532701
45.0
358.14650830112896 326.22017611146134
2
374.1760540105421 326.22017611146134
0.25 0.25 0.25 0.25
16.029545709413107
45.0
