16844
56.044993855262874 44.89271397325041
2
75.37331332635489 44.89271397325041
0.25 0.25 0.25 0.25
131.41830718161776
45.0
282.7706344200076 237.65915791657903
3
108.11303984299025 237.65915791657903
0.25 0.25 0.25 0.25
174.65759457701733
45.0
12.229820399564659 389.2158270019109
2
119.82109768945635 389.2158270019109
0.25 0.25 0.25 0.25
107.59127728989169
45.0
328.90723594677684 486.3209508730753
3
172.56389133017998 486.3209508730753
0.25 0.25 0.25 0.25
156.34334461659685
45.0
239.1313589177812 88.60271599965307
3
103.66360311293622 88.60271599965307
0.25 0.25 0.25 0.25
135.46775580484498
45.0
474.33489792419664 140.04079498271847
3
372.2020923945441 140.04079498271847
0.25 0.25 0.25 0.25
102.13280552965256
45.0
197.58461869202222 106.74132958869383
1
197.58461869202222 9.665071642664401
0.25 0.25 0.25 0.25
116.40640123135823
45.0
476.82398968976656 419.19184447727537
0
476.82398968976656 302.39987679621004
0.25 0.25 0.25 0.25
116.79196768106533
45.0
201.42446091249678 165.0374860175267
1
201.42446091249678 329.7030262815574
0.25 0.25 0.25 0.25
164.6655402640307
45.0
23.74476959492273 97.69202615620458
2
174.2891330995382 97.69202615620458
0.25 0.25 0.25 0.25
150.54436350461546
45.0
65.49113268446108 283.91811407572243
2
22.245878671675058 283.91811407572243
0.25 0.25 0.25 0.25
87.73701135613614
45.0
157.67884040930483 330.3374434601101
0
157.67884040930483 229.78398422331338
0.25 0.25 0.25 0.25
100.55345923679668
45.0
432.4644150529525 117.77788729970968
3
465.2467975214638 117.77788729970968
0.25 0.25 0.25 0.25
102.28878742558373
45.0
271.4475262947953 396.0546262805237
3
122.43491916120308 396.0546262805237
0.25 0.25 0.25 0.25
149.0126071335922
45.0
498.6170529967935 91.97457525460891
1
498.6170529967935 44.24370453278516
0.25 0.25 0.25 0.25
136.21827978739407
45.0
269.8115039503558 210.8966035937183
3
100.31638837497715 210.8966035937183
0.25 0.25 0.25 0.25
169.49511557537866
45.0
90.58295420605229 458.13421834698397
2
15.733075377880567 458.13421834698397
0.25 0.25 0.25 0.25
106.31602958393286
45.0
38.700763445825146 349.599944644796
2
84.52263998695412 349.599944644796
0.25 0.25 0.25 0.25
123.22340343277926
45.0
8.860797251309236 205.641779345759
2
131.8133002050456 205.641779345759
0.25 0.25 0.25 0.25
140.67409745635484
45.0
476.3433712805585 303.5688487411122
3
402.7683087294414 303.5688487411122
0.25 0.25 0.25 0.25
120.88831999000014
45.0
53.45245300452643 240.02710498204397
2
110.64533197898322 240.02710498204397
0.25 0.25 0.25 0.25
164.09778498350965
45.0
280.23304543665427 64.5585090381967
3
184.85145706443495 64.5585090381967
0.25 0.25 0.25 0.25
95.3815883722193
45.0
352.9189836749135 306.8139385339719
0
352.9189836749135 210.99482280629275
0.25 0.25 0.25 0.25
95.81911572767918
45.0
228.86214621035737 135.3877690252001
3
121.13727036414782 135.3877690252001
0.25 0.25 0.25 0.25
107.72487584620954
45.0
8.244770993244458 204.13228259878696
2
149.79179596548784 204.13228259878696
0.25 0.25 0.25 0.25
158.0365669587323
45.0
138.1508770690993 446.99750875180916
0
138.1508770690993 451.66802554721414
0.25 0.25 0.25 0.25
101.33446570097672
45.0
492.1960226335625 187.26594671824682
0
492.1960226335625 53.02266171197121
0.25 0.25 0.25 0.25
134.2432850062756
45.0
91.5888194025527 166.1587986008925
2
39.67306440156722 166.1587986008925
0.25 0.25 0.25 0.25
131.26188380411992
45.0
114.17797660028691 281.03739450397563
2
8.04510806318953 281.03739450397563
0.25 0.25 0.25 0.25
122.22308466347644
45.0
359.32275254957153 255.25719272582933
3
312.39628906006965 255.25719272582933
0.25 0.25 0.25 0.25
46.926463489501884
45.0
405.4740235913932 55.24164759496852
1
405.4740235913932 94.93974823710278
0.25 0.25 0.25 0.25
39.69810064213426
45.0
11.608184827920905 145.3463705784078
1
11.608184827920905 173.11444490217397
0.25 0.25 0.25 0.25
27.76807432376616
45.0
216.10016500176957 36.1401718166795
1
216.10016500176957 8.825982870457494
0.25 0.25 0.25 0.25
44.96615468713699
45.0
256.57815580958965 149.4022440341236
2
301.2437255556972 149.4022440341236
0.25 0.25 0.25 0.25
44.665569746107565
45.0
194.6115842350007 4.4988257175584
1
194.6115842350007 17.985208297410686
0.25 0.25 0.25 0.25
13.486382579852286
45.0
441.5788764377788 219.6129018394792
2
476.63613855027177 219.6129018394792
0.25 0.25 0.25 0.25
35.057262112493
45.0
463.96133656002166 61.06220187884904
0
463.96133656002166 26.16115039563328
0.25 0.25 0.25 0.25
34.90105148321576
45.0
414.6104643032478 64.43036281193483
0
414.6104643032478 27.106556970527024
0.25 0.25 0.25 0.25
37.323805841407804
45.0
315.9825997223858 203.17100888407003
3
271.4718805769702 203.17100888407003
0.25 0.25 0.25 0.25
44.510719145415656
45.0
336.6495597498123 169.67781427403636
0
336.6495597498123 132.83239570956914
0.25 0.25 0.25 0.25
36.84541856446722
45.0
115.96357748368675 374.57609282254566
1
115.96357748368675 404.5420391816913
0.25 0.25 0.25 0.25
29.96594635914564
45.0
375.5997933127554 471.06902078815665
1
375.5997933127554 489.97393985194185
0.25 0.25 0.25 0.25
18.90491906378522
45.0
301.1646228207922 207.73380460094893
1
301.1646228207922 217.57340722134091
0.25 0.25 0.25 0.25
9.839602620391974
45.0
96.19517713025981 495.03098366976656
3
51.664060326648354 495.03098366976656
0.25 0.25 0.25 0.25
44.531116803611454
45.0
283.7941264032549 79.0825688162529
2
288.29515650141695 79.0825688162529
0.25 0.25 0.25 0.25
4.501030098162046
45.0
120.98860992090164 160.5581200104085
1
120.98860992090164 181.78947552300272
0.25 0.25 0.25 0.25
21.23135551259423
45.0
99.63951200144194 160.49982610993484
3
67.22217418339898 160.49982610993484
0.25 0.25 0.25 0.25
32.41733781804296
45.0
338.7181569954055 63.908808279746246
1
338.7181569954055 70.70438157945067
0.25 0.25 0.25 0.25
6.795573299704421
45.0
