16844
366.9353199653241 336.45472061221955
3
235.51701278370632 336.45472061221955
0.25 0.25 0.25 0.25
131.41830718161776
45.0
463.80531135016577 395.9009776579876
3
361.5370940728169 395.9009776579876
0.25 0.25 0.25 0.25
174.65759457701733
45.0
12.229820399564659 288.01034112841387
1
12.229820399564659 395.6016184183056
0.25 0.25 0.25 0.25
107.59127728989169
45.0
172.56389133017998 262.93229219415
2
328.90723594677684 262.93229219415
0.25 0.25 0.25 0.25
156.34334461659685
45.0
103.66360311293619 359.53822760934304
2
239.13135891778117 359.53822760934304
0.25 0.25 0.25 0.25
135.46775580484498
45.0
393.5301476910697 289.8184824324174
3
291.39734216141716 289.8184824324174
0.25 0.25 0.25 0.25
102.13280552965256
45.0
384.4473874647689 202.056551753142
0
384.4473874647689 85.65015052178379
0.25 0.25 0.25 0.25
116.40640123135823
45.0
177.57579577615854 164.76799392805128
2
294.3677634572239 164.76799392805128
0.25 0.25 0.25 0.25
116.79196768106533
45.0
366.0900011765275 481.6179166227804
0
366.0900011765275 353.7165431131889
0.25 0.25 0.25 0.25
164.6655402640307
45.0
481.698865451232 43.88148162389626
3
331.1545019466165 43.88148162389626
0.25 0.25 0.25 0.25
150.54436350461546
45.0
179.76864019281624 196.1811027195863
3
92.0316288366801 196.1811027195863
0.25 0.25 0.25 0.25
87.73701135613614
45.0
440.1073226435084 23.142473381753206
1
440.1073226435084 77.41098585504348
0.25 0.25 0.25 0.25
100.55345923679668
45.0
307.28775337153144 322.35546215087703
2
409.5765407971152 322.35546215087703
0.25 0.25 0.25 0.25
102.28878742558373
45.0
271.4475262947953 243.0840521889906
1
271.4475262947953 392.0966593225828
0.25 0.25 0.25 0.25
149.0126071335922
45.0
315.9267317211579 499.3705853832089
2
452.145011508552 499.3705853832089
0.25 0.25 0.25 0.25
136.21827978739407
45.0
170.79106896669205 244.83799049826237
3
1.2959533913133896 244.83799049826237
0.25 0.25 0.25 0.25
169.49511557537866
45.0
377.8368978742834 458.13421834698397
2
484.15292745821625 458.13421834698397
0.25 0.25 0.25 0.25
106.31602958393286
45.0
270.9347977736178 294.9426175946321
3
147.71139434083852 294.9426175946321
0.25 0.25 0.25 0.25
123.22340343277926
45.0
241.92476205036826 471.7086564529526
0
241.92476205036826 331.03455899659775
0.25 0.25 0.25 0.25
140.67409745635484
45.0
234.56673130055816 391.5637286511135
0
234.56673130055816 270.67540866111335
0.25 0.25 0.25 0.25
120.88831999000014
45.0
217.5502379880361 224.6138148831019
2
381.64802297154574 224.6138148831019
0.25 0.25 0.25 0.25
164.09778498350965
45.0
147.47742433002986 123.19131188963651
1
147.47742433002986 218.5729002618558
0.25 0.25 0.25 0.25
95.3815883722193
45.0
161.28075221955515 210.99482280629275
1
161.28075221955515 306.8139385339719
0.25 0.25 0.25 0.25
95.81911572767918
45.0
94.31248132827132 433.7127275899617
0
94.31248132827132 325.9878517437521
0.25 0.25 0.25 0.25
107.72487584620954
45.0
60.025369240850466 46.09571564005472
1
60.025369240850466 111.94085131867757
0.25 0.25 0.25 0.25
158.0365669587323
45.0
252.82999977984315 350.33355984623745
0
252.82999977984315 248.99909414526073
0.25 0.25 0.25 0.25
101.33446570097672
45.0
297.65573267121624 200.91522181238125
1
297.65573267121624 335.15850681865686
0.25 0.25 0.25 0.25
134.2432850062756
45.0
483.5537862468864 297.4206824050124
0
483.5537862468864 166.1587986008925
0.25 0.25 0.25 0.25
131.26188380411992
45.0
325.2623520325168 252.28558953430687
2
447.48543669599326 252.28558953430687
0.25 0.25 0.25 0.25
122.22308466347644
45.0
63.01541885594543 401.71329612719705
0
63.01541885594543 354.78683263769517
0.25 0.25 0.25 0.25
46.926463489501884
45.0
8.493017170050663 428.6830440572862
1
8.493017170050663 468.3811446994205
0.25 0.25 0.25 0.25
39.69810064213426
45.0
377.4941800492237 215.98791997497074
1
377.4941800492237 243.7559942987369
0.25 0.25 0.25 0.25
27.76807432376616
45.0
350.9986290631805 395.86940931377535
0
350.9986290631805 350.9032546266384
0.25 0.25 0.25 0.25
44.96615468713699
45.0
386.0972862215498 269.94534926647805
1
386.0972862215498 314.6109190125856
0.25 0.25 0.25 0.25
44.665569746107565
45.0
140.66605391559153 233.7673295750473
0
140.66605391559153 220.28094699519502
0.25 0.25 0.25 0.25
13.486382579852286
45.0
301.3498279878068 44.32659127701421
1
301.3498279878068 79.38385338950721
0.25 0.25 0.25 0.25
35.057262112493
45.0
431.335508990331 148.3441070204455
2
466.2365604735468 148.3441070204455
0.25 0.25 0.25 0.25
34.90105148321576
45.0
294.8962890610134 400.34461538460516
1
294.8962890610134 437.668421226013
0.25 0.25 0.25 0.25
37.323805841407804
45.0
360.49331886780146 152.91474427925525
3
315.9825997223858 152.91474427925525
0.25 0.25 0.25 0.25
44.510719145415656
45.0
68.65004445932709 272.4672084995703
1
68.65004445932709 309.3126270640375
0.25 0.25 0.25 0.25
36.84541856446722
45.0
434.5472271291288 445.6282290225806
1
434.5472271291288 475.59417538172625
0.25 0.25 0.25 0.25
29.96594635914564
45.0
303.01658260289616 302.07195044642094
2
321.92150166668137 302.07195044642094
0.25 0.25 0.25 0.25
18.90491906378522
45.0
202.76859661687234 99.49817577663713
1
202.76859661687234 109.3377783970291
0.25 0.25 0.25 0.25
9.839602620391974
45.0
393.6471077094661 128.4046515807937
3
349.1159909058547 128.4046515807937
0.25 0.25 0.25 0.25
44.531116803611454
45.0
405.32193905363056 25.070207638308332
3
400.8209089554685 25.070207638308332
0.25 0.25 0.25 0.25
4.501030098162046
45.0
27.630878667257978 179.14356819109923
3
6.399523154663747 179.14356819109923
0.25 0.25 0.25 0.25
21.23135551259423
45.0
478.9350963639997 419.83852865427843
3
488.6475658179573 419.83852865427843
0.25 0.25 0.25 0.25
32.41733781804296
45.0
427.0606098915629 36.72651508092856
1
427.0606098915629 43.52208838063298
0.25 0.25 0.25 0.25
6.795573299704421
45.0
