21252
470.72162945302887 127.78243287173063
3
317.08516239486414 127.78243287173063
0.25 0.25 0.25 0.25
153.63646705816473
45.0
251.12195943417845 430.9124608769347
2
394.36615507867054 430.9124608769347
0.25 0.25 0.25 0.25
143.2441956444921
45.0
471.74220197400496 285.489773951827
3
428.8542908717018 285.489773951827
0.25 0.25 0.25 0.25
99.40350715429324
45.0
292.5526331012288 127.48156638908657
1
292.5526331012288 31.3651967952639
0.25 0.25 0.25 0.25
158.84676318435046
45.0
462.6439424461515 273.88275367406163
1
462.6439424461515 364.5394592426457
0.25 0.25 0.25 0.25
90.65670556858406
45.0
91.42362191650923 464.3826481995053
0
91.42362191650923 348.8451011475667
0.25 0.25 0.25 0.25
115.53754705193857
45.0
9.760302346707192 476.107181779131
0
9.760302346707192 387.05489933066303
0.25 0.25 0.25 0.25
136.83791889020603
45.0
482.51495785482825 440.6998152012686
3
317.82981622856374 440.6998152012686
0.25 0.25 0.25 0.25
164.6851416262645
45.0
341.70620162938314 459.4526310129786
0
341.70620162938314 364.7858374846709
0.25 0.25 0.25 0.25
94.66679352830772
45.0
61.14960210471082 480.8055027228686
2
220.8057451608582 480.8055027228686
0.25 0.25 0.25 0.25
159.65614305614739
45.0
468.0957745630087 73.61215517603375
1
468.0957745630087 87.55235077549025
0.25 0.25 0.25 0.25
161.164505951524
45.0
346.9917701688047 234.6100791247219
2
497.4723931760261 234.6100791247219
0.25 0.25 0.25 0.25
150.48062300722142
45.0
155.74837516477464 298.72730358313606
2
17.388370983122627 298.72730358313606
0.25 0.25 0.25 0.25
173.13674614789727
45.0
62.498097726176894 169.29277993304018
2
91.17895342059802 169.29277993304018
0.25 0.25 0.25 0.25
153.67705114677491
45.0
480.8652009602214 210.50817791771635
3
421.48582530163776 210.50817791771635
0.25 0.25 0.25 0.25
97.64897373814081
45.0
291.0495874695473 57.25700154420849
3
123.9910412428988 57.25700154420849
0.25 0.25 0.25 0.25
167.0585462266485
45.0
311.240793447406 328.6902843971387
2
476.5945076447874 328.6902843971387
0.25 0.25 0.25 0.25
165.3537141973814
45.0
470.92660538345217 377.92158082480637
0
470.92660538345217 205.07326799469925
0.25 0.25 0.25 0.25
172.84831283010712
45.0
450.30716746191456 245.95771752135752
3
289.6601033275192 245.95771752135752
0.25 0.25 0.25 0.25
160.64706413439532
45.0
403.26040333281503 322.1014504015658
3
423.5060785150388 322.1014504015658
0.25 0.25 0.25 0.25
173.23351815214625
45.0
96.25537934317254 36.105852062256076
1
96.25537934317254 129.2468423116576
0.25 0.25 0.25 0.25
93.14099024940151
45.0
128.36185149225037 460.6803371653489
2
35.09994121773394 460.6803371653489
0.25 0.25 0.25 0.25
163.4617927099843
45.0
108.15654970772168 454.5881087799503
2
208.13039925437772 454.5881087799503
0.25 0.25 0.25 0.25
99.97384954665604
45.0
201.34258624703278 174.54709462007935
2
307.3809333478212 174.54709462007935
0.25 0.25 0.25 0.25
106.03834710078844
45.0
392.5685586575528 488.99686482155556
3
467.22912499499023 488.99686482155556
0.25 0.25 0.25 0.25
140.20231634745693
45.0
319.6987604533734 176.03989838799646
1
319.6987604533734 325.838333761735
0.25 0.25 0.25 0.25
149.79843537373853
45.0
52.232261860124964 44.10472702774216
2
44.44587549468518 44.10472702774216
0.25 0.25 0.25 0.25
96.67813735481015
45.0
223.7925919361291 332.6473040693508
2
375.1847158294961 332.6473040693508
0.25 0.25 0.25 0.25
151.392123893367
45.0
387.9453435004175 370.2235240338895
3
222.05711137706035 370.2235240338895
0.25 0.25 0.25 0.25
165.88823212335714
45.0
286.4760068018382 257.03200997371613
0
286.4760068018382 132.67218516589116
0.25 0.25 0.25 0.25
124.35982480782495
45.0
283.3871495359217 210.11603514117587
1
283.3871495359217 316.4723149899853
0.25 0.25 0.25 0.25
106.35627984880944
45.0
122.135417377311 413.21868837900126
2
212.92432817738631 413.21868837900126
0.25 0.25 0.25 0.25
90.78891080007531
45.0
10.347046587685895 152.8280796742115
0
10.347046587685895 51.84570532629198
0.25 0.25 0.25 0.25
100.98237434791952
45.0
222.43967270709513 38.21408870156307
3
59.66571389791028 38.21408870156307
0.25 0.25 0.25 0.25
162.77395880918485
45.0
75.28621179207835 184.31695039236763
2
184.96576820408825 184.31695039236763
0.25 0.25 0.25 0.25
109.6795564120099
45.0
358.40172978813143 362.42727604676384
0
358.40172978813143 225.68855675976832
0.25 0.25 0.25 0.25
136.73871928699552
45.0
429.6188042392621 157.1684197194204
3
477.10905759956677 157.1684197194204
0.25 0.25 0.25 0.25
93.27213816117113
45.0
298.0435454004346 289.62933631357396
3
185.1319425101491 289.62933631357396
0.25 0.25 0.25 0.25
112.91160289028548
45.0
419.51757627700283 495.61047391703926
3
431.89009557801694 495.61047391703926
0.25 0.25 0.25 0.25
148.59232814498026
45.0
1.8773324222833878 268.0123032366489
2
23.603344144518793 268.0123032366489
0.25 0.25 0.25 0.25
21.726011722235405
45.0
282.50152136138036 471.86369701265943
0
282.50152136138036 470.5351145275162
0.25 0.25 0.25 0.25
1.3285824851432038
45.0
280.4133311237632 404.0268459267244
1
280.4133311237632 436.32876581397744
0.25 0.25 0.25 0.25
32.301919887253064
45.0
217.59510499057888 338.1519678475754
1
217.59510499057888 386.84680624971975
0.25 0.25 0.25 0.25
48.694838402144335
45.0
143.6984439257873 139.4747632949857
1
143.6984439257873 183.94131033489754
0.25 0.25 0.25 0.25
44.46654703991184
45.0
350.885868163758 169.51914627389885
0
350.885868163758 124.50194599677232
0.25 0.25 0.25 0.25
45.01720027712655
45.0
394.4118359279853 209.36637841563845
0
394.4118359279853 172.4505643385828
0.25 0.25 0.25 0.25
36.915814077055636
45.0
422.4261769187884 467.1450173406922
2
467.35485519529493 467.1450173406922
0.25 0.25 0.25 0.25
44.92867827650652
45.0
31.43288837748989 255.45203963451652
3
29.324788680033393 255.45203963451652
0.25 0.25 0.25 0.25
2.1080996974564945
45.0
