77243
97.0516384387829 76.3801845732662
2
244.92859148660193 76.3801845732662
0.25 0.25 0.25 0.25
147.87695304781903
45.0
78.85076424655949 45.05415892331416
2
41.07916895201771 45.05415892331416
0.25 0.25 0.25 0.25
119.9299331985772
45.0
332.18828312360847 149.39518017966793
1
332.18828312360847 311.43719800482256
0.25 0.25 0.25 0.25
162.04201782515463
45.0
426.42165489962076 495.07829377032533
3
437.2624231669208 495.07829377032533
0.25 0.25 0.25 0.25
136.31592193345844
45.0
141.9030186884287 460.9525727525265
2
294.7398511508477 460.9525727525265
0.25 0.25 0.25 0.25
152.836832462419
45.0
122.21186428287763 198.22530332141255
0
122.21186428287763 74.72473990455745
0.25 0.25 0.25 0.25
123.5005634168551
45.0
84.14218186720996 404.2819692090245
0
84.14218186720996 499.07199006923287
0.25 0.25 0.25 0.25
96.64604072174262
45.0
297.13565608251776 409.3073465444993
0
297.13565608251776 425.8430945147761
0.25 0.25 0.25 0.25
164.84955894072465
45.0
330.1017157171906 25.79998939260807
1
330.1017157171906 69.37869166306437
0.25 0.25 0.25 0.25
95.17868105567244
45.0
381.1401969478503 32.67161360390108
1
381.1401969478503 124.68589169108806
0.25 0.25 0.25 0.25
92.01427808718698
45.0
452.3444774505348 304.8297871581998
3
395.438452028758 304.8297871581998
0.25 0.25 0.25 0.25
152.21707052070724
45.0
207.84096041210483 498.6541302996315
3
80.54879399699485 498.6541302996315
0.25 0.25 0.25 0.25
127.29216641510999
45.0
310.7349970715158 392.55211230597706
2
425.99904400002674 392.55211230597706
0.25 0.25 0.25 0.25
115.26404692851094
45.0
496.7405614696813 363.47950791233836
1
496.7405614696813 467.3324935849713
0.25 0.25 0.25 0.25
103.85298567263291
45.0
437.5983265673515 99.19542566906048
3
415.80536949190764 99.19542566906048
0.25 0.25 0.25 0.25
146.59630394074085
45.0
238.00568762380703 17.994263146685626
3
85.77849396526415 17.994263146685626
0.25 0.25 0.25 0.25
152.2271936585429
45.0
374.7544443457547 280.6784592239804
0
374.7544443457547 164.8025679021664
0.25 0.25 0.25 0.25
115.875891321814
45.0
249.5817391479162 328.4506192385462
0
249.5817391479162 233.5819405410033
0.25 0.25 0.25 0.25
94.8686786975429
45.0
240.48790588972304 36.841734835630035
2
328.87766250061264 36.841734835630035
0.25 0.25 0.25 0.25
88.38975661088959
45.0
236.13637218121883 233.29720412437806
2
384.65278781102927 233.29720412437806
0.25 0.25 0.25 0.25
148.51641562981044
45.0
205.72105489176596 140.64218529994656
3
91.20719055307629 140.64218529994656
0.25 0.25 0.25 0.25
114.51386433868969
45.0
479.6912193854679 413.7276611797013
0
479.6912193854679 415.26455596603523
0.25 0.25 0.25 0.25
171.00778285426352
45.0
455.1774047127775 345.65661526225324
3
404.5916360601665 345.65661526225324
0.25 0.25 0.25 0.25
140.23095922705602
45.0
382.54352197861886 99.41059054903874
1
382.54352197861886 63.82239655215909
0.25 0.25 0.25 0.25
163.23298710119784
45.0
217.60342197118135 494.7160168837954
3
77.84007031780692 494.7160168837954
0.25 0.25 0.25 0.25
139.76335165337443
45.0
490.39911765463603 25.63470629768267
1
490.39911765463603 121.77150998424008
0.25 0.25 0.25 0.25
147.40621628192275
45.0
19.487693321489246 302.85607546259644
2
153.89277870819149 302.85607546259644
0.25 0.25 0.25 0.25
173.38047202968073
45.0
169.8056341505038 428.13335969487275
0
169.8056341505038 445.41991425769845
0.25 0.25 0.25 0.25
126.44672604742884
45.0
304.81784095953867 337.70489342531005
2
438.9645598043296 337.70489342531005
0.25 0.25 0.25 0.25
134.14671884479094
45.0
428.01252671646955 323.49883166825566
2
454.86567081503983 323.49883166825566
0.25 0.25 0.25 0.25
26.853144098570287
45.0
127.9532477845538 406.7987042394414
0
127.9532477845538 401.9933669165784
0.25 0.25 0.25 0.25
4.805337322863023
45.0
462.4080908175779 373.7628922553547
2
495.91129794521714 373.7628922553547
0.25 0.25 0.25 0.25
33.50320712763925
45.0
423.22432971775584 414.43913900533937
1
423.22432971775584 460.66358125429895
0.25 0.25 0.25 0.25
46.22444224895958
45.0
79.55238649808939 15.062514348145253
1
79.55238649808939 37.321791199663025
0.25 0.25 0.25 0.25
22.25927685151777
45.0
174.41512560831103 483.528939593367
0
174.41512560831103 449.7006059091048
0.25 0.25 0.25 0.25
33.82833368426218
45.0
362.49096430346043 376.95438385636066
1
362.49096430346043 402.54138913613554
0.25 0.25 0.25 0.25
25.58700527977489
45.0
273.551998187428 345.4826811080623
1
273.551998187428 346.4307426146677
0.25 0.25 0.25 0.25
0.9480615066053577
45.0
383.7917386174257 327.96545193151474
1
383.7917386174257 360.248613804882
0.25 0.25 0.25 0.25
32.28316187336722
45.0
2.324390598842399 307.7978507079871
2
45.12133585838782 307.7978507079871
0.25 0.25 0.25 0.25
47.44572645723022
45.0
317.42826289906685 72.43896603185792
3
288.2958602592324 72.43896603185792
0.25 0.25 0.25 0.25
29.13240263983443
45.0
51.92239089400116 258.23907286249295
0
51.92239089400116 212.04355660599373
0.25 0.25 0.25 0.25
46.19551625649921
45.0
218.99318362862454 246.35694814213787
3
184.34839880133222 246.35694814213787
0.25 0.25 0.25 0.25
34.644784827292305
45.0
95.18434720749157 27.34984061314361
3
72.2481956428522 27.34984061314361
0.25 0.25 0.25 0.25
22.936151564639378
45.0
305.48724244190134 44.002844085053766
2
316.91342431993564 44.002844085053766
0.25 0.25 0.25 0.25
11.426181878034313
45.0
236.8512525225117 378.64876418368556
3
210.4857861249751 378.64876418368556
0.25 0.25 0.25 0.25
26.365466397536576
45.0
251.98490664078975 499.65587689107076
0
251.98490664078975 460.23343944613396
0.25 0.25 0.25 0.25
40.11068366279527
45.0
19.298732617332462 315.0923215774013
3
5.7241000942902875 315.0923215774013
0.25 0.25 0.25 0.25
13.574632523042174
45.0
295.86789167094383 69.88198960694751
0
295.86789167094383 50.444453866115595
0.25 0.25 0.25 0.25
19.437535740831922
45.0
