22597
58.4487781862648 390.2429107096166
0
58.4487781862648 443.63901865852336
0.25 0.25 0.25 0.25
166.11807063186012
45.0
7.453323631885269 345.9260767356575
1
7.453323631885269 490.54838957473885
0.25 0.25 0.25 0.25
144.62231283908136
45.0
268.9963353117844 35.788137283848016
3
100.09264012723733 35.788137283848016
0.25 0.25 0.25 0.25
168.90369518454705
45.0
285.485827848237 352.0405215007827
0
285.485827848237 202.07304767482128
0.25 0.25 0.25 0.25
149.9674738259614
45.0
298.95146694799143 468.9558426117519
0
298.95146694799143 359.4352861259988
0.25 0.25 0.25 0.25
171.60887126224927
45.0
163.27344675529594 106.13641600939457
1
163.27344675529594 53.23609454211993
0.25 0.25 0.25 0.25
159.3725105515145
45.0
464.8111040005606 140.77711815406713
3
408.60755496664547 140.77711815406713
0.25 0.25 0.25 0.25
126.58134103279399
45.0
45.4852940735077 207.3500277803039
1
45.4852940735077 338.70955319031236
0.25 0.25 0.25 0.25
131.35952541000847
45.0
155.6878656759725 21.29284656503532
2
249.95944098128223 21.29284656503532
0.25 0.25 0.25 0.25
94.27157530530972
45.0
332.3017969871988 414.906961504601
0
332.3017969871988 264.5278759334284
0.25 0.25 0.25 0.25
150.37908557117257
45.0
159.39693008881346 452.7809079423343
3
130.89655055118604 452.7809079423343
0.25 0.25 0.25 0.25
28.50037953762743
45.0
192.38224961833438 224.22318123139473
0
192.38224961833438 222.30919301950902
0.25 0.25 0.25 0.25
1.9139882118857143
45.0
280.9368959288647 449.35373386138554
0
280.9368959288647 413.53560016434074
0.25 0.25 0.25 0.25
35.818133697044814
45.0
439.94940160062015 170.19120650560828
3
400.4957013448852 170.19120650560828
0.25 0.25 0.25 0.25
39.45370025573495
45.0
200.81475920586314 400.8709585670648
3
183.56773443268426 400.8709585670648
0.25 0.25 0.25 0.25
17.24702477317887
45.0
37.96648182807391 199.42770436704626
3
36.00329927910655 199.42770436704626
0.25 0.25 0.25 0.25
1.963182548967357
45.0
336.72677149487146 30.461649119755684
2
338.39113794756497 30.461649119755684
0.25 0.25 0.25 0.25
1.664366452693522
45.0
309.1231530221652 12.703023285804193
1
309.1231530221652 46.30073760585512
0.25 0.25 0.25 0.25
33.597714320050926
45.0
141.5964781280088 5.586224680587222
1
141.5964781280088 50.23841109171865
0.25 0.25 0.25 0.25
44.65218641113143
45.0
181.96448713306057 170.01258166428212
3
180.77330583774415 170.01258166428212
0.25 0.25 0.25 0.25
1.1911812953164347
45.0
473.39114761096334 264.3584714948838
3
443.9775422248082 264.3584714948838
0.25 0.25 0.25 0.25
29.413605386155183
45.0
339.7059412123448 300.62773013230066
0
339.7059412123448 299.5588767254236
0.25 0.25 0.25 0.25
1.068853406877035
45.0
408.2691050108906 420.29053581821347
3
402.34288083163085 420.29053581821347
0.25 0.25 0.25 0.25
5.926224179259776
45.0
7.3063475572387455 370.7388836212888
3
5.094123572138026 370.7388836212888
0.25 0.25 0.25 0.25
2.21222398510072
45.0
90.60883157611828 355.8091274356665
2
106.53967820640818 355.8091274356665
0.25 0.25 0.25 0.25
15.930846630289903
45.0
58.56875193044237 376.8268993460719
0
58.56875193044237 364.4658236903012
0.25 0.25 0.25 0.25
12.361075655770742
45.0
89.12023052891007 284.76507748171207
2
94.61320281889583 284.76507748171207
0.25 0.25 0.25 0.25
5.492972289985759
45.0
63.26081257475568 22.079058096474625
2
74.74418151511134 22.079058096474625
0.25 0.25 0.25 0.25
11.483368940355653
45.0
476.4034301166575 362.2717729378786
3
466.92406966383186 362.2717729378786
0.25 0.25 0.25 0.25
9.479360452825613
45.0
498.3525823285118 421.36020609154457
0
498.3525823285118 384.0078560867661
0.25 0.25 0.25 0.25
37.35235000477848
45.0
57.18652273960831 487.74130164521284
0
57.18652273960831 469.16143458939223
0.25 0.25 0.25 0.25
18.579867055820625
45.0
389.74699056226285 314.87720590365814
2
415.1042400120309 314.87720590365814
0.25 0.25 0.25 0.25
25.357249449768076
45.0
416.822862392049 483.89533395460944
0
416.822862392049 477.44596418665435
0.25 0.25 0.25 0.25
38.658701858736215
45.0
493.5533410019557 3.3419039281068805
3
476.73694780374893 3.3419039281068805
0.25 0.25 0.25 0.25
16.816393198206736
45.0
130.2055482714296 183.53977089400126
2
133.8281722642216 183.53977089400126
0.25 0.25 0.25 0.25
3.6226239927920068
45.0
413.2096677510724 298.3874014544689
1
413.2096677510724 313.0513334308697
0.25 0.25 0.25 0.25
14.663931976400846
45.0
372.1027220320265 483.4618431385478
2
403.73485120494126 483.4618431385478
0.25 0.25 0.25 0.25
31.63212917291477
45.0
283.8848036663969 376.2939743503174
0
283.8848036663969 359.7585593297158
0.25 0.25 0.25 0.25
16.53541502060156
45.0
426.4476571530354 402.45105986531485
0
426.4476571530354 385.55743990475605
0.25 0.25 0.25 0.25
16.8936199605588
45.0
243.90216642236695 29.519362419427843
1
243.90216642236695 65.7168282131745
0.25 0.25 0.25 0.25
36.19746579374665
45.0
466.4706310150251 300.68199314211347
3
452.10960475623887 300.68199314211347
0.25 0.25 0.25 0.25
14.361026258786257
45.0
117.6221770682541 415.4123264380542
1
117.6221770682541 416.6279542294358
0.25 0.25 0.25 0.25
1.2156277913815572
45.0
142.69460990874705 15.726637583855842
0
142.69460990874705 3.9393848690039768
0.25 0.25 0.25 0.25
11.787252714851865
45.0
311.65427258384636 333.2347558614293
2
348.1028586149498 333.2347558614293
0.25 0.25 0.25 0.25
36.44858603110347
45.0
13.727407420630229 498.81705401724537
2
35.18235202040285 498.81705401724537
0.25 0.25 0.25 0.25
48.90975944103308
45.0
357.139123044343 381.6261274168934
1
357.139123044343 417.82391766437587
0.25 0.25 0.25 0.25
36.19779024748248
45.0
108.08029647456611 427.4754686748189
1
108.08029647456611 448.91633381840535
0.25 0.25 0.25 0.25
21.440865143586468
45.0
298.082906420452 404.2468257113138
1
298.082906420452 404.9886147656553
0.25 0.25 0.25 0.25
0.7417890543415129
45.0
