75762
336.1460695781591 434.33109349726067
3
237.74781138065234 434.33109349726067
0.25 0.25 0.25 0.25
98.39825819750675
45.0
145.18323290661263 349.7748606690493
0
145.18323290661263 237.06574047834889
0.25 0.25 0.25 0.25
112.70912019070042
45.0
114.65126749868824 234.19410855473598
2
17.52670884387848 234.19410855473598
0.25 0.25 0.25 0.25
132.17797634256672
45.0
143.77718386365908 479.57819535831857
2
318.2059128471834 479.57819535831857
0.25 0.25 0.25 0.25
174.42872898352434
45.0
83.64561801979568 397.3854866943652
0
83.64561801979568 271.3725929549409
0.25 0.25 0.25 0.25
126.01289373942433
45.0
27.45336788252054 304.9316031851577
2
138.01035685796757 304.9316031851577
0.25 0.25 0.25 0.25
110.55698897544703
45.0
250.58904005554587 168.25939738385637
1
250.58904005554587 326.79124820641493
0.25 0.25 0.25 0.25
158.53185082255857
45.0
81.29222966962465 175.382375965969
2
74.2733601907604 175.382375965969
0.25 0.25 0.25 0.25
155.56558986038505
45.0
40.814053416426475 55.253504549996535
2
201.46106134931907 55.253504549996535
0.25 0.25 0.25 0.25
160.6470079328926
45.0
448.3144292596779 70.61659939706465
1
448.3144292596779 20.016644895760578
0.25 0.25 0.25 0.25
90.63324429282522
45.0
0.24202608144940996 499.498375722296
0
0.24202608144940996 365.87576778088714
0.25 0.25 0.25 0.25
133.62260794140883
45.0
107.66758559038541 159.53008123631045
2
270.9158405363729 159.53008123631045
0.25 0.25 0.25 0.25
163.2482549459875
45.0
256.08581151917133 162.18042414816296
2
388.7836757453481 162.18042414816296
0.25 0.25 0.25 0.25
132.69786422617676
45.0
322.8056444826378 168.0967180737049
0
322.8056444826378 62.86996447611108
0.25 0.25 0.25 0.25
105.22675359759381
45.0
162.5870535267402 336.00427482097984
3
36.368073043107074 336.00427482097984
0.25 0.25 0.25 0.25
126.21898048363312
45.0
178.50221470140372 318.76411445831354
1
178.50221470140372 437.6813761568742
0.25 0.25 0.25 0.25
118.91726169856067
45.0
412.1722933149724 75.43900923370984
3
444.78952106242184 75.43900923370984
0.25 0.25 0.25 0.25
143.03818562260574
45.0
373.1073402647158 301.4065586273928
1
373.1073402647158 423.1880184802055
0.25 0.25 0.25 0.25
121.7814598528127
45.0
275.4365757606364 454.07420771282557
3
170.7408456610254 454.07420771282557
0.25 0.25 0.25 0.25
104.695730099611
45.0
499.1400337865882 30.594350656717126
3
409.7244170492928 30.594350656717126
0.25 0.25 0.25 0.25
91.135549164119
45.0
123.87656134828477 281.52899636405255
2
214.5612137081343 281.52899636405255
0.25 0.25 0.25 0.25
90.68465235984952
45.0
245.52743266098184 117.19131347426583
1
245.52743266098184 279.05296550012815
0.25 0.25 0.25 0.25
161.86165202586233
45.0
335.3445453114927 229.01233337722124
3
225.8174455816967 229.01233337722124
0.25 0.25 0.25 0.25
109.527099729796
45.0
486.167270259018 204.28308158373235
3
347.57304764221067 204.28308158373235
0.25 0.25 0.25 0.25
166.25968209877138
45.0
492.39214241134243 437.99463118456276
3
388.4666306282953 437.99463118456276
0.25 0.25 0.25 0.25
103.92551178304709
45.0
487.12735520253943 11.013540970049291
3
379.39434091743817 11.013540970049291
0.25 0.25 0.25 0.25
133.47830388002242
45.0
495.49998803599726 324.8175516769994
3
336.09011933622173 324.8175516769994
0.25 0.25 0.25 0.25
168.40989262778098
45.0
184.529679644633 256.5506282178353
0
184.529679644633 124.7485945358724
0.25 0.25 0.25 0.25
131.8020336819629
45.0
330.764374413332 481.0558141711705
2
432.66842914728716 481.0558141711705
0.25 0.25 0.25 0.25
101.90405473395512
45.0
470.8970164640691 421.2049560808367
0
470.8970164640691 456.52226891963437
0.25 0.25 0.25 0.25
122.27277499952888
45.0
150.29790449470306 187.115200241122
0
150.29790449470306 39.34665481511797
0.25 0.25 0.25 0.25
147.76854542600404
45.0
465.0491787808835 216.08539842293908
1
465.0491787808835 330.72548306379275
0.25 0.25 0.25 0.25
114.64008464085369
45.0
378.90341911099733 413.1938733459624
2
495.29292035268236 413.1938733459624
0.25 0.25 0.25 0.25
116.38950124168504
45.0
40.329389303814025 354.80683148683397
0
40.329389303814025 474.41954180327775
0.25 0.25 0.25 0.25
170.7736267098883
45.0
4.254188114481053 357.8425195195252
0
4.254188114481053 259.08762357796365
0.25 0.25 0.25 0.25
98.75489594156153
45.0
220.09199327523754 367.1635042579737
3
88.6717476548003 367.1635042579737
0.25 0.25 0.25 0.25
131.42024562043724
45.0
483.5623053744845 338.6936831210743
3
389.46160524101026 338.6936831210743
0.25 0.25 0.25 0.25
94.10070013347419
45.0
497.8418053946827 66.59198491516361
3
408.0969760562615 66.59198491516361
0.25 0.25 0.25 0.25
89.7448293384212
45.0
369.87856945443355 347.83852836326855
3
231.52203549438823 347.83852836326855
0.25 0.25 0.25 0.25
138.3565339600453
45.0
352.51221050488294 67.73377594155198
3
343.6418784630024 67.73377594155198
0.25 0.25 0.25 0.25
8.870332041880546
45.0
201.90000569344477 381.29364142464465
1
201.90000569344477 383.02378488311444
0.25 0.25 0.25 0.25
1.7301434584698072
45.0
272.1020407023999 392.5563070437348
3
244.7969996072618 392.5563070437348
0.25 0.25 0.25 0.25
27.30504109513811
45.0
113.74450277409201 311.67906618694553
1
113.74450277409201 344.6326661353296
0.25 0.25 0.25 0.25
32.953599948384074
45.0
112.33074434207711 279.9122090488705
1
112.33074434207711 313.2240854362404
0.25 0.25 0.25 0.25
33.31187638736984
45.0
41.40797217525059 485.328393109732
2
57.05798922794746 485.328393109732
0.25 0.25 0.25 0.25
15.65001705269687
45.0
364.7659700178263 299.4542304423061
2
376.21511156508086 299.4542304423061
0.25 0.25 0.25 0.25
11.449141547254571
45.0
424.2797009157619 366.1885649057037
3
388.72627344516025 366.1885649057037
0.25 0.25 0.25 0.25
35.55342747060164
45.0
421.3905333632533 119.83622780422328
3
405.6366819072138 119.83622780422328
0.25 0.25 0.25 0.25
15.753851456039536
45.0
