38646
350.9875007348527 371.58735015539867
2
463.8558086235131 371.58735015539867
0.25 0.25 0.25 0.25
112.86830788866042
45.0
328.9392698861536 199.26778615270925
0
328.9392698861536 110.74753283157742
0.25 0.25 0.25 0.25
88.52025332113183
45.0
169.9055340981566 384.4411543749678
0
169.9055340981566 219.81668166235679
0.25 0.25 0.25 0.25
164.62447271261104
45.0
454.8568449358552 372.91908031494177
3
320.74534004751627 372.91908031494177
0.25 0.25 0.25 0.25
134.1115048883389
45.0
407.47904868175954 494.4822979353967
0
407.47904868175954 354.4582797507834
0.25 0.25 0.25 0.25
151.0594223138199
45.0
289.0042851981549 295.4668175462716
1
289.0042851981549 395.4501604394608
0.25 0.25 0.25 0.25
99.98334289318913
45.0
220.71767415489836 34.54148414940556
3
53.436119874448536 34.54148414940556
0.25 0.25 0.25 0.25
167.28155428044983
45.0
304.1187742769241 301.26821197839604
1
304.1187742769241 451.868471953954
0.25 0.25 0.25 0.25
150.60025997555795
45.0
3.5676199157894075 229.42334493429246
2
141.76263277155036 229.42334493429246
0.25 0.25 0.25 0.25
145.33025268733977
45.0
147.80500364748008 95.86867608451864
3
36.71693349099891 95.86867608451864
0.25 0.25 0.25 0.25
111.08807015648115
45.0
200.6508202659645 456.7108584645198
3
68.5097918121794 456.7108584645198
0.25 0.25 0.25 0.25
132.1410284537851
45.0
439.90473969939194 216.04562730034488
3
294.4879717067271 216.04562730034488
0.25 0.25 0.25 0.25
145.4167679926649
45.0
134.8335392265542 384.35040425534817
2
268.58478608085295 384.35040425534817
0.25 0.25 0.25 0.25
133.75124685429876
45.0
387.57523447044275 159.85183948840938
3
465.0358756792356 159.85183948840938
0.25 0.25 0.25 0.25
147.38888985032168
45.0
310.75922725146376 386.8829049053779
2
483.5930641113039 386.8829049053779
0.25 0.25 0.25 0.25
172.83383685984012
45.0
266.99517705554814 385.5723006633518
3
165.79586849267682 385.5723006633518
0.25 0.25 0.25 0.25
101.19930856287132
45.0
39.503535093546304 404.7885140937974
2
122.83995016410867 404.7885140937974
0.25 0.25 0.25 0.25
162.34348525765498
45.0
287.31565175348976 459.64873922079994
0
287.31565175348976 360.18510117156256
0.25 0.25 0.25 0.25
99.46363804923736
45.0
358.5083890980046 258.9730741063008
1
358.5083890980046 388.5199550064724
0.25 0.25 0.25 0.25
129.54688090017154
45.0
499.45195342337206 265.70607864337285
0
499.45195342337206 108.9227390989802
0.25 0.25 0.25 0.25
156.78333954439265
45.0
83.95237663397745 328.4355550783231
2
81.1684611668706 328.4355550783231
0.25 0.25 0.25 0.25
165.12083780084805
45.0
255.5042052282163 413.0234211253651
0
255.5042052282163 277.39257721989713
0.25 0.25 0.25 0.25
135.6308439054679
45.0
278.83069718288357 58.88776870408577
3
144.99884592430615 58.88776870408577
0.25 0.25 0.25 0.25
133.83185125857742
45.0
403.1456024584172 135.013259570488
3
231.3510177999521 135.013259570488
0.25 0.25 0.25 0.25
171.7945846584651
45.0
162.44042324931607 10.910600267256456
1
162.44042324931607 104.7801098966421
0.25 0.25 0.25 0.25
93.86950962938565
45.0
356.15360479217554 233.80779425011218
0
356.15360479217554 135.29812920485193
0.25 0.25 0.25 0.25
98.50966504526023
45.0
294.5712369559553 158.50830058411452
0
294.5712369559553 18.065782088332867
0.25 0.25 0.25 0.25
140.44251849578166
45.0
162.48478285141425 496.2495680535142
2
297.9395045120402 496.2495680535142
0.25 0.25 0.25 0.25
135.45472166062592
45.0
229.51152641381955 214.8316364889986
2
327.05706472994564 214.8316364889986
0.25 0.25 0.25 0.25
97.54553831612608
45.0
181.9145576312086 406.5366162529406
2
325.60263167623094 406.5366162529406
0.25 0.25 0.25 0.25
143.68807404502235
45.0
151.1940488961755 110.57129716832915
3
60.9959305222084 110.57129716832915
0.25 0.25 0.25 0.25
90.1981183739671
45.0
9.98684854187644 279.44399951895
2
138.47299255779515 279.44399951895
0.25 0.25 0.25 0.25
128.4861440159187
45.0
259.6988199900394 124.68693071086
0
259.6988199900394 17.27413012754701
0.25 0.25 0.25 0.25
107.41280058331299
45.0
382.2635567216839 35.081904728366794
1
382.2635567216839 110.03605540653064
0.25 0.25 0.25 0.25
145.11796013489743
45.0
196.53130460647188 281.68174019538503
1
196.53130460647188 414.2610719581253
0.25 0.25 0.25 0.25
132.57933176274022
45.0
258.2639260589304 81.73269866812001
1
258.2639260589304 46.80659191379846
0.25 0.25 0.25 0.25
128.53929058191846
45.0
38.73949125986945 379.2936156732176
0
38.73949125986945 459.0572711563525
0.25 0.25 0.25 0.25
161.64911317042987
45.0
245.19483307988588 69.27165935085617
2
403.6077247771293 69.27165935085617
0.25 0.25 0.25 0.25
158.41289169724342
45.0
360.78478128524176 172.6246590077289
3
242.37340125622234 172.6246590077289
0.25 0.25 0.25 0.25
118.41138002901943
45.0
448.3260580595785 197.7416524351222
2
483.1776333902649 197.7416524351222
0.25 0.25 0.25 0.25
34.85157533068639
45.0
396.6795905628388 264.56990078974195
0
396.6795905628388 216.67976022973846
0.25 0.25 0.25 0.25
47.89014056000347
45.0
101.50781078201702 270.0043933781686
3
97.13778746187802 270.0043933781686
0.25 0.25 0.25 0.25
4.3700233201389995
45.0
315.18340832678774 288.35621388750656
1
315.18340832678774 311.0265298079251
0.25 0.25 0.25 0.25
22.670315920418542
45.0
63.479312097249405 26.73994724542251
1
63.479312097249405 45.90946111142401
0.25 0.25 0.25 0.25
19.1695138660015
45.0
357.0008627512806 128.99583955560357
2
404.20213075609047 128.99583955560357
0.25 0.25 0.25 0.25
47.20126800480991
45.0
110.20143830110443 260.80678838628995
0
110.20143830110443 242.8405712870752
0.25 0.25 0.25 0.25
17.96621709921475
45.0
421.169064384965 450.07561709810807
1
421.169064384965 455.08831852681266
0.25 0.25 0.25 0.25
5.01270142870458
45.0
311.3589194161567 409.3699139428187
3
283.78059640444116 409.3699139428187
0.25 0.25 0.25 0.25
27.57832301171556
45.0
