47735
294.72110802046734 481.251507205998
0
294.72110802046734 479.8632243279857
0.25 0.25 0.25 0.25
38.885268466016335
45.0
464.58468502551875 214.3567147035855
1
464.58468502551875 238.658334809951
0.25 0.25 0.25 0.25
24.30162010636549
45.0
185.0654943034742 307.7274676828289
3
167.80607639849308 307.7274676828289
0.25 0.25 0.25 0.25
17.259417904981124
45.0
144.80691068838496 94.70945398240718
1
144.80691068838496 132.94585348680732
0.25 0.25 0.25 0.25
38.23639950440014
45.0
353.69700272933113 50.87322620996002
1
353.69700272933113 69.85764085033372
0.25 0.25 0.25 0.25
18.984414640373704
45.0
236.17197854970743 381.4063961218541
1
236.17197854970743 431.33989137743094
0.25 0.25 0.25 0.25
49.93349525557686
45.0
252.69947471876546 151.03303845014415
1
252.69947471876546 156.4888438348054
0.25 0.25 0.25 0.25
5.4558053846612715
45.0
468.0027697879211 93.7852683635478
2
498.19987348654087 93.7852683635478
0.25 0.25 0.25 0.25
30.19710369861975
45.0
107.05014244623777 365.15837799687694
1
107.05014244623777 381.94615636179185
0.25 0.25 0.25 0.25
16.787778364914917
45.0
421.5905991098148 16.205794484800208
1
421.5905991098148 51.63387480532424
0.25 0.25 0.25 0.25
35.42808032052403
45.0
467.045425034697 363.00366447080006
2
489.76895688392045 363.00366447080006
0.25 0.25 0.25 0.25
22.72353184922341
45.0
307.7969627689629 97.74127321069598
3
301.51186770734375 97.74127321069598
0.25 0.25 0.25 0.25
6.285095061619151
45.0
63.287114524191054 179.40869493890972
0
63.287114524191054 159.91289466216782
0.25 0.25 0.25 0.25
19.495800276741893
45.0
155.1741561861271 422.7446838361121
1
155.1741561861271 460.0376723257792
0.25 0.25 0.25 0.25
37.292988489667145
45.0
220.1797168836106 328.2910796589531
1
220.1797168836106 330.1935460600645
0.25 0.25 0.25 0.25
1.90246640111138
45.0
140.5834423298815 60.29766214257981
0
140.5834423298815 22.09149329996528
0.25 0.25 0.25 0.25
38.20616884261453
45.0
419.5853855660797 22.400013926761176
1
419.5853855660797 72.19522548579266
0.25 0.25 0.25 0.25
49.795211559031486
45.0
467.7433398771423 267.93170257361066
3
421.04482871181807 267.93170257361066
0.25 0.25 0.25 0.25
46.69851116532423
45.0
9.203126051955191 430.2831598637185
2
5.826593740743801 430.2831598637185
0.25 0.25 0.25 0.25
15.029719792698993
45.0
214.69649973616276 442.4658226919648
3
203.81779781601614 442.4658226919648
0.25 0.25 0.25 0.25
10.878701920146632
45.0
179.97627877323532 477.36085260962165
2
190.0832033388348 477.36085260962165
0.25 0.25 0.25 0.25
10.106924565599474
45.0
137.50763127972522 415.30152608019324
1
137.50763127972522 418.54073466496453
0.25 0.25 0.25 0.25
3.2392085847713137
45.0
116.59605319229956 457.3532054744936
1
116.59605319229956 494.25286672237183
0.25 0.25 0.25 0.25
36.899661247878214
45.0
159.07938610464808 381.8707477888831
3
144.8635276173959 381.8707477888831
0.25 0.25 0.25 0.25
14.21585848725218
45.0
137.5685109707721 411.0351007572756
0
137.5685109707721 406.0239352818622
0.25 0.25 0.25 0.25
5.011165475413426
45.0
255.32034473904025 246.58377736764686
2
283.262914746651 246.58377736764686
0.25 0.25 0.25 0.25
27.94257000761075
45.0
259.40238204565026 213.10008434175643
3
230.66939315101953 213.10008434175643
0.25 0.25 0.25 0.25
28.73298889463071
45.0
165.8903574962829 379.4641142770443
0
165.8903574962829 338.98091733835037
0.25 0.25 0.25 0.25
40.48319693869395
45.0
28.783304711769134 105.92188152412153
0
28.783304711769134 64.19871073848489
0.25 0.25 0.25 0.25
41.72317078563664
45.0
384.2824861487292 201.78732414511472
3
345.47588609831246 201.78732414511472
0.25 0.25 0.25 0.25
38.806600050416755
45.0
143.6772084636946 306.3763247943875
3
127.23814400749234 306.3763247943875
0.25 0.25 0.25 0.25
16.439064456202267
45.0
401.5355149318423 411.1381242316667
0
401.5355149318423 395.2518559814232
0.25 0.25 0.25 0.25
15.886268250243512
45.0
428.58569271640715 366.97966194122
3
380.9018430228491 366.97966194122
0.25 0.25 0.25 0.25
47.683849693558024
45.0
80.86486911289785 123.74266117352477
3
62.49200448294843 123.74266117352477
0.25 0.25 0.25 0.25
18.37286462994942
45.0
130.6411167971058 111.55765933649269
3
99.92858831359993 111.55765933649269
0.25 0.25 0.25 0.25
30.712528483505874
45.0
145.34389065676757 310.5826003080278
2
169.38457220070256 310.5826003080278
0.25 0.25 0.25 0.25
24.040681543935005
45.0
440.8533684575943 68.6652936536839
3
410.69908726357676 68.6652936536839
0.25 0.25 0.25 0.25
30.15428119401754
45.0
405.1368964841511 96.0916077498189
1
405.1368964841511 110.8800352815191
0.25 0.25 0.25 0.25
14.788427531700188
45.0
177.30912138281718 124.74449190179018
2
213.5355239299314 124.74449190179018
0.25 0.25 0.25 0.25
36.226402547114226
45.0
200.6708998675017 74.13882068291639
2
221.68187816979435 74.13882068291639
0.25 0.25 0.25 0.25
21.01097830229264
45.0
153.57640965368086 371.6593885420504
2
198.55349939912435 371.6593885420504
0.25 0.25 0.25 0.25
44.97708974544348
45.0
168.65426971426484 459.39493843205287
3
119.84793262400932 459.39493843205287
0.25 0.25 0.25 0.25
48.806337090255525
45.0
118.76904826288728 159.23597956430123
3
69.37104649770527 159.23597956430123
0.25 0.25 0.25 0.25
49.39800176518201
45.0
287.352217979649 104.20701265617126
3
248.39854004831037 104.20701265617126
0.25 0.25 0.25 0.25
38.95367793133867
45.0
421.2533554340495 443.3453533047083
0
421.2533554340495 442.12193800728596
0.25 0.25 0.25 0.25
1.2234152974222978
45.0
242.3812753831861 37.42635961765819
1
242.3812753831861 38.03139186665246
0.25 0.25 0.25 0.25
0.6050322489942694
45.0
117.15669795277242 418.8159824272587
2
117.68663244440724 418.8159824272587
0.25 0.25 0.25 0.25
0.5299344916348259
45.0
122.85559321428025 451.76524795121156
3
91.4592603348949 451.76524795121156
0.25 0.25 0.25 0.25
31.39633287938534
45.0
