2676
69.43978409054671 348.99543263836097
69.43978409054671 14.32899877954793
0.1448364434279424 0.31900317559792424 0.1297788882914189 0.4063814926827144
165.33356614118694
45.0
192.7064492233753 294.5703560815417
192.7064492233753 124.59369500998164
0.3016575137112269 0.3536687559121622 0.03820417284228793 0.30646955753432303
169.97666107156007
45.0
359.6484899927153 347.26215414843625
359.6484899927153 244.39279714319952
0.4697576818846398 0.06059449054615205 0.15078203338497137 0.31886579418423683
102.86935700523676
45.0
422.4326680709414 208.96377331556812
422.4326680709414 328.3482527182829
0.18640207969266134 0.19049687652827946 0.22993419483302996 0.39316684894602927
119.38447940271477
45.0
87.80332872251961 354.6261656927003
87.80332872251961 219.5486623605645
0.41188231755192795 0.1620131678418819 0.26530274412392935 0.16080177048226074
135.0775033321358
45.0
451.40252305026934 370.31771936436246
451.40252305026934 267.29706308339985
0.29968843656406885 0.5358155694733127 0.1331432046714311 0.03135278929118751
103.02065628096261
45.0
443.45382547148847 18.214864785899977
106.08779524554848 18.214864785899977
0.11369989450291311 0.04708750848923003 0.521509529120174 0.3177030678876828
162.63396977406
45.0
186.7188811303364 180.51582718638952
186.7188811303364 20.049555774065425
0.3012453511277635 0.29149887905555866 0.014995425724678588 0.3922603440919992
160.4662714123241
45.0
172.90347687371093 220.28592443927454
310.2136422804992 220.28592443927454
0.08354644063879414 0.041552334759104616 0.5793109793710477 0.29559024523105343
137.31016540678826
45.0
199.9989727904586 94.13052337823615
199.9989727904586 460.798812440498
0.39844226403239624 0.03129859762464343 0.16666441398190865 0.4035947243610517
133.33171093773814
45.0
382.4123865320762 270.689319886744
487.8257440032905 270.689319886744
0.1662233756996345 0.020060080495136117 0.4971979976471263 0.31651854615810304
105.41335747121427
45.0
217.1005563222317 473.54616192393166
217.1005563222317 370.5512261582626
0.6307752583837457 0.020979992614700276 0.23170387622206617 0.11654087277948785
102.99493576566906
45.0
118.67951334209829 347.68942453910256
252.65886290048206 347.68942453910256
0.12986687231631566 0.0626532640420063 0.22108871841689479 0.5863911452247833
133.97934955838377
45.0
253.2854387899957 203.54728941042535
253.2854387899957 316.29862863589585
0.19783904992609064 0.2536433556809924 0.2950842193791758 0.2534333750137412
112.7513392254705
45.0
345.63114808752425 477.24903983115234
345.63114808752425 383.85937952681667
0.28104491279840593 0.29726588894795586 0.17869741712520898 0.24299178112842923
93.38966030433569
45.0
168.35011847481582 132.13494223094693
168.35011847481582 259.83516430731765
0.22557467258003439 0.1937557281018896 0.2449635219213015 0.33570607739677455
127.70022207637071
45.0
200.4148226640776 406.8905986281999
200.4148226640776 78.11433127848022
0.10079259727553098 0.354526452225504 0.17563970945014334 0.3690412410488215
171.2237326502803
45.0
105.25932328605639 188.09465587160383
105.25932328605639 64.70675021472427
0.42796866345398327 0.13746383458423128 0.31841595738444844 0.11615154457733698
123.38790565687957
45.0
352.0485087772032 200.5667124094448
352.0485087772032 87.47735400787543
0.5174821412073758 0.16701643778044864 0.08771246805118157 0.22778895296099416
113.08935840156936
45.0
446.25406784997745 98.29482835390502
446.25406784997745 492.85213727410746
0.3030471000059742 0.13493895764982164 0.2724805503583113 0.2895333919858928
105.44269107979753
45.0
95.76262641724713 364.1897419648859
95.76262641724713 221.75761810550028
0.5089860422067022 0.32538826355766515 0.15722813149894752 0.008397562736685134
142.43212385938563
45.0
156.61202866646812 459.63618727601005
156.61202866646812 63.990127632476174
0.26608049934303907 0.00429402017346646 0.28170926530060697 0.4479162151828876
104.35394035646611
45.0
16.67979474748455 330.408186543925
151.5251406551919 330.408186543925
0.0005286788777352383 0.08971943996422387 0.5577457313750447 0.3520061497829962
134.84534590770735
45.0
252.345614103021 85.57768207093298
252.345614103021 258.5204954721495
0.059725254757895634 0.3083301555622336 0.10077141747678695 0.5311731722030838
172.9428134012165
45.0
189.62272525442555 261.6669075253509
189.62272525442555 404.4439906753071
0.25804891467645674 0.329386481941617 0.20767005361897514 0.20489454976295116
142.77708314995616
45.0
408.5691160046197 160.46365831026182
408.5691160046197 267.25873947099103
0.1312990329144221 0.3425635205211417 0.42571398484319073 0.10042346172124551
106.79508116072921
45.0
389.3473786466276 48.08265651604984
389.3473786466276 410.4729541443413
0.31791304706610807 0.2358245290284441 0.3899220600962502 0.05634036380919758
137.6097023717085
45.0
171.63209160092546 197.1395873217966
171.63209160092546 369.68234647292934
0.09805035068806393 0.3734334411939581 0.5053811213208341 0.02313508679714377
172.54275915113274
45.0
16.797993571819973 266.1397501938251
16.797993571819973 439.92583743802
0.21625734803403876 0.5610220464245684 0.1503901822120658 0.072330423329327
173.78608724419493
45.0
249.37570727735752 175.97978297083336
249.37570727735752 149.7027196302906
0.2920668934045361 0.11690545561984174 0.27213769436922963 0.3188899566063925
26.277063340542757
45.0
311.521295361452 329.5401905831263
311.521295361452 306.3314849155642
0.28812525372703685 0.4741884204107228 0.13169316323447225 0.105993162627768
23.208705667562047
45.0
53.691708338996776 186.15051929435137
53.691708338996776 188.10551445214418
0.24763276515161492 0.30300184511519934 0.2777664791703397 0.17159891056284599
1.9549951577928049
45.0
93.77625154021518 103.7341556168355
93.77625154021518 75.88207185579265
0.3592782110368525 0.27009054325622095 0.2170655797672939 0.15356566593963275
27.852083761042856
45.0
498.17861336728527 428.7574972269787
498.17861336728527 468.8948657493734
0.04690463249032433 0.22419554313253146 0.3386282522728566 0.39027157210428753
40.13736852239471
45.0
106.38394601760046 465.89204159402766
106.38394601760046 430.3014172888398
0.34723696150223865 0.09781984240031434 0.4211048678981632 0.13383832819928373
35.590624305187866
45.0
155.59877954539368 435.7502652426869
155.59877954539368 447.86537481986727
0.20651497548045408 0.21503713183271378 0.09660747485468811 0.481840417832144
12.115109577180355
45.0
7.186812205850288 8.470304426257286
7.186812205850288 39.309439288956355
0.16843485919509313 0.2409043155429046 0.2707000841296334 0.3199607411323689
30.83913486269907
45.0
482.3851653490021 37.19491080474018
482.3851653490021 76.36210333442821
0.1535161599018867 0.3375316878633277 0.2579796576446648 0.25097249459012083
39.16719252968803
45.0
278.2334589567862 113.34152879878525
278.2334589567862 104.49796655243347
0.3930252213518643 0.04802660599492675 0.1977402037929481 0.36120796886026074
8.843562246351782
45.0
169.541788675354 26.430602211331216
169.541788675354 28.930029539199246
0.03237182385082949 0.593594859228586 0.07792640938089575 0.29610690753968877
2.4994273278680312
45.0
189.02519084956657 213.92920818181128
189.02519084956657 259.6387844650113
0.17314329129610942 0.20566129637843636 0.3017765371541705 0.3194188751712838
45.70957628320006
45.0
458.7038604959766 312.9478257258146
458.7038604959766 297.5633634857934
0.29925873005282716 0.07764605898668013 0.46898248180450347 0.15411272915598917
15.384462240021207
45.0
23.704893870971386 408.7313996604956
23.704893870971386 385.82903557975766
0.3025861005554796 0.3383733365841222 0.24232952264550703 0.11671104021489108
22.902364080737915
45.0
114.3276308940168 351.63487239635657
114.3276308940168 338.3322037804121
0.3978381565276494 0.347978407275714 0.14100757488416488 0.11317586131247168
13.302668615944485
45.0
468.9696439559841 324.68201441566555
468.9696439559841 316.44355558067974
0.34810965703226227 0.38421125629938646 0.2588177394295211 0.008861347238830322
8.238458834985817
45.0
258.43675092106935 189.1469184529079
258.43675092106935 156.4092992942099
0.3939531989386571 0.09033953250983452 0.2104220158227119 0.3052852527287965
32.73761915869802
45.0
496.6163185711855 368.68515751065155
496.6163185711855 356.80284944187173
0.32122823263248823 0.1968236305579361 0.47359257423058665 0.008355562578988968
11.88230806877984
45.0
257.0346561783381 59.398041315135885
257.0346561783381 70.2504246324425
0.07354923123698419 0.46256917178918855 0.3663101750129133 0.09757142196091403
10.852383317306618
45.0
