62225
462.0683434341197 58.50810136118389
3
287.5911980544077 58.50810136118389
0.25 0.25 0.25 0.25
174.477145379712
45.0
272.08838863492457 428.13658956465906
0
272.08838863492457 418.08990199802906
0.25 0.25 0.25 0.25
153.77350843731182
45.0
54.52212130444161 374.7711976511307
2
224.0590630876693 374.7711976511307
0.25 0.25 0.25 0.25
169.5369417832277
45.0
226.96094784374884 233.8092053264997
0
226.96094784374884 104.92316197552691
0.25 0.25 0.25 0.25
128.88604335097278
45.0
385.22639629164973 366.8601629105966
1
385.22639629164973 472.18216432355973
0.25 0.25 0.25 0.25
105.32200141296312
45.0
425.3521132130203 250.9487571763334
1
425.3521132130203 396.426693829162
0.25 0.25 0.25 0.25
145.4779366528286
45.0
182.80701974433066 45.99280443442967
2
331.4019242992908 45.99280443442967
0.25 0.25 0.25 0.25
148.59490455496012
45.0
71.76341014860442 36.5435604583288
2
176.21652749403654 36.5435604583288
0.25 0.25 0.25 0.25
104.45311734543212
45.0
221.0576507639072 238.84682366798222
0
221.0576507639072 117.1107390829356
0.25 0.25 0.25 0.25
121.73608458504663
45.0
215.27361470115764 68.09868548372646
1
215.27361470115764 86.00724689111476
0.25 0.25 0.25 0.25
154.10593237484122
45.0
170.30492414205102 320.1772651379064
0
170.30492414205102 230.35559604587647
0.25 0.25 0.25 0.25
89.82166909202991
45.0
223.2916662561721 297.26145942092865
3
128.64418134735996 297.26145942092865
0.25 0.25 0.25 0.25
94.64748490881215
45.0
88.63593668417838 9.362221629995645
2
251.2772044264885 9.362221629995645
0.25 0.25 0.25 0.25
162.64126774231013
45.0
266.4919954644664 356.6772165359553
1
266.4919954644664 463.7204095839045
0.25 0.25 0.25 0.25
107.04319304794916
45.0
480.3196559726741 300.1594099196171
1
480.3196559726741 410.7116867088273
0.25 0.25 0.25 0.25
110.55227678921023
45.0
76.41875613567484 385.6526720483263
2
41.44331154571017 385.6526720483263
0.25 0.25 0.25 0.25
117.86206768138501
45.0
246.17292206058244 12.661997693420034
2
346.34367668840497 12.661997693420034
0.25 0.25 0.25 0.25
100.17075462782255
45.0
97.81353560598143 329.90920823598293
1
97.81353560598143 489.9371259887455
0.25 0.25 0.25 0.25
160.02791775276256
45.0
233.37593024077933 112.2636346014218
3
138.82216064865509 112.2636346014218
0.25 0.25 0.25 0.25
94.55376959212425
45.0
332.5595873084436 470.4739407745267
2
444.7890349772431 470.4739407745267
0.25 0.25 0.25 0.25
112.22944766879947
45.0
123.87333432976115 409.1019498960683
0
123.87333432976115 431.2230326102857
0.25 0.25 0.25 0.25
159.67501749364604
45.0
292.3478198848879 11.060670720315727
3
161.18719138354402 11.060670720315727
0.25 0.25 0.25 0.25
131.16062850134387
45.0
338.3359541881165 361.3067863283379
0
338.3359541881165 198.64959013539337
0.25 0.25 0.25 0.25
162.65719619294455
45.0
180.3934210964028 41.81510300919409
3
70.34044522286989 41.81510300919409
0.25 0.25 0.25 0.25
110.0529758735329
45.0
415.01859775048774 356.0219330020951
0
415.01859775048774 181.29316322132073
0.25 0.25 0.25 0.25
174.7287697807744
45.0
266.606654458911 123.99431459024423
2
373.8808134391541 123.99431459024423
0.25 0.25 0.25 0.25
107.27415898024312
45.0
354.150635077585 305.7161073717425
0
354.150635077585 171.56295865836697
0.25 0.25 0.25 0.25
134.15314871337554
45.0
358.84976594848337 179.73903409392653
3
211.2642241556589 179.73903409392653
0.25 0.25 0.25 0.25
147.58554179282447
45.0
376.27731487852066 281.82755824062974
3
250.42182883151372 281.82755824062974
0.25 0.25 0.25 0.25
125.85548604700693
45.0
486.92401843369004 232.0716269450461
3
476.227638975706 232.0716269450461
0.25 0.25 0.25 0.25
10.696379457984051
45.0
214.92273891313405 236.3858028787409
0
214.92273891313405 235.9093523898744
0.25 0.25 0.25 0.25
0.47645048886646446
45.0
260.23326589951165 438.19958530105407
2
284.0349014996583 438.19958530105407
0.25 0.25 0.25 0.25
23.80163560014667
45.0
287.64630609514785 459.67304097318805
0
287.64630609514785 417.3170245111975
0.25 0.25 0.25 0.25
42.35601646199057
45.0
65.37805246301241 392.1881924984198
0
65.37805246301241 366.9822133780219
0.25 0.25 0.25 0.25
25.20597912039792
45.0
462.1588394725571 153.0041848366804
0
462.1588394725571 117.11702323381905
0.25 0.25 0.25 0.25
35.88716160286133
45.0
471.9819177874441 466.1429159316302
2
497.3694904048313 466.1429159316302
0.25 0.25 0.25 0.25
25.387572617387207
45.0
277.8659050571647 244.1584431168961
2
326.4114596797242 244.1584431168961
0.25 0.25 0.25 0.25
48.545554622559536
45.0
38.87924852943074 281.7819709746513
2
59.92664283031115 281.7819709746513
0.25 0.25 0.25 0.25
21.047394300880416
45.0
379.8308931964038 6.534099378103553
1
379.8308931964038 5.270438763875301
0.25 0.25 0.25 0.25
11.804538141978854
45.0
296.62378908262934 250.85557244174274
2
315.95351422920305 250.85557244174274
0.25 0.25 0.25 0.25
19.329725146573733
45.0
208.6654188477778 2.9997839738658243
2
233.43434507078294 2.9997839738658243
0.25 0.25 0.25 0.25
24.76892622300515
45.0
469.6100783642603 499.48436972252233
0
469.6100783642603 450.9486526345488
0.25 0.25 0.25 0.25
49.56697764292888
45.0
457.10574474353206 17.15138584304554
2
475.50358427390836 17.15138584304554
0.25 0.25 0.25 0.25
18.397839530376324
45.0
360.0713632448294 26.267808519145476
1
360.0713632448294 71.23007116103648
0.25 0.25 0.25 0.25
44.962262641891
45.0
431.97298832228046 262.3941463026545
3
412.25120888107466 262.3941463026545
0.25 0.25 0.25 0.25
19.721779441205804
45.0
452.1333045318264 112.41012718760703
2
495.61517442237846 112.41012718760703
0.25 0.25 0.25 0.25
43.48186989055204
45.0
497.23756050845566 75.48659000065507
3
460.74235234289176 75.48659000065507
0.25 0.25 0.25 0.25
42.02008714865256
45.0
236.53456799417887 0.9543611950026225
1
236.53456799417887 10.18783262116878
0.25 0.25 0.25 0.25
11.142193816171403
45.0
