39571
337.36375231875695 180.59331056520136
2
466.22217700842384 180.59331056520136
0.25 0.25 0.25 0.25
128.8584246896669
45.0
22.148442758993127 398.7308841958861
2
65.37741690724944 398.7308841958861
0.25 0.25 0.25 0.25
87.52585966624257
45.0
469.2139450705963 130.59872927109444
3
367.78799727217677 130.59872927109444
0.25 0.25 0.25 0.25
101.42594779841957
45.0
40.033161602114205 260.2566928044638
3
13.106629187096193 260.2566928044638
0.25 0.25 0.25 0.25
26.926532415018013
45.0
152.80735139103822 298.8077000788727
0
152.80735139103822 251.5381893394767
0.25 0.25 0.25 0.25
47.269510739396
45.0
145.52042869439043 496.29997565291876
0
145.52042869439043 475.7806839605454
0.25 0.25 0.25 0.25
20.519291692373343
45.0
422.3547313892126 40.18214991176795
2
450.61501957434126 40.18214991176795
0.25 0.25 0.25 0.25
28.26028818512867
45.0
444.60810188916554 256.7153132998287
0
444.60810188916554 238.63637241818554
0.25 0.25 0.25 0.25
18.078940881643163
45.0
57.932767429718794 76.87036550897238
0
57.932767429718794 61.98021877248537
0.25 0.25 0.25 0.25
14.890146736487008
45.0
286.6977448775559 195.69471458124667
0
286.6977448775559 189.5078266057265
0.25 0.25 0.25 0.25
6.1868879755201505
45.0
394.26091786863725 170.66526611462874
0
394.26091786863725 153.41139381976484
0.25 0.25 0.25 0.25
17.253872294863903
45.0
193.77843847058278 36.67034241757354
1
193.77843847058278 84.40807309586711
0.25 0.25 0.25 0.25
47.737730678293566
45.0
306.9734078621625 271.57983317318764
3
306.0602244701966 271.57983317318764
0.25 0.25 0.25 0.25
0.913183391965916
45.0
382.34707711767334 286.32555758168
1
382.34707711767334 301.66192754164126
0.25 0.25 0.25 0.25
15.33636995996125
45.0
174.05043748171917 314.143583058685
2
191.44648706985902 314.143583058685
0.25 0.25 0.25 0.25
17.39604958813984
45.0
7.549468337037197 325.4475953428813
0
7.549468337037197 277.4750230443574
0.25 0.25 0.25 0.25
47.97257229852391
45.0
471.9924947569108 110.295494701931
2
494.13502565781357 110.295494701931
0.25 0.25 0.25 0.25
22.142530900902756
45.0
444.1734889522113 347.26855915756926
0
444.1734889522113 322.8971709180213
0.25 0.25 0.25 0.25
24.371388239547947
45.0
165.94764056373063 414.36986801939395
0
165.94764056373063 399.0318269174952
0.25 0.25 0.25 0.25
15.338041101898764
45.0
448.79274068397973 470.63622070985275
3
408.034297017611 470.63622070985275
0.25 0.25 0.25 0.25
40.758443666368755
45.0
100.41658920566907 478.4280977169076
0
100.41658920566907 489.46197270359096
0.25 0.25 0.25 0.25
32.10992957950147
45.0
250.89019228819717 486.11486635186
3
216.30650153162037 486.11486635186
0.25 0.25 0.25 0.25
34.5836907565768
45.0
190.45903067902088 115.66391178567288
2
239.83241968283102 115.66391178567288
0.25 0.25 0.25 0.25
49.373389003810146
45.0
187.3614922831605 193.61052807820704
2
194.7630562607003 193.61052807820704
0.25 0.25 0.25 0.25
7.40156397753981
45.0
65.29704731746011 160.5892572997182
0
65.29704731746011 157.6591362685068
0.25 0.25 0.25 0.25
2.9301210312113857
45.0
308.1956284608942 176.43707178831477
1
308.1956284608942 220.15538932910826
0.25 0.25 0.25 0.25
43.71831754079349
45.0
188.93846303405954 222.42974743161278
0
188.93846303405954 198.06043617001814
0.25 0.25 0.25 0.25
24.369311261594635
45.0
39.989045484742114 254.46671038870664
2
65.32677489586547 254.46671038870664
0.25 0.25 0.25 0.25
25.337729411123355
45.0
83.9524987278431 31.227501764569244
2
85.46037759706111 31.227501764569244
0.25 0.25 0.25 0.25
1.507878869217999
45.0
51.44797003099322 279.47038882083126
3
44.024544227912465 279.47038882083126
0.25 0.25 0.25 0.25
7.423425803080752
45.0
236.10287475649807 42.253133445563094
2
272.98107317578115 42.253133445563094
0.25 0.25 0.25 0.25
36.87819841928308
45.0
140.85668663724937 117.14740405401373
0
140.85668663724937 90.01269521822795
0.25 0.25 0.25 0.25
27.134708835785787
45.0
119.17103597804203 94.90827417238322
3
84.51524938373254 94.90827417238322
0.25 0.25 0.25 0.25
34.6557865943095
45.0
1.0283411440903123 112.94518797616192
2
29.37149802677378 112.94518797616192
0.25 0.25 0.25 0.25
30.39983917086409
45.0
360.6517333116685 191.7054238919039
0
360.6517333116685 183.89319230976915
0.25 0.25 0.25 0.25
7.812231582134754
45.0
3.3135238894458325 6.698228822876558
1
3.3135238894458325 27.381309272233374
0.25 0.25 0.25 0.25
20.683080449356815
45.0
51.9835107182703 142.44053672698453
0
51.9835107182703 111.3930161810782
0.25 0.25 0.25 0.25
31.047520545906345
45.0
416.86585843210776 59.355735566180556
3
389.1239193540922 59.355735566180556
0.25 0.25 0.25 0.25
27.741939078015577
45.0
105.2478222538241 303.2410768798667
2
147.12875228925944 303.2410768798667
0.25 0.25 0.25 0.25
41.88093003543534
45.0
173.7851669181145 474.7587516614125
3
160.22969503999053 474.7587516614125
0.25 0.25 0.25 0.25
13.555471878123981
45.0
43.73517622667447 219.46264127066144
2
66.97227232995992 219.46264127066144
0.25 0.25 0.25 0.25
23.23709610328545
45.0
392.1888027689187 159.23798633160624
1
392.1888027689187 208.07903702964788
0.25 0.25 0.25 0.25
48.84105069804165
45.0
376.7862922906658 352.0289431069824
0
376.7862922906658 320.3645094770073
0.25 0.25 0.25 0.25
31.664433629975118
45.0
461.53544103363686 410.2115730028164
0
461.53544103363686 364.9011647457819
0.25 0.25 0.25 0.25
45.31040825703449
45.0
67.28750577616873 15.819281409106992
1
67.28750577616873 24.062637413571053
0.25 0.25 0.25 0.25
39.881918822678045
45.0
225.01260552121335 421.2758391935613
0
225.01260552121335 372.9253695844467
0.25 0.25 0.25 0.25
48.3504696091146
45.0
265.51889912522904 413.493262157156
1
265.51889912522904 450.35018212572265
0.25 0.25 0.25 0.25
36.85691996856668
45.0
78.4486866532352 437.15359316172294
3
55.502372232527364 437.15359316172294
0.25 0.25 0.25 0.25
22.946314420707836
45.0
