18404
384.81032118773214 477.42490117055024
3
455.399900740725 477.42490117055024
0.25 0.25 0.25 0.25
159.78977807154283
45.0
252.27181217724007 274.50496747319806
3
79.4285680021917 274.50496747319806
0.25 0.25 0.25 0.25
172.84324417504837
45.0
75.35422742680726 210.4609318276665
1
75.35422742680726 351.095872037706
0.25 0.25 0.25 0.25
140.63494021003947
45.0
187.57998927396739 160.70966231833148
2
276.5167539663674 160.70966231833148
0.25 0.25 0.25 0.25
88.93676469239999
45.0
128.3735647995727 194.93023789529542
2
217.45830250368687 194.93023789529542
0.25 0.25 0.25 0.25
89.08473770411418
45.0
45.88023862478521 96.67270405014314
1
45.88023862478521 9.386361231994414
0.25 0.25 0.25 0.25
106.05906528213755
45.0
29.099802402932994 78.52860600328142
2
169.15861837152818 78.52860600328142
0.25 0.25 0.25 0.25
140.05881596859518
45.0
257.2308307152326 233.89536656651592
0
257.2308307152326 134.61680528928792
0.25 0.25 0.25 0.25
99.27856127722798
45.0
379.0284809168744 344.8036129350275
3
266.49985427470216 344.8036129350275
0.25 0.25 0.25 0.25
112.52862664217224
45.0
466.68202505402974 36.86783348741159
3
328.47147995461836 36.86783348741159
0.25 0.25 0.25 0.25
138.21054509941138
45.0
486.9173914428193 302.1950662941377
1
486.9173914428193 469.2327113327815
0.25 0.25 0.25 0.25
167.0376450386438
45.0
495.4767877288574 77.56719884486557
3
370.4150912928842 77.56719884486557
0.25 0.25 0.25 0.25
125.06169643597318
45.0
396.36184484302885 238.88634766836316
1
396.36184484302885 376.3402618508221
0.25 0.25 0.25 0.25
137.45391418245896
45.0
95.05468238804349 36.821123500579176
1
95.05468238804349 129.5501993457259
0.25 0.25 0.25 0.25
166.37132284630508
45.0
302.2770239086098 71.33364392669274
2
396.83175483587695 71.33364392669274
0.25 0.25 0.25 0.25
94.55473092726713
45.0
479.36668898581786 343.6492202752472
1
479.36668898581786 438.3773379276914
0.25 0.25 0.25 0.25
94.72811765244421
45.0
369.9233117222533 268.71260768011496
3
221.95511638690812 268.71260768011496
0.25 0.25 0.25 0.25
147.96819533534517
45.0
46.64990161649149 206.78686602640863
2
187.95907309341806 206.78686602640863
0.25 0.25 0.25 0.25
141.30917147692656
45.0
44.22000905644296 180.2445354988511
0
44.22000905644296 52.17836561327118
0.25 0.25 0.25 0.25
128.0661698855799
45.0
246.15248353970722 76.51564474243577
2
366.92513984577977 76.51564474243577
0.25 0.25 0.25 0.25
120.77265630607255
45.0
143.77488546871976 62.33912139896293
2
4.300831077698547 62.33912139896293
0.25 0.25 0.25 0.25
148.0757165464183
45.0
154.85408215890055 108.26843433566671
1
154.85408215890055 280.26810243336257
0.25 0.25 0.25 0.25
171.99966809769586
45.0
69.57230750949523 267.8018278185765
0
69.57230750949523 126.15316178687456
0.25 0.25 0.25 0.25
141.64866603170194
45.0
28.306173390064714 52.91797361467479
1
28.306173390064714 90.71611398915707
0.25 0.25 0.25 0.25
143.63408760383186
45.0
215.16634264007692 168.0071618136965
1
215.16634264007692 315.3509061190616
0.25 0.25 0.25 0.25
147.3437443053651
45.0
258.6128527978593 176.5703712074802
3
138.04571497208508 176.5703712074802
0.25 0.25 0.25 0.25
120.56713782577424
45.0
176.1228935449252 433.00931796402347
0
176.1228935449252 318.47857944344804
0.25 0.25 0.25 0.25
114.53073852057543
45.0
400.04869470015115 477.8295026558462
3
471.084761479136 477.8295026558462
0.25 0.25 0.25 0.25
128.86654382071282
45.0
444.112699263182 378.77913723305096
3
383.03026845247325 378.77913723305096
0.25 0.25 0.25 0.25
172.8570322843448
45.0
256.00649931900955 347.6207105993995
1
256.00649931900955 349.77344737441507
0.25 0.25 0.25 0.25
2.1527367750155735
45.0
249.72065215147595 27.790887742493446
1
249.72065215147595 72.92786282254835
0.25 0.25 0.25 0.25
45.1369750800549
45.0
45.78946180420948 435.1693778494191
1
45.78946180420948 459.53077791455996
0.25 0.25 0.25 0.25
24.361400065140828
45.0
431.87732101950326 329.1037626387656
3
413.965657761011 329.1037626387656
0.25 0.25 0.25 0.25
17.911663258492233
45.0
421.68200848519353 373.02225384416226
1
421.68200848519353 413.906941333348
0.25 0.25 0.25 0.25
40.88468748918576
45.0
2.7994349317107208 232.14546637962906
2
40.86873618218772 232.14546637962906
0.25 0.25 0.25 0.25
38.069301250477
45.0
202.0864259207604 196.94514990400228
0
202.0864259207604 189.3712696957077
0.25 0.25 0.25 0.25
7.57388020829457
45.0
305.19689851079613 465.1278621914721
1
305.19689851079613 492.87704245992427
0.25 0.25 0.25 0.25
27.74918026845215
45.0
497.7271986952576 106.25175525608032
3
487.6125495040741 106.25175525608032
0.25 0.25 0.25 0.25
14.660251800668355
45.0
264.96489756116677 477.885677917659
0
264.96489756116677 482.9364296342055
0.25 0.25 0.25 0.25
39.17789244813554
45.0
166.80314299885669 243.33926718580625
1
166.80314299885669 257.27623981848785
0.25 0.25 0.25 0.25
13.936972632681593
45.0
372.550875530525 355.390007911469
1
372.550875530525 365.16681494523937
0.25 0.25 0.25 0.25
9.776807033770375
45.0
423.18503154251056 433.1023870783869
2
472.5030997718907 433.1023870783869
0.25 0.25 0.25 0.25
49.31806822938012
45.0
122.45756919073001 111.87825560174214
1
122.45756919073001 134.62065690234954
0.25 0.25 0.25 0.25
22.7424013006074
45.0
242.75894006144762 201.66283916774398
0
242.75894006144762 180.5551896217341
0.25 0.25 0.25 0.25
21.10764954600988
45.0
159.1821890229304 399.1850769673854
2
207.95156547174045 399.1850769673854
0.25 0.25 0.25 0.25
48.76937644881004
45.0
2.9124210765929135 457.8390544487511
0
2.9124210765929135 433.2245384719796
0.25 0.25 0.25 0.25
24.614515976771468
45.0
74.19672248976806 486.41263408939415
0
74.19672248976806 473.9468353840389
0.25 0.25 0.25 0.25
39.64053052656695
45.0
436.19191257394147 142.26241338110606
2
438.03355983409074 142.26241338110606
0.25 0.25 0.25 0.25
1.8416472601492595
45.0
