69667
381.35035706681253 173.32241258474434
1
381.35035706681253 276.2437085627622
0.25 0.25 0.25 0.25
102.92129597801787
45.0
69.79331014368171 337.19505498843534
2
184.5566861162035 337.19505498843534
0.25 0.25 0.25 0.25
114.7633759725218
45.0
337.8420148650765 311.05703409475655
3
240.30721775098223 311.05703409475655
0.25 0.25 0.25 0.25
97.53479711409429
45.0
14.475339207284094 471.5755814024035
0
14.475339207284094 315.4542317085863
0.25 0.25 0.25 0.25
156.1213496938172
45.0
411.6331329381693 93.22412648100205
0
411.6331329381693 2.329855366136627
0.25 0.25 0.25 0.25
90.89427111486542
45.0
286.1008245058685 352.71327511124287
3
160.5912470019702 352.71327511124287
0.25 0.25 0.25 0.25
125.50957750389829
45.0
376.954448433857 65.8886800329602
1
376.954448433857 72.71997349686029
0.25 0.25 0.25 0.25
138.6086535298205
45.0
423.0025171512784 171.37682080139217
3
479.1100307350823 171.37682080139217
0.25 0.25 0.25 0.25
97.88745211363931
45.0
107.15517304357618 97.44540476572644
1
107.15517304357618 220.82718880088228
0.25 0.25 0.25 0.25
123.38178403515585
45.0
114.24328474051423 385.5279549315387
2
240.4732104160268 385.5279549315387
0.25 0.25 0.25 0.25
126.22992567551258
45.0
103.99266304886572 335.51313628146005
0
103.99266304886572 320.96471284133287
0.25 0.25 0.25 0.25
14.548423440127173
45.0
268.39278715518947 133.7673878849549
0
268.39278715518947 84.36034355394088
0.25 0.25 0.25 0.25
49.40704433101402
45.0
70.52470182433498 175.9152657813615
3
31.518520164658185 175.9152657813615
0.25 0.25 0.25 0.25
39.0061816596768
45.0
22.822926800030302 220.31192907550815
2
44.94008787822086 220.31192907550815
0.25 0.25 0.25 0.25
22.117161078190556
45.0
103.99111542535994 332.22784333067
0
103.99111542535994 321.06564961573343
0.25 0.25 0.25 0.25
11.162193714936558
45.0
187.81113551654732 259.90350843442974
0
187.81113551654732 216.97148304948013
0.25 0.25 0.25 0.25
42.9320253849496
45.0
152.80118381068442 214.34006448933445
1
152.80118381068442 255.3909398140287
0.25 0.25 0.25 0.25
41.05087532469425
45.0
118.62550639508645 436.4126128923851
1
118.62550639508645 475.2136192263241
0.25 0.25 0.25 0.25
38.80100633393904
45.0
40.92523413178208 228.74205433320117
1
40.92523413178208 251.26552745437832
0.25 0.25 0.25 0.25
22.523473121177144
45.0
148.25222893715554 303.78059930847064
0
148.25222893715554 258.5645033653659
0.25 0.25 0.25 0.25
45.21609594310471
45.0
254.75148016325974 338.4834006524933
2
259.25768699090753 338.4834006524933
0.25 0.25 0.25 0.25
4.506206827647791
45.0
249.40047460997 353.4625989403997
1
249.40047460997 365.88435823598985
0.25 0.25 0.25 0.25
12.421759295590151
45.0
392.9204755091448 488.26417098551866
0
392.9204755091448 482.6555612489461
0.25 0.25 0.25 0.25
29.08026776553519
45.0
312.7665282768244 70.11136083049932
0
312.7665282768244 44.22794236592085
0.25 0.25 0.25 0.25
25.883418464578472
45.0
213.6651197873583 46.888963096424284
3
164.62048052289384 46.888963096424284
0.25 0.25 0.25 0.25
49.04463926446444
45.0
252.7818388745909 11.413845655659316
1
252.7818388745909 21.66907270866102
0.25 0.25 0.25 0.25
33.082918364320335
45.0
59.15462869545362 357.69056273204455
0
59.15462869545362 341.98780311830046
0.25 0.25 0.25 0.25
15.702759613744071
45.0
85.20614205226215 276.86319554980633
2
113.37928432899173 276.86319554980633
0.25 0.25 0.25 0.25
28.173142276729585
45.0
236.78085238369206 142.26187807752723
2
239.18879722528024 142.26187807752723
0.25 0.25 0.25 0.25
2.4079448415881775
45.0
89.31689508784082 50.62107433152042
1
89.31689508784082 65.00850305705289
0.25 0.25 0.25 0.25
14.38742872553247
45.0
119.23254878673606 10.519615465893608
1
119.23254878673606 47.00838997910807
0.25 0.25 0.25 0.25
36.48877451321446
45.0
443.86282072253937 232.53312377862176
1
443.86282072253937 273.08066195906633
0.25 0.25 0.25 0.25
40.54753818044459
45.0
222.41920279794104 4.238003829881208
1
222.41920279794104 16.079423486145632
0.25 0.25 0.25 0.25
11.841419656264424
45.0
352.6693311777153 396.3815025255814
0
352.6693311777153 383.5938650483766
0.25 0.25 0.25 0.25
12.78763747720485
45.0
17.176140646126655 191.84721381637453
1
17.176140646126655 239.48269484906845
0.25 0.25 0.25 0.25
47.63548103269391
45.0
112.90198910527437 119.44784394547986
3
63.362034227464505 119.44784394547986
0.25 0.25 0.25 0.25
49.53995487780986
45.0
422.1850881901371 480.0286954124582
3
403.3836814247709 480.0286954124582
0.25 0.25 0.25 0.25
18.801406765366206
45.0
113.71603850044649 492.82813036746927
0
113.71603850044649 499.02720151578023
0.25 0.25 0.25 0.25
8.14466811675048
45.0
431.78487416243405 40.472405845034054
3
405.91683660998774 40.472405845034054
0.25 0.25 0.25 0.25
25.868037552446303
45.0
288.9922727364158 191.6484977736165
1
288.9922727364158 192.65032402606607
0.25 0.25 0.25 0.25
1.0018262524495614
45.0
355.0919352847916 325.7035699376548
3
338.56007571276234 325.7035699376548
0.25 0.25 0.25 0.25
16.53185957202924
45.0
362.00652769878906 272.12389508300583
2
401.2763968836399 272.12389508300583
0.25 0.25 0.25 0.25
39.26986918485087
45.0
370.0299889446327 163.27489535367565
2
389.4556438004705 163.27489535367565
0.25 0.25 0.25 0.25
19.42565485583783
45.0
444.17446895500973 388.9990999042866
1
444.17446895500973 418.8423688386025
0.25 0.25 0.25 0.25
29.843268934315887
45.0
107.64595120211962 426.2442939178954
3
96.76835082249062 426.2442939178954
0.25 0.25 0.25 0.25
10.877600379629
45.0
347.954004061858 219.14531526530192
1
347.954004061858 244.12116346234205
0.25 0.25 0.25 0.25
24.97584819704015
45.0
136.88900748249173 62.37838040643688
3
136.55503953228194 62.37838040643688
0.25 0.25 0.25 0.25
0.33396795020980696
45.0
27.380232633879316 463.5769752614879
0
27.380232633879316 445.56468372648806
0.25 0.25 0.25 0.25
18.012291534999857
45.0
