61902
456.79482724251636 133.54854190910606
456.79482724251636 226.7462026312197
0.05207959552587881 0.14914654915220096 0.367894614530938 0.4308792407909822
93.19766072211362
45.0
153.02633557029935 472.10543749912927
153.02633557029935 319.2723993426159
0.27991657554289395 0.1358227892665793 0.009562255917119811 0.574698379273407
152.83303815651334
45.0
413.6998947336729 145.7302556597886
413.6998947336729 54.33665463508942
0.5227873035697055 0.46905631662072067 0.002205161167471292 0.005951218642102558
91.3936010246992
45.0
46.346123213475124 114.79981495673235
46.346123213475124 90.90886196402542
0.17932874751207878 0.27274778558570417 0.240748590405989 0.3071748764962281
23.890952992706925
45.0
396.07663980045504 51.38219049315681
396.07663980045504 49.70319393447259
0.49323874035336446 0.12797428123496887 0.0910607101710529 0.2877262682406137
1.678996558684226
45.0
127.04615533313127 151.22959655617365
127.04615533313127 114.10362771069948
0.3587567727746787 0.3585991092250002 0.00387741362274225 0.2787667043775789
37.12596884547416
45.0
194.23341310916015 395.7202940649537
194.23341310916015 352.0564681438287
0.3587865730687989 0.2503105918139723 0.26198617798421886 0.12891665713300993
43.66382592112502
45.0
34.57801301600251 464.07188337752467
34.57801301600251 418.9560312488221
0.5273952792278284 0.3373329479242159 0.012625660333490746 0.12264611251446508
45.11585212870255
45.0
28.70855271454343 266.76962667261813
28.70855271454343 235.2687639486856
0.2552421252766665 0.0852077830687027 0.27007117633621885 0.3894789153184119
31.50086272393254
45.0
82.8279036435184 45.04050912878381
82.8279036435184 93.34137986529387
0.12434547818142216 0.32681678879769943 0.1363925439757266 0.41244518904515165
48.30087073651006
45.0
355.6560140217242 143.67361833622397
355.6560140217242 192.8025470391371
0.043433024140365664 0.16894454970066952 0.2477112215094379 0.5399112046495269
49.128928702913136
45.0
212.3773049489733 131.9259131877559
212.3773049489733 129.77491265813717
0.4206121948034702 0.28940458321064716 0.1870216234768342 0.10296159850904844
2.1510005296187296
45.0
349.9359183373547 261.996003846682
349.9359183373547 220.55788413127237
0.3572838774547583 0.27445961175237316 0.014740156680566698 0.3535163541123017
41.43811971540964
45.0
340.3837033686228 320.26041538776093
340.3837033686228 299.44859768345157
0.20308669324249476 0.5531399051061723 0.23469717650357996 0.009076225147753114
20.811817704309345
45.0
182.9239859104818 147.25994894554083
182.9239859104818 100.4019459215739
0.4045599208717652 0.3262455949486419 0.116199434739192 0.1529950494404009
46.85800302396693
45.0
326.04357557003425 379.6497142440842
326.04357557003425 346.8856248234998
0.3123122708847113 0.32037357233953534 0.23588756849866788 0.13142658827708545
32.76408942058433
45.0
136.3781354735612 422.74811133334697
136.3781354735612 448.368632202416
0.14837778696847448 0.2000142557450043 0.31186080180193343 0.3397471554845878
25.620520869069047
45.0
9.426055956183063 475.5679107535143
9.426055956183063 487.67530417879266
0.17000521058392 0.3279350544969883 0.16179596157669837 0.3402637733423933
12.107393425278362
45.0
271.31762472127684 388.19860360722
271.31762472127684 375.03549201955866
0.23546970122144384 0.27442335498923887 0.2961950503216401 0.19391189346767707
13.163111587661291
45.0
184.26316701537758 186.92967312518817
184.26316701537758 167.72815655065176
0.17324522194389969 0.2756581277594421 0.23411201047159644 0.31698463982506186
19.201516574536413
45.0
185.9764441729354 118.12656394883953
185.9764441729354 132.89051868055057
0.07593556446385485 0.4607461749567349 0.22896791612114625 0.23435034445826405
14.763954731711031
45.0
60.406730795611054 185.78310476407137
60.406730795611054 207.27599533355902
0.018431093450126574 0.4662797959158461 0.40070706292828284 0.1145820477057444
21.492890569487642
45.0
322.25766533375423 429.00693694151425
322.25766533375423 441.96889562669264
0.11455251861770852 0.15038008241032716 0.4063868369512488 0.3286805620207155
12.96195868517841
45.0
96.50433529481458 364.7411480057639
96.50433529481458 402.46297381242846
0.10564911431063952 0.3022418282704939 0.1531054811151153 0.4390035763037513
37.72182580666457
45.0
445.09012064385524 457.37280324664687
445.09012064385524 454.9140344460188
0.5930655048134608 0.01148263912228199 0.04174499197958288 0.3537068640846743
2.458768800628097
45.0
464.4209519574072 404.82443910340425
464.4209519574072 452.41149036500883
0.04368940559300167 0.2391343763193943 0.3556458394725131 0.3615303786150909
47.58705126160458
45.0
407.20795769938684 17.750067472567252
407.20795769938684 477.24617843260455
0.39998463338196416 0.008506727138508367 0.5398046891618458 0.051703950317681616
40.50388903996271
45.0
158.72711761803265 278.73538265349214
158.72711761803265 237.51548961899795
0.2943282139155142 0.20100104664818957 0.2864650655726051 0.21820567386369116
41.21989303449419
45.0
129.4886729415964 446.19051566688177
129.4886729415964 428.46962371237186
0.40122047500149627 0.127487043207771 0.2868798977462735 0.18441258404445923
17.72089195450992
45.0
73.69630876631982 379.878151051201
73.69630876631982 368.4109117438772
0.2577941904948771 0.15711878473824445 0.3689870159966546 0.21610000877022373
11.467239307323801
45.0
57.4518819132397 498.77764769690503
57.4518819132397 453.248029231319
0.31858136362663897 0.25720955495781367 0.3278347190691721 0.09637436234637538
45.52961846558604
45.0
275.53531160810064 119.96606908998342
275.53531160810064 82.07339614778601
0.30690196597248387 0.06697321974899548 0.3169159726044016 0.3092088416741191
37.89267294219741
45.0
412.5554917894468 54.56396567119445
412.5554917894468 11.818658453146327
0.3111211706438955 0.21076680063649228 0.16418493917897473 0.31392708954063747
42.745307218048126
45.0
250.01174274375015 161.39713784984022
250.01174274375015 113.79548493725082
0.3137776270544503 0.08435123650378754 0.3010801988469975 0.30079093759476466
47.60165291258941
45.0
46.86555582804754 434.6168864694647
53.149628216776094 434.6168864694647
0.024062338248112308 0.08396552574817623 0.5275511138226893 0.3644210221810222
6.284072388728551
45.0
265.1718956615672 405.0179231592782
265.1718956615672 391.2061719013099
0.269880118591496 0.48159476737084245 0.0976186435874348 0.15090647045022665
13.811751257968286
45.0
300.80915236322505 180.8555805904482
300.80915236322505 133.84404514394112
0.3057560822350518 0.08507839229171972 0.3234128432494185 0.28575268222380995
47.01153544650708
45.0
14.374197667474348 150.5547146407436
14.374197667474348 143.26564574457075
0.25207037835531165 0.3633708787351907 0.11844728633118701 0.26611145657831065
7.2890688961728785
45.0
308.11402917512453 461.04603662009043
308.11402917512453 448.1922785323115
0.2056129211706032 0.22028836799949422 0.3209660402292874 0.2531326706006151
12.853758087778955
45.0
122.13445318095503 266.9486946601795
122.13445318095503 253.20081999491666
0.27853838974239914 0.11340071788295783 0.2448587796751233 0.3632021126995198
13.747874665262833
45.0
426.0839252217619 292.38148573731576
426.0839252217619 260.88028103287064
0.28702550063953436 0.06766205932270193 0.22732845064949625 0.41798398938826753
31.5012047044451
45.0
430.4744086223729 463.95703606112113
430.4744086223729 489.97231358203345
0.1584543611321324 0.20806475915104447 0.1388368443454379 0.4946440353713853
26.015277520912296
45.0
334.1801214557498 41.19436347866871
334.1801214557498 84.53589986055889
0.14625670611276823 0.19839107557182847 0.31901414899787867 0.3363380693175246
43.34153638189017
45.0
117.96412769362036 473.8331226242092
117.96412769362036 483.1532995680583
0.015951765276429997 0.4277161736577079 0.34067635826721276 0.21565570279864923
9.32017694384909
45.0
55.460129566341564 17.36917969527667
55.460129566341564 475.36795013341356
0.30271171360785143 0.22988831949747507 0.17892108425858813 0.28847888263608534
42.00122956186313
45.0
90.4384461136818 207.40756111930853
90.4384461136818 194.72113623966763
0.27929985820694564 0.02184258727387404 0.2070157131069618 0.4918418414122185
12.686424879640896
45.0
313.29322216201075 277.5278838724361
313.29322216201075 264.2295131143828
0.3206391886973165 0.2584708128785948 0.30032730620764003 0.12056269221644854
13.298370758053279
45.0
52.20764532747945 56.05168835796835
52.20764532747945 73.74989154322301
0.13368709144600055 0.16476738426113915 0.5840946598838559 0.11745086440900444
17.698203185254663
45.0
