33543
264.4117228490393 71.55914403747965
2
381.44285134885536 71.55914403747965
0.25 0.25 0.25 0.25
117.03112849981608
45.0
293.36884139756893 101.86575613635235
0
293.36884139756893 1.4316708509659577
0.25 0.25 0.25 0.25
100.43408528538639
45.0
376.04926271383965 285.6268284266763
3
459.5542869352704 285.6268284266763
0.25 0.25 0.25 0.25
164.39645035088995
45.0
221.56043263153862 46.85678737786668
3
194.40912176138542 46.85678737786668
0.25 0.25 0.25 0.25
27.151310870153196
45.0
340.2452449140175 311.584655342397
3
299.1137504832433 311.584655342397
0.25 0.25 0.25 0.25
41.13149443077426
45.0
322.8637694540372 199.63962733727467
0
322.8637694540372 175.40712152869514
0.25 0.25 0.25 0.25
24.23250580857954
45.0
215.18918671680993 216.52322004764065
2
231.72896634237952 216.52322004764065
0.25 0.25 0.25 0.25
16.53977962556959
45.0
188.55087570629019 321.6315014716845
0
188.55087570629019 292.61390125762557
0.25 0.25 0.25 0.25
29.0176002140589
45.0
269.1193105808529 462.1257379966617
2
287.60165625581436 462.1257379966617
0.25 0.25 0.25 0.25
18.482345674961437
45.0
436.439514595619 421.9688391352413
1
436.439514595619 425.90285500400944
0.25 0.25 0.25 0.25
3.9340158687681317
45.0
274.7817763478244 340.2924854488695
0
274.7817763478244 299.7567575773337
0.25 0.25 0.25 0.25
40.53572787153581
45.0
195.82331169320537 84.22485779434999
1
195.82331169320537 118.34074210294068
0.25 0.25 0.25 0.25
34.11588430859069
45.0
8.27549497543668 210.39813097612785
2
33.48669344307919 210.39813097612785
0.25 0.25 0.25 0.25
25.21119846764251
45.0
240.60302592401115 155.10633637299316
1
240.60302592401115 181.9046784358825
0.25 0.25 0.25 0.25
26.798342062889326
45.0
256.4421001208635 442.53742588669803
1
256.4421001208635 485.2520966248484
0.25 0.25 0.25 0.25
42.71467073815035
45.0
192.6987062683899 87.86271228635354
0
192.6987062683899 56.17245021417344
0.25 0.25 0.25 0.25
31.690262072180097
45.0
322.8697235600782 482.21736482749
2
348.8371357232848 482.21736482749
0.25 0.25 0.25 0.25
25.967412163206554
45.0
268.2802351006368 290.6809962647834
3
232.58962950396665 290.6809962647834
0.25 0.25 0.25 0.25
35.69060559667015
45.0
276.1011864441016 4.891343997774436
3
274.3912498413213 4.891343997774436
0.25 0.25 0.25 0.25
1.7099366027802654
45.0
432.90956191735387 174.33136794225905
3
432.473489007187 174.33136794225905
0.25 0.25 0.25 0.25
0.43607291016682925
45.0
368.22745373852024 268.9685694860284
3
367.93953522003966 268.9685694860284
0.25 0.25 0.25 0.25
0.2879185184805899
45.0
463.03884544162935 356.5770126373058
1
463.03884544162935 360.2860713278352
0.25 0.25 0.25 0.25
3.7090586905293654
45.0
192.78740670089732 12.153669702510868
2
229.39255169725962 12.153669702510868
0.25 0.25 0.25 0.25
36.60514499636229
45.0
15.146692220118041 36.22658606738702
2
60.587875176461466 36.22658606738702
0.25 0.25 0.25 0.25
45.441182956343425
45.0
272.9956016592365 182.16573072932144
1
272.9956016592365 215.05797850941718
0.25 0.25 0.25 0.25
32.89224778009575
45.0
431.3931029812752 309.82145371970586
0
431.3931029812752 303.0120408521853
0.25 0.25 0.25 0.25
6.809412867520587
45.0
391.9413583081341 163.91546626427598
2
415.76707913175954 163.91546626427598
0.25 0.25 0.25 0.25
23.825720823625435
45.0
456.19032310782023 72.59585205650285
2
483.2691489378319 72.59585205650285
0.25 0.25 0.25 0.25
27.078825830011695
45.0
308.3529156414286 367.9272110313851
3
278.9484241402544 367.9272110313851
0.25 0.25 0.25 0.25
29.404491501174185
45.0
353.9011374484025 129.05131296101757
2
365.5104369405759 129.05131296101757
0.25 0.25 0.25 0.25
11.609299492173426
45.0
41.78810177891407 283.18882022831997
2
65.8853496208521 283.18882022831997
0.25 0.25 0.25 0.25
24.097247841938024
45.0
238.45349276688341 201.17161895359266
1
238.45349276688341 246.67496149668716
0.25 0.25 0.25 0.25
45.50334254309452
45.0
39.09234743719895 409.6715363250067
0
39.09234743719895 403.81680845606905
0.25 0.25 0.25 0.25
5.854727868937648
45.0
286.39006155324336 91.43156962566913
3
257.62176340871895 91.43156962566913
0.25 0.25 0.25 0.25
28.76829814452441
45.0
403.15735300894335 284.78292119454113
1
403.15735300894335 311.9552491999448
0.25 0.25 0.25 0.25
27.172328005403624
45.0
330.6502105687476 183.49257885361777
1
330.6502105687476 188.90794330547132
0.25 0.25 0.25 0.25
5.415364451853538
45.0
269.57546421427963 343.4806147415483
0
269.57546421427963 297.8798318096813
0.25 0.25 0.25 0.25
45.60078293186701
45.0
396.71989627942247 51.90937739896981
1
396.71989627942247 60.20994906660766
0.25 0.25 0.25 0.25
8.300571667637858
45.0
275.79956193478426 205.31360600536922
2
278.0820977094872 205.31360600536922
0.25 0.25 0.25 0.25
2.2825357747028985
45.0
160.29103690248462 349.87209416567345
1
160.29103690248462 375.2642312240871
0.25 0.25 0.25 0.25
25.39213705841365
45.0
437.2028946846775 64.93287604162529
0
437.2028946846775 33.12344339739934
0.25 0.25 0.25 0.25
31.80943264422595
45.0
442.4773664394518 26.940412501905598
3
409.10514440708596 26.940412501905598
0.25 0.25 0.25 0.25
33.37222203236588
45.0
110.69882556657132 369.8044481390622
1
110.69882556657132 377.5993645207473
0.25 0.25 0.25 0.25
7.794916381685146
45.0
482.3980528939768 228.80769805123992
3
453.802713752293 228.80769805123992
0.25 0.25 0.25 0.25
28.59533914168379
45.0
206.6272649928398 285.8098994382198
2
234.25763787939275 285.8098994382198
0.25 0.25 0.25 0.25
27.630372886552955
45.0
421.46294585855276 156.72465748631092
0
421.46294585855276 117.41543183112287
0.25 0.25 0.25 0.25
39.309225655188044
45.0
310.00722521651096 53.92551229904589
2
352.78859622040227 53.92551229904589
0.25 0.25 0.25 0.25
42.781371003891294
45.0
246.63539767669025 183.70374181878327
3
233.7530097834162 183.70374181878327
0.25 0.25 0.25 0.25
12.88238789327405
45.0
