33543
94.1004378508785 470.7871574663827
2
22.93069064893757 470.7871574663827
0.25 0.25 0.25 0.25
117.03112849981608
45.0
485.5553062606135 208.11820542753486
3
385.1212209752271 208.11820542753486
0.25 0.25 0.25 0.25
100.43408528538639
45.0
169.84804306400247 193.94122473133325
1
169.84804306400247 358.3376750822232
0.25 0.25 0.25 0.25
164.39645035088995
45.0
262.56466083555017 264.06727433909225
2
289.7159717057034 264.06727433909225
0.25 0.25 0.25 0.25
27.151310870153196
45.0
71.06969939372507 210.2806385962504
1
71.06969939372507 251.41213302702468
0.25 0.25 0.25 0.25
41.13149443077426
45.0
232.40100806795752 248.10463895443374
0
232.40100806795752 223.8721331458542
0.25 0.25 0.25 0.25
24.23250580857954
45.0
413.6665422236448 464.6199144311842
2
430.20632184921436 464.6199144311842
0.25 0.25 0.25 0.25
16.53977962556959
45.0
418.6043140188823 247.98029355150507
1
418.6043140188823 276.99789376556396
0.25 0.25 0.25 0.25
29.0176002140589
45.0
8.115874543568623 205.19203985403243
2
26.59822021853006 205.19203985403243
0.25 0.25 0.25 0.25
18.482345674961437
45.0
369.5612448265606 390.49671218509616
1
369.5612448265606 394.4307280538643
0.25 0.25 0.25 0.25
3.9340158687681317
45.0
8.968318752926223 65.06479326648866
0
8.968318752926223 24.529065394952852
0.25 0.25 0.25 0.25
40.53572787153581
45.0
82.83630371656346 338.002928115589
1
82.83630371656346 372.1188124241797
0.25 0.25 0.25 0.25
34.11588430859069
45.0
269.0476881686309 394.6706322472924
0
269.0476881686309 369.4594337796499
0.25 0.25 0.25 0.25
25.21119846764251
45.0
214.96878914510745 40.9434017403269
1
214.96878914510745 67.74174380321622
0.25 0.25 0.25 0.25
26.798342062889326
45.0
444.55520471208405 411.755988876309
0
444.55520471208405 369.04131813815866
0.25 0.25 0.25 0.25
42.71467073815035
45.0
414.5305407736505 454.05747084275174
2
446.2208028458306 454.05747084275174
0.25 0.25 0.25 0.25
31.690262072180097
45.0
27.944972359757628 258.1085135404443
1
27.944972359757628 284.07592570365085
0.25 0.25 0.25 0.25
25.967412163206554
45.0
122.99033987626285 434.10646194469996
3
87.2997342795927 434.10646194469996
0.25 0.25 0.25 0.25
35.69060559667015
45.0
320.55953811638835 51.53656389397433
2
322.2694747191686 51.53656389397433
0.25 0.25 0.25 0.25
1.7099366027802654
45.0
426.36846826485123 187.41355524726433
2
426.8045411750181 187.41355524726433
0.25 0.25 0.25 0.25
0.43607291016682925
45.0
378.59252040382114 257.73974726528576
0
378.59252040382114 257.4518287468052
0.25 0.25 0.25 0.25
0.2879185184805899
45.0
322.09461520151257 486.3940668058344
0
322.09461520151257 482.68500811530504
0.25 0.25 0.25 0.25
3.7090586905293654
45.0
367.9508533427551 244.08234527202524
2
404.5559983391174 244.08234527202524
0.25 0.25 0.25 0.25
36.60514499636229
45.0
288.3817398790677 353.7269168409017
1
288.3817398790677 399.16809979724513
0.25 0.25 0.25 0.25
45.441182956343425
45.0
207.21110609904503 8.760641365411843
1
207.21110609904503 41.652889145507594
0.25 0.25 0.25 0.25
32.89224778009575
45.0
179.444826883014 200.87084783937658
1
179.444826883014 207.68026070689717
0.25 0.25 0.25 0.25
6.809412867520587
45.0
36.241341924855504 473.64983697140667
2
60.067062748480936 473.64983697140667
0.25 0.25 0.25 0.25
23.825720823625435
45.0
271.10486288163054 35.71945126354393
0
271.10486288163054 8.640625433532236
0.25 0.25 0.25 0.25
27.078825830011695
45.0
456.41115234917805 279.71373652786264
2
485.8156438503522 279.71373652786264
0.25 0.25 0.25 0.25
29.404491501174185
45.0
110.10584811276067 129.05131296101757
3
98.49654862058725 129.05131296101757
0.25 0.25 0.25 0.25
11.609299492173426
45.0
391.96235937597044 126.46439308462642
1
391.96235937597044 150.56164092656445
0.25 0.25 0.25 0.25
24.097247841938024
45.0
465.97020548235594 18.084712833135384
1
465.97020548235594 27.418629709959134
0.25 0.25 0.25 0.25
45.50334254309452
45.0
25.309659121115168 222.32024451900236
0
25.309659121115168 216.4655166500647
0.25 0.25 0.25 0.25
5.854727868937648
45.0
30.06121803652516 426.39779697577023
0
30.06121803652516 397.6294988312458
0.25 0.25 0.25 0.25
28.76829814452441
45.0
403.15735300894335 416.3214707460188
2
430.329681014347 416.3214707460188
0.25 0.25 0.25 0.25
27.172328005403624
45.0
227.75828598353053 248.47695227586036
2
233.17365043538408 248.47695227586036
0.25 0.25 0.25 0.25
5.415364451853538
45.0
46.4127918077153 474.1162535309836
0
46.4127918077153 480.2829635371494
0.25 0.25 0.25 0.25
45.60078293186701
45.0
114.50045957973498 159.81680907826194
2
122.80103124737283 159.81680907826194
0.25 0.25 0.25 0.25
8.300571667637858
45.0
415.0342441916625 296.61503699348543
1
415.0342441916625 298.89757276818835
0.25 0.25 0.25 0.25
2.2825357747028985
45.0
68.23819662323824 45.166449464709615
2
93.63033368165189 45.166449464709615
0.25 0.25 0.25 0.25
25.39213705841365
45.0
371.94050944996695 376.4049243913039
1
371.94050944996695 408.2143570355298
0.25 0.25 0.25 0.25
31.80943264422595
45.0
89.1448641364498 59.1459735632953
1
89.1448641364498 92.51819559566118
0.25 0.25 0.25 0.25
33.37222203236588
45.0
406.01635876894994 174.93153859693365
1
406.01635876894994 182.7264549786188
0.25 0.25 0.25 0.25
7.794916381685146
45.0
60.9133907980151 485.32888036746147
3
32.318051656331306 485.32888036746147
0.25 0.25 0.25 0.25
28.59533914168379
45.0
234.2576378793927 211.5368125197333
2
261.88801076594564 211.5368125197333
0.25 0.25 0.25 0.25
27.630372886552955
45.0
377.38321178877504 467.452444582108
3
338.073986133587 467.452444582108
0.25 0.25 0.25 0.25
39.309225655188044
45.0
465.3614825811412 267.8323673185024
3
422.5801115772499 267.8323673185024
0.25 0.25 0.25 0.25
42.781371003891294
45.0
311.0473371430604 249.47119087715927
0
311.0473371430604 236.58880298388522
0.25 0.25 0.25 0.25
12.88238789327405
45.0
