33543
448.24586365298387 422.6525295369279
0
448.24586365298387 460.31634196325604
0.25 0.25 0.25 0.25
117.03112849981608
45.0
385.12122097522735 398.8271591386475
0
385.12122097522735 298.3930738532611
0.25 0.25 0.25 0.25
100.43408528538639
45.0
418.6903932512895 477.26587456688685
3
254.29394290039954 477.26587456688685
0.25 0.25 0.25 0.25
164.39645035088995
45.0
452.62383692662274 426.9751395600116
1
452.62383692662274 454.1264504301648
0.25 0.25 0.25 0.25
27.151310870153196
45.0
29.938204962950813 223.1247722576684
1
29.938204962950813 264.2562666884427
0.25 0.25 0.25 0.25
41.13149443077426
45.0
129.00372298540088 461.10529134261157
0
129.00372298540088 436.872785534032
0.25 0.25 0.25 0.25
24.23250580857954
45.0
397.12676259807523 365.3812366777668
1
397.12676259807523 381.9210163033364
0.25 0.25 0.25 0.25
16.53977962556959
45.0
275.6036763484669 408.68430211386124
3
246.586076134408 408.68430211386124
0.25 0.25 0.25 0.25
29.0176002140589
45.0
435.1631586197641 426.98018795356967
0
435.1631586197641 408.49784227860823
0.25 0.25 0.25 0.25
18.482345674961437
45.0
436.439514595619 374.7606487100236
3
432.5054987268509 374.7606487100236
0.25 0.25 0.25 0.25
3.9340158687681317
45.0
171.11123023906947 56.54239034811877
1
171.11123023906947 97.07811821965458
0.25 0.25 0.25 0.25
40.53572787153581
45.0
411.1579725956195 222.8181009829662
2
445.2738569042102 222.8181009829662
0.25 0.25 0.25 0.25
34.11588430859069
45.0
277.15073941380354 336.45412331434045
0
277.15073941380354 311.2429248466979
0.25 0.25 0.25 0.25
25.21119846764251
45.0
267.4013679869005 128.30799431010382
2
294.1997100497898 128.30799431010382
0.25 0.25 0.25 0.25
26.798342062889326
45.0
256.4421001208635 386.6038911607005
1
256.4421001208635 429.3185618988509
0.25 0.25 0.25 0.25
42.71467073815035
45.0
15.044741927107914 56.17245021417344
2
16.645520145072183 56.17245021417344
0.25 0.25 0.25 0.25
31.690262072180097
45.0
131.81462101258384 456.2499526642834
2
157.7820331757904 456.2499526642834
0.25 0.25 0.25 0.25
25.967412163206554
45.0
446.1949201260021 208.98748208859865
3
410.50431452933196 208.98748208859865
0.25 0.25 0.25 0.25
35.69060559667015
45.0
264.13163022463976 17.337831838369013
2
265.84156682742 17.337831838369013
0.25 0.25 0.25 0.25
1.7099366027802654
45.0
434.65385355802124 183.0528261455959
3
434.2177806478544 183.0528261455959
0.25 0.25 0.25 0.25
0.43607291016682925
45.0
370.2428833678843 265.22562874578085
2
370.5308018863649 265.22562874578085
0.25 0.25 0.25 0.25
0.2879185184805899
45.0
459.0709220572535 323.1954844225413
3
455.3618633667241 323.1954844225413
0.25 0.25 0.25 0.25
3.7090586905293654
45.0
156.18226170453505 389.8662047643518
2
192.78740670089735 389.8662047643518
0.25 0.25 0.25 0.25
36.60514499636229
45.0
288.0877649186232 217.69734293231608
0
288.0877649186232 172.25615997597265
0.25 0.25 0.25 0.25
45.441182956343425
45.0
299.40517719951845 346.6269696298002
1
299.40517719951845 379.519217409896
0.25 0.25 0.25 0.25
32.89224778009575
45.0
213.49189122061696 160.01437063425303
1
213.49189122061696 166.82378350177362
0.25 0.25 0.25 0.25
6.809412867520587
45.0
83.8927835721064 116.26402461702514
3
60.067062748480964 116.26402461702514
0.25 0.25 0.25 0.25
23.825720823625435
45.0
456.19032310782023 18.43820039647946
1
456.19032310782023 8.640625433532236
0.25 0.25 0.25 0.25
27.078825830011695
45.0
43.71249213086089 338.52271953021096
3
14.308000629686703 338.52271953021096
0.25 0.25 0.25 0.25
29.404491501174185
45.0
121.71514760493409 82.61411499232389
1
121.71514760493409 94.22341448449731
0.25 0.25 0.25 0.25
11.609299492173426
45.0
150.1899316272069 162.70258101862987
0
150.1899316272069 138.60533317669186
0.25 0.25 0.25 0.25
24.097247841938024
45.0
192.9501502237889 389.2982981585568
0
192.9501502237889 343.7949556154623
0.25 0.25 0.25 0.25
45.50334254309452
45.0
162.04163268488955 333.5600740288175
1
162.04163268488955 339.4148018977551
0.25 0.25 0.25 0.25
5.854727868937648
45.0
458.9998504203898 206.5047622037668
2
487.7681485649142 206.5047622037668
0.25 0.25 0.25 0.25
28.76829814452441
45.0
430.329681014347 311.9552491999448
1
430.329681014347 339.1275772053484
0.25 0.25 0.25 0.25
27.172328005403624
45.0
384.8038550872828 64.35456091283987
2
390.2192195391363 64.35456091283987
0.25 0.25 0.25 0.25
5.415364451853538
45.0
272.7926887153538 200.5115559397816
3
227.1919057834868 200.5115559397816
0.25 0.25 0.25 0.25
45.60078293186701
45.0
230.70846292666494 168.11738074589977
0
230.70846292666494 159.8168090782619
0.25 0.25 0.25 0.25
8.300571667637858
45.0
307.75506278062517 209.878677554775
1
307.75506278062517 212.1612133294779
0.25 0.25 0.25 0.25
2.2825357747028985
45.0
84.11462572724366 476.8327794577417
0
84.11462572724366 451.44064239932806
0.25 0.25 0.25 0.25
25.39213705841365
45.0
405.3934620404516 94.11428717950446
0
405.3934620404516 62.30485453527851
0.25 0.25 0.25 0.25
31.80943264422595
45.0
223.80041323688948 373.5262518864849
2
257.17263526925535 373.5262518864849
0.25 0.25 0.25 0.25
33.37222203236588
45.0
336.7514006354404 439.95869557422844
0
336.7514006354404 432.1637791925433
0.25 0.25 0.25 0.25
7.794916381685146
45.0
32.318051656331306 285.90840649906824
1
32.318051656331306 314.503745640752
0.25 0.25 0.25 0.25
28.59533914168379
45.0
489.4386332550778 73.38494808696854
3
482.9309938583693 73.38494808696854
0.25 0.25 0.25 0.25
27.630372886552955
45.0
460.6093771758832 139.4552988660117
2
499.9186028310712 139.4552988660117
0.25 0.25 0.25 0.25
39.309225655188044
45.0
352.78859622040227 159.98134272041057
3
310.00722521651096 159.98134272041057
0.25 0.25 0.25 0.25
42.781371003891294
45.0
207.98823399686808 248.11568128515356
1
207.98823399686808 260.9980691784276
0.25 0.25 0.25 0.25
12.88238789327405
45.0
