33543
448.24586365298387 226.25408496362388
1
448.24586365298387 343.28521346343996
0.25 0.25 0.25 0.25
117.03112849981608
45.0
485.55530626061375 398.8271591386475
0
485.55530626061375 298.3930738532611
0.25 0.25 0.25 0.25
100.43408528538639
45.0
416.91315639782056 477.26587456688685
0
416.91315639782056 358.3376750822232
0.25 0.25 0.25 0.25
164.39645035088995
45.0
493.0735413330708 399.8238286898584
1
493.0735413330708 426.9751395600116
0.25 0.25 0.25 0.25
27.151310870153196
45.0
11.193289467823448 305.3877611192169
2
29.938204962950813 305.3877611192169
0.25 0.25 0.25 0.25
41.13149443077426
45.0
177.46873460255995 485.3377971511911
0
177.46873460255995 461.10529134261157
0.25 0.25 0.25 0.25
24.23250580857954
45.0
397.12676259807523 381.9210163033364
1
397.12676259807523 398.46079592890595
0.25 0.25 0.25 0.25
16.53977962556959
45.0
362.6564769906436 350.6491016857434
3
333.6388767765847 350.6491016857434
0.25 0.25 0.25 0.25
29.0176002140589
45.0
435.1631586197641 408.49784227860823
3
416.68081294480265 408.49784227860823
0.25 0.25 0.25 0.25
18.482345674961437
45.0
432.5054987268509 374.7606487100236
2
436.439514595619 374.7606487100236
0.25 0.25 0.25 0.25
3.9340158687681317
45.0
171.11123023906947 16.00666247658296
1
171.11123023906947 24.529065394952852
0.25 0.25 0.25 0.25
40.53572787153581
45.0
479.3897412128009 120.47044805719412
1
479.3897412128009 154.5863323657848
0.25 0.25 0.25 0.25
34.11588430859069
45.0
302.36193788144607 336.45412331434045
0
302.36193788144607 311.2429248466979
0.25 0.25 0.25 0.25
25.21119846764251
45.0
240.60302592401115 128.30799431010382
3
213.80468386112182 128.30799431010382
0.25 0.25 0.25 0.25
26.798342062889326
45.0
85.58341716826209 343.8892204225502
1
85.58341716826209 386.6038911607005
0.25 0.25 0.25 0.25
42.71467073815035
45.0
15.044741927107914 87.86271228635354
0
15.044741927107914 56.17245021417344
0.25 0.25 0.25 0.25
31.690262072180097
45.0
157.7820331757904 456.2499526642834
3
131.81462101258384 456.2499526642834
0.25 0.25 0.25 0.25
25.967412163206554
45.0
446.1949201260021 316.05929887860907
0
446.1949201260021 280.36869328193893
0.25 0.25 0.25 0.25
35.69060559667015
45.0
264.13163022463976 15.627895235588747
2
265.84156682742 15.627895235588747
0.25 0.25 0.25 0.25
1.7099366027802654
45.0
433.78170773768755 183.48889905576274
2
434.2177806478544 183.48889905576274
0.25 0.25 0.25 0.25
0.43607291016682925
45.0
369.9549648494037 264.6497917088197
0
369.9549648494037 264.3618731903391
0.25 0.25 0.25 0.25
0.2879185184805899
45.0
470.19809812884165 315.77736704148253
3
466.48903943831226 315.77736704148253
0.25 0.25 0.25 0.25
3.7090586905293654
45.0
156.18226170453505 353.2610597679895
3
119.57711670817275 353.2610597679895
0.25 0.25 0.25 0.25
36.60514499636229
45.0
288.0877649186232 354.02089180134635
0
288.0877649186232 308.5797088450029
0.25 0.25 0.25 0.25
45.441182956343425
45.0
365.18967275971 313.73472184970444
3
332.2974249796142 313.73472184970444
0.25 0.25 0.25 0.25
32.89224778009575
45.0
227.11071695565815 166.82378350177362
3
220.30130408813756 166.82378350177362
0.25 0.25 0.25 0.25
6.809412867520587
45.0
155.3699460429827 116.26402461702514
3
131.54422521935726 116.26402461702514
0.25 0.25 0.25 0.25
23.825720823625435
45.0
429.11149727780855 18.43820039647946
1
429.11149727780855 45.517026226491154
0.25 0.25 0.25 0.25
27.078825830011695
45.0
131.92596663438346 338.52271953021096
3
102.52147513320926 338.52271953021096
0.25 0.25 0.25 0.25
29.404491501174185
45.0
98.49654862058725 71.00481550015047
1
98.49654862058725 82.61411499232389
0.25 0.25 0.25 0.25
11.609299492173426
45.0
150.1899316272069 90.4108374928158
0
150.1899316272069 66.31358965087777
0.25 0.25 0.25 0.25
24.097247841938024
45.0
56.44012259450537 389.2982981585568
2
101.94346513759989 389.2982981585568
0.25 0.25 0.25 0.25
45.50334254309452
45.0
150.33217694701423 327.70534615987987
1
150.33217694701423 333.5600740288175
0.25 0.25 0.25 0.25
5.854727868937648
45.0
487.7681485649142 148.96816591471799
3
458.9998504203898 148.96816591471799
0.25 0.25 0.25 0.25
28.76829814452441
45.0
484.6743370251543 339.1275772053484
3
457.50200901975063 339.1275772053484
0.25 0.25 0.25 0.25
27.172328005403624
45.0
395.6345839909898 69.7699253646934
2
401.04994844284334 69.7699253646934
0.25 0.25 0.25 0.25
5.415364451853538
45.0
318.3934716472208 109.3099900760476
1
318.3934716472208 154.9107730079146
0.25 0.25 0.25 0.25
45.60078293186701
45.0
205.80674792375137 168.11738074589977
0
205.80674792375137 159.8168090782619
0.25 0.25 0.25 0.25
8.300571667637858
45.0
307.75506278062517 207.59614178007212
2
310.0375985553281 207.59614178007212
0.25 0.25 0.25 0.25
2.2825357747028985
45.0
58.72248866883001 426.0485053409144
1
58.72248866883001 451.44064239932806
0.25 0.25 0.25 0.25
25.39213705841365
45.0
437.2028946846775 157.73315246795636
0
437.2028946846775 125.92371982373041
0.25 0.25 0.25 0.25
31.80943264422595
45.0
290.5448573016212 406.89847391885075
3
257.17263526925535 406.89847391885075
0.25 0.25 0.25 0.25
33.37222203236588
45.0
328.95648425375526 439.95869557422844
3
321.1615678720701 439.95869557422844
0.25 0.25 0.25 0.25
7.794916381685146
45.0
3.7227125146475153 285.90840649906824
2
32.318051656331306 285.90840649906824
0.25 0.25 0.25 0.25
28.59533914168379
45.0
482.9309938583692 128.64569386007443
3
489.4386332550778 128.64569386007443
0.25 0.25 0.25 0.25
27.630372886552955
45.0
460.7721715137408 257.38297583157583
0
460.7721715137408 218.0737501763878
0.25 0.25 0.25 0.25
39.309225655188044
45.0
395.5699672242936 11.144141295154611
1
395.5699672242936 31.637229708736683
0.25 0.25 0.25 0.25
42.781371003891294
45.0
220.87062189014213 248.11568128515356
2
233.7530097834162 248.11568128515356
0.25 0.25 0.25 0.25
12.88238789327405
45.0
