33543
374.0240761483858 412.1817140338012
0
374.0240761483858 470.7871574663827
0.25 0.25 0.25 0.25
117.03112849981608
45.0
213.14243788322733 203.7773525736709
1
213.14243788322733 304.2114378590573
0.25 0.25 0.25 0.25
100.43408528538639
45.0
8.169705181547783 481.87023174913224
2
172.56615553243773 481.87023174913224
0.25 0.25 0.25 0.25
164.39645035088995
45.0
452.62383692662274 264.06727433909225
1
452.62383692662274 291.2185852092455
0.25 0.25 0.25 0.25
27.151310870153196
45.0
441.2531492706933 279.69949379638103
0
441.2531492706933 238.56799936560677
0.25 0.25 0.25 0.25
41.13149443077426
45.0
14.30845579074171 393.4996738059111
2
9.924050017837828 393.4996738059111
0.25 0.25 0.25 0.25
24.23250580857954
45.0
364.0472033469361 469.2209670665375
2
380.58698297250567 469.2209670665375
0.25 0.25 0.25 0.25
16.53977962556959
45.0
364.87089176070805 189.9450931233873
1
364.87089176070805 218.96269333744618
0.25 0.25 0.25 0.25
29.0176002140589
45.0
28.84881680635425 112.78031147922525
2
47.33116248131569 112.78031147922525
0.25 0.25 0.25 0.25
18.482345674961437
45.0
306.6169909262703 402.2987597914006
3
302.6829750575022 402.2987597914006
0.25 0.25 0.25 0.25
3.9340158687681317
45.0
436.92468783396765 92.20732434962912
1
436.92468783396765 132.74305222116493
0.25 0.25 0.25 0.25
40.53572787153581
45.0
151.06807233374488 218.490575872732
2
185.18395664233557 218.490575872732
0.25 0.25 0.25 0.25
34.11588430859069
45.0
436.86586892535956 369.4594337796499
3
411.65467045771703 369.4594337796499
0.25 0.25 0.25 0.25
25.21119846764251
45.0
168.66934340843784 255.33013824344152
1
168.66934340843784 282.12848030633086
0.25 0.25 0.25 0.25
26.798342062889326
45.0
487.2698754502344 497.1853303526097
0
487.2698754502344 454.47065961445935
0.25 0.25 0.25 0.25
42.71467073815035
45.0
382.8402787014704 229.03990843544747
3
351.15001662929035 229.03990843544747
0.25 0.25 0.25 0.25
31.690262072180097
45.0
27.944972359757628 27.533020254827775
3
1.9775601965510745 27.533020254827775
0.25 0.25 0.25 0.25
25.967412163206554
45.0
412.36874407378934 208.98748208859865
2
448.0593496704595 208.98748208859865
0.25 0.25 0.25 0.25
35.69060559667015
45.0
353.0483335692133 24.17757824949007
3
351.33839696643304 24.17757824949007
0.25 0.25 0.25 0.25
1.7099366027802654
45.0
425.49632244451755 191.3382114387659
3
425.0602495343507 191.3382114387659
0.25 0.25 0.25 0.25
0.43607291016682925
45.0
377.7287648483794 260.61893245009156
1
377.7287648483794 260.90685096857214
0.25 0.25 0.25 0.25
0.2879185184805899
45.0
318.3855565109832 498.769698432048
0
318.3855565109832 497.5212428774226
0.25 0.25 0.25 0.25
3.7090586905293654
45.0
144.52117660631703 206.84047978254029
0
144.52117660631703 170.235334786178
0.25 0.25 0.25 0.25
36.60514499636229
45.0
438.9711623828717 308.5797088450029
2
484.4123453392151 308.5797088450029
0.25 0.25 0.25 0.25
45.441182956343425
45.0
233.62068163932693 271.8986236061778
0
233.62068163932693 239.00637582608206
0.25 0.25 0.25 0.25
32.89224778009575
45.0
179.444826883014 153.20495776673243
0
179.444826883014 146.39554489921184
0.25 0.25 0.25 0.25
6.809412867520587
45.0
226.84710851385898 211.56690791152693
1
226.84710851385898 235.39262873515236
0.25 0.25 0.25 0.25
23.825720823625435
45.0
162.78955956158381 45.51702622649117
1
162.78955956158381 72.59585205650286
0.25 0.25 0.25 0.25
27.078825830011695
45.0
249.54393263908023 309.1182280290368
3
220.13944113790603 309.1182280290368
0.25 0.25 0.25 0.25
29.404491501174185
45.0
5.622152683199854 129.05131296101757
0
5.622152683199854 117.44201346884415
0.25 0.25 0.25 0.25
11.609299492173426
45.0
367.8651115340324 415.6313671878828
0
367.8651115340324 391.53411934594476
0.25 0.25 0.25 0.25
24.097247841938024
45.0
306.51308180217154 109.09139791932442
0
306.51308180217154 63.5880553762299
0.25 0.25 0.25 0.25
45.50334254309452
45.0
48.72857059686575 239.88442812581533
3
42.87384272792811 239.88442812581533
0.25 0.25 0.25 0.25
5.854727868937648
45.0
27.47537825252368 257.1509234344612
0
27.47537825252368 228.3826252899368
0.25 0.25 0.25 0.25
28.76829814452441
45.0
131.43407295490707 334.8044867298079
1
131.43407295490707 361.9768147352115
0.25 0.25 0.25 0.25
27.172328005403624
45.0
227.75828598353053 243.0615878240068
2
233.17365043538408 243.0615878240068
0.25 0.25 0.25 0.25
5.415364451853538
45.0
0.8120088758483206 109.3099900760476
2
46.41279180771533 109.3099900760476
0.25 0.25 0.25 0.25
45.60078293186701
45.0
97.89931624445927 35.30823406369413
3
89.59874457682142 35.30823406369413
0.25 0.25 0.25 0.25
8.300571667637858
45.0
421.88185151577125 319.44039474051465
0
421.88185151577125 317.1578589658117
0.25 0.25 0.25 0.25
2.2825357747028985
45.0
261.85958513613923 5.617824652117683
2
287.2517221945529 5.617824652117683
0.25 0.25 0.25 0.25
25.39213705841365
45.0
71.74802762293754 26.501165304818528
2
103.55746026716349 26.501165304818528
0.25 0.25 0.25 0.25
31.80943264422595
45.0
311.3218002519407 25.77375153092943
1
311.3218002519407 7.598470501436452
0.25 0.25 0.25 0.25
33.37222203236588
45.0
484.8548118874581 73.59762563502682
1
484.8548118874581 81.39254201671196
0.25 0.25 0.25 0.25
7.794916381685146
45.0
261.0807647898016 57.14569336559801
0
261.0807647898016 28.550354223914216
0.25 0.25 0.25 0.25
28.59533914168379
45.0
378.91714170886604 484.5290857281842
0
378.91714170886604 487.8405413852628
0.25 0.25 0.25 0.25
27.630372886552955
45.0
448.11052697017374 74.3601880302277
3
408.8013013149857 74.3601880302277
0.25 0.25 0.25 0.25
39.309225655188044
45.0
21.26206537216312 90.44706762312798
2
64.04343637605442 90.44706762312798
0.25 0.25 0.25 0.25
42.781371003891294
45.0
336.8121129296085 262.35357877043333
2
349.6945008228825 262.35357877043333
0.25 0.25 0.25 0.25
12.88238789327405
45.0
