33543
33.40150615206426 486.40350153839927
2
150.43263465188033 486.40350153839927
0.25 0.25 0.25 0.25
117.03112849981608
45.0
208.8015850293633 103.34326728828451
3
108.36749974397692 103.34326728828451
0.25 0.25 0.25 0.25
100.43408528538639
45.0
21.791003076208085 353.7333178999778
0
21.791003076208085 481.87023174913224
0.25 0.25 0.25 0.25
164.39645035088995
45.0
438.77091959276436 19.705476507713485
3
411.61960872261113 19.705476507713485
0.25 0.25 0.25 0.25
27.151310870153196
45.0
216.85076162169477 333.6751218885732
1
216.85076162169477 374.8066163193474
0.25 0.25 0.25 0.25
41.13149443077426
45.0
377.79604291943485 345.03466218875195
3
353.5635371108553 345.03466218875195
0.25 0.25 0.25 0.25
24.23250580857954
45.0
454.0152207717987 431.5403551800451
2
470.55500039736825 431.5403551800451
0.25 0.25 0.25 0.25
16.53977962556959
45.0
360.56911359076446 2.4378991170366007
2
389.5867138048234 2.4378991170366007
0.25 0.25 0.25 0.25
29.0176002140589
45.0
47.33116248131569 332.74931827193166
3
28.84881680635425 332.74931827193166
0.25 0.25 0.25 0.25
18.482345674961437
45.0
353.825181351488 366.8926169724873
3
349.8911654827199 366.8926169724873
0.25 0.25 0.25 0.25
3.9340158687681317
45.0
90.03977449599785 470.4220719818468
0
90.03977449599785 429.886344110311
0.25 0.25 0.25 0.25
40.53572787153581
45.0
497.1337295294783 173.73533651327136
3
463.0178452208876 173.73533651327136
0.25 0.25 0.25 0.25
34.11588430859069
45.0
395.10368050684355 470.30422765022
1
395.10368050684355 495.51542611786255
0.25 0.25 0.25 0.25
25.21119846764251
45.0
133.40965767245382 228.5317961805522
1
133.40965767245382 255.33013824344152
0.25 0.25 0.25 0.25
26.798342062889326
45.0
213.72742938271313 357.10808441039734
3
171.01275864456278 357.10808441039734
0.25 0.25 0.25 0.25
42.71467073815035
45.0
331.9473626489089 278.00428471943417
0
331.9473626489089 246.31402264725406
0.25 0.25 0.25 0.25
31.690262072180097
45.0
49.95726412986203 439.8803986828903
1
49.95726412986203 465.8478108460969
0.25 0.25 0.25 0.25
25.967412163206554
45.0
52.27217197615853 291.3440395580194
0
52.27217197615853 255.65343396134926
0.25 0.25 0.25 0.25
35.69060559667015
45.0
291.4906158691239 77.1856129356783
1
291.4906158691239 78.89554953845855
0.25 0.25 0.25 0.25
1.7099366027802654
45.0
427.67668699535176 189.59391979809854
2
428.1127599055186 189.59391979809854
0.25 0.25 0.25 0.25
0.43607291016682925
45.0
376.0012537374959 255.7243176359217
3
375.71333521901533 255.7243176359217
0.25 0.25 0.25 0.25
0.2879185184805899
45.0
481.3252742004298 393.6675995425997
0
481.3252742004298 389.9585408520703
0.25 0.25 0.25 0.25
3.7090586905293654
45.0
100.05375327000101 390.50292525747443
0
100.05375327000101 353.89778026111213
0.25 0.25 0.25 0.25
36.60514499636229
45.0
348.0887964701848 373.03803550014845
3
302.64761351384135 373.03803550014845
0.25 0.25 0.25 0.25
45.441182956343425
45.0
88.8191239218167 234.7176596923857
1
88.8191239218167 267.60990747248144
0.25 0.25 0.25 0.25
32.89224778009575
45.0
56.875395267643356 78.30141622400592
0
56.875395267643356 71.49200335648533
0.25 0.25 0.25 0.25
6.809412867520587
45.0
273.49302878227513 121.312909026961
0
273.49302878227513 97.48718820333556
0.25 0.25 0.25 0.25
23.825720823625435
45.0
325.2625145416539 35.71945126354392
0
325.2625145416539 8.640625433532222
0.25 0.25 0.25 0.25
27.078825830011695
45.0
73.90547387383586 191.50026202434006
0
73.90547387383586 162.09577052316587
0.25 0.25 0.25 0.25
29.404491501174185
45.0
63.66865014406698 103.13467688245092
2
75.27794963624041 103.13467688245092
0.25 0.25 0.25 0.25
11.609299492173426
45.0
78.69813743077607 42.216341808939745
1
78.69813743077607 66.31358965087777
0.25 0.25 0.25 0.25
24.097247841938024
45.0
488.52645197454956 63.5880553762299
3
443.02310943145505 63.5880553762299
0.25 0.25 0.25 0.25
45.50334254309452
45.0
56.656531044011885 198.90133304325173
2
62.51125891294953 198.90133304325173
0.25 0.25 0.25 0.25
5.854727868937648
45.0
397.1586588569881 285.9192215789856
0
397.1586588569881 257.1509234344612
0.25 0.25 0.25 0.25
28.76829814452441
45.0
294.4680409873288 361.9768147352115
2
321.6403689927324 361.9768147352115
0.25 0.25 0.25 0.25
27.172328005403624
45.0
271.08120159835886 151.00039214249648
1
271.08120159835886 156.41575659435003
0.25 0.25 0.25 0.25
5.415364451853538
45.0
0.8120088758482922 297.8798318096814
2
44.78877405601872 297.8798318096814
0.25 0.25 0.25 0.25
45.60078293186701
45.0
214.10731959138923 110.01337907243482
0
214.10731959138923 101.71280740479696
0.25 0.25 0.25 0.25
8.300571667637858
45.0
357.97084982408944 312.5927874164059
3
355.6883140493865 312.5927874164059
0.25 0.25 0.25 0.25
2.2825357747028985
45.0
7.938214552002737 31.009961710531332
1
7.938214552002737 56.40209876894498
0.25 0.25 0.25 0.25
25.39213705841365
45.0
437.2028946846775 376.4049243913039
3
405.3934620404516 376.4049243913039
0.25 0.25 0.25 0.25
31.80943264422595
45.0
222.6337522659133 459.61263795168577
2
256.00597429827917 459.61263795168577
0.25 0.25 0.25 0.25
33.37222203236588
45.0
469.2649791240878 268.47053517715534
0
469.2649791240878 260.6756187954702
0.25 0.25 0.25 0.25
7.794916381685146
45.0
404.0574604982205 485.32888036746147
0
404.0574604982205 486.07578049085475
0.25 0.25 0.25 0.25
28.59533914168379
45.0
317.14875653905153 404.94942272560394
0
317.14875653905153 377.319049839051
0.25 0.25 0.25 0.25
27.630372886552955
45.0
456.0016630991511 218.07375017638785
1
456.0016630991511 257.3829758315759
0.25 0.25 0.25 0.25
39.309225655188044
45.0
235.42616065118466 218.7911806348019
0
235.42616065118466 176.00980963091058
0.25 0.25 0.25 0.25
42.781371003891294
45.0
362.57688871615653 146.41208773096682
3
349.6945008228825 146.41208773096682
0.25 0.25 0.25 0.25
12.88238789327405
45.0
