33543
264.4117228490393 18.27898753913496
2
381.44285134885536 18.27898753913496
0.25 0.25 0.25 0.25
117.03112849981608
45.0
489.8961591144775 7.250034856762085
1
489.8961591144775 107.68412014214847
0.25 0.25 0.25 0.25
100.43408528538639
45.0
186.18745342709803 468.24893385447194
2
350.583903777988 468.24893385447194
0.25 0.25 0.25 0.25
164.39645035088995
45.0
493.0735413330708 251.80763219381848
1
493.0735413330708 278.9589430639717
0.25 0.25 0.25 0.25
27.151310870153196
45.0
299.1137504832433 86.88615530392761
2
340.2452449140175 86.88615530392761
0.25 0.25 0.25 0.25
41.13149443077426
45.0
280.8660196851166 296.56965057159283
3
256.63351387653705 296.56965057159283
0.25 0.25 0.25 0.25
24.23250580857954
45.0
487.0947800229378 464.6199144311842
3
470.55500039736825 464.6199144311842
0.25 0.25 0.25 0.25
16.53977962556959
45.0
215.48111252046994 26.579701097022298
3
186.46351230641105 26.579701097022298
0.25 0.25 0.25 0.25
29.0176002140589
45.0
28.84881680635425 425.16104664673884
3
10.366471131392814 425.16104664673884
0.25 0.25 0.25 0.25
18.482345674961437
45.0
349.8911654827199 386.562696316328
2
353.825181351488 386.562696316328
0.25 0.25 0.25 0.25
3.9340158687681317
45.0
373.78986959674853 186.6719768810961
1
373.78986959674853 227.2077047526319
0.25 0.25 0.25 0.25
40.53572787153581
45.0
400.51861754474965 3.155914970317909
2
434.63450185334034 3.155914970317909
0.25 0.25 0.25 0.25
34.11588430859069
45.0
117.78049736277586 403.6397800115673
0
117.78049736277586 378.4285815439248
0.25 0.25 0.25 0.25
25.21119846764251
45.0
53.01463148378583 94.54008586610553
3
26.2162894208965 94.54008586610553
0.25 0.25 0.25 0.25
26.798342062889326
45.0
128.29808790641243 100.82005998149526
1
128.29808790641243 143.5347307196456
0.25 0.25 0.25 0.25
42.71467073815035
45.0
351.15001662929035 38.898336002366854
0
351.15001662929035 7.208073930186757
0.25 0.25 0.25 0.25
31.690262072180097
45.0
75.92467629306859 361.9781621932706
1
75.92467629306859 387.94557435647715
0.25 0.25 0.25 0.25
25.967412163206554
45.0
198.2251104937685 29.871410812011916
1
198.2251104937685 5.819194784658237
0.25 0.25 0.25 0.25
35.69060559667015
45.0
296.6204256774647 75.47567633289803
3
294.91048907468445 75.47567633289803
0.25 0.25 0.25 0.25
1.7099366027802654
45.0
429.42097863601913 186.97748233709748
2
429.85705154618597 186.97748233709748
0.25 0.25 0.25 0.25
0.43607291016682925
45.0
373.69790558965127 256.30015467288285
1
373.69790558965127 256.58807319136343
0.25 0.25 0.25 0.25
0.2879185184805899
45.0
474.1660215132175 453.0125385910699
0
474.1660215132175 449.30347990054054
0.25 0.25 0.25 0.25
3.7090586905293654
45.0
26.84346327727642 463.713215250199
0
26.84346327727642 427.10807025383673
0.25 0.25 0.25 0.25
36.60514499636229
45.0
75.44169873212422 9.50857184940105
1
75.44169873212422 35.932611106942375
0.25 0.25 0.25 0.25
45.441182956343425
45.0
338.78009721942806 201.82541191228995
0
338.78009721942806 168.9331641321942
0.25 0.25 0.25 0.25
32.89224778009575
45.0
104.54128534028749 125.96730629665007
3
97.7318724727669 125.96730629665007
0.25 0.25 0.25 0.25
6.809412867520587
45.0
154.36442466414798 288.092954792339
1
154.36442466414798 311.91867561596445
0.25 0.25 0.25 0.25
23.825720823625435
45.0
487.735469521724 35.71945126354393
3
460.6566436917123 35.71945126354393
0.25 0.25 0.25 0.25
27.078825830011695
45.0
161.33045813555765 73.88229601964329
0
161.33045813555765 44.47780451846911
0.25 0.25 0.25 0.25
29.404491501174185
45.0
121.71514760493409 24.567617531456754
1
121.71514760493409 36.17691702363018
0.25 0.25 0.25 0.25
11.609299492173426
45.0
17.69085393697603 150.56164092656445
0
17.69085393697603 126.46439308462642
0.25 0.25 0.25 0.25
24.097247841938024
45.0
192.9501502237889 109.09139791932442
2
238.45349276688341 109.09139791932442
0.25 0.25 0.25 0.25
45.50334254309452
45.0
15.673435961448366 181.33714943643875
0
15.673435961448366 175.4824215675011
0.25 0.25 0.25 0.25
5.854727868937648
45.0
339.6220625679393 400.99241415708326
1
339.6220625679393 429.76071230160767
0.25 0.25 0.25 0.25
28.76829814452441
45.0
325.11936693702023 361.9768147352115
0
325.11936693702023 334.8044867298079
0.25 0.25 0.25 0.25
27.172328005403624
45.0
260.2504726946518 151.00039214249648
2
265.66583714650534 151.00039214249648
0.25 0.25 0.25 0.25
5.415364451853538
45.0
363.99425457908774 389.0813976734154
2
409.59503751095474 389.0813976734154
0.25 0.25 0.25 0.25
45.60078293186701
45.0
205.80674792375137 118.31395074007267
3
197.50617625611352 118.31395074007267
0.25 0.25 0.25 0.25
8.300571667637858
45.0
387.6438148952274 305.7451800922971
1
387.6438148952274 308.02771586700004
0.25 0.25 0.25 0.25
2.2825357747028985
45.0
84.11462572724369 45.166449464709615
1
84.11462572724369 70.55858652312327
0.25 0.25 0.25 0.25
25.39213705841365
45.0
499.17824002687064 432.7384797433406
3
467.3688073826447 432.7384797433406
0.25 0.25 0.25 0.25
31.80943264422595
45.0
389.49486242774265 92.51819559566118
2
422.8670844601085 92.51819559566118
0.25 0.25 0.25 0.25
33.37222203236588
45.0
477.05989550577294 229.49595326872964
1
477.05989550577294 237.29086965041478
0.25 0.25 0.25 0.25
7.794916381685146
45.0
375.4621213565367 227.97082809230744
2
404.0574604982205 227.97082809230744
0.25 0.25 0.25 0.25
28.59533914168379
45.0
234.2576378793927 156.2760667466274
1
234.2576378793927 183.90643963318036
0.25 0.25 0.25 0.25
27.630372886552955
45.0
347.45220862490885 428.14321892692
2
386.76143428009686 428.14321892692
0.25 0.25 0.25 0.25
39.309225655188044
45.0
320.73166239940224 310.6137383223937
3
277.95029139551093 310.6137383223937
0.25 0.25 0.25 0.25
42.781371003891294
45.0
426.9888281825267 262.35357877043333
3
414.10644028925265 262.35357877043333
0.25 0.25 0.25 0.25
12.88238789327405
45.0
