25736
408.92945491825276 458.90772491100165
3
236.36473171382949 458.90772491100165
0.25 0.25 0.25 0.25
172.56472320442327
45.0
14.310004246739368 193.7678200103328
1
14.310004246739368 340.476746073204
0.25 0.25 0.25 0.25
146.70892606287123
45.0
44.14526117648154 322.9624697411814
2
110.19589616389703 322.9624697411814
0.25 0.25 0.25 0.25
154.34115734037857
45.0
264.3738673858041 421.07296469038897
0
264.3738673858041 438.4875114864003
0.25 0.25 0.25 0.25
140.43952382321066
45.0
304.12493849410566 0.7667142945313117
3
156.19809224129563 0.7667142945313117
0.25 0.25 0.25 0.25
147.92684625281004
45.0
358.6588574406627 314.9413452334568
3
244.94018194802004 314.9413452334568
0.25 0.25 0.25 0.25
113.71867549264267
45.0
14.10937870254773 488.63836288183757
2
92.77176611315042 488.63836288183757
0.25 0.25 0.25 0.25
106.88114481569815
45.0
240.20036273100038 381.1679809436763
0
240.20036273100038 288.5436374703758
0.25 0.25 0.25 0.25
92.62434347330047
45.0
493.77650399617374 296.39671428205617
3
404.4356180030378 296.39671428205617
0.25 0.25 0.25 0.25
101.78787800078845
45.0
194.43811612201173 258.70406640648605
2
324.256704854292 258.70406640648605
0.25 0.25 0.25 0.25
129.8185887322803
45.0
284.9303033630978 24.161255871543233
1
284.9303033630978 121.76708856472337
0.25 0.25 0.25 0.25
145.9283444362666
45.0
248.58886486963578 463.27363479453334
2
396.54306323303115 463.27363479453334
0.25 0.25 0.25 0.25
147.95419836339536
45.0
322.5469667796639 324.11270004152334
0
322.5469667796639 211.3601754401678
0.25 0.25 0.25 0.25
112.75252460135553
45.0
376.61202845875437 269.28344069108806
1
376.61202845875437 416.8607407945269
0.25 0.25 0.25 0.25
147.57730010343886
45.0
433.7481449957188 272.9760371366332
3
309.9145977718856 272.9760371366332
0.25 0.25 0.25 0.25
123.8335472238332
45.0
150.15452502867194 493.62094890045796
2
295.0940270711669 493.62094890045796
0.25 0.25 0.25 0.25
144.93950204249498
45.0
118.57281265889776 77.50704379326294
1
118.57281265889776 218.2873014089124
0.25 0.25 0.25 0.25
140.78025761564948
45.0
460.47158484710803 141.16082924123293
0
460.47158484710803 20.636267667283178
0.25 0.25 0.25 0.25
120.52456157394975
45.0
192.95797739393151 148.57550607541737
3
34.89849227483484 148.57550607541737
0.25 0.25 0.25 0.25
158.05948511909668
45.0
214.61116044011203 492.05614789484275
0
214.61116044011203 334.63799893621865
0.25 0.25 0.25 0.25
157.4181489586241
45.0
394.3655328396626 129.7247622636567
3
242.48746208694206 129.7247622636567
0.25 0.25 0.25 0.25
151.8780707527205
45.0
217.41331549599954 316.47818198898324
2
329.7836888947048 316.47818198898324
0.25 0.25 0.25 0.25
112.3703733987053
45.0
320.16432701766985 455.87716331767524
0
320.16432701766985 360.80358753577354
0.25 0.25 0.25 0.25
95.07357578190167
45.0
286.2328785571981 377.83083701504415
3
143.69075264759445 377.83083701504415
0.25 0.25 0.25 0.25
142.54212590960364
45.0
138.50117136516866 390.3390084449654
2
232.02510911122909 390.3390084449654
0.25 0.25 0.25 0.25
93.52393774606041
45.0
130.1684046560539 475.26633459576897
0
130.1684046560539 318.2274194004145
0.25 0.25 0.25 0.25
157.0389151953545
45.0
132.29980733346963 211.35828082495152
2
257.25172832025197 211.35828082495152
0.25 0.25 0.25 0.25
124.95192098678234
45.0
147.64374325343212 326.30354518716456
2
274.48387221780877 326.30354518716456
0.25 0.25 0.25 0.25
126.84012896437665
45.0
327.47227495820016 24.735160925256025
1
327.47227495820016 194.33722121379083
0.25 0.25 0.25 0.25
169.6020602885348
45.0
404.7094630105074 206.33702510519814
1
404.7094630105074 353.19889770327484
0.25 0.25 0.25 0.25
146.8618725980767
45.0
150.96386564401865 461.8195747914757
0
150.96386564401865 419.2433829177537
0.25 0.25 0.25 0.25
118.93704229077058
45.0
247.73970145759125 206.6859717919046
0
247.73970145759125 103.50976499435119
0.25 0.25 0.25 0.25
103.1762067975534
45.0
49.31688826470929 207.97122206646293
0
49.31688826470929 41.17391422379626
0.25 0.25 0.25 0.25
166.79730784266667
45.0
399.70725733182485 190.85205111316162
1
399.70725733182485 358.4669774181283
0.25 0.25 0.25 0.25
167.61492630496667
45.0
56.48698700184957 168.69409385908705
2
228.2115748042329 168.69409385908705
0.25 0.25 0.25 0.25
171.72458780238333
45.0
371.98348656356296 368.554097836403
3
251.01725524878856 368.554097836403
0.25 0.25 0.25 0.25
120.96623131477439
45.0
245.20487181541122 116.64918145422072
1
245.20487181541122 24.180686306247082
0.25 0.25 0.25 0.25
140.8298677604678
45.0
454.18379377308815 284.74868886739773
0
454.18379377308815 153.5564963539321
0.25 0.25 0.25 0.25
131.19219251346564
45.0
247.74193368112662 140.88828908356163
1
247.74193368112662 257.24717549326346
0.25 0.25 0.25 0.25
116.35888640970182
45.0
178.08798916318645 57.788186648871886
2
214.6699682516018 57.788186648871886
0.25 0.25 0.25 0.25
36.58197908841535
45.0
31.989832757606777 436.63603104212774
2
37.3363746394845 436.63603104212774
0.25 0.25 0.25 0.25
5.3465418818777195
45.0
139.98922080006275 235.22305654350419
3
123.5118424152661 235.22305654350419
0.25 0.25 0.25 0.25
16.477378384796655
45.0
332.0177168384222 71.82804667479871
0
332.0177168384222 65.7015885904966
0.25 0.25 0.25 0.25
6.126458084302117
45.0
301.6992174308094 251.88919677498745
0
301.6992174308094 213.82991327831678
0.25 0.25 0.25 0.25
38.05928349667066
45.0
265.04347137649853 248.1626630527113
0
265.04347137649853 241.261797385311
0.25 0.25 0.25 0.25
6.900865667400291
45.0
455.3787396725485 481.6868130770306
0
455.3787396725485 493.84550167335715
0.25 0.25 0.25 0.25
24.46768524961224
45.0
442.450692810456 468.92024675350956
0
442.450692810456 443.8776435381831
0.25 0.25 0.25 0.25
25.04260321532642
45.0
428.4923900196298 348.6628075283927
3
378.82681540826695 348.6628075283927
0.25 0.25 0.25 0.25
49.66557461136286
45.0
