25736
418.5058218773241 357.1196801596577
0
418.5058218773241 470.31559663591906
0.25 0.25 0.25 0.25
172.56472320442327
45.0
252.1453654389045 394.4017109534012
3
105.43643937603326 394.4017109534012
0.25 0.25 0.25 0.25
146.70892606287123
45.0
492.83126680238274 361.92017015314
0
492.83126680238274 207.57901281276145
0.25 0.25 0.25 0.25
154.34115734037857
45.0
156.9447040838278 471.8429644029652
2
297.38422790703845 471.8429644029652
0.25 0.25 0.25 0.25
140.43952382321066
45.0
98.19252532052519 444.5472530529614
0
98.19252532052519 407.52590069422854
0.25 0.25 0.25 0.25
147.92684625281004
45.0
116.06220228741459 201.22266974081407
2
229.78087778005727 201.22266974081407
0.25 0.25 0.25 0.25
113.71867549264267
45.0
130.84146277186716 274.8760732504413
1
130.84146277186716 381.75721806613944
0.25 0.25 0.25 0.25
106.88114481569815
45.0
313.9569279979956 212.31363630873705
3
221.3325845246951 212.31363630873705
0.25 0.25 0.25 0.25
92.62434347330047
45.0
2.715894000116009 26.79064029545981
2
99.07198400067244 26.79064029545981
0.25 0.25 0.25 0.25
101.78787800078845
45.0
194.43811612201173 76.16430865841033
1
194.43811612201173 205.98289739069062
0.25 0.25 0.25 0.25
129.8185887322803
45.0
452.35705885323046 435.12218849112264
0
452.35705885323046 418.9494670726108
0.25 0.25 0.25 0.25
145.9283444362666
45.0
177.23008778210087 391.9148577069984
3
29.275889418705503 391.9148577069984
0.25 0.25 0.25 0.25
147.95419836339536
45.0
451.9479840176251 0.6278476496564451
3
435.2994913810194 0.6278476496564451
0.25 0.25 0.25 0.25
112.75252460135553
45.0
409.7284699896627 121.7061405876492
3
442.6942299068985 121.7061405876492
0.25 0.25 0.25 0.25
147.57730010343886
45.0
70.91766610894842 222.3581517586996
1
70.91766610894842 346.1916989825328
0.25 0.25 0.25 0.25
123.8335472238332
45.0
284.663981098813 247.47148770786234
1
284.663981098813 392.4109897503573
0.25 0.25 0.25 0.25
144.93950204249498
45.0
7.669248266298041 77.81141051284021
1
7.669248266298041 62.968847102809264
0.25 0.25 0.25 0.25
140.78025761564948
45.0
405.88981423019834 340.9374170545661
3
473.5856241958519 340.9374170545661
0.25 0.25 0.25 0.25
120.52456157394975
45.0
226.44717141510165 167.54346416277588
2
384.5066565341983 167.54346416277588
0.25 0.25 0.25 0.25
158.05948511909668
45.0
109.28030726327825 295.03459689827775
1
109.28030726327825 452.45274585690186
0.25 0.25 0.25 0.25
157.4181489586241
45.0
1.877815850544664 351.49453020913813
2
150.00025490217584 351.49453020913813
0.25 0.25 0.25 0.25
151.8780707527205
45.0
15.339289875284265 9.299577618785037
1
15.339289875284265 103.07079577992026
0.25 0.25 0.25 0.25
112.3703733987053
45.0
175.82650905478496 170.65643597197018
3
80.7529332728833 170.65643597197018
0.25 0.25 0.25 0.25
95.07357578190167
45.0
290.55098097953976 235.2887111054405
3
148.00885506993612 235.2887111054405
0.25 0.25 0.25 0.25
142.54212590960364
45.0
142.07064187301256 264.3285557774576
3
48.54670412695215 264.3285557774576
0.25 0.25 0.25 0.25
93.52393774606041
45.0
382.45423846961785 466.96715657635787
3
460.5068463350276 466.96715657635787
0.25 0.25 0.25 0.25
157.0389151953545
45.0
243.32521983835994 86.40635983816924
3
118.3732988515776 86.40635983816924
0.25 0.25 0.25 0.25
124.95192098678234
45.0
76.59445124529503 296.86148175713845
0
76.59445124529503 170.0213527927618
0.25 0.25 0.25 0.25
126.84012896437665
45.0
386.16068965835666 10.489562537161532
1
386.16068965835666 159.11249775137327
0.25 0.25 0.25 0.25
169.6020602885348
45.0
7.843046597185719 318.4694578513461
2
154.70491919526242 318.4694578513461
0.25 0.25 0.25 0.25
146.8618725980767
45.0
10.097104410148248 251.80267895314773
0
10.097104410148248 132.86563666237714
0.25 0.25 0.25 0.25
118.93704229077058
45.0
247.7397014575913 444.13333696894983
0
247.7397014575913 452.6904562334968
0.25 0.25 0.25 0.25
103.1762067975534
45.0
48.53304120870928 458.43416224820373
2
215.33034905137595 458.43416224820373
0.25 0.25 0.25 0.25
166.79730784266667
45.0
220.71321536725787 300.6136121421385
2
388.32814167222455 300.6136121421385
0.25 0.25 0.25 0.25
167.61492630496667
45.0
430.2836894209162 299.710581763754
3
397.9917227767005 299.710581763754
0.25 0.25 0.25 0.25
171.72458780238333
45.0
232.84767001030906 215.31771703982383
3
111.88143869553468 215.31771703982383
0.25 0.25 0.25 0.25
120.96623131477439
45.0
400.2256652526045 9.98976062952164
1
400.2256652526045 150.81962838998945
0.25 0.25 0.25 0.25
140.8298677604678
45.0
60.6072162326912 222.59965337675476
2
70.58497628077444 222.59965337675476
0.25 0.25 0.25 0.25
131.19219251346564
45.0
294.9719113684431 24.529402673859806
2
411.3307977781449 24.529402673859806
0.25 0.25 0.25 0.25
116.35888640970182
45.0
236.60034542216826 430.0641061133134
3
200.0183663337529 430.0641061133134
0.25 0.25 0.25 0.25
36.58197908841535
45.0
106.8414191038949 458.02219856963865
2
112.18796098577263 458.02219856963865
0.25 0.25 0.25 0.25
5.3465418818777195
45.0
255.3308694936393 21.017137541147715
0
255.3308694936393 4.53975915635106
0.25 0.25 0.25 0.25
16.477378384796655
45.0
338.1441749227243 44.574656926941486
0
338.1441749227243 38.44819884263937
0.25 0.25 0.25 0.25
6.126458084302117
45.0
225.58065043746808 357.0593391717432
2
263.63993393413875 357.0593391717432
0.25 0.25 0.25 0.25
38.05928349667066
45.0
340.9529937179018 213.65833471570983
2
347.8538593853021 213.65833471570983
0.25 0.25 0.25 0.25
6.900865667400291
45.0
186.2342019268137 408.2837573281938
1
186.2342019268137 432.7514425778061
0.25 0.25 0.25 0.25
24.46768524961224
45.0
382.2510846822589 243.53681781557165
2
407.29368789758536 243.53681781557165
0.25 0.25 0.25 0.25
25.04260321532642
45.0
25.186289255378895 206.35459146704721
1
25.186289255378895 256.02016607841006
0.25 0.25 0.25 0.25
49.66557461136286
45.0
