62785
120.42778483964071 78.70373190215412
1
120.42778483964071 74.95444217847296
0.25 0.25 0.25 0.25
153.65817408062708
45.0
465.6423906954484 113.68094874199895
3
367.60402864433934 113.68094874199895
0.25 0.25 0.25 0.25
166.75358066021224
45.0
79.74246851263571 213.6721968813594
0
79.74246851263571 112.93295009720926
0.25 0.25 0.25 0.25
100.73924678415015
45.0
422.79879346115706 187.0954735993496
1
422.79879346115706 290.1697997846121
0.25 0.25 0.25 0.25
103.0743261852625
45.0
389.0498673618513 218.23363081470916
0
389.0498673618513 91.29679828173266
0.25 0.25 0.25 0.25
126.9368325329765
45.0
115.69364849785208 437.6253130349006
2
279.80887694104274 437.6253130349006
0.25 0.25 0.25 0.25
164.11522844319066
45.0
387.2991903265288 369.14735897375004
3
494.95041909961566 369.14735897375004
0.25 0.25 0.25 0.25
117.75039057385555
45.0
364.64683347431327 472.2224895275634
3
272.63528520800844 472.2224895275634
0.25 0.25 0.25 0.25
92.01154826630484
45.0
121.56938029517164 285.9164108420932
2
39.47979885637585 285.9164108420932
0.25 0.25 0.25 0.25
161.0491791515475
45.0
129.83562661588206 60.44289716600343
1
129.83562661588206 178.28263778570485
0.25 0.25 0.25 0.25
117.83974061970142
45.0
261.11260439144036 7.272628805899558
1
261.11260439144036 178.55278793707265
0.25 0.25 0.25 0.25
171.2801591311731
45.0
462.79978805985684 400.4358156371819
3
316.1261384688577 400.4358156371819
0.25 0.25 0.25 0.25
146.67364959099916
45.0
352.63035217619915 200.4876354687096
3
178.69805143334676 200.4876354687096
0.25 0.25 0.25 0.25
173.9323007428524
45.0
179.23547659391068 376.99668970337393
0
179.23547659391068 251.27312377158552
0.25 0.25 0.25 0.25
125.72356593178841
45.0
435.25003798635635 238.79535608672603
3
411.0609942054373 238.79535608672603
0.25 0.25 0.25 0.25
153.68896780820643
45.0
374.57639918847644 198.8482663782085
0
374.57639918847644 34.32276267109921
0.25 0.25 0.25 0.25
164.5255037071093
45.0
190.12310340385443 217.66007753911026
3
80.1818231851488 217.66007753911026
0.25 0.25 0.25 0.25
109.94128021870563
45.0
228.2399555505367 294.4251302813607
0
228.2399555505367 176.68277680286724
0.25 0.25 0.25 0.25
117.74235347849344
45.0
248.14925989137993 27.143533840726036
1
248.14925989137993 200.35095810656975
0.25 0.25 0.25 0.25
173.2074242658437
45.0
412.266859663266 258.7147100511146
3
436.34892596378813 258.7147100511146
0.25 0.25 0.25 0.25
151.38421437294585
45.0
320.63489034110876 211.45166485994827
2
355.276999015482 211.45166485994827
0.25 0.25 0.25 0.25
34.64210867437321
45.0
11.904907211118934 158.40738587407185
3
4.23016768889077 158.40738587407185
0.25 0.25 0.25 0.25
7.674739522228164
45.0
496.9571247187504 139.54577627463536
3
496.7735810951428 139.54577627463536
0.25 0.25 0.25 0.25
6.269294186106849
45.0
236.81876108979162 225.28626410047423
3
219.05046806237397 225.28626410047423
0.25 0.25 0.25 0.25
17.768293027417663
45.0
335.2361054421081 366.6754702925039
3
317.583981242536 366.6754702925039
0.25 0.25 0.25 0.25
17.652124199572107
45.0
223.07992213764817 453.68506002249904
2
250.54677393148407 453.68506002249904
0.25 0.25 0.25 0.25
27.46685179383591
45.0
59.062276673119754 482.93241525590514
1
59.062276673119754 487.89609700405026
0.25 0.25 0.25 0.25
4.963681748145104
45.0
317.4270016432331 72.47303147403481
2
357.7624055487519 72.47303147403481
0.25 0.25 0.25 0.25
40.33540390551876
45.0
173.7087691811148 82.16687113073812
3
168.42428282828982 82.16687113073812
0.25 0.25 0.25 0.25
5.284486352824991
45.0
228.5160395215944 208.03217736978107
2
238.28751026101523 208.03217736978107
0.25 0.25 0.25 0.25
9.77147073942084
45.0
178.76306157080137 352.7416997807949
3
146.47014350242046 352.7416997807949
0.25 0.25 0.25 0.25
32.292918068380914
45.0
70.24214832620822 398.5666540302052
0
70.24214832620822 370.51699119336126
0.25 0.25 0.25 0.25
28.049662836843936
45.0
247.284853552519 408.64040640458086
1
247.284853552519 410.16800861001366
0.25 0.25 0.25 0.25
1.5276022054328209
45.0
146.82729300189345 286.5788207147634
2
188.88200878009565 286.5788207147634
0.25 0.25 0.25 0.25
42.05471577820219
45.0
222.89289925634301 30.650463377658923
0
222.89289925634301 18.565338099632015
0.25 0.25 0.25 0.25
12.08512527802691
45.0
236.21083957809236 419.7063177358732
1
236.21083957809236 438.0410817448464
0.25 0.25 0.25 0.25
18.334764008973202
45.0
290.2116494231648 320.0490776082778
2
311.18487926004093 320.0490776082778
0.25 0.25 0.25 0.25
20.973229836876172
45.0
264.4285961464997 165.3659993033568
0
264.4285961464997 120.50920580767391
0.25 0.25 0.25 0.25
44.856793495682886
45.0
448.95691043092523 399.903085738839
0
448.95691043092523 393.2616667394145
0.25 0.25 0.25 0.25
6.641418999424492
45.0
424.2389484797143 394.1149339760736
1
424.2389484797143 436.49730299487925
0.25 0.25 0.25 0.25
42.382369018805655
45.0
490.18430874083504 493.88074004889125
3
489.81342616186623 493.88074004889125
0.25 0.25 0.25 0.25
0.37088257896878973
45.0
21.595113493734917 375.21143483199296
1
21.595113493734917 400.06313225594
0.25 0.25 0.25 0.25
24.851697423947055
45.0
47.83198896250736 57.43945194752764
0
47.83198896250736 39.42246135021527
0.25 0.25 0.25 0.25
18.016990597312365
45.0
363.81459368501964 280.8737112618703
2
396.1576041086406 280.8737112618703
0.25 0.25 0.25 0.25
32.34301042362099
45.0
70.09804746330963 235.9585166626716
1
70.09804746330963 267.0040524946407
0.25 0.25 0.25 0.25
31.045535831969083
45.0
249.5712856442426 255.2828619339516
3
227.4646365607062 255.2828619339516
0.25 0.25 0.25 0.25
22.10664908353642
45.0
348.18625447946357 431.24150674249927
1
348.18625447946357 448.48400737336704
0.25 0.25 0.25 0.25
17.242500630867784
45.0
81.49832062186698 309.33093222150546
1
81.49832062186698 341.55629294741436
0.25 0.25 0.25 0.25
32.22536072590892
45.0
