62785
35.674126192834365 235.94382711464402
2
117.98404788779271 235.94382711464402
0.25 0.25 0.25 0.25
153.65817408062708
45.0
36.182803169008764 218.78324465587858
1
36.182803169008764 385.5368253160908
0.25 0.25 0.25 0.25
166.75358066021224
45.0
20.996778271514444 189.28479025524126
1
20.996778271514444 290.02403703939143
0.25 0.25 0.25 0.25
100.73924678415015
45.0
287.8769492082934 266.7896336217127
0
287.8769492082934 163.7153074364502
0.25 0.25 0.25 0.25
103.0743261852625
45.0
39.22869029054573 218.23363081470916
1
39.22869029054573 345.17046334768565
0.25 0.25 0.25 0.25
126.9368325329765
45.0
422.5779248542882 203.5269713970059
1
422.5779248542882 367.64219984019655
0.25 0.25 0.25 0.25
164.11522844319066
45.0
35.80465836050661 309.39384380905
0
35.80465836050661 191.64345323519444
0.25 0.25 0.25 0.25
117.75039057385555
45.0
144.2426441536441 263.8698966028752
3
52.23109588733925 263.8698966028752
0.25 0.25 0.25 0.25
92.01154826630484
45.0
54.15953011374154 43.65739376302952
2
106.88964903780595 43.65739376302952
0.25 0.25 0.25 0.25
161.0491791515475
45.0
223.68359524322224 117.95450903101062
3
105.84385462352083 117.95450903101062
0.25 0.25 0.25 0.25
117.83974061970142
45.0
89.83244526026726 211.42817313305255
1
89.83244526026726 382.70833226422565
0.25 0.25 0.25 0.25
171.2801591311731
45.0
89.30584746687612 107.0885164551836
1
89.30584746687612 39.58513313581557
0.25 0.25 0.25 0.25
146.67364959099916
45.0
212.7603545094723 234.56457493122375
1
212.7603545094723 408.49687567407614
0.25 0.25 0.25 0.25
173.9323007428524
45.0
346.8128969504722 485.35467327224046
2
472.5364628822606 485.35467327224046
0.25 0.25 0.25 0.25
125.72356593178841
45.0
105.72647708234098 218.18471035126026
2
47.96249072586545 218.18471035126026
0.25 0.25 0.25 0.25
153.68896780820643
45.0
93.3061564181628 433.5597929355404
2
71.2193472889465 433.5597929355404
0.25 0.25 0.25 0.25
164.5255037071093
45.0
190.12310340385443 306.5444016945172
1
190.12310340385443 416.48568191322283
0.25 0.25 0.25 0.25
109.94128021870563
45.0
404.0434812010826 175.06276766847873
1
404.0434812010826 292.80512114697217
0.25 0.25 0.25 0.25
117.74235347849344
45.0
444.680437171995 413.9896477666805
0
444.680437171995 412.80292796747574
0.25 0.25 0.25 0.25
173.2074242658437
45.0
197.59092352130438 469.7884250346814
3
46.20670914835853 469.7884250346814
0.25 0.25 0.25 0.25
151.38421437294585
45.0
355.276999015482 372.8430310475731
3
320.63489034110876 372.8430310475731
0.25 0.25 0.25 0.25
34.64210867437321
45.0
11.119311355565559 56.485320748316724
3
3.4445718333373954 56.485320748316724
0.25 0.25 0.25 0.25
7.674739522228164
45.0
459.1578159785018 152.08436464684908
0
459.1578159785018 145.81507046074222
0.25 0.25 0.25 0.25
6.269294186106849
45.0
407.8153783618553 420.73748740206844
3
390.04708533443767 420.73748740206844
0.25 0.25 0.25 0.25
17.768293027417663
45.0
282.27973284339186 401.9797186916481
3
264.62760864381977 401.9797186916481
0.25 0.25 0.25 0.25
17.652124199572107
45.0
106.52229938838275 68.18512406038336
3
79.05544759454683 68.18512406038336
0.25 0.25 0.25 0.25
27.46685179383591
45.0
79.9208122749432 452.5397220182083
1
79.9208122749432 457.5034037663534
0.25 0.25 0.25 0.25
4.963681748145104
45.0
470.38351962733896 330.88100758115286
0
470.38351962733896 290.5456036756341
0.25 0.25 0.25 0.25
40.33540390551876
45.0
242.4070917678396 44.660801337061656
0
242.4070917678396 39.376314984236664
0.25 0.25 0.25 0.25
5.284486352824991
45.0
326.23074691580297 217.8036481092019
0
326.23074691580297 208.03217736978107
0.25 0.25 0.25 0.25
9.77147073942084
45.0
340.22765191270594 352.7416997807949
2
372.52056998108685 352.7416997807949
0.25 0.25 0.25 0.25
32.292918068380914
45.0
172.41695507900545 342.4673283565173
0
172.41695507900545 314.4176655196734
0.25 0.25 0.25 0.25
28.049662836843936
45.0
242.7020469362205 384.19877111765607
2
244.22964914165334 384.19877111765607
0.25 0.25 0.25 0.25
1.5276022054328209
45.0
240.24990323515033 487.53922092892185
0
240.24990323515033 445.48450515071966
0.25 0.25 0.25 0.25
42.05471577820219
45.0
355.829277314639 78.99096448976655
0
355.829277314639 66.90583921173965
0.25 0.25 0.25 0.25
12.08512527802691
45.0
199.54131156014597 451.95033420131443
0
199.54131156014597 433.61557019234124
0.25 0.25 0.25 0.25
18.334764008973202
45.0
101.45258089127933 361.9955372820301
1
101.45258089127933 382.96876711890627
0.25 0.25 0.25 0.25
20.973229836876172
45.0
273.852925801695 299.93637979040545
2
318.7097192973779 299.93637979040545
0.25 0.25 0.25 0.25
44.856793495682886
45.0
375.9013014372557 467.26853427267093
2
382.5427204366802 467.26853427267093
0.25 0.25 0.25 0.25
6.641418999424492
45.0
211.4965868023706 139.82071986323962
1
211.4965868023706 182.20308888204528
0.25 0.25 0.25 0.25
42.382369018805655
45.0
488.7007784249598 491.28456199610963
1
488.7007784249598 491.65544457507843
0.25 0.25 0.25 0.25
0.37088257896878973
45.0
351.1803478654708 320.63609303852445
1
351.1803478654708 345.4877904624715
0.25 0.25 0.25 0.25
24.851697423947055
45.0
137.9169419490692 21.405470752902907
0
137.9169419490692 3.3884801555905426
0.25 0.25 0.25 0.25
18.016990597312365
45.0
10.674802157439224 74.89940339796061
0
10.674802157439224 42.55639297433962
0.25 0.25 0.25 0.25
32.34301042362099
45.0
442.64447744693854 446.73441410946555
0
442.64447744693854 415.6888782774965
0.25 0.25 0.25 0.25
31.045535831969083
45.0
153.5491891002743 432.1360546022429
2
175.65583818381072 432.1360546022429
0.25 0.25 0.25 0.25
22.10664908353642
45.0
141.27624690905017 103.63399475601148
3
124.03374627818239 103.63399475601148
0.25 0.25 0.25 0.25
17.242500630867784
45.0
17.04759917004914 19.302685688325155
1
17.04759917004914 12.922675037583765
0.25 0.25 0.25 0.25
32.22536072590892
45.0
