62785
38.11786314468236 81.14746885400211
2
191.77603722530944 81.14746885400211
0.25 0.25 0.25 0.25
153.65817408062708
45.0
131.09226145247695 448.2310779849704
0
131.09226145247695 281.47749732475813
0.25 0.25 0.25 0.25
166.75358066021224
45.0
308.4295829409617 221.06466472286093
0
308.4295829409617 120.32541793871077
0.25 0.25 0.25 0.25
100.73924678415015
45.0
144.31907675799465 290.1697997846121
2
247.39340294325717 290.1697997846121
0.25 0.25 0.25 0.25
103.0743261852625
45.0
103.20280250624273 20.145373987431867
2
23.734030026733762 20.145373987431867
0.25 0.25 0.25 0.25
126.9368325329765
45.0
63.73020928619468 288.8187139325661
2
100.38501915699598 288.8187139325661
0.25 0.25 0.25 0.25
164.11522844319066
45.0
151.79840917881768 217.84795413998324
2
269.54879975267323 217.84795413998324
0.25 0.25 0.25 0.25
117.75039057385555
45.0
279.4340043898206 484.3495204569166
3
187.42245612351576 484.3495204569166
0.25 0.25 0.25 0.25
92.01154826630484
45.0
282.61855944671913 230.9360517032643
3
121.56938029517164 230.9360517032643
0.25 0.25 0.25 0.25
161.0491791515475
45.0
365.51510785528484 417.2377095600316
0
365.51510785528484 464.922549820267
0.25 0.25 0.25 0.25
117.83974061970142
45.0
81.44771387090589 266.7900827071299
1
81.44771387090589 438.070241838303
0.25 0.25 0.25 0.25
171.2801591311731
45.0
142.73694174086438 106.11214131583233
2
289.41059133186354 106.11214131583233
0.25 0.25 0.25 0.25
146.67364959099916
45.0
386.6926552523247 408.05395858847135
3
212.7603545094723 408.05395858847135
0.25 0.25 0.25 0.25
173.9323007428524
45.0
186.35816629283994 245.83261250126083
3
60.634600361051525 245.83261250126083
0.25 0.25 0.25 0.25
125.72356593178841
45.0
409.0175757121208 472.3939355390105
0
409.0175757121208 373.91709665278313
0.25 0.25 0.25 0.25
153.68896780820643
45.0
119.00011193285161 281.88126698577497
2
283.5256156399609 281.88126698577497
0.25 0.25 0.25 0.25
164.5255037071093
45.0
249.64201747096809 441.9876037731235
2
359.5832976896737 441.9876037731235
0.25 0.25 0.25 0.25
109.94128021870563
45.0
476.59415618603543 0.7407579820671799
1
476.59415618603543 118.48311146056062
0.25 0.25 0.25 0.25
117.74235347849344
45.0
19.776497450183 27.143533840726036
2
153.4309268156607 27.143533840726036
0.25 0.25 0.25 0.25
173.2074242658437
45.0
292.88785844202414 16.369431235860134
1
292.88785844202414 135.01478313708571
0.25 0.25 0.25 0.25
151.38421437294585
45.0
90.44926219454655 268.91670502445345
2
125.09137086891977 268.91670502445345
0.25 0.25 0.25 0.25
34.64210867437321
45.0
26.468790400021888 304.2274367964067
2
34.14352992225005 304.2274367964067
0.25 0.25 0.25 0.25
7.674739522228164
45.0
471.87994797432304 48.53304930857012
0
471.87994797432304 42.26375512246327
0.25 0.25 0.25 0.25
6.269294186106849
45.0
183.51388200753865 29.835040798879973
1
183.51388200753865 47.603333826297636
0.25 0.25 0.25 0.25
17.768293027417663
45.0
176.3669876459592 278.4148492946435
0
176.3669876459592 260.7627250950714
0.25 0.25 0.25 0.25
17.652124199572107
45.0
195.61307034381227 316.35080105331934
2
223.07992213764817 316.35080105331934
0.25 0.25 0.25 0.25
27.46685179383591
45.0
83.88068541384528 462.46708551449854
1
83.88068541384528 467.43076726264366
0.25 0.25 0.25 0.25
4.963681748145104
45.0
398.09780945427065 411.5518153921904
1
398.09780945427065 451.8872192977092
0.25 0.25 0.25 0.25
40.33540390551876
45.0
252.97606447348957 87.4513574835631
0
252.97606447348957 82.16687113073812
0.25 0.25 0.25 0.25
5.284486352824991
45.0
160.11574434564855 217.8036481092019
3
150.34427360622772 217.8036481092019
0.25 0.25 0.25 0.25
9.77147073942084
45.0
81.88430736565863 191.2771094388903
3
49.591389297277715 191.2771094388903
0.25 0.25 0.25 0.25
32.292918068380914
45.0
378.55245706329475 377.0360432750433
0
378.55245706329475 348.9863804381994
0.25 0.25 0.25 0.25
28.049662836843936
45.0
233.53643370362354 440.72005271866965
3
232.00883149819072 440.72005271866965
0.25 0.25 0.25 0.25
1.5276022054328209
45.0
62.71786144548907 376.983453059619
3
20.663145667286884 376.983453059619
0.25 0.25 0.25 0.25
42.05471577820219
45.0
283.31852564647755 5.604912456421806
1
283.31852564647755 17.690037734448715
0.25 0.25 0.25 0.25
12.08512527802691
45.0
382.8889516498779 360.27651415644846
3
364.55418764090473 360.27651415644846
0.25 0.25 0.25 0.25
18.334764008973202
45.0
311.18487926004093 131.29000907639238
2
332.1581090969171 131.29000907639238
0.25 0.25 0.25 0.25
20.973229836876172
45.0
354.14218313786546 14.061174679374759
3
309.28538964218257 14.061174679374759
0.25 0.25 0.25 0.25
44.856793495682886
45.0
389.1841394361047 393.2616667394145
0
389.1841394361047 386.62024773999
0.25 0.25 0.25 0.25
6.641418999424492
45.0
187.12159081821616 114.4734942495943
0
187.12159081821616 72.09112523078863
0.25 0.25 0.25 0.25
42.382369018805655
45.0
486.475482951147 495.73454773998225
2
486.8463655301158 495.73454773998225
0.25 0.25 0.25 0.25
0.37088257896878973
45.0
21.595113493734917 375.21143483199296
2
3.2565839302121375 375.21143483199296
0.25 0.25 0.25 0.25
24.851697423947055
45.0
276.4738417891153 50.66249163634655
0
276.4738417891153 32.64550103903419
0.25 0.25 0.25 0.25
18.016990597312365
45.0
24.301531398432196 22.12962787290236
2
56.644541822053185 22.12962787290236
0.25 0.25 0.25 0.25
32.34301042362099
45.0
215.85462840140173 267.0040524946407
1
215.85462840140173 298.04958832660975
0.25 0.25 0.25 0.25
31.045535831969083
45.0
485.14892535332046 302.58415639532024
0
485.14892535332046 280.4775073117838
0.25 0.25 0.25 0.25
22.10664908353642
45.0
37.82124312384349 431.24150674249927
2
55.06374375471127 431.24150674249927
0.25 0.25 0.25 0.25
17.242500630867784
45.0
177.31838268222808 238.50020011894625
3
145.09302195631915 238.50020011894625
0.25 0.25 0.25 0.25
32.22536072590892
45.0
