62785
196.03500340403025 79.84191608216895
2
349.6931774846573 79.84191608216895
0.25 0.25 0.25 0.25
153.65817408062708
45.0
464.077938811628 115.24540062581937
1
464.077938811628 281.9989812860316
0.25 0.25 0.25 0.25
166.75358066021224
45.0
281.22096208093603 181.89232241373963
1
281.22096208093603 282.6315691978898
0.25 0.25 0.25 0.25
100.73924678415015
45.0
464.3865959411693 122.12750495643787
3
361.31226975590675 122.12750495643787
0.25 0.25 0.25 0.25
103.0743261852625
45.0
87.70814224243077 202.7389705508972
1
87.70814224243077 329.6758030838737
0.25 0.25 0.25 0.25
126.9368325329765
45.0
63.73020928619468 54.720372294671336
1
63.73020928619468 109.39485614851932
0.25 0.25 0.25 0.25
164.11522844319066
45.0
491.4371395885267 277.60146930468323
0
491.4371395885267 159.85107873082768
0.25 0.25 0.25 0.25
117.75039057385555
45.0
156.36967508299728 79.84680007026559
1
156.36967508299728 171.85834833657043
0.25 0.25 0.25 0.25
92.01154826630484
45.0
267.93882818935344 103.59179764243186
1
267.93882818935344 57.457381509115635
0.25 0.25 0.25 0.25
161.0491791515475
45.0
398.8054109053123 175.2365840733994
0
398.8054109053123 57.39684345369798
0.25 0.25 0.25 0.25
117.83974061970142
45.0
89.83244526026726 67.82896878891813
1
89.83244526026726 239.10912792009123
0.25 0.25 0.25 0.25
171.2801591311731
45.0
323.99955416912724 39.58513313581557
2
470.6732037601264 39.58513313581557
0.25 0.25 0.25 0.25
146.67364959099916
45.0
212.7603545094723 321.30926675984756
0
212.7603545094723 147.37696601699517
0.25 0.25 0.25 0.25
173.9323007428524
45.0
323.6587871332429 383.13323334166387
3
197.9352212014545 383.13323334166387
0.25 0.25 0.25 0.25
125.72356593178841
45.0
50.005909219181945 87.1498067718361
2
203.69487702738837 87.1498067718361
0.25 0.25 0.25 0.25
153.68896780820643
45.0
270.67863788261656 130.20274103601002
1
270.67863788261656 294.7282447431193
0.25 0.25 0.25 0.25
164.5255037071093
45.0
420.53414187291503 207.13159950746092
0
420.53414187291503 97.19031928875529
0.25 0.25 0.25 0.25
109.94128021870563
45.0
404.0434812010826 470.2286559319066
0
404.0434812010826 412.02899058959997
0.25 0.25 0.25 0.25
117.74235347849344
45.0
3.5472555645882267 67.57479923499307
2
169.6601687012555 67.57479923499307
0.25 0.25 0.25 0.25
173.2074242658437
45.0
169.18793152799526 498.20636181361465
2
320.5721459009411 498.20636181361465
0.25 0.25 0.25 0.25
151.38421437294585
45.0
355.276999015482 338.2009223731999
2
389.9191076898552 338.2009223731999
0.25 0.25 0.25 0.25
34.64210867437321
45.0
41.81826944447822 150.7326463518437
3
34.14352992225005 150.7326463518437
0.25 0.25 0.25 0.25
7.674739522228164
45.0
496.9571247187504 139.54577627463536
1
496.9571247187504 145.81507046074222
0.25 0.25 0.25 0.25
6.269294186106849
45.0
407.81537836185527 402.9691943746508
0
407.81537836185527 385.2009013472331
0.25 0.25 0.25 0.25
17.768293027417663
45.0
317.583981242536 439.15116351220314
2
335.2361054421081 439.15116351220314
0.25 0.25 0.25 0.25
17.652124199572107
45.0
454.00807191024256 40.718272266547444
3
426.54122011640663 40.718272266547444
0.25 0.25 0.25 0.25
27.46685179383591
45.0
40.21135828978235 463.07768826332466
2
45.17504003792746 463.07768826332466
0.25 0.25 0.25 0.25
4.963681748145104
45.0
398.09780945427065 169.53939195907776
0
398.09780945427065 129.203988053559
0.25 0.25 0.25 0.25
40.33540390551876
45.0
268.8295235319646 39.890980308138204
1
268.8295235319646 45.175466660963195
0.25 0.25 0.25 0.25
5.284486352824991
45.0
267.6019224792778 188.4892358909394
2
277.37339321869865 188.4892358909394
0.25 0.25 0.25 0.25
9.77147073942084
45.0
372.52056998108685 288.15586364403305
1
372.52056998108685 320.44878171241396
0.25 0.25 0.25 0.25
32.292918068380914
45.0
70.24214832620822 398.5666540302052
0
70.24214832620822 370.51699119336126
0.25 0.25 0.25 0.25
28.049662836843936
45.0
253.3952623742503 411.69561081544646
2
254.92286457968314 411.69561081544646
0.25 0.25 0.25 0.25
1.5276022054328209
45.0
264.4066861032759 286.5788207147634
1
264.4066861032759 328.6335364929656
0.25 0.25 0.25 0.25
42.05471577820219
45.0
319.5739014805583 151.501716157928
3
307.48877620253137 151.501716157928
0.25 0.25 0.25 0.25
12.08512527802691
45.0
254.54560358706556 451.95033420131443
0
254.54560358706556 433.61557019234124
0.25 0.25 0.25 0.25
18.334764008973202
45.0
3.413568293101534 278.1026179345255
1
3.413568293101534 299.07584777140164
0.25 0.25 0.25 0.25
20.973229836876172
45.0
40.14462866808521 107.35866271269745
0
40.14462866808521 62.501869217014566
0.25 0.25 0.25 0.25
44.856793495682886
45.0
409.1083964343782 440.7028582749729
1
409.1083964343782 447.3442772743974
0.25 0.25 0.25 0.25
6.641418999424492
45.0
212.32710338568597 326.3853393436226
3
169.9447343668803 326.3853393436226
0.25 0.25 0.25 0.25
42.382369018805655
45.0
489.44254358289743 490.1719142592032
2
489.81342616186623 490.1719142592032
0.25 0.25 0.25 0.25
0.37088257896878973
45.0
145.8536006134702 146.67421107089513
1
145.8536006134702 171.52590849484218
0.25 0.25 0.25 0.25
24.851697423947055
45.0
222.42286999717817 32.64550103903419
3
204.4058793998658 32.64550103903419
0.25 0.25 0.25 0.25
18.016990597312365
45.0
377.4413229260126 216.18769041462832
3
345.09831250239165 216.18769041462832
0.25 0.25 0.25 0.25
32.34301042362099
45.0
101.14358329527872 236.26737419385424
2
132.1891191272478 236.26737419385424
0.25 0.25 0.25 0.25
31.045535831969083
45.0
470.6377764796067 479.43734906361146
0
470.6377764796067 457.33069998007505
0.25 0.25 0.25 0.25
22.10664908353642
45.0
124.03374627818239 448.48400737336704
3
106.79124564731461 448.48400737336704
0.25 0.25 0.25 0.25
17.242500630867784
45.0
49.27295989595806 83.753407140143
2
81.49832062186698 83.753407140143
0.25 0.25 0.25 0.25
32.22536072590892
45.0
