72686
235.69228097748328 134.05540847950078
3
68.66075610769076 134.05540847950078
0.25 0.25 0.25 0.25
167.03152486979252
45.0
435.6197815587061 236.0440461514449
3
296.8011515915886 236.0440461514449
0.25 0.25 0.25 0.25
138.8186299671175
45.0
323.18191757176123 90.16283986535416
1
323.18191757176123 257.8033641073868
0.25 0.25 0.25 0.25
167.64052424203265
45.0
136.84899225393508 439.64278052037105
2
171.01236156619098 439.64278052037105
0.25 0.25 0.25 0.25
34.16336931225591
45.0
365.249038217338 196.6825164674616
0
365.249038217338 180.91768467732703
0.25 0.25 0.25 0.25
15.76483179013457
45.0
403.69556448107517 276.0320943591971
1
403.69556448107517 276.9167244868605
0.25 0.25 0.25 0.25
0.8846301276633994
45.0
496.2576857973946 65.8833842095282
0
496.2576857973946 26.08316028747914
0.25 0.25 0.25 0.25
39.800223922049064
45.0
346.5318220736077 406.30470746236995
1
346.5318220736077 432.9204942974063
0.25 0.25 0.25 0.25
26.615786835036374
45.0
323.6611550779487 202.29778737749194
3
292.40795844501923 202.29778737749194
0.25 0.25 0.25 0.25
31.253196632929477
45.0
8.251117993476626 8.946811749198005
2
55.356919759684324 8.946811749198005
0.25 0.25 0.25 0.25
47.1058017662077
45.0
93.17807020532305 337.2688294764071
0
93.17807020532305 328.53769606280713
0.25 0.25 0.25 0.25
8.731133413599995
45.0
76.24017469620978 8.847609832021064
1
76.24017469620978 35.92364313309259
0.25 0.25 0.25 0.25
44.77125296511365
45.0
398.88352468107894 310.5813122398262
0
398.88352468107894 281.2753412875391
0.25 0.25 0.25 0.25
29.305970952287097
45.0
340.82189954719126 375.91657644276586
0
340.82189954719126 327.665535593101
0.25 0.25 0.25 0.25
48.251040849664825
45.0
155.62454096599095 304.95926581905496
2
175.59147561894804 304.95926581905496
0.25 0.25 0.25 0.25
19.966934652957107
45.0
414.6081957275117 166.40269629113112
3
370.4159305468571 166.40269629113112
0.25 0.25 0.25 0.25
44.1922651806546
45.0
68.66267473888652 347.1017059306181
1
68.66267473888652 379.3787118045184
0.25 0.25 0.25 0.25
32.27700587390031
45.0
34.57683188661493 262.3453661834991
0
34.57683188661493 214.61619806781093
0.25 0.25 0.25 0.25
47.729168115688175
45.0
401.09639303876537 81.15230561787686
2
403.04681759107905 81.15230561787686
0.25 0.25 0.25 0.25
1.9504245523136787
45.0
224.5028454330111 146.4095104105744
0
224.5028454330111 98.64375606518536
0.25 0.25 0.25 0.25
47.76575434538905
45.0
282.2374656686762 455.01100128827414
0
282.2374656686762 417.12361627250743
0.25 0.25 0.25 0.25
37.887385015766704
45.0
166.96733685926552 277.8494645681592
3
165.78142366200103 277.8494645681592
0.25 0.25 0.25 0.25
1.1859131972644932
45.0
101.30761889161721 287.18102808848136
2
108.71965933774474 287.18102808848136
0.25 0.25 0.25 0.25
7.412040446127532
45.0
125.87848947354563 484.52329559312864
0
125.87848947354563 478.41067115141607
0.25 0.25 0.25 0.25
6.112624441712589
45.0
158.82056870033642 307.6061654357401
1
158.82056870033642 327.2017438333605
0.25 0.25 0.25 0.25
19.59557839762043
45.0
253.86128472972626 165.25630251928493
3
231.50204718058507 165.25630251928493
0.25 0.25 0.25 0.25
22.359237549141188
45.0
314.0230835722135 71.54790485516259
2
337.61817930861935 71.54790485516259
0.25 0.25 0.25 0.25
23.595095736405852
45.0
372.7027703137951 223.43148184771363
0
372.7027703137951 179.51637728874556
0.25 0.25 0.25 0.25
43.91510455896807
45.0
253.84425845550578 460.09781200067334
2
270.79841931144716 460.09781200067334
0.25 0.25 0.25 0.25
16.954160855941375
45.0
190.52287441427342 308.602812895172
3
173.74824093998055 308.602812895172
0.25 0.25 0.25 0.25
16.774633474292873
45.0
333.1295301234442 15.128184899273862
3
305.0791576898945 15.128184899273862
0.25 0.25 0.25 0.25
28.050372433549754
45.0
144.83237121544204 319.54385079967227
3
142.5345661788739 319.54385079967227
0.25 0.25 0.25 0.25
2.29780503656814
45.0
83.29932604251735 336.80902133590246
0
83.29932604251735 331.81894925796695
0.25 0.25 0.25 0.25
4.990072077935482
45.0
12.802068748826663 452.6818464379347
2
10.2050167021068 452.6818464379347
0.25 0.25 0.25 0.25
23.007085450933463
45.0
140.80774893539024 107.78132621048465
2
143.03670638638638 107.78132621048465
0.25 0.25 0.25 0.25
2.228957450996144
45.0
454.7950123775744 412.3371749313241
0
454.7950123775744 366.7890250322455
0.25 0.25 0.25 0.25
45.54814989907864
45.0
337.39486188128353 247.36229475887956
3
297.0617773357236 247.36229475887956
0.25 0.25 0.25 0.25
40.333084545559934
45.0
196.0330180949592 222.7733732837117
1
196.0330180949592 251.89176996117894
0.25 0.25 0.25 0.25
29.118396677467235
45.0
141.63564089493138 11.184519581893198
1
141.63564089493138 53.498037521273616
0.25 0.25 0.25 0.25
42.31351793938042
45.0
229.8008343321713 280.2612918462651
3
179.89139084165913 280.2612918462651
0.25 0.25 0.25 0.25
49.909443490512174
45.0
386.10959312470527 402.5719648324732
2
422.82931726095967 402.5719648324732
0.25 0.25 0.25 0.25
36.71972413625438
45.0
323.985952665018 13.425422536856352
2
335.7818855811064 13.425422536856352
0.25 0.25 0.25 0.25
11.795932916088425
45.0
52.70721810231043 350.91508573465813
3
38.053660475809764 350.91508573465813
0.25 0.25 0.25 0.25
14.653557626500662
45.0
92.76967522547687 374.86233782239754
0
92.76967522547687 357.8333452905721
0.25 0.25 0.25 0.25
17.028992531825477
45.0
486.4874563085169 91.16254795093465
1
486.4874563085169 128.1000556397101
0.25 0.25 0.25 0.25
36.93750768877545
45.0
240.72347564339077 61.59755011360107
3
231.60164993868253 61.59755011360107
0.25 0.25 0.25 0.25
9.121825704708247
45.0
427.23855442276624 319.74993947498433
3
392.9369482824899 319.74993947498433
0.25 0.25 0.25 0.25
34.30160614027636
45.0
138.59374200542612 313.7364796816744
1
138.59374200542612 349.6803388029794
0.25 0.25 0.25 0.25
35.943859121305
45.0
