42468
197.0909152700592 246.0313490237986
0.033592770755121903 0.2494791966739952 0.6580444899512433 0.05888354261963961
194.59079657028542
45.0
97.28819421440744 165.88840520891472
0.26588331449512276 0.3593550703549488 0.29384272657990895 0.08091888857001943
223.81234863014888
45.0
95.14084758078661 299.79399313139766
0.45022547353928627 0.17698926524262346 0.3436197065149142 0.02916555470317611
244.35255257205642
45.0
220.59396062526906 346.96771148209854
0.10922018898978651 0.24665625594642615 0.3597859320081641 0.2843376230556231
31.015731245344604
45.0
299.07567482067003 414.22119835332944
0.37656750992464694 0.22440774850508385 0.11382248431927913 0.2852022572509901
25.249300691857467
45.0
296.6981576775967 38.88094753631793
0.4767235629509114 0.44627762011474836 0.05449355556618359 0.02250526136815655
1.0758830768368255
45.0
33.84965492790798 97.77972164620496
0.013513925044693528 0.05132621451694117 0.5595519000020418 0.37560796043632355
30.6751027583399
45.0
173.90961713667423 102.11479540087316
0.2813767169215939 0.28072747913982865 0.3093794479589092 0.12851635597966826
74.5633842855259
45.0
73.35585053724513 453.0000439743659
0.3213479533357163 0.027571598094671967 0.24992494420609213 0.4011555043635195
5.311835322393366
45.0
348.23612676340395 45.35909834018116
0.35987808916754693 0.24180603558156993 0.1547833377591918 0.2435325374916913
50.44554064073126
45.0
434.58278041562687 378.5204574915597
0.4338137943656233 0.19561399244536623 0.12050878749434389 0.2500634256946666
2.2188773091264324
45.0
235.15798836865162 351.84277154633463
0.3214469648276222 0.31191963669986134 0.1225399654184078 0.24409343305410872
24.092193368312486
45.0
466.1460655527587 50.594134771585225
0.3014972624006427 0.4462305294392684 0.22768700997907446 0.02458519818101435
50.26301357817987
45.0
199.57799720715366 486.5450219949728
0.08617561200234482 0.345775386260045 0.5053178929977021 0.06273110873990809
32.91351092033285
45.0
81.41186047481098 144.53493457599154
0.04946710515024243 0.05243806732956138 0.430352585977759 0.4677422415424371
65.6920587285703
45.0
212.2346193926304 214.34357055072923
0.016669679709323332 0.20601114626587208 0.26019827085480385 0.5171209031700008
73.03709930877515
45.0
363.054977105278 99.72015318302039
0.3218085182827902 0.19848686816283898 0.37469087975246407 0.10501373380190676
0.11914768460457026
45.0
273.49340581591173 125.24043416212663
0.1669545858436753 0.3889455392835292 0.3051092198523657 0.13899065502042968
87.43052126589058
45.0
388.01385143220296 488.3557330250984
0.2877116803599616 0.2831954938877107 0.293249333008871 0.13584349274345678
25.20355867691282
45.0
190.74152634775743 159.52036773706234
0.32554026713673767 0.2230907025854364 0.18152344949178628 0.2698455807860397
67.9232176662987
45.0
290.65145744664954 155.08132487230665
0.1560389089126794 0.32922438538156273 0.14741249183601218 0.3673242138697457
34.19980545157678
45.0
191.4661545079833 209.01120479460465
0.2683434792115735 0.24490726371721452 0.20315569182548396 0.283593565245728
49.2055384669849
45.0
268.34873806168815 181.80567881283983
0.5014410564277202 0.2093428574367539 0.11595239861948581 0.17326368751604013
26.78478114532512
45.0
47.681582195601 456.91131209888204
0.26297447951983627 0.25522335797856355 0.21346000948027236 0.2683421530213279
34.07329853276817
45.0
455.3800308815984 273.0584096868288
0.3144026982759831 0.005141571059808491 0.16275451873506577 0.5177012119291426
62.35103109433396
45.0
158.99618117406516 151.1919257467398
0.05052319456362969 0.2383830829131045 0.31704843115373976 0.394045291369526
77.88340301254021
45.0
157.88465470789413 132.87061435574083
0.17264695890149329 0.030745666831300415 0.41894542864664003 0.3776619456205663
76.91023917412531
45.0
78.81920241933653 164.16619871198355
0.23937010795314262 0.08766002836387754 0.37574787025949596 0.2972219934234839
90.69330781111066
45.0
320.6250677568918 359.7137075729461
0.17309614784803687 0.35207642883981216 0.33150283577889345 0.14332458753325752
83.76257368822982
45.0
490.93379809463204 172.85130883528063
0.02047429976640965 0.4969325028984494 0.3582766741584082 0.12431652317673274
80.51792008029814
45.0
257.2664142587154 276.11128364236237
0.34887655737326406 0.26162566423195266 0.2807548630387907 0.10874291535599254
44.371558740727345
45.0
203.4053757368671 300.9418285388819
0.18304649060334863 0.29340003106579915 0.26458662646611525 0.25896685186473695
20.765316488566
45.0
232.991094061266 68.7300927487845
0.31346771409958263 0.130845310725471 0.22711450451012474 0.32857247066482154
98.57441083331756
45.0
86.04576741542371 131.066974323936
0.1005740617222906 0.036342203130378156 0.05919080633232375 0.8038929288150076
83.32724485497846
45.0
152.41716751213232 298.68210831868646
0.15980786877311157 0.45367425320931015 0.3564573193511868 0.030060558666391398
27.665072019032543
45.0
302.4714525974152 23.551400707290593
0.17827391664687692 0.13890520830345138 0.3689148636975633 0.31390601135210844
10.469117908647963
45.0
240.0692453587812 322.10876142091166
0.5604954170969505 0.14338028826791632 0.05498930141818974 0.24113499321694343
2.232548561046599
45.0
338.93927977789906 400.0944622437446
0.3244573676550345 0.442565862389845 0.08996999949786182 0.14300677045725868
67.21576741035074
45.0
325.9483738190634 420.2932626383847
0.31272161062681597 0.17809260854731387 0.36163894344089537 0.14754683738497482
24.259938709787864
45.0
284.3827619109038 17.766356106668514
0.07593247692351063 0.2784371912323902 0.41864286489817903 0.22698746694592015
25.45170228797654
45.0
318.92917498068897 65.43413549074552
0.2028783627253889 0.3129494231336077 0.26157487597103185 0.22259733816997157
7.615879556885341
45.0
244.97740733033243 123.4960018679872
0.2579612630378515 0.3649797294679163 0.25568207114955693 0.12137693634467532
34.501878113794604
45.0
21.985064375595712 131.0085499497069
0.35424786609273295 0.37513318383485256 0.2296836442984351 0.04093530577397945
39.50000227257316
45.0
405.38172012319046 137.15730313994993
0.027374814087326435 0.13088779738942977 0.37798634095536865 0.46375104756787516
19.61804613454682
45.0
440.3667878479843 477.8423278895322
0.1264626923334511 0.22055761754528655 0.2989550047057161 0.3540246854155463
47.0080969782427
45.0
441.2520075585791 131.90233745690432
0.172385660705186 0.3729624264841373 0.36122549531227405 0.09342641749840269
39.47757024034878
45.0
80.6313514485679 451.7997721433869
0.2566431743156261 0.3505949301497651 0.15980286515689723 0.2329590303777115
88.2041518969806
45.0
199.77100421163107 497.9774739367374
0.3447000674654888 0.14363496317178798 0.404988850307309 0.10667611905541417
91.68783910597482
45.0
