42468
102.0785380014554 224.25400840550083
0.033592770755121903 0.2494791966739952 0.6580444899512433 0.05888354261963961
194.59079657028542
45.0
483.09569900932047 89.76007507219
0.26588331449512276 0.3593550703549488 0.29384272657990895 0.08091888857001943
223.81234863014888
45.0
444.17208019679276 116.05104909623788
0.45022547353928627 0.17698926524262346 0.3436197065149142 0.02916555470317611
244.35255257205642
45.0
313.64115436130294 215.4081863517476
0.10922018898978651 0.24665625594642615 0.3597859320081641 0.2843376230556231
31.015731245344604
45.0
137.60784299522686 181.99147828946315
0.37656750992464694 0.22440774850508385 0.11382248431927913 0.2852022572509901
25.249300691857467
45.0
314.9881699838226 28.12211676794969
0.4767235629509114 0.44627762011474836 0.05449355556618359 0.02250526136815655
1.0758830768368255
45.0
454.1027376781051 373.8556464712641
0.013513925044693528 0.05132621451694117 0.5595519000020418 0.37560796043632355
30.6751027583399
45.0
388.8674557037699 49.49510111402856
0.2813767169215939 0.28072747913982865 0.3093794479589092 0.12851635597966826
74.5633842855259
45.0
419.3126261878371 144.9135952755497
0.3213479533357163 0.027571598094671967 0.24992494420609213 0.4011555043635195
5.311835322393366
45.0
339.32531394877856 385.11166360336193
0.35987808916754693 0.24180603558156993 0.1547833377591918 0.2435325374916913
50.44554064073126
45.0
379.11084768746656 272.0143466534919
0.4338137943656233 0.19561399244536623 0.12050878749434389 0.2500634256946666
2.2188773091264324
45.0
229.22192763408924 207.28961133645967
0.3214469648276222 0.31191963669986134 0.1225399654184078 0.24409343305410872
24.092193368312486
45.0
177.71866299267344 8.221528538801763
0.3014972624006427 0.4462305294392684 0.22768700997907446 0.02458519818101435
50.26301357817987
45.0
201.00482715244948 230.9611007726133
0.08617561200234482 0.345775386260045 0.5053178929977021 0.06273110873990809
32.91351092033285
45.0
424.4912731891079 78.84287584742124
0.04946710515024243 0.05243806732956138 0.430352585977759 0.4677422415424371
65.6920587285703
45.0
60.37965395387255 270.64204635785984
0.016669679709323332 0.20601114626587208 0.26019827085480385 0.5171209031700008
73.03709930877515
45.0
367.58258912025167 96.97975643711527
0.3218085182827902 0.19848686816283898 0.37469087975246407 0.10501373380190676
0.11914768460457026
45.0
284.3953949313948 272.7391997341871
0.1669545858436753 0.3889455392835292 0.3051092198523657 0.13899065502042968
87.43052126589058
45.0
366.88146629354674 89.16996773274971
0.2877116803599616 0.2831954938877107 0.293249333008871 0.13584349274345678
25.20355867691282
45.0
60.584302356588864 233.1327967447898
0.32554026713673767 0.2230907025854364 0.18152344949178628 0.2698455807860397
67.9232176662987
45.0
409.6621576099272 317.8747102259168
0.1560389089126794 0.32922438538156273 0.14741249183601218 0.3673242138697457
34.19980545157678
45.0
215.30000049843667 455.0388971295291
0.2683434792115735 0.24490726371721452 0.20315569182548396 0.283593565245728
49.2055384669849
45.0
446.9313643177868 333.65577978540705
0.5014410564277202 0.2093428574367539 0.11595239861948581 0.17326368751604013
26.78478114532512
45.0
298.06901447470153 127.27780476272284
0.26297447951983627 0.25522335797856355 0.21346000948027236 0.2683421530213279
34.07329853276817
45.0
154.3506366178833 407.29448183812315
0.3144026982759831 0.005141571059808491 0.16275451873506577 0.5177012119291426
62.35103109433396
45.0
146.51194201104244 299.22762817310706
0.05052319456362969 0.2383830829131045 0.31704843115373976 0.394045291369526
77.88340301254021
45.0
465.52561140439536 94.83272160960564
0.17264695890149329 0.030745666831300415 0.41894542864664003 0.3776619456205663
76.91023917412531
45.0
213.67235709711113 168.91342686754896
0.23937010795314262 0.08766002836387754 0.37574787025949596 0.2972219934234839
90.69330781111066
45.0
247.1642625861779 40.11606559630067
0.17309614784803687 0.35207642883981216 0.33150283577889345 0.14332458753325752
83.76257368822982
45.0
406.47140050357643 483.089556624201
0.02047429976640965 0.4969325028984494 0.3582766741584082 0.12431652317673274
80.51792008029814
45.0
11.582912851080039 477.42322630927026
0.34887655737326406 0.26162566423195266 0.2807548630387907 0.10874291535599254
44.371558740727345
45.0
182.6400592483011 174.71752533306977
0.18304649060334863 0.29340003106579915 0.26458662646611525 0.25896685186473695
20.765316488566
45.0
282.8867148951517 125.75365941608246
0.31346771409958263 0.130845310725471 0.22711450451012474 0.32857247066482154
98.57441083331756
45.0
420.26801858856857 47.84932207934526
0.1005740617222906 0.036342203130378156 0.05919080633232375 0.8038929288150076
83.32724485497846
45.0
61.30713682537829 347.92614138450926
0.15980786877311157 0.45367425320931015 0.3564573193511868 0.030060558666391398
27.665072019032543
45.0
302.4714525974152 408.39110371216316
0.17827391664687692 0.13890520830345138 0.3689148636975633 0.31390601135210844
10.469117908647963
45.0
161.93004572215023 134.57468229299735
0.5604954170969505 0.14338028826791632 0.05498930141818974 0.24113499321694343
2.232548561046599
45.0
292.97662933983213 13.272880092162268
0.3244573676550345 0.442565862389845 0.08996999949786182 0.14300677045725868
67.21576741035074
45.0
29.486596402911854 289.5348561838999
0.31272161062681597 0.17809260854731387 0.36163894344089537 0.14754683738497482
24.259938709787864
45.0
98.83723512615342 163.09295906561306
0.07593247692351063 0.2784371912323902 0.41864286489817903 0.22698746694592015
25.45170228797654
45.0
318.92917498068897 271.06288352664984
0.2028783627253889 0.3129494231336077 0.26157487597103185 0.22259733816997157
7.615879556885341
45.0
193.50182280966214 20.54483282664654
0.2579612630378515 0.3649797294679163 0.25568207114955693 0.12137693634467532
34.501878113794604
45.0
62.48515300594932 131.0085499497069
0.35424786609273295 0.37513318383485256 0.2296836442984351 0.04093530577397945
39.50000227257316
45.0
473.7847051631603 127.60845650362059
0.027374814087326435 0.13088779738942977 0.37798634095536865 0.46375104756787516
19.61804613454682
45.0
406.18865432664506 153.04475234559948
0.1264626923334511 0.22055761754528655 0.2989550047057161 0.3540246854155463
47.0080969782427
45.0
178.2650981339251 13.617295869111288
0.172385660705186 0.3729624264841373 0.36122549531227405 0.09342641749840269
39.47757024034878
45.0
404.7524654059365 274.3326328467661
0.2566431743156261 0.3505949301497651 0.15980286515689723 0.2329590303777115
88.2041518969806
45.0
367.2845684506241 422.15174880371933
0.3447000674654888 0.14363496317178798 0.404988850307309 0.10667611905541417
91.68783910597482
45.0
