42468
485.2888201145538 175.43065063863014
0.033592770755121903 0.2494791966739952 0.6580444899512433 0.05888354261963961
194.59079657028542
45.0
68.96252503735982 132.69348808620956
0.26588331449512276 0.3593550703549488 0.29384272657990895 0.08091888857001943
223.81234863014888
45.0
94.03033966429109 255.72492162434457
0.45022547353928627 0.17698926524262346 0.3436197065149142 0.02916555470317611
244.35255257205642
45.0
492.2389416843982 300.95877993880896
0.10922018898978651 0.24665625594642615 0.3597859320081641 0.2843376230556231
31.015731245344604
45.0
481.1260250069329 348.76455545816697
0.37656750992464694 0.22440774850508385 0.11382248431927913 0.2852022572509901
25.249300691857467
45.0
316.06405306065943 2.300922923865886
0.4767235629509114 0.44627762011474836 0.05449355556618359 0.02250526136815655
1.0758830768368255
45.0
9.33462248687863 180.60667405466313
0.013513925044693528 0.05132621451694117 0.5595519000020418 0.37560796043632355
30.6751027583399
45.0
371.40282712480587 369.69232825481345
0.2813767169215939 0.28072747913982865 0.3093794479589092 0.12851635597966826
74.5633842855259
45.0
376.81794360869 267.7732873856196
0.3213479533357163 0.027571598094671967 0.24992494420609213 0.4011555043635195
5.311835322393366
45.0
137.5431513858535 224.8642288665427
0.35987808916754693 0.24180603558156993 0.1547833377591918 0.2435325374916913
50.44554064073126
45.0
343.60881074144396 145.53834003328498
0.4338137943656233 0.19561399244536623 0.12050878749434389 0.2500634256946666
2.2188773091264324
45.0
464.2078005826519 255.47399807308463
0.3214469648276222 0.31191963669986134 0.1225399654184078 0.24409343305410872
24.092193368312486
45.0
487.1871518071491 69.00508524417683
0.3014972624006427 0.4462305294392684 0.22768700997907446 0.02458519818101435
50.26301357817987
45.0
255.66400654839617 67.82037611624492
0.08617561200234482 0.345775386260045 0.5053178929977021 0.06273110873990809
32.91351092033285
45.0
409.87215411766266 341.6111107617025
0.04946710515024243 0.05243806732956138 0.430352585977759 0.4677422415424371
65.6920587285703
45.0
431.04407883796705 57.3115152527421
0.016669679709323332 0.20601114626587208 0.26019827085480385 0.5171209031700008
73.03709930877515
45.0
374.49315482731674 94.4776550604193
0.3218085182827902 0.19848686816283898 0.37469087975246407 0.10501373380190676
0.11914768460457026
45.0
431.89416050345517 81.41786935816828
0.1669545858436753 0.3889455392835292 0.3051092198523657 0.13899065502042968
87.43052126589058
45.0
223.80246130858296 416.8162305326165
0.2877116803599616 0.2831954938877107 0.293249333008871 0.13584349274345678
25.20355867691282
45.0
313.42890802730324 282.20774941660807
0.32554026713673767 0.2230907025854364 0.18152344949178628 0.2698455807860397
67.9232176662987
45.0
110.06955045000988 220.0667337405643
0.1560389089126794 0.32922438538156273 0.14741249183601218 0.3673242138697457
34.19980545157678
45.0
18.47784663049709 102.6555125304838
0.2683434792115735 0.24490726371721452 0.20315569182548396 0.283593565245728
49.2055384669849
45.0
152.2987717192106 244.44285045004827
0.5014410564277202 0.2093428574367539 0.11595239861948581 0.17326368751604013
26.78478114532512
45.0
161.77582034362885 297.6442974265637
0.26297447951983627 0.25522335797856355 0.21346000948027236 0.2683421530213279
34.07329853276817
45.0
37.99083314651352 480.37127414041186
0.3144026982759831 0.005141571059808491 0.16275451873506577 0.5177012119291426
62.35103109433396
45.0
425.3459721364446 303.9807637374166
0.05052319456362969 0.2383830829131045 0.31704843115373976 0.394045291369526
77.88340301254021
45.0
426.65326497640524 402.97435051521984
0.17264695890149329 0.030745666831300415 0.41894542864664003 0.3776619456205663
76.91023917412531
45.0
22.791285163759085 450.4878066120117
0.23937010795314262 0.08766002836387754 0.37574787025949596 0.2972219934234839
90.69330781111066
45.0
97.66721011537112 476.9570289431027
0.17309614784803687 0.35207642883981216 0.33150283577889345 0.14332458753325752
83.76257368822982
45.0
432.36740451848397 225.75788634027674
0.02047429976640965 0.4969325028984494 0.3582766741584082 0.12431652317673274
80.51792008029814
45.0
108.95902751726425 489.3360801612695
0.34887655737326406 0.26162566423195266 0.2807548630387907 0.10874291535599254
44.371558740727345
45.0
473.3544900882249 359.97296945574743
0.18304649060334863 0.29340003106579915 0.26458662646611525 0.25896685186473695
20.765316488566
45.0
191.44024989524635 478.50045858333306
0.31346771409958263 0.130845310725471 0.22711450451012474 0.32857247066482154
98.57441083331756
45.0
254.59986237210114 464.5951389646253
0.1005740617222906 0.036342203130378156 0.05919080633232375 0.8038929288150076
83.32724485497846
45.0
304.2066740244289 339.81132675485287
0.15980786877311157 0.45367425320931015 0.3564573193511868 0.030060558666391398
27.665072019032543
45.0
168.89057940009357 303.6999246256837
0.17827391664687692 0.13890520830345138 0.3689148636975633 0.31390601135210844
10.469117908647963
45.0
101.65123457389205 397.92453482205786
0.5604954170969505 0.14338028826791632 0.05498930141818974 0.24113499321694343
2.232548561046599
45.0
150.30858336386962 433.04050686478877
0.3244573676550345 0.442565862389845 0.08996999949786182 0.14300677045725868
67.21576741035074
45.0
121.18383834336618 255.8162045685667
0.31272161062681597 0.17809260854731387 0.36163894344089537 0.14754683738497482
24.259938709787864
45.0
355.00469299653514 435.67807346444044
0.07593247692351063 0.2784371912323902 0.41864286489817903 0.22698746694592015
25.45170228797654
45.0
494.0944047890513 14.771029346980063
0.2028783627253889 0.3129494231336077 0.26157487597103185 0.22259733816997157
7.615879556885341
45.0
228.55816622349994 90.10305435427895
0.2579612630378515 0.3649797294679163 0.25568207114955693 0.12137693634467532
34.501878113794604
45.0
102.98524163630293 447.00856813029225
0.35424786609273295 0.37513318383485256 0.2296836442984351 0.04093530577397945
39.50000227257316
45.0
493.40275129770714 137.67765600183805
0.027374814087326435 0.13088779738942977 0.37798634095536865 0.46375104756787516
19.61804613454682
45.0
376.26962410907186 358.1662070192398
0.1264626923334511 0.22055761754528655 0.2989550047057161 0.3540246854155463
47.0080969782427
45.0
46.91931255485146 105.92851860759622
0.172385660705186 0.3729624264841373 0.36122549531227405 0.09342641749840269
39.47757024034878
45.0
492.9566173029171 244.0488859622228
0.2566431743156261 0.3505949301497651 0.15980286515689723 0.2329590303777115
88.2041518969806
45.0
326.99411033898747 254.63818456472632
0.3447000674654888 0.14363496317178798 0.404988850307309 0.10667611905541417
91.68783910597482
45.0
