36402
105.2292933058512 129.5494831705
1
105.2292933058512 271.75853636788304
0.25 0.25 0.25 0.25
142.20905319738304
45.0
65.67216964652316 440.69722348754954
0
65.67216964652316 320.58725536891774
0.25 0.25 0.25 0.25
120.10996811863181
45.0
336.68140557524487 278.04266320984084
3
166.3319454828693 278.04266320984084
0.25 0.25 0.25 0.25
170.34946009237558
45.0
169.6661942936392 16.10011508318749
3
66.41282589730062 16.10011508318749
0.25 0.25 0.25 0.25
103.25336839633856
45.0
141.6625271651642 288.4635188000482
2
268.69777653880817 288.4635188000482
0.25 0.25 0.25 0.25
127.03524937364398
45.0
367.1864557235325 385.8279330857765
2
480.1760336524696 385.8279330857765
0.25 0.25 0.25 0.25
112.98957792893707
45.0
430.0883954530643 465.5502593564057
3
425.0960168667725 465.5502593564057
0.25 0.25 0.25 0.25
144.81558768016322
45.0
469.64413717002617 117.13396428397095
3
328.0515282717409 117.13396428397095
0.25 0.25 0.25 0.25
141.59260889828528
45.0
93.06546867707544 277.1048467410859
2
182.02902841617524 277.1048467410859
0.25 0.25 0.25 0.25
88.9635597390998
45.0
60.567710167564144 402.4138469754396
0
60.567710167564144 454.5581812673121
0.25 0.25 0.25 0.25
143.02797175724837
45.0
474.4973434596105 173.6764823287597
3
443.86944056339894 173.6764823287597
0.25 0.25 0.25 0.25
30.627902896211562
45.0
470.6876666985046 288.4577304358758
3
437.66940722677174 288.4577304358758
0.25 0.25 0.25 0.25
33.01825947173283
45.0
129.82206471377745 439.9231129020054
3
116.74178019906395 439.9231129020054
0.25 0.25 0.25 0.25
13.080284514713503
45.0
490.4305195824805 131.24883886576245
0
490.4305195824805 100.6890489976857
0.25 0.25 0.25 0.25
30.559789868076752
45.0
27.02272441163455 491.2001826083426
0
27.02272441163455 482.7155426993869
0.25 0.25 0.25 0.25
8.484639908955666
45.0
117.2781792937043 45.42995983740707
3
94.17400962660886 45.42995983740707
0.25 0.25 0.25 0.25
23.10416966709543
45.0
149.34760203234333 380.42082573660275
3
124.22739097849387 380.42082573660275
0.25 0.25 0.25 0.25
25.120211053849463
45.0
457.8808013066609 401.89244999001704
1
457.8808013066609 413.38675756114736
0.25 0.25 0.25 0.25
11.494307571130308
45.0
358.25344357325594 459.797138345291
0
358.25344357325594 440.3891437343999
0.25 0.25 0.25 0.25
19.407994610891084
45.0
327.71560272155455 113.20704334101279
0
327.71560272155455 83.37259548718578
0.25 0.25 0.25 0.25
29.83444785382701
45.0
330.0341145036124 57.82620957444761
1
330.0341145036124 97.05932658678145
0.25 0.25 0.25 0.25
39.23311701233384
45.0
472.99094215782065 120.40567578954096
1
472.99094215782065 130.93099826517408
0.25 0.25 0.25 0.25
10.52532247563312
45.0
392.95299623164203 188.9932498401867
2
412.3598698618659 188.9932498401867
0.25 0.25 0.25 0.25
19.406873630223835
45.0
498.98663850772203 249.6413928576095
3
476.03374024121945 249.6413928576095
0.25 0.25 0.25 0.25
24.979621251058532
45.0
49.59971605231206 496.27999152649903
3
18.752995763616983 496.27999152649903
0.25 0.25 0.25 0.25
30.846720288695078
45.0
226.5638753729839 71.0894374385783
1
226.5638753729839 87.31061735176047
0.25 0.25 0.25 0.25
16.221179913182176
45.0
438.46122368421254 123.94096682691526
1
438.46122368421254 132.8628356585852
0.25 0.25 0.25 0.25
8.921868831669938
45.0
376.85573117709896 98.36303860458435
0
376.85573117709896 49.85406492690195
0.25 0.25 0.25 0.25
48.5089736776824
45.0
280.1666030655085 237.13360415603745
1
280.1666030655085 270.1950230523837
0.25 0.25 0.25 0.25
33.06141889634626
45.0
136.6192500903912 313.1088523986494
0
136.6192500903912 301.70693045026536
0.25 0.25 0.25 0.25
11.401921948384008
45.0
203.69235728464872 145.75360843808858
2
210.13298093218293 145.75360843808858
0.25 0.25 0.25 0.25
6.440623647534216
45.0
20.977829919267887 146.6954814040106
0
20.977829919267887 144.5078649034692
0.25 0.25 0.25 0.25
2.1876165005413895
45.0
166.4922924136431 356.0879836882186
0
166.4922924136431 344.2662247615516
0.25 0.25 0.25 0.25
11.82175892666702
45.0
466.6476333852952 67.81600195521428
0
466.6476333852952 45.385828770226055
0.25 0.25 0.25 0.25
22.430173184988224
45.0
179.6027666386375 190.84368246599988
2
194.34373267116305 190.84368246599988
0.25 0.25 0.25 0.25
14.740966032525565
45.0
306.0021799757901 192.675202909783
3
293.0037075514078 192.675202909783
0.25 0.25 0.25 0.25
12.998472424382301
45.0
331.14223158928814 86.30685751121695
0
331.14223158928814 43.26861042674414
0.25 0.25 0.25 0.25
43.03824708447281
45.0
475.3217119113697 466.39066536930204
3
447.24644060565447 466.39066536930204
0.25 0.25 0.25 0.25
28.075271305715216
45.0
433.30226277390966 274.3619225223254
0
433.30226277390966 248.49917798521184
0.25 0.25 0.25 0.25
25.862744537113564
45.0
127.04105763492959 158.2700128768055
1
127.04105763492959 174.71672413490384
0.25 0.25 0.25 0.25
16.446711258098333
45.0
279.99962958418706 249.48438259262707
3
261.45208385115325 249.48438259262707
0.25 0.25 0.25 0.25
18.547545733033814
45.0
42.149831437106954 385.9521720603305
2
54.727310992720724 385.9521720603305
0.25 0.25 0.25 0.25
12.577479555613769
45.0
45.30122636852064 8.924195664516809
3
11.57524685452016 8.924195664516809
0.25 0.25 0.25 0.25
33.72597951400048
45.0
42.728496428757445 125.33942226057334
2
87.82755314350925 125.33942226057334
0.25 0.25 0.25 0.25
45.099056714751804
45.0
134.46203098675278 91.05744209730793
1
134.46203098675278 140.84891764677482
0.25 0.25 0.25 0.25
49.7914755494669
45.0
45.18471416716488 84.3475505972063
2
82.39192450311435 84.3475505972063
0.25 0.25 0.25 0.25
37.207210335949476
45.0
307.86377565083933 315.4977039067604
1
307.86377565083933 355.14040431608674
0.25 0.25 0.25 0.25
39.642700409326345
45.0
244.9471210539714 250.84853395200048
1
244.9471210539714 289.1740335671101
0.25 0.25 0.25 0.25
38.325499615109614
45.0
