37361
41.27022402566365 438.88391423166456
0
41.27022402566365 288.44715199392454
0.25 0.25 0.25 0.25
150.43676223774003
45.0
349.99937246183595 229.2413139983946
3
220.61619111933098 229.2413139983946
0.25 0.25 0.25 0.25
129.38318134250497
45.0
158.44448046155503 200.3030904621328
1
158.44448046155503 297.0101471104041
0.25 0.25 0.25 0.25
96.7070566482713
45.0
263.668423727025 59.12390720940428
0
263.668423727025 10.736822016747453
0.25 0.25 0.25 0.25
48.387085192656826
45.0
149.28354212031698 107.28874379250374
2
186.77824848004843 107.28874379250374
0.25 0.25 0.25 0.25
37.49470635973145
45.0
7.252946248650407 13.604791970158946
2
33.16930952004029 13.604791970158946
0.25 0.25 0.25 0.25
25.91636327138988
45.0
239.05330830015095 143.3511400748071
0
239.05330830015095 118.72991994665973
0.25 0.25 0.25 0.25
24.621220128147353
45.0
2.2509223012074386 372.9979488257048
0
2.2509223012074386 356.79016370288184
0.25 0.25 0.25 0.25
16.207785122822955
45.0
3.252325619132307 421.54617593922694
2
29.79223387679781 421.54617593922694
0.25 0.25 0.25 0.25
26.539908257665502
45.0
274.03312340870497 155.02161919445302
1
274.03312340870497 174.3484824502299
0.25 0.25 0.25 0.25
19.326863255776892
45.0
405.2605920122495 229.92397856469867
3
395.03731881348045 229.92397856469867
0.25 0.25 0.25 0.25
10.223273198769068
45.0
199.59872844625647 188.053682654966
0
199.59872844625647 139.9274669058985
0.25 0.25 0.25 0.25
48.12621574906749
45.0
419.4157773540205 174.57809785785344
2
442.0154799398705 174.57809785785344
0.25 0.25 0.25 0.25
22.599702585849947
45.0
100.64913623013298 48.64031037945486
3
50.844873658852435 48.64031037945486
0.25 0.25 0.25 0.25
49.804262571280546
45.0
114.13698907838376 278.27347854596553
2
147.02060505679123 278.27347854596553
0.25 0.25 0.25 0.25
32.88361597840746
45.0
317.2890905026873 406.39954786186433
0
317.2890905026873 358.96545698266283
0.25 0.25 0.25 0.25
47.43409087920152
45.0
250.24194375184632 50.103583068067806
3
238.09332735630943 50.103583068067806
0.25 0.25 0.25 0.25
12.148616395536898
45.0
209.08567042533343 37.337741770180976
2
212.27496124576993 37.337741770180976
0.25 0.25 0.25 0.25
3.1892908204365025
45.0
435.3248255774881 94.49153916102657
0
435.3248255774881 89.97852491927632
0.25 0.25 0.25 0.25
4.513014241750247
45.0
88.3717981331248 373.68975042380566
0
88.3717981331248 352.2677117906285
0.25 0.25 0.25 0.25
21.422038633177188
45.0
6.659235801049363 110.65854789132895
2
37.981186728807714 110.65854789132895
0.25 0.25 0.25 0.25
31.32195092775835
45.0
436.7883623318572 40.66733967787488
2
441.65497673065033 40.66733967787488
0.25 0.25 0.25 0.25
4.866614398793162
45.0
455.83097734086977 348.398468345954
2
467.2434757655342 348.398468345954
0.25 0.25 0.25 0.25
11.412498424664403
45.0
388.4329380551926 458.77314360065486
2
437.52073395529703 458.77314360065486
0.25 0.25 0.25 0.25
49.08779590010445
45.0
75.6990173353033 373.6070875069653
2
119.93321640666625 373.6070875069653
0.25 0.25 0.25 0.25
44.234199071362944
45.0
354.2553986497705 423.40229658783886
3
317.3616731694584 423.40229658783886
0.25 0.25 0.25 0.25
36.89372548031205
45.0
41.78747286316634 64.21758022783384
3
31.674979194175425 64.21758022783384
0.25 0.25 0.25 0.25
10.112493668990918
45.0
39.285207362221826 342.0143980725194
0
39.285207362221826 294.4152321389398
0.25 0.25 0.25 0.25
47.5991659335796
45.0
178.920558471954 244.75485137754077
3
148.0623921906104 244.75485137754077
0.25 0.25 0.25 0.25
30.858166281343575
45.0
498.54419919737205 35.44017179841893
3
494.8711521086241 35.44017179841893
0.25 0.25 0.25 0.25
6.584648694003875
45.0
143.12696275914385 128.5100997341129
3
128.51234637667773 128.5100997341129
0.25 0.25 0.25 0.25
14.614616382466128
45.0
185.67064729358503 410.3042339664278
0
185.67064729358503 393.2590241756275
0.25 0.25 0.25 0.25
17.045209790800307
45.0
44.61320427460003 4.589441178542012
1
44.61320427460003 10.072336134769795
0.25 0.25 0.25 0.25
14.661777313311807
45.0
471.85607819444294 294.09792337804396
1
471.85607819444294 302.03146526412763
0.25 0.25 0.25 0.25
7.9335418860836615
45.0
251.0157041854702 200.9325017519983
3
203.65980938626558 200.9325017519983
0.25 0.25 0.25 0.25
47.35589479920465
45.0
117.01075981701749 174.3178177631431
2
134.8088452933647 174.3178177631431
0.25 0.25 0.25 0.25
17.798085476347204
45.0
214.44561757425848 335.60349209626855
0
214.44561757425848 292.8040656824395
0.25 0.25 0.25 0.25
42.799426413829075
45.0
411.51559468215453 50.221326703486994
1
411.51559468215453 54.84722147088091
0.25 0.25 0.25 0.25
4.625894767393913
45.0
275.9644836226512 460.1691295946507
2
297.4395518274963 460.1691295946507
0.25 0.25 0.25 0.25
21.475068204845087
45.0
117.89084883263828 17.27487069546183
2
151.76297529711053 17.27487069546183
0.25 0.25 0.25 0.25
33.872126464472245
45.0
241.66056800717658 144.61534302868077
3
197.68295335775252 144.61534302868077
0.25 0.25 0.25 0.25
43.97761464942406
45.0
201.56588855015679 225.76995634088172
2
237.40940660956664 225.76995634088172
0.25 0.25 0.25 0.25
35.843518059409874
45.0
212.15273122669038 157.30223065884894
0
212.15273122669038 140.37400981418654
0.25 0.25 0.25 0.25
16.928220844662405
45.0
214.16954833463882 403.5197083974629
3
177.83078718627306 403.5197083974629
0.25 0.25 0.25 0.25
36.33876114836577
45.0
375.6123085390827 293.68604423936495
3
343.1097815960782 293.68604423936495
0.25 0.25 0.25 0.25
32.50252694300444
45.0
155.21263474178096 332.39836984887904
3
137.44314734725342 332.39836984887904
0.25 0.25 0.25 0.25
17.769487394527534
45.0
334.8821008815945 127.00523650774241
3
333.5612995676652 127.00523650774241
0.25 0.25 0.25 0.25
1.3208013139293595
45.0
251.76267350768117 6.169078712840378
0
251.76267350768117 1.0979727728885518
0.25 0.25 0.25 0.25
5.071105939951826
45.0
