37361
303.92539135919606 118.54104380991589
1
303.92539135919606 31.895718427824136
0.25 0.25 0.25 0.25
150.43676223774003
45.0
220.61619111933098 229.03913150919956
2
349.99937246183595 229.03913150919956
0.25 0.25 0.25 0.25
129.38318134250497
45.0
292.16136926251454 297.0101471104041
1
292.16136926251454 393.7172037586754
0.25 0.25 0.25 0.25
96.7070566482713
45.0
70.12008295639771 59.12390720940428
1
70.12008295639771 107.5109924020611
0.25 0.25 0.25 0.25
48.387085192656826
45.0
288.29586248371095 444.74110103008695
2
325.79056884344243 444.74110103008695
0.25 0.25 0.25 0.25
37.49470635973145
45.0
395.9983953194985 167.8097509295702
2
421.91475859088837 167.8097509295702
0.25 0.25 0.25 0.25
25.91636327138988
45.0
239.0533083001509 462.70933787483534
3
214.43208817200355 462.70933787483534
0.25 0.25 0.25 0.25
24.621220128147353
45.0
261.5754842663746 210.92009759747538
1
261.5754842663746 227.12788272029832
0.25 0.25 0.25 0.25
16.207785122822955
45.0
56.33214213446331 262.30672639323393
1
56.33214213446331 288.84663465089943
0.25 0.25 0.25 0.25
26.539908257665502
45.0
196.72567038559743 155.02161919445302
2
216.0525336413743 155.02161919445302
0.25 0.25 0.25 0.25
19.326863255776892
45.0
292.80458682578995 453.1545522734607
1
292.80458682578995 463.37782547222974
0.25 0.25 0.25 0.25
10.223273198769068
45.0
477.7054922102441 177.40315192454858
3
429.57927646117656 177.40315192454858
0.25 0.25 0.25 0.25
48.12621574906749
45.0
329.01696701062065 283.02904008174744
3
306.4172644247707 283.02904008174744
0.25 0.25 0.25 0.25
22.599702585849947
45.0
98.5679140549892 254.10001362261733
3
48.76365148370866 254.10001362261733
0.25 0.25 0.25 0.25
49.804262571280546
45.0
297.94716430105285 489.06669506418615
2
330.8307802794603 489.06669506418615
0.25 0.25 0.25 0.25
32.88361597840746
45.0
317.2890905026873 216.66318434505826
1
317.2890905026873 264.09727522425976
0.25 0.25 0.25 0.25
47.43409087920152
45.0
381.4861088160724 22.788115305153582
3
369.33749242053545 22.788115305153582
0.25 0.25 0.25 0.25
12.148616395536898
45.0
180.38205304140496 66.04135915410951
2
183.57134386184146 66.04135915410951
0.25 0.25 0.25 0.25
3.1892908204365025
45.0
498.5070249619913 193.77785247953207
3
493.9940107202411 193.77785247953207
0.25 0.25 0.25 0.25
4.513014241750247
45.0
232.95878136453297 223.7354799915654
1
232.95878136453297 245.15751862474258
0.25 0.25 0.25 0.25
21.422038633177188
45.0
163.2689904398411 392.55610624115394
3
131.94703951208277 392.55610624115394
0.25 0.25 0.25 0.25
31.32195092775835
45.0
373.5223751475461 16.334267683909076
3
368.6557607487529 16.334267683909076
0.25 0.25 0.25 0.25
4.866614398793162
45.0
478.6559741901986 257.0984809486386
3
467.2434757655342 257.0984809486386
0.25 0.25 0.25 0.25
11.412498424664403
45.0
339.3451421550882 151.64673629574614
1
339.3451421550882 200.7345321958506
0.25 0.25 0.25 0.25
49.08779590010445
45.0
57.00357987878554 405.2219171362201
2
101.23777895014848 405.2219171362201
0.25 0.25 0.25 0.25
44.234199071362944
45.0
95.99932028758613 271.9579826350161
0
95.99932028758613 235.06425715470405
0.25 0.25 0.25 0.25
36.89372548031205
45.0
254.14983991197556 54.10508655884291
3
244.03734624298465 54.10508655884291
0.25 0.25 0.25 0.25
10.112493668990918
45.0
55.91312450493737 38.77892939611738
1
55.91312450493737 86.37809532969698
0.25 0.25 0.25 0.25
47.5991659335796
45.0
258.9563783189793 28.747687408135725
1
258.9563783189793 2.1104788732078497
0.25 0.25 0.25 0.25
30.858166281343575
45.0
419.52841486932556 9.10157702240343
0
419.52841486932556 2.516928328399554
0.25 0.25 0.25 0.25
6.584648694003875
45.0
3.0192010655174 11.59316867438391
1
3.0192010655174 26.20778505685004
0.25 0.25 0.25 0.25
14.614616382466128
45.0
270.89669624758653 231.74636042676593
1
270.89669624758653 248.79157021756623
0.25 0.25 0.25 0.25
17.045209790800307
45.0
87.34279154520624 127.36655464126426
0
87.34279154520624 112.70477732795246
0.25 0.25 0.25 0.25
14.661777313311807
45.0
472.60912860297134 302.03146526412763
0
472.60912860297134 294.09792337804396
0.25 0.25 0.25 0.25
7.9335418860836615
45.0
351.25370300058205 183.44086585834145
2
398.6095977997867 183.44086585834145
0.25 0.25 0.25 0.25
47.35589479920465
45.0
473.6332742269971 441.289099908351
1
473.6332742269971 459.08718538469816
0.25 0.25 0.25 0.25
17.798085476347204
45.0
401.25651571150615 450.3993758345862
2
444.0559421253352 450.3993758345862
0.25 0.25 0.25 0.25
42.799426413829075
45.0
388.386120845185 37.670673876997355
0
388.386120845185 33.04477910960344
0.25 0.25 0.25 0.25
4.625894767393913
45.0
469.2400974662572 162.60784834585706
3
447.7650292614121 162.60784834585706
0.25 0.25 0.25 0.25
21.475068204845087
45.0
185.63510176158277 85.01912362440632
0
185.63510176158277 51.146997159934074
0.25 0.25 0.25 0.25
33.872126464472245
45.0
285.63818265660063 195.72043722995812
0
285.63818265660063 151.74282258053407
0.25 0.25 0.25 0.25
43.97761464942406
45.0
300.24336428158136 132.665224253217
0
300.24336428158136 96.82170619380712
0.25 0.25 0.25 0.25
35.843518059409874
45.0
143.33990651122014 38.804684746212104
0
143.33990651122014 21.876463901549698
0.25 0.25 0.25 0.25
16.928220844662405
45.0
323.1858317797362 422.373157391587
2
359.524592928102 422.373157391587
0.25 0.25 0.25 0.25
36.33876114836577
45.0
201.85484120185936 221.10265512021806
1
201.85484120185936 253.60518206322251
0.25 0.25 0.25 0.25
32.50252694300444
45.0
146.8686509651871 472.1372688113183
3
129.09916357065956 472.1372688113183
0.25 0.25 0.25 0.25
17.769487394527534
45.0
336.20290219552385 146.8172562166829
3
334.8821008815945 146.8172562166829
0.25 0.25 0.25 0.25
1.3208013139293595
45.0
201.05161410816297 3.973133167063274
1
201.05161410816297 1.0979727728885518
0.25 0.25 0.25 0.25
5.071105939951826
45.0
