52456
258.12484657639084 428.05843989414666
0
258.12484657639084 419.4546673751063
0.25 0.25 0.25 0.25
152.4868927307471
45.0
438.9992996425826 339.9158068319239
3
394.22736975592466 339.9158068319239
0.25 0.25 0.25 0.25
166.77333060149277
45.0
485.8112387065414 16.84364397017049
3
381.45424802453374 16.84364397017049
0.25 0.25 0.25 0.25
132.73451326892487
45.0
65.94557368197309 462.3678677856183
2
234.29068655288347 462.3678677856183
0.25 0.25 0.25 0.25
168.34511287091038
45.0
275.1017968747709 37.54471200590436
1
275.1017968747709 58.751681243899114
0.25 0.25 0.25 0.25
96.29639324980347
45.0
47.71479376300897 14.813472221835013
1
47.71479376300897 128.0514330046026
0.25 0.25 0.25 0.25
142.8649052264376
45.0
170.4939400513898 337.56436942452143
3
28.08475661893584 337.56436942452143
0.25 0.25 0.25 0.25
142.40918343245397
45.0
182.206935812305 203.13893950226145
2
309.65294204774113 203.13893950226145
0.25 0.25 0.25 0.25
127.44600623543613
45.0
14.592909550856149 415.86688591366965
2
87.31117365928266 415.86688591366965
0.25 0.25 0.25 0.25
101.90408321013881
45.0
398.18491224046045 134.29485456042738
3
303.9127574489572 134.29485456042738
0.25 0.25 0.25 0.25
94.27215479150325
45.0
11.185868940330607 89.67418411144082
2
104.1096396138205 89.67418411144082
0.25 0.25 0.25 0.25
92.9237706734899
45.0
251.3557172798798 295.2412659752533
0
251.3557172798798 129.3006771788909
0.25 0.25 0.25 0.25
165.94058879636242
45.0
218.04569425520046 144.0131291304635
1
218.04569425520046 270.5655165912384
0.25 0.25 0.25 0.25
126.5523874607749
45.0
186.64003478963775 474.7364989326893
0
186.64003478963775 415.25384603230805
0.25 0.25 0.25 0.25
110.0096550350026
45.0
446.713058325342 202.8746623623348
0
446.713058325342 102.03242433535549
0.25 0.25 0.25 0.25
100.8422380269793
45.0
404.71152422687 217.2406568603883
3
444.9244048325352 217.2406568603883
0.25 0.25 0.25 0.25
150.36407094059484
45.0
363.63327320167195 342.9837042658413
2
490.8935316288188 342.9837042658413
0.25 0.25 0.25 0.25
127.26025842714682
45.0
175.9999192001609 372.060817777633
0
175.9999192001609 497.04342364922667
0.25 0.25 0.25 0.25
130.8957585731403
45.0
82.32326684869156 368.53266284152335
2
209.14338643286595 368.53266284152335
0.25 0.25 0.25 0.25
126.82011958417439
45.0
360.02427402024887 255.11687964336784
1
360.02427402024887 408.4172425787173
0.25 0.25 0.25 0.25
153.30036293534948
45.0
180.76909391953535 244.47331023897232
3
73.50641920530187 244.47331023897232
0.25 0.25 0.25 0.25
107.26267471423348
45.0
2.100761757680573 44.1911493580414
2
130.41291088136302 44.1911493580414
0.25 0.25 0.25 0.25
128.31214912368245
45.0
147.74994559747358 296.38424733698054
1
147.74994559747358 438.7505817951301
0.25 0.25 0.25 0.25
142.36633445814954
45.0
249.56424067943135 59.260251374860104
3
76.79069731817526 59.260251374860104
0.25 0.25 0.25 0.25
172.7735433612561
45.0
332.08650576577827 448.5254425803388
0
332.08650576577827 310.4120907283509
0.25 0.25 0.25 0.25
138.11335185198786
45.0
111.52587071656856 166.39791376849112
2
50.45599775340162 166.39791376849112
0.25 0.25 0.25 0.25
161.98186846997018
45.0
408.0938504368342 153.33313431440564
0
408.0938504368342 33.52291517679919
0.25 0.25 0.25 0.25
119.81021913760645
45.0
62.14650996313054 455.57348931129206
0
62.14650996313054 306.1536383513601
0.25 0.25 0.25 0.25
149.419850959932
45.0
42.495996579621476 0.9311648993813719
1
42.495996579621476 143.48421418475425
0.25 0.25 0.25 0.25
142.55304928537288
45.0
88.7034027693038 123.11450623149545
2
6.5278984199348145 123.11450623149545
0.25 0.25 0.25 0.25
95.23130118923862
45.0
355.8881600808046 90.36229417273819
1
355.8881600808046 14.563617455020903
0.25 0.25 0.25 0.25
104.92591162775909
45.0
374.2622424854778 249.02818519806206
3
284.83635242826927 249.02818519806206
0.25 0.25 0.25 0.25
89.42589005720853
45.0
337.8805361193445 449.7437679499036
3
237.95872375185843 449.7437679499036
0.25 0.25 0.25 0.25
99.92181236748608
45.0
157.80207730932182 392.8410516255765
3
25.05693034359274 392.8410516255765
0.25 0.25 0.25 0.25
132.74514696572908
45.0
18.933694893739585 475.41155518603114
0
18.933694893739585 353.97983387776424
0.25 0.25 0.25 0.25
170.60861093620468
45.0
167.796118851138 182.90993607231374
3
15.561521138713886 182.90993607231374
0.25 0.25 0.25 0.25
152.23459771242412
45.0
114.14357801046287 147.44908645228458
1
114.14357801046287 27.487084348459234
0.25 0.25 0.25 0.25
174.9361708007438
45.0
301.5498204581372 96.53674608243313
2
432.6497030234598 96.53674608243313
0.25 0.25 0.25 0.25
131.09988256532253
45.0
388.446305606304 243.49144329372146
2
481.8734902445443 243.49144329372146
0.25 0.25 0.25 0.25
93.42718463824028
45.0
99.8975472611067 377.3389666521026
1
99.8975472611067 407.3872291423445
0.25 0.25 0.25 0.25
30.04826249024186
45.0
83.56772525677525 235.21538410996874
3
68.49259053376639 235.21538410996874
0.25 0.25 0.25 0.25
15.075134723008855
45.0
8.215436972069341 472.33789175100605
0
8.215436972069341 433.0591817088202
0.25 0.25 0.25 0.25
39.27871004218588
45.0
357.13032626155666 1.0446231309863947
1
357.13032626155666 44.45525776738225
0.25 0.25 0.25 0.25
45.499880898368644
45.0
76.13569416643395 491.09735213664936
2
79.30987846424627 491.09735213664936
0.25 0.25 0.25 0.25
3.1741842978123214
45.0
472.6668175806508 215.05782229291256
0
472.6668175806508 165.33545904211024
0.25 0.25 0.25 0.25
49.72236325080232
45.0
324.76405511904056 435.1080091781645
0
324.76405511904056 389.3845087999374
0.25 0.25 0.25 0.25
45.72350037822705
45.0
100.18295715423122 358.46995101476114
1
100.18295715423122 385.16211016773184
0.25 0.25 0.25 0.25
26.692159152970675
45.0
468.1426617391352 174.2303482660518
0
468.1426617391352 126.57113909712524
0.25 0.25 0.25 0.25
47.65920916892657
45.0
