52456
222.78405757581478 20.335616316846938
3
70.2971648450677 20.335616316846938
0.25 0.25 0.25 0.25
152.4868927307471
45.0
396.787304191751 335.4359215692274
0
396.787304191751 497.79074782927984
0.25 0.25 0.25 0.25
166.77333060149277
45.0
158.46610601729284 229.41886532274847
0
158.46610601729284 96.6843520538236
0.25 0.25 0.25 0.25
132.73451326892487
45.0
280.81532928531 318.9336332161598
0
280.81532928531 150.58852034524944
0.25 0.25 0.25 0.25
168.34511287091038
45.0
104.73326862103688 303.1923445015634
2
201.02966187084036 303.1923445015634
0.25 0.25 0.25 0.25
96.29639324980347
45.0
333.55327738601056 157.787050618399
3
190.68837215957296 157.787050618399
0.25 0.25 0.25 0.25
142.8649052264376
45.0
288.09076997419453 21.38884283139106
1
288.09076997419453 121.02034060106291
0.25 0.25 0.25 0.25
142.40918343245397
45.0
72.68507665856725 408.85714527165374
2
200.13108289400338 408.85714527165374
0.25 0.25 0.25 0.25
127.44600623543613
45.0
447.94999719599787 492.0302143192223
3
450.14591959386337 492.0302143192223
0.25 0.25 0.25 0.25
101.90408321013881
45.0
167.4480165085591 97.30115185389161
2
261.72017130006236 97.30115185389161
0.25 0.25 0.25 0.25
94.27215479150325
45.0
223.2624882633616 364.1676350919764
2
316.1862589368515 364.1676350919764
0.25 0.25 0.25 0.25
92.9237706734899
45.0
399.8704371889405 290.884798753428
3
233.9298483925781 290.884798753428
0.25 0.25 0.25 0.25
165.94058879636242
45.0
22.639980980150284 414.2342100562166
0
22.639980980150284 287.68182259544176
0.25 0.25 0.25 0.25
126.5523874607749
45.0
216.37934884456752 245.76556288744575
3
106.36969380956492 245.76556288744575
0.25 0.25 0.25 0.25
110.0096550350026
45.0
144.1863442444041 385.3340052599551
2
245.0285822713834 385.3340052599551
0.25 0.25 0.25 0.25
100.8422380269793
45.0
294.56033389194033 52.313748295999744
2
444.9244048325352 52.313748295999744
0.25 0.25 0.25 0.25
150.36407094059484
45.0
36.2295694969431 420.5778462970396
2
163.48982792408992 420.5778462970396
0.25 0.25 0.25 0.25
127.26025842714682
45.0
343.45929917619645 455.7905077656508
2
474.35505774933677 455.7905077656508
0.25 0.25 0.25 0.25
130.8957585731403
45.0
370.9418752708074 173.13625036675518
0
370.9418752708074 46.316130782580785
0.25 0.25 0.25 0.25
126.82011958417439
45.0
331.64314665842215 299.1725952314969
3
178.34278372307267 299.1725952314969
0.25 0.25 0.25 0.25
153.30036293534948
45.0
4.234564061504358 253.84924376175877
2
111.49723877573784 253.84924376175877
0.25 0.25 0.25 0.25
107.26267471423348
45.0
431.6839634604164 371.4163068260808
3
303.37181433673396 371.4163068260808
0.25 0.25 0.25 0.25
128.31214912368245
45.0
411.4084158562647 275.7702945792609
3
269.04208139811516 275.7702945792609
0.25 0.25 0.25 0.25
142.36633445814954
45.0
150.07321765324832 404.8073380973723
2
22.700325708007767 404.8073380973723
0.25 0.25 0.25 0.25
172.7735433612561
45.0
480.77426503306265 277.205553692266
3
342.66091318107476 277.205553692266
0.25 0.25 0.25 0.25
138.11335185198786
45.0
409.1993904846238 45.866567700905705
3
247.2175220146536 45.866567700905705
0.25 0.25 0.25 0.25
161.98186846997018
45.0
393.8039581871012 116.55940897509589
3
486.3858226752923 116.55940897509589
0.25 0.25 0.25 0.25
119.81021913760645
45.0
271.5021343608138 498.487553969184
0
271.5021343608138 349.067703009252
0.25 0.25 0.25 0.25
149.419850959932
45.0
333.98806015753695 145.61286918714416
1
333.98806015753695 288.16591847251703
0.25 0.25 0.25 0.25
142.55304928537288
45.0
469.6286075262583 305.35501160708384
3
435.1400912845031 305.35501160708384
0.25 0.25 0.25 0.25
95.23130118923862
45.0
152.44401589786366 473.62218255133814
0
152.44401589786366 368.69627092357905
0.25 0.25 0.25 0.25
104.92591162775909
45.0
24.40852546032204 263.3621025708047
0
24.40852546032204 173.9362125135962
0.25 0.25 0.25 0.25
89.42589005720853
45.0
462.27583914568334 152.32395982286272
3
437.8023484868306 152.32395982286272
0.25 0.25 0.25 0.25
99.92181236748608
45.0
281.72442876098705 430.0982167109895
2
414.46957572671613 430.0982167109895
0.25 0.25 0.25 0.25
132.74514696572908
45.0
80.71991919078084 110.54266769639372
1
80.71991919078084 60.06594323981096
0.25 0.25 0.25 0.25
170.60861093620468
45.0
60.25347538719649 420.4454652343628
2
212.4880730996206 420.4454652343628
0.25 0.25 0.25 0.25
152.23459771242412
45.0
358.4947416170586 450.5083791715178
0
358.4947416170586 275.572208370774
0.25 0.25 0.25 0.25
174.9361708007438
45.0
283.3453579403939 412.56548517643853
2
414.44524050571647 412.56548517643853
0.25 0.25 0.25 0.25
131.09988256532253
45.0
405.81524505063624 264.1516264463433
2
499.24242968887654 264.1516264463433
0.25 0.25 0.25 0.25
93.42718463824028
45.0
208.99241546333025 21.695783543059967
1
208.99241546333025 51.74404603330183
0.25 0.25 0.25 0.25
30.04826249024186
45.0
177.75067331579157 24.163497987844725
0
177.75067331579157 9.08836326483587
0.25 0.25 0.25 0.25
15.075134723008855
45.0
345.29295340760365 98.81050993642913
2
384.5716634497895 98.81050993642913
0.25 0.25 0.25 0.25
39.27871004218588
45.0
85.12842063545497 138.54164559020245
3
39.62853973708633 138.54164559020245
0.25 0.25 0.25 0.25
45.499880898368644
45.0
28.52292969924911 420.02548752460615
3
25.34874540143679 420.02548752460615
0.25 0.25 0.25 0.25
3.1741842978123214
45.0
129.55427641293056 436.88563495147105
1
129.55427641293056 486.6079982022734
0.25 0.25 0.25 0.25
49.72236325080232
45.0
126.55394034223468 250.7444964952413
3
80.83043996400764 250.7444964952413
0.25 0.25 0.25 0.25
45.72350037822705
45.0
233.64375291908462 91.5483594850543
1
233.64375291908462 118.24051863802498
0.25 0.25 0.25 0.25
26.692159152970675
45.0
135.37159010410716 17.24988095711244
2
183.03079927303372 17.24988095711244
0.25 0.25 0.25 0.25
47.65920916892657
45.0
