52456
290.19230669104434 410.38804539385865
2
442.6791994217914 410.38804539385865
0.25 0.25 0.25 0.25
152.4868927307471
45.0
61.96067577085239 495.2308133934533
0
61.96067577085239 328.4574827919605
0.25 0.25 0.25 0.25
166.77333060149277
45.0
476.8289377404143 115.89086929875435
1
476.8289377404143 16.84364397017052
0.25 0.25 0.25 0.25
132.73451326892487
45.0
92.32886196347499 27.827269751123254
1
92.32886196347499 140.51784311978713
0.25 0.25 0.25 0.25
168.34511287091038
45.0
198.96772038446574 436.52480525333215
0
198.96772038446574 340.22841200352866
0.25 0.25 0.25 0.25
96.29639324980347
45.0
380.71691216111424 300.3259363344574
1
380.71691216111424 443.190841560895
0.25 0.25 0.25 0.25
142.8649052264376
45.0
161.08679213292316 399.56727552032635
2
303.49597556537714 399.56727552032635
0.25 0.25 0.25 0.25
142.40918343245397
45.0
15.624829809890798 408.85714527165374
0
15.624829809890798 281.4111390362176
0.25 0.25 0.25 0.25
127.44600623543613
45.0
272.07850797817207 183.21670394897325
2
373.9825911883109 183.21670394897325
0.25 0.25 0.25 0.25
101.90408321013881
45.0
435.17861494699616 468.33177689512786
3
340.90646015549294 468.33177689512786
0.25 0.25 0.25 0.25
94.27215479150325
45.0
15.253469507992833 7.527447601983141
2
108.17724018148273 7.527447601983141
0.25 0.25 0.25 0.25
92.9237706734899
45.0
229.57338117075227 377.2340236538472
0
229.57338117075227 211.29343485748478
0.25 0.25 0.25 0.25
165.94058879636242
45.0
389.87804367627587 210.80583387946305
3
483.56956886294927 210.80583387946305
0.25 0.25 0.25 0.25
126.5523874607749
45.0
193.9199572405131 94.17650690253862
2
303.9296122755157 94.17650690253862
0.25 0.25 0.25 0.25
110.0096550350026
45.0
452.4447036476787 488.5566159036863
3
446.713058325342 488.5566159036863
0.25 0.25 0.25 0.25
100.8422380269793
45.0
149.25046011794734 255.6958123970868
2
299.6145310585422 255.6958123970868
0.25 0.25 0.25 0.25
150.36407094059484
45.0
399.928277361209 220.30353169426974
3
472.8114642116442 220.30353169426974
0.25 0.25 0.25 0.25
127.26025842714682
45.0
405.35163085975023 114.9585951120331
1
405.35163085975023 245.8543536851734
0.25 0.25 0.25 0.25
130.8957585731403
45.0
24.079440155110944 334.1442279699424
2
150.89955973928534 334.1442279699424
0.25 0.25 0.25 0.25
126.82011958417439
45.0
105.24024317562618 14.523412479658589
2
48.06011975972331 14.523412479658589
0.25 0.25 0.25 0.25
153.30036293534948
45.0
326.02258820420474 395.7478460478909
2
433.2852629184382 395.7478460478909
0.25 0.25 0.25 0.25
107.26267471423348
45.0
440.0038874159011 141.83228966864908
1
440.0038874159011 270.1444387923315
0.25 0.25 0.25 0.25
128.31214912368245
45.0
126.6757469399655 151.32870879518782
2
15.690587518184032 151.32870879518782
0.25 0.25 0.25 0.25
142.36633445814954
45.0
485.18754689933394 404.8073380973723
3
312.41400353807785 404.8073380973723
0.25 0.25 0.25 0.25
172.7735433612561
45.0
486.01919793085244 0.9788499882902784
1
486.01919793085244 137.13450186369758
0.25 0.25 0.25 0.25
138.11335185198786
45.0
189.1813716460022 257.3951479201306
0
189.1813716460022 95.41327945016045
0.25 0.25 0.25 0.25
161.98186846997018
45.0
163.7288906017826 404.19971447447824
0
163.7288906017826 475.99006638791525
0.25 0.25 0.25 0.25
119.81021913760645
45.0
168.02124012040574 349.067703009252
2
317.44109108033774 349.067703009252
0.25 0.25 0.25 0.25
149.419850959932
45.0
193.5636658745541 3.059819901771391
2
336.11671515992697 3.059819901771391
0.25 0.25 0.25 0.25
142.55304928537288
45.0
136.3903908769177 408.9510848252004
2
231.62169206615633 408.9510848252004
0.25 0.25 0.25 0.25
95.23130118923862
45.0
41.11042519752732 368.69627092357905
2
63.81548643023177 368.69627092357905
0.25 0.25 0.25 0.25
104.92591162775909
45.0
309.00140500265366 320.1575738866012
1
309.00140500265366 409.58346394380976
0.25 0.25 0.25 0.25
89.42589005720853
45.0
338.66241244448366 149.0052299298738
2
438.58422481196976 149.0052299298738
0.25 0.25 0.25 0.25
99.92181236748608
45.0
140.15648628119413 155.7851272654675
2
272.9016332469232 155.7851272654675
0.25 0.25 0.25 0.25
132.74514696572908
45.0
274.98019574421363 110.54266769639378
1
274.98019574421363 60.065943239810906
0.25 0.25 0.25 0.25
170.60861093620468
45.0
451.31508453749996 226.31040804496607
1
451.31508453749996 378.5450057573902
0.25 0.25 0.25 0.25
152.23459771242412
45.0
265.54782039409866 450.5083791715178
2
440.4839911948425 450.5083791715178
0.25 0.25 0.25 0.25
174.9361708007438
45.0
463.24430102829683 178.83756812517527
0
463.24430102829683 47.737685559852736
0.25 0.25 0.25 0.25
131.09988256532253
45.0
70.13562909462917 241.01341934181212
2
23.29155554361111 241.01341934181212
0.25 0.25 0.25 0.25
93.42718463824028
45.0
118.84762799260469 398.97989132032615
0
118.84762799260469 368.93162883008426
0.25 0.25 0.25 0.25
30.04826249024186
45.0
192.82580803880043 476.4175396781101
1
192.82580803880043 491.4926744011189
0.25 0.25 0.25 0.25
15.075134723008855
45.0
186.57673823764554 136.8617503166862
2
225.85544827983142 136.8617503166862
0.25 0.25 0.25 0.25
39.27871004218588
45.0
368.8730085841213 269.9599027310052
3
323.37312768575265 269.9599027310052
0.25 0.25 0.25 0.25
45.499880898368644
45.0
57.090588379560025 432.72222471585536
0
57.090588379560025 429.54804041804306
0.25 0.25 0.25 0.25
3.1741842978123214
45.0
472.6668175806508 88.82909219585477
3
477.61081916854687 88.82909219585477
0.25 0.25 0.25 0.25
49.72236325080232
45.0
486.4249350470559 113.57399536056016
3
467.85156457471703 113.57399536056016
0.25 0.25 0.25 0.25
45.72350037822705
45.0
220.12295268141685 358.46995101476114
3
193.43079352844617 358.46995101476114
0.25 0.25 0.25 0.25
26.692159152970675
45.0
40.053171766254046 458.4988181846953
2
7.606037402672527 458.4988181846953
0.25 0.25 0.25 0.25
47.65920916892657
45.0
