20552
155.0713810421131 163.17485915705095
1
155.0713810421131 165.2962499651349
0.25 0.25 0.25 0.25
2.121390808083945
45.0
309.5779369057002 41.7085008282846
2
330.76758536848604 41.7085008282846
0.25 0.25 0.25 0.25
21.189648462785836
45.0
86.30990412514282 50.03482717940501
3
58.05700901808122 50.03482717940501
0.25 0.25 0.25 0.25
28.252895107061605
45.0
478.78722688040614 248.27472113567842
0
478.78722688040614 210.16568103239666
0.25 0.25 0.25 0.25
38.10904010328177
45.0
171.71478720005734 234.78832695282648
3
142.10676781995198 234.78832695282648
0.25 0.25 0.25 0.25
29.60801938010536
45.0
21.474752245092482 31.518207830109485
0
21.474752245092482 26.161968310873768
0.25 0.25 0.25 0.25
5.356239519235717
45.0
17.02170778399494 147.84306395737485
2
23.508954685085016 147.84306395737485
0.25 0.25 0.25 0.25
40.53066246907996
45.0
453.95845709136375 102.97951361615237
2
459.9714944685078 102.97951361615237
0.25 0.25 0.25 0.25
6.013037377144014
45.0
216.25551904384355 308.3275890228248
1
216.25551904384355 334.277708956111
0.25 0.25 0.25 0.25
25.950119933286192
45.0
203.1838395489806 273.4926070148142
3
200.45802050065518 273.4926070148142
0.25 0.25 0.25 0.25
2.725819048325401
45.0
304.5368811303473 17.896113940730643
1
304.5368811303473 59.767567696474664
0.25 0.25 0.25 0.25
41.87145375574402
45.0
21.09463203816386 237.55928016813144
1
21.09463203816386 284.40806612949075
0.25 0.25 0.25 0.25
46.84878596135932
45.0
473.84687629469994 425.51983244346593
0
473.84687629469994 404.8913739971455
0.25 0.25 0.25 0.25
20.628458446320447
45.0
426.5869125119925 218.5413419043057
0
426.5869125119925 214.8754219563464
0.25 0.25 0.25 0.25
3.665919947959323
45.0
231.7199569547612 264.0790414342751
2
251.28504854572427 264.0790414342751
0.25 0.25 0.25 0.25
19.565091590963075
45.0
135.73763924168827 144.32176805267943
3
134.4029534370591 144.32176805267943
0.25 0.25 0.25 0.25
1.3346858046291654
45.0
151.54666130980857 300.20038004617436
1
151.54666130980857 308.4637730154991
0.25 0.25 0.25 0.25
8.26339296932474
45.0
471.63577329491625 442.918019043189
0
471.63577329491625 414.0296310550899
0.25 0.25 0.25 0.25
28.88838798809914
45.0
230.39238282641932 219.67391726643726
2
274.4265537747541 219.67391726643726
0.25 0.25 0.25 0.25
44.034170948334776
45.0
143.1801943140938 58.865015761147475
0
143.1801943140938 16.0199533729389
0.25 0.25 0.25 0.25
42.845062388208575
45.0
93.06808168678845 221.45840366401498
0
93.06808168678845 180.81724740212218
0.25 0.25 0.25 0.25
40.64115626189281
45.0
89.00131797553902 382.59990729299966
3
53.14155637758103 382.59990729299966
0.25 0.25 0.25 0.25
35.85976159795799
45.0
182.0251609444799 63.993653624299895
2
199.34699731114972 63.993653624299895
0.25 0.25 0.25 0.25
17.321836366669828
45.0
228.87709791723034 394.6749979178345
3
197.28441957695992 394.6749979178345
0.25 0.25 0.25 0.25
31.592678340270435
45.0
356.6253766551232 321.51858622409713
3
332.35548384494086 321.51858622409713
0.25 0.25 0.25 0.25
24.26989281018234
45.0
363.81999350766495 99.01730081251318
3
351.3781546811308 99.01730081251318
0.25 0.25 0.25 0.25
12.441838826534113
45.0
39.31841286900959 353.42948520557593
0
39.31841286900959 315.32663289440234
0.25 0.25 0.25 0.25
38.10285231117362
45.0
282.85832532867306 84.48395224634493
1
282.85832532867306 112.01881519787413
0.25 0.25 0.25 0.25
27.534862951529206
45.0
418.2255065356734 64.13411710420658
3
374.18266540304637 64.13411710420658
0.25 0.25 0.25 0.25
44.042841132627
45.0
210.50652178071962 138.11131531421947
0
210.50652178071962 91.36743553175404
0.25 0.25 0.25 0.25
46.74387978246542
45.0
353.7127816478861 248.63647488760893
1
353.7127816478861 262.417865549459
0.25 0.25 0.25 0.25
13.781390661850097
45.0
25.855728878682303 416.6526056933367
3
1.4017999177626947 416.6526056933367
0.25 0.25 0.25 0.25
24.453928960919608
45.0
464.43550143280567 300.6657771257248
2
472.0869578940934 300.6657771257248
0.25 0.25 0.25 0.25
7.651456461287765
45.0
352.58466380744534 455.0021439901742
2
396.9239101016916 455.0021439901742
0.25 0.25 0.25 0.25
44.33924629424627
45.0
304.27638699157353 463.4367399624758
3
275.91109625393153 463.4367399624758
0.25 0.25 0.25 0.25
28.365290737642013
45.0
499.9641555068574 164.12918089832465
3
460.6929874883648 164.12918089832465
0.25 0.25 0.25 0.25
39.27116801849263
45.0
133.4861771685069 180.26099144341276
1
133.4861771685069 187.94782025757655
0.25 0.25 0.25 0.25
7.686828814163782
45.0
35.431268256226005 228.50282956257286
2
66.95120375862794 228.50282956257286
0.25 0.25 0.25 0.25
31.519935502401935
45.0
199.00067543218557 1.327269392447434
1
199.00067543218557 34.946973544250305
0.25 0.25 0.25 0.25
36.27424293669774
45.0
448.2716585204484 251.78025410409572
2
448.7283110046618 251.78025410409572
0.25 0.25 0.25 0.25
0.45665248421340454
45.0
398.38655215271876 329.67153304347994
3
385.2217501695293 329.67153304347994
0.25 0.25 0.25 0.25
13.164801983189477
45.0
78.01300380726818 495.5774946052396
3
76.32980219564108 495.5774946052396
0.25 0.25 0.25 0.25
1.6832016116270998
45.0
312.8488407685089 376.9519970402587
2
333.8013463476012 376.9519970402587
0.25 0.25 0.25 0.25
20.952505579092325
45.0
410.9805028493512 419.5794523697972
1
410.9805028493512 459.17480902383386
0.25 0.25 0.25 0.25
39.59535665403666
45.0
392.83653689573805 322.5271267816604
0
392.83653689573805 292.621777581218
0.25 0.25 0.25 0.25
29.905349200442384
45.0
388.5964239589212 27.36706223857668
1
388.5964239589212 59.46512527093941
0.25 0.25 0.25 0.25
32.09806303236273
45.0
50.85634010325837 107.52020051883102
3
7.118790024341607 107.52020051883102
0.25 0.25 0.25 0.25
43.73755007891676
45.0
272.30533811123 317.56481525539914
0
272.30533811123 278.6990069535571
0.25 0.25 0.25 0.25
38.86580830184202
45.0
