20552
123.25051892085376 122.86843380345576
2
125.37190972893771 122.86843380345576
0.25 0.25 0.25 0.25
2.121390808083945
45.0
241.35292312673158 490.7776407958528
2
262.5425715895174 490.7776407958528
0.25 0.25 0.25 0.25
21.189648462785836
45.0
43.80590015732112 424.30883703926884
2
72.05879526438272 424.30883703926884
0.25 0.25 0.25 0.25
28.252895107061605
45.0
54.739334565538485 446.85295803806747
1
54.739334565538485 484.9619981413492
0.25 0.25 0.25 0.25
38.10904010328177
45.0
260.53884534037337 205.18030757272112
3
230.930825960268 205.18030757272112
0.25 0.25 0.25 0.25
29.60801938010536
45.0
139.21243333197899 0.6192292853048063
1
139.21243333197899 5.975468804540523
0.25 0.25 0.25 0.25
5.356239519235717
45.0
64.03961715416499 66.78173901921494
3
23.50895468508503 66.78173901921494
0.25 0.25 0.25 0.25
40.53066246907996
45.0
381.8020085656354 175.13596214188047
2
387.8150459427794 175.13596214188047
0.25 0.25 0.25 0.25
6.013037377144014
45.0
354.64711948845274 366.37552924261627
2
380.59723942173895 366.37552924261627
0.25 0.25 0.25 0.25
25.950119933286192
45.0
173.19983001740113 298.0249784497426
1
173.19983001740113 300.750797498068
0.25 0.25 0.25 0.25
2.725819048325401
45.0
444.23439633518853 436.6106514981709
3
402.3629425794445 436.6106514981709
0.25 0.25 0.25 0.25
41.87145375574402
45.0
395.8849197290385 174.53499939531798
2
442.7337056903978 174.53499939531798
0.25 0.25 0.25 0.25
46.84878596135932
45.0
62.493043309631744 209.40125340364295
3
41.86458486331129 209.40125340364295
0.25 0.25 0.25 0.25
20.628458446320447
45.0
466.91203193954493 112.22966341348565
3
463.2461119915856 112.22966341348565
0.25 0.25 0.25 0.25
3.665919947959323
45.0
449.1162933162385 46.68270507279749
2
468.68138490720156 46.68270507279749
0.25 0.25 0.25 0.25
19.565091590963075
45.0
131.73358182780075 145.6564538573086
2
133.06826763242992 145.6564538573086
0.25 0.25 0.25 0.25
1.3346858046291654
45.0
85.43951755521064 217.56645035292695
3
77.1761245858859 217.56645035292695
0.25 0.25 0.25 0.25
8.26339296932474
45.0
258.323477794753 499.30520498061276
2
287.2118657828521 499.30520498061276
0.25 0.25 0.25 0.25
28.88838798809914
45.0
197.1633948452283 383.0246692480763
3
153.12922389689354 383.0246692480763
0.25 0.25 0.25 0.25
44.034170948334776
45.0
13.636490167537929 101.71007814935605
2
29.208572220670646 101.71007814935605
0.25 0.25 0.25 0.25
42.845062388208575
45.0
93.06808168678847 47.000783621914216
1
93.06808168678847 87.64193988380703
0.25 0.25 0.25 0.25
40.64115626189281
45.0
233.73653640608293 350.8134704378652
2
269.59629800404093 350.8134704378652
0.25 0.25 0.25 0.25
35.85976159795799
45.0
147.08973002224687 12.02814452429044
1
147.08973002224687 29.349980890960268
0.25 0.25 0.25 0.25
17.321836366669828
45.0
70.9137062158782 320.9908970197317
1
70.9137062158782 352.5835753600021
0.25 0.25 0.25 0.25
31.592678340270435
45.0
492.82087170125874 411.5125928638971
1
492.82087170125874 435.78248567407945
0.25 0.25 0.25 0.25
24.26989281018234
45.0
146.29539838023382 11.924429026774384
3
133.8535595536997 11.924429026774384
0.25 0.25 0.25 0.25
12.441838826534113
45.0
427.24165477455995 210.34391587036765
1
427.24165477455995 248.44676818154127
0.25 0.25 0.25 0.25
38.10285231117362
45.0
304.11873039838906 117.00502215930844
0
304.11873039838906 89.47015920777923
0.25 0.25 0.25 0.25
27.534862951529206
45.0
9.217558740175534 5.879416129262566
2
53.26039987280253 5.879416129262566
0.25 0.25 0.25 0.25
44.042841132627
45.0
256.9322760439346 475.3053044374901
0
256.9322760439346 477.9508157800444
0.25 0.25 0.25 0.25
46.74387978246542
45.0
238.8870168116677 400.23177216795983
0
238.8870168116677 386.45038150610975
0.25 0.25 0.25 0.25
13.781390661850097
45.0
294.84894744879796 265.44631781470855
2
319.30287640971756 265.44631781470855
0.25 0.25 0.25 0.25
24.453928960919608
45.0
482.0043033381801 354.22597235473904
0
482.0043033381801 346.5745158934513
0.25 0.25 0.25 0.25
7.651456461287765
45.0
106.35185080963188 210.0865504235199
2
150.69109710387815 210.0865504235199
0.25 0.25 0.25 0.25
44.33924629424627
45.0
304.2763869915736 25.988026759968108
1
304.2763869915736 2.3772639776739055
0.25 0.25 0.25 0.25
28.365290737642013
45.0
31.61139721435518 403.8879708982564
2
70.88256523284781 403.8879708982564
0.25 0.25 0.25 0.25
39.27116801849263
45.0
273.9157499821738 126.45318974426624
1
273.9157499821738 134.14001855843003
0.25 0.25 0.25 0.25
7.686828814163782
45.0
3.9113327538240696 70.90315205056318
2
35.431268256226005 70.90315205056318
0.25 0.25 0.25 0.25
31.519935502401935
45.0
53.90370368539464 39.863612025874254
0
53.90370368539464 3.5893690891765146
0.25 0.25 0.25 0.25
36.27424293669774
45.0
453.2948358467959 243.10385690404098
3
452.83818336258247 243.10385690404098
0.25 0.25 0.25 0.25
0.45665248421340454
45.0
385.2217501695293 79.54029536287987
0
385.2217501695293 66.3754933796904
0.25 0.25 0.25 0.25
13.164801983189477
45.0
46.03217318635331 482.5408844436079
0
46.03217318635331 480.8576828319808
0.25 0.25 0.25 0.25
1.6832016116270998
45.0
396.65886308487813 418.8570081984433
3
375.70635750578583 418.8570081984433
0.25 0.25 0.25 0.25
20.952505579092325
45.0
64.16377699908867 451.5183940190093
3
24.56842034505201 451.5183940190093
0.25 0.25 0.25 0.25
39.59535665403666
45.0
38.961828295856506 53.37898397767894
0
38.961828295856506 23.473634777236562
0.25 0.25 0.25 0.25
29.905349200442384
45.0
295.3829917142064 207.23947098147255
0
295.3829917142064 175.1414079491098
0.25 0.25 0.25 0.25
32.09806303236273
45.0
50.85634010325837 107.52020051883096
0
50.85634010325837 63.7826504399142
0.25 0.25 0.25 0.25
43.73755007891676
45.0
388.4134030200845 32.22745946117912
3
349.54759471824246 32.22745946117912
0.25 0.25 0.25 0.25
38.86580830184202
45.0
