20552
133.85747296127352 169.53903158130282
0
133.85747296127352 167.41764077321886
0.25 0.25 0.25 0.25
2.121390808083945
45.0
457.33593000365556 382.08446842743217
2
478.5255784664414 382.08446842743217
0.25 0.25 0.25 0.25
21.189648462785836
45.0
255.82727476751234 78.28772228646662
0
255.82727476751234 50.03482717940501
0.25 0.25 0.25 0.25
28.252895107061605
45.0
97.69682584758861 447.9848789667614
2
135.80586595087038 447.9848789667614
0.25 0.25 0.25 0.25
38.10904010328177
45.0
354.5569027182569 316.93972616956034
2
384.16492209836224 316.93972616956034
0.25 0.25 0.25 0.25
29.60801938010536
45.0
112.43123573580041 32.75666640071911
1
112.43123573580041 38.11290591995483
0.25 0.25 0.25 0.25
5.356239519235717
45.0
185.63160456140486 284.72766147550556
1
185.63160456140486 325.2583239445855
0.25 0.25 0.25 0.25
40.53066246907996
45.0
478.0106065999399 241.27937329046452
1
478.0106065999399 247.29241066760852
0.25 0.25 0.25 0.25
6.013037377144014
45.0
411.80180111197143 54.97409004318196
1
411.80180111197143 80.92420997646815
0.25 0.25 0.25 0.25
25.950119933286192
45.0
156.8449157274487 300.750797498068
3
154.1190966791233 300.750797498068
0.25 0.25 0.25 0.25
2.725819048325401
45.0
35.349639053461466 310.9962902309388
2
6.521814702282555 310.9962902309388
0.25 0.25 0.25 0.25
41.87145375574402
45.0
400.54444161407 174.53499939531804
3
353.6956556527107 174.53499939531804
0.25 0.25 0.25 0.25
46.84878596135932
45.0
62.49304330963183 48.93471182190443
0
62.49304330963183 28.30625337558398
0.25 0.25 0.25 0.25
20.628458446320447
45.0
463.4354890492282 2.2520649747059327
1
463.4354890492282 5.917984922665256
0.25 0.25 0.25 0.25
3.665919947959323
45.0
192.58977377283503 107.65769879402336
2
212.1548653637981 107.65769879402336
0.25 0.25 0.25 0.25
19.565091590963075
45.0
173.10884177130515 121.63210937398354
2
174.44352757593433 121.63210937398354
0.25 0.25 0.25 0.25
1.3346858046291654
45.0
11.068980831287947 316.72716598482384
1
11.068980831287947 324.9905589541486
0.25 0.25 0.25 0.25
8.26339296932474
45.0
269.41705737822247 96.25736318599951
1
269.41705737822247 125.14575117409865
0.25 0.25 0.25 0.25
28.88838798809914
45.0
360.5141468268673 88.56527937190617
1
360.5141468268673 132.59945032024095
0.25 0.25 0.25 0.25
44.034170948334776
45.0
299.83399463919454 87.14651307815349
1
299.83399463919454 129.99157546636206
0.25 0.25 0.25 0.25
42.845062388208575
45.0
353.9846371940326 209.5654086694854
1
353.9846371940326 250.2065649313782
0.25 0.25 0.25 0.25
40.64115626189281
45.0
160.72084117145502 11.857470284538216
1
160.72084117145502 24.002291313419775
0.25 0.25 0.25 0.25
35.85976159795799
45.0
251.3125064111592 254.533853657668
2
268.63434277782903 254.533853657668
0.25 0.25 0.25 0.25
17.321836366669828
45.0
308.198433867367 163.02750531837955
3
276.60575552709656 163.02750531837955
0.25 0.25 0.25 0.25
31.592678340270435
45.0
65.38666293293511 382.30830527119076
0
65.38666293293511 358.0384124610084
0.25 0.25 0.25 0.25
24.26989281018234
45.0
424.6687464412547 74.13362315944497
2
437.11058526778885 74.13362315944497
0.25 0.25 0.25 0.25
12.441838826534113
45.0
353.46707126788465 465.38209314804226
3
315.36421895671106 465.38209314804226
0.25 0.25 0.25 0.25
38.10285231117362
45.0
200.25373647408549 478.71696731270254
3
172.7188735225563 478.71696731270254
0.25 0.25 0.25 0.25
27.534862951529206
45.0
185.02595482211728 460.5196872978496
3
140.9831136894903 460.5196872978496
0.25 0.25 0.25 0.25
44.042841132627
45.0
275.31080061216096 16.25820053504954
3
228.56692082969553 16.25820053504954
0.25 0.25 0.25 0.25
46.74387978246542
45.0
298.5872190004858 434.3915398898392
2
312.36860966233587 434.3915398898392
0.25 0.25 0.25 0.25
13.781390661850097
45.0
50.309657839601925 438.49544725655255
0
50.309657839601925 414.04151829563295
0.25 0.25 0.25 0.25
24.453928960919608
45.0
313.67226118984956 208.84829959027178
2
321.3237176511373 208.84829959027178
0.25 0.25 0.25 0.25
7.651456461287765
45.0
396.9239101016916 277.64515881318914
2
441.26315639593787 277.64515881318914
0.25 0.25 0.25 0.25
44.33924629424627
45.0
198.03004822353535 25.988026759968136
2
226.39533896117734 25.988026759968136
0.25 0.25 0.25 0.25
28.365290737642013
45.0
361.1719719568563 7.044508824354125
1
361.1719719568563 46.315676842846756
0.25 0.25 0.25 0.25
39.27116801849263
45.0
33.557402584377684 349.3712253550161
3
25.870573770213902 349.3712253550161
0.25 0.25 0.25 0.25
7.686828814163782
45.0
224.55088127063766 79.54108812742541
0
224.55088127063766 48.021152625023475
0.25 0.25 0.25 0.25
31.519935502401935
45.0
91.19326806139631 270.9257721768685
3
54.91902512469857 270.9257721768685
0.25 0.25 0.25 0.25
36.27424293669774
45.0
451.46822590994225 261.8266087567907
3
451.01157342572884 261.8266087567907
0.25 0.25 0.25 0.25
0.45665248421340454
45.0
69.26650257298184 198.02351321158517
0
69.26650257298184 184.8587112283957
0.25 0.25 0.25 0.25
13.164801983189477
45.0
14.051342565438425 446.7646478680534
3
12.368140953811325 446.7646478680534
0.25 0.25 0.25 0.25
1.6832016116270998
45.0
420.4888544997224 36.37784674515653
3
399.5363489206301 36.37784674515653
0.25 0.25 0.25 0.25
20.952505579092325
45.0
123.69692262201102 15.969470824605999
1
123.69692262201102 23.625885829430658
0.25 0.25 0.25 0.25
39.59535665403666
45.0
93.78304489131418 216.02920636529205
2
123.68839409175656 216.02920636529205
0.25 0.25 0.25 0.25
29.905349200442384
45.0
124.9725845588826 362.7697401465312
3
92.87452152651987 362.7697401465312
0.25 0.25 0.25 0.25
32.09806303236273
45.0
482.2681890773406 280.15409837633456
3
473.9942608437426 280.15409837633456
0.25 0.25 0.25 0.25
43.73755007891676
45.0
144.70753736113943 395.2964318590832
2
183.57334566298147 395.2964318590832
0.25 0.25 0.25 0.25
38.86580830184202
45.0
