20552
138.10025457744143 135.59677865195948
1
138.10025457744143 137.71816946004344
0.25 0.25 0.25 0.25
2.121390808083945
45.0
97.68145227784183 105.27744621664212
1
97.68145227784183 126.46709467942796
0.25 0.25 0.25 0.25
21.189648462785836
45.0
422.24220780196595 300.1485853581783
1
422.24220780196595 328.4014804652399
0.25 0.25 0.25 0.25
28.252895107061605
45.0
483.10373301631205 446.85295803806747
3
444.9946929130303 446.85295803806747
0.25 0.25 0.25 0.25
38.10904010328177
45.0
94.7573872208909 61.29186684822713
1
94.7573872208909 90.89988622833249
0.25 0.25 0.25 0.25
29.60801938010536
45.0
53.612189360506775 27.40042688148341
1
53.612189360506775 32.756666400719126
0.25 0.25 0.25 0.25
5.356239519235717
45.0
64.03961715416499 269.43505136461476
1
64.03961715416499 309.96571383369474
0.25 0.25 0.25 0.25
40.53066246907996
45.0
369.77593381134733 108.99255099329639
0
369.77593381134733 102.97951361615237
0.25 0.25 0.25 0.25
6.013037377144014
45.0
216.25551904384355 184.72468970961285
2
242.20563897712975 184.72468970961285
0.25 0.25 0.25 0.25
25.950119933286192
45.0
175.92564906572653 265.3151498698381
2
178.65146811405194 265.3151498698381
0.25 0.25 0.25 0.25
2.725819048325401
45.0
95.17961235162718 228.41771845587687
1
95.17961235162718 270.2891722116209
0.25 0.25 0.25 0.25
41.87145375574402
45.0
229.3247925800869 277.77736540682105
1
229.3247925800869 324.6261513681804
0.25 0.25 0.25 0.25
46.84878596135932
45.0
20.020790475650063 306.31020775436826
0
20.020790475650063 285.6817493080478
0.25 0.25 0.25 0.25
20.628458446320447
45.0
393.59363298035873 115.89558336144498
1
393.59363298035873 119.5615033094043
0.25 0.25 0.25 0.25
3.665919947959323
45.0
159.58187486450035 442.44458470127915
2
179.14696645546343 442.44458470127915
0.25 0.25 0.25 0.25
19.565091590963075
45.0
139.7416966555758 157.66862609897117
0
139.7416966555758 156.333940294342
0.25 0.25 0.25 0.25
1.3346858046291654
45.0
27.595766769937462 300.20038004617436
0
27.595766769937462 291.9369870768496
0.25 0.25 0.25 0.25
8.26339296932474
45.0
192.7971504313638 268.19810107581986
0
192.7971504313638 239.30971308772072
0.25 0.25 0.25 0.25
28.88838798809914
45.0
373.30007863856747 220.6677922169105
0
373.30007863856747 176.63362126857572
0.25 0.25 0.25 0.25
44.034170948334776
45.0
57.490069537676646 101.71007814935605
0
57.490069537676646 58.865015761147475
0.25 0.25 0.25 0.25
42.845062388208575
45.0
11.785769163002826 63.02969016923461
0
11.785769163002826 22.388533907341802
0.25 0.25 0.25 0.25
40.64115626189281
45.0
264.2268012225054 28.075616056243327
1
264.2268012225054 7.784145541714665
0.25 0.25 0.25 0.25
35.85976159795799
45.0
182.0251609444799 393.10854459102643
0
182.0251609444799 375.78670822435663
0.25 0.25 0.25 0.25
17.321836366669828
45.0
87.04968548547399 68.24947029756825
1
87.04968548547399 99.84214863783869
0.25 0.25 0.25 0.25
31.592678340270435
45.0
274.39183640961767 54.54976531209138
3
250.12194359943533 54.54976531209138
0.25 0.25 0.25 0.25
24.26989281018234
45.0
326.49447702806253 198.55201142478606
1
326.49447702806253 210.99385025132017
0.25 0.25 0.25 0.25
12.441838826534113
45.0
389.13880246338636 256.216151773202
2
427.24165477455995 256.216151773202
0.25 0.25 0.25 0.25
38.10285231117362
45.0
81.36935092301977 29.414226343286543
1
81.36935092301977 56.94908929481575
0.25 0.25 0.25 0.25
27.534862951529206
45.0
286.09698313779234 271.3629767169205
0
286.09698313779234 227.32013558429352
0.25 0.25 0.25 0.25
44.042841132627
45.0
135.07916126476468 160.73048794879935
2
181.8230410472301 160.73048794879935
0.25 0.25 0.25 0.25
46.74387978246542
45.0
271.0244376767856 14.3528336361574
1
271.0244376767856 28.134224298007496
0.25 0.25 0.25 0.25
13.781390661850097
45.0
194.22963176959416 387.71596261930654
0
194.22963176959416 363.26203365838694
0.25 0.25 0.25 0.25
24.453928960919608
45.0
405.4897387253026 254.75703835799828
2
413.1411951865903 254.75703835799828
0.25 0.25 0.25 0.25
7.651456461287765
45.0
159.68362695584568 431.78278189475117
0
159.68362695584568 387.4435356005049
0.25 0.25 0.25 0.25
44.33924629424627
45.0
219.18051477864753 293.24499553662383
2
247.54580551628953 293.24499553662383
0.25 0.25 0.25 0.25
28.365290737642013
45.0
303.6800044006794 85.58684486133939
1
303.6800044006794 124.85801287983202
0.25 0.25 0.25 0.25
39.27116801849263
45.0
58.68454318558771 34.970215353173245
0
58.68454318558771 27.283386539009463
0.25 0.25 0.25 0.25
7.686828814163782
45.0
287.59075227544156 172.6183958917901
3
256.0708167730396 172.6183958917901
0.25 0.25 0.25 0.25
31.519935502401935
45.0
256.8856805173481 364.0696987594249
3
220.61143758065035 364.0696987594249
0.25 0.25 0.25 0.25
36.27424293669774
45.0
444.61843864674114 248.58368671460187
2
445.07509113095455 248.58368671460187
0.25 0.25 0.25 0.25
0.45665248421340454
45.0
187.74972042168713 184.8587112283957
0
187.74972042168713 171.6939092452062
0.25 0.25 0.25 0.25
13.164801983189477
45.0
62.8641893026243 484.22408605523503
2
64.5473909142514 484.22408605523503
0.25 0.25 0.25 0.25
1.6832016116270998
45.0
375.70635750578583 418.8570081984433
0
375.70635750578583 397.904502619351
0.25 0.25 0.25 0.25
20.952505579092325
45.0
341.3312735773453 213.94625409478937
0
341.3312735773453 174.3508974407527
0.25 0.25 0.25 0.25
39.59535665403666
45.0
278.20462189939553 83.28433317812133
3
248.29927269895316 83.28433317812133
0.25 0.25 0.25 0.25
29.905349200442384
45.0
194.12875662036316 91.56318830330216
1
194.12875662036316 123.66125133566489
0.25 0.25 0.25 0.25
32.09806303236273
45.0
473.9942608437427 461.06795050708683
0
473.9942608437427 495.1944994139964
0.25 0.25 0.25 0.25
43.73755007891676
45.0
194.08436151087432 21.716443613286287
1
194.08436151087432 17.149364688555735
0.25 0.25 0.25 0.25
38.86580830184202
45.0
