20552
152.94999023402914 173.78181319747074
1
152.94999023402914 175.9032040055547
0.25 0.25 0.25 0.25
2.121390808083945
45.0
436.71582768241524 170.18798379957377
0
436.71582768241524 148.99833533678793
0.25 0.25 0.25 0.25
21.189648462785836
45.0
58.05700901808116 91.22964835590301
2
86.30990412514276 91.22964835590301
0.25 0.25 0.25 0.25
28.252895107061605
45.0
440.6781867771244 371.7667987601979
1
440.6781867771244 409.87583886347966
0.25 0.25 0.25 0.25
38.10904010328177
45.0
408.57894224090023 475.8041381697021
2
438.1869616210056 475.8041381697021
0.25 0.25 0.25 0.25
29.60801938010536
45.0
203.48730756280756 43.46914543919054
3
198.13106804357184 43.46914543919054
0.25 0.25 0.25 0.25
5.356239519235717
45.0
347.75425443772474 216.93289826434477
1
347.75425443772474 257.46356073342474
0.25 0.25 0.25 0.25
40.53066246907996
45.0
484.0236439770839 301.40974706190474
0
484.0236439770839 295.3967096847607
0.25 0.25 0.25 0.25
6.013037377144014
45.0
359.901561245399 29.02397010989574
2
385.8516811786852 29.02397010989574
0.25 0.25 0.25 0.25
25.950119933286192
45.0
170.47401096907572 284.3958832081157
0
170.47401096907572 281.67006415979034
0.25 0.25 0.25 0.25
2.725819048325401
45.0
467.10780601546685 149.58970108224545
1
467.10780601546685 191.46115483798948
0.25 0.25 0.25 0.25
41.87145375574402
45.0
494.2420135367887 153.4065023341972
3
447.39322757542936 153.4065023341972
0.25 0.25 0.25 0.25
46.84878596135932
45.0
289.40608621915675 281.1206233192228
0
289.40608621915675 260.4921648729023
0.25 0.25 0.25 0.25
20.628458446320447
45.0
404.7807698818792 5.917984922665256
2
408.44668982983853 5.917984922665256
0.25 0.25 0.25 0.25
3.665919947959323
45.0
75.19922422705656 9.832240839207977
1
75.19922422705656 29.39733243017105
0.25 0.25 0.25 0.25
19.565091590963075
45.0
186.4556998175969 98.94245069528782
3
185.12101401296772 98.94245069528782
0.25 0.25 0.25 0.25
1.3346858046291654
45.0
21.984591046011012 324.9905589541486
1
21.984591046011012 333.2539519234733
0.25 0.25 0.25 0.25
8.26339296932474
45.0
124.97511743772677 442.918019043189
0
124.97511743772677 414.0296310550899
0.25 0.25 0.25 0.25
28.88838798809914
45.0
272.4458049301977 338.9904982997415
0
272.4458049301977 294.9563273514067
0.25 0.25 0.25 0.25
44.034170948334776
45.0
257.151816407517 255.61398602751512
2
299.9968787957256 255.61398602751512
0.25 0.25 0.25 0.25
42.845062388208575
45.0
239.60380018703918 237.48731021133548
2
280.244956448932 237.48731021133548
0.25 0.25 0.25 0.25
40.64115626189281
45.0
54.43772841629295 167.44133770525175
2
90.29749001425094 167.44133770525175
0.25 0.25 0.25 0.25
35.85976159795799
45.0
251.3125064111592 306.49936275767743
0
251.3125064111592 289.17752639100763
0.25 0.25 0.25 0.25
17.321836366669828
45.0
407.4674610701992 99.84214863783869
1
407.4674610701992 131.43482697810913
0.25 0.25 0.25 0.25
31.592678340270435
45.0
356.6253766551232 156.56373133534476
2
380.89526946530555 156.56373133534476
0.25 0.25 0.25 0.25
24.26989281018234
45.0
312.6921970024475 223.43568907785428
0
312.6921970024475 210.99385025132017
0.25 0.25 0.25 0.25
12.441838826534113
45.0
124.84995740084298 344.1036452960898
0
124.84995740084298 306.0007929849162
0.25 0.25 0.25 0.25
38.10285231117362
45.0
282.85832532867306 203.36833779741062
1
282.85832532867306 230.9032007489398
0.25 0.25 0.25 0.25
27.534862951529206
45.0
387.53097990203366 363.3089481716423
3
343.48813876940665 363.3089481716423
0.25 0.25 0.25 0.25
44.042841132627
45.0
379.1035163423549 249.97759944737666
3
332.3596365598895 249.97759944737666
0.25 0.25 0.25 0.25
46.74387978246542
45.0
381.2755629715863 276.1992562113091
0
381.2755629715863 262.417865549459
0.25 0.25 0.25 0.25
13.781390661850097
45.0
197.03323160511957 341.41919209517107
3
172.57930264419997 341.41919209517107
0.25 0.25 0.25 0.25
24.453928960919608
45.0
390.18682580272707 277.71140774186154
3
382.5353693414393 277.71140774186154
0.25 0.25 0.25 0.25
7.651456461287765
45.0
219.56692492470654 145.9446393616094
1
219.56692492470654 190.28388565585567
0.25 0.25 0.25 0.25
44.33924629424627
45.0
489.95175366240267 427.85662504230396
1
489.95175366240267 456.22191577994596
0.25 0.25 0.25 0.25
28.365290737642013
45.0
31.539708228070026 439.02735702777306
1
31.539708228070026 478.2985250462657
0.25 0.25 0.25 0.25
39.27116801849263
45.0
48.93106021270525 357.0580541691799
1
48.93106021270525 364.7448829833437
0.25 0.25 0.25 0.25
7.686828814163782
45.0
185.20828026058757 46.538653882182345
0
185.20828026058757 15.01871837978041
0.25 0.25 0.25 0.25
31.519935502401935
45.0
90.17794662209238 270.9257721768685
0
90.17794662209238 234.6515292401708
0.25 0.25 0.25 0.25
36.27424293669774
45.0
451.01157342572884 261.8266087567907
0
451.01157342572884 261.36995627257727
0.25 0.25 0.25 0.25
0.45665248421340454
45.0
69.26650257298184 79.54029536287987
1
69.26650257298184 92.70509734606935
0.25 0.25 0.25 0.25
13.164801983189477
45.0
25.83375384682813 450.1310510913076
2
27.516955458455232 450.1310510913076
0.25 0.25 0.25 0.25
1.6832016116270998
45.0
420.4888544997224 26.479669992120442
3
399.5363489206301 26.479669992120442
0.25 0.25 0.25 0.25
20.952505579092325
45.0
480.34951083762235 23.625885829430622
1
480.34951083762235 15.969470824606034
0.25 0.25 0.25 0.25
39.59535665403666
45.0
444.5132407166488 215.76915882630243
3
414.6078915162064 215.76915882630243
0.25 0.25 0.25 0.25
29.905349200442384
45.0
92.87452152651989 105.98523588762926
0
92.87452152651989 73.88717285526653
0.25 0.25 0.25 0.25
32.09806303236273
45.0
138.331440261092 192.67899821850102
3
94.59389018217524 192.67899821850102
0.25 0.25 0.25 0.25
43.73755007891676
45.0
494.49981207771776 449.24033493354864
1
494.49981207771776 488.1061432353907
0.25 0.25 0.25 0.25
38.86580830184202
45.0
