20552
125.37190972893771 114.38287057111998
2
127.49330053702165 114.38287057111998
0.25 0.25 0.25 0.25
2.121390808083945
45.0
114.21503235001657 342.4501015563519
0
114.21503235001657 321.26045309356607
0.25 0.25 0.25 0.25
21.189648462785836
45.0
213.3232707996907 226.53857128983776
0
213.3232707996907 198.28567618277617
0.25 0.25 0.25 0.25
28.252895107061605
45.0
169.06645487538378 218.198717418377
1
169.06645487538378 256.30775752165874
0.25 0.25 0.25 0.25
38.10904010328177
45.0
378.9709228607948 353.2204044732479
0
378.9709228607948 323.61238509314256
0.25 0.25 0.25 0.25
29.60801938010536
45.0
85.65003813962183 4.737010233930911
3
80.29379862038611 4.737010233930911
0.25 0.25 0.25 0.25
5.356239519235717
45.0
23.508954685085016 228.9043888955348
2
64.03961715416497 228.9043888955348
0.25 0.25 0.25 0.25
40.53066246907996
45.0
423.8932702056436 115.0055883704404
2
429.90630758278763 115.0055883704404
0.25 0.25 0.25 0.25
6.013037377144014
45.0
302.74687962188034 340.42540930933006
1
302.74687962188034 366.37552924261627
0.25 0.25 0.25 0.25
25.950119933286192
45.0
195.00638240400437 328.00898798132175
3
192.28056335567896 328.00898798132175
0.25 0.25 0.25 0.25
2.725819048325401
45.0
178.92251986311527 479.64644099034103
2
220.7939736188593 479.64644099034103
0.25 0.25 0.25 0.25
41.87145375574402
45.0
208.48977588360117 315.08135727939595
0
208.48977588360117 268.2325713180366
0.25 0.25 0.25 0.25
46.84878596135932
45.0
81.9061658146114 291.91508718892476
0
81.9061658146114 271.2866287426043
0.25 0.25 0.25 0.25
20.628458446320447
45.0
485.2416316793415 148.88886289307882
0
485.2416316793415 145.2229429451195
0.25 0.25 0.25 0.25
3.665919947959323
45.0
409.9861101343124 66.24779666376057
2
429.55120172527546 66.24779666376057
0.25 0.25 0.25 0.25
19.565091590963075
45.0
134.4029534370591 141.65239644342108
2
135.73763924168827 141.65239644342108
0.25 0.25 0.25 0.25
1.3346858046291654
45.0
93.70291052453538 267.1468081688754
2
101.96630349386012 267.1468081688754
0.25 0.25 0.25 0.25
8.26339296932474
45.0
30.560402086238383 356.2528550788917
1
30.560402086238383 385.1412430669908
0.25 0.25 0.25 0.25
28.88838798809914
45.0
241.1975657935631 471.0930111447459
2
285.23173674189786 471.0930111447459
0.25 0.25 0.25 0.25
44.034170948334776
45.0
157.74375938529636 144.55514053756463
3
114.89869699708778 144.55514053756463
0.25 0.25 0.25 0.25
42.845062388208575
45.0
28.855387098889985 34.281528901871404
1
28.855387098889985 74.92268516376421
0.25 0.25 0.25 0.25
40.64115626189281
45.0
341.3158211999569 279.09394724194925
0
341.3158211999569 243.23418564399125
0.25 0.25 0.25 0.25
35.85976159795799
45.0
268.34258458893567 57.25920094238887
1
268.34258458893567 74.5810373090587
0.25 0.25 0.25 0.25
17.321836366669828
45.0
150.23504216601486 489.4530329386458
2
181.8277205062853 489.4530329386458
0.25 0.25 0.25 0.25
31.592678340270435
45.0
264.48020019691785 193.08355757225604
1
264.48020019691785 217.35345038243838
0.25 0.25 0.25 0.25
24.26989281018234
45.0
46.760687767960945 74.13362315944494
1
46.760687767960945 86.57546198597905
0.25 0.25 0.25 0.25
12.441838826534113
45.0
84.3159839739975 362.7553251150621
0
84.3159839739975 324.6524728038885
0.25 0.25 0.25 0.25
38.10285231117362
45.0
56.30496383462629 227.14447396542522
0
56.30496383462629 199.60961101389603
0.25 0.25 0.25 0.25
27.534862951529206
45.0
9.217558740175534 214.3347895338724
1
9.217558740175534 258.3776306664994
0.25 0.25 0.25 0.25
44.042841132627
45.0
163.7626419982542 150.74365730278657
1
163.7626419982542 197.487537085252
0.25 0.25 0.25 0.25
46.74387978246542
45.0
183.76145416426738 414.0131628298099
2
197.54284482611746 414.0131628298099
0.25 0.25 0.25 0.25
13.781390661850097
45.0
319.30287640971756 363.26203365838694
2
343.75680537063715 363.26203365838694
0.25 0.25 0.25 0.25
24.453928960919608
45.0
441.4811320489424 270.0599512805738
1
441.4811320489424 277.71140774186154
0.25 0.25 0.25 0.25
7.651456461287765
45.0
150.69109710387815 121.40805783502734
0
150.69109710387815 77.06881154078107
0.25 0.25 0.25 0.25
44.33924629424627
45.0
20.623479615153514 229.29958987880997
2
7.7418111224885 229.29958987880997
0.25 0.25 0.25 0.25
28.365290737642013
45.0
267.23840532531096 364.6168028797637
3
227.96723730681833 364.6168028797637
0.25 0.25 0.25 0.25
39.27116801849263
45.0
258.5420923538462 57.271730416792145
2
266.22892116801 57.271730416792145
0.25 0.25 0.25 0.25
7.686828814163782
45.0
129.9910747634318 86.6965254614465
0
129.9910747634318 55.17658995904456
0.25 0.25 0.25 0.25
31.519935502401935
45.0
199.00067543218557 366.33179845615393
3
162.72643249548784 366.33179845615393
0.25 0.25 0.25 0.25
36.27424293669774
45.0
453.2948358467959 240.82059448297395
3
452.83818336258247 240.82059448297395
0.25 0.25 0.25 0.25
0.45665248421340454
45.0
424.7161561190977 26.88108743012195
2
437.8809581022872 26.88108743012195
0.25 0.25 0.25 0.25
13.164801983189477
45.0
40.98256835147202 472.44167477384525
3
39.29936673984492 472.44167477384525
0.25 0.25 0.25 0.25
1.6832016116270998
45.0
312.848840768509 481.7145249357202
0
312.848840768509 460.7620193566279
0.25 0.25 0.25 0.25
20.952505579092325
45.0
460.1173435394553 350.5048227108074
2
499.71270019349197 350.5048227108074
0.25 0.25 0.25 0.25
39.59535665403666
45.0
248.29927269895316 468.1354288152428
2
278.20462189939553 468.1354288152428
0.25 0.25 0.25 0.25
29.905349200442384
45.0
199.08880261711818 242.13341147160577
1
199.08880261711818 274.2314745039685
0.25 0.25 0.25 0.25
32.09806303236273
45.0
36.61876005457513 498.8418487709182
2
7.118790024341635 498.8418487709182
0.25 0.25 0.25 0.25
43.73755007891676
45.0
271.8159781145584 32.22745946117914
1
271.8159781145584 71.09326776302116
0.25 0.25 0.25 0.25
38.86580830184202
45.0
