20552
186.89224316337248 133.47538784387552
3
184.77085235528853 133.47538784387552
0.25 0.25 0.25 0.25
2.121390808083945
45.0
55.30215535227015 360.89481996464633
0
55.30215535227015 339.7051715018605
0.25 0.25 0.25 0.25
21.189648462785836
45.0
167.96615183841163 158.88410982287036
1
167.96615183841163 187.13700492993195
0.25 0.25 0.25 0.25
28.252895107061605
45.0
478.78722688040614 438.8199216520872
3
483.10373301631205 438.8199216520872
0.25 0.25 0.25 0.25
38.10904010328177
45.0
53.2827096796359 86.74823005229968
1
53.2827096796359 116.35624943240504
0.25 0.25 0.25 0.25
29.60801938010536
45.0
80.39338695668535 0.6192292853048205
1
80.39338695668535 5.9754688045405375
0.25 0.25 0.25 0.25
5.356239519235717
45.0
449.5924332168754 107.3124014882949
2
490.1230956859554 107.3124014882949
0.25 0.25 0.25 0.25
40.53066246907996
45.0
369.77593381134733 96.96647623900836
1
369.77593381134733 102.97951361615237
0.25 0.25 0.25 0.25
6.013037377144014
45.0
86.50491937741256 152.62686942310762
3
60.554799444126374 152.62686942310762
0.25 0.25 0.25 0.25
25.950119933286192
45.0
184.10310621070275 273.4926070148142
0
184.10310621070275 270.76678796648883
0.25 0.25 0.25 0.25
2.725819048325401
45.0
178.9225198631152 185.38192896370674
1
178.9225198631152 227.25338271945077
0.25 0.25 0.25 0.25
41.87145375574402
45.0
182.47600661872758 137.2310075227431
0
182.47600661872758 90.3822215613838
0.25 0.25 0.25 0.25
46.84878596135932
45.0
185.04845804621365 306.31020775436826
1
185.04845804621365 326.9386662006887
0.25 0.25 0.25 0.25
20.628458446320447
45.0
419.2550726160739 178.2162224767533
2
422.9209925640332 178.2162224767533
0.25 0.25 0.25 0.25
3.665919947959323
45.0
36.069041045130405 481.57476788320525
2
55.63413263609348 481.57476788320525
0.25 0.25 0.25 0.25
19.565091590963075
45.0
143.74575406946332 153.66456868508365
3
142.41106826483414 153.66456868508365
0.25 0.25 0.25 0.25
1.3346858046291654
45.0
52.385945677911685 374.570916770097
2
60.649338647236426 374.570916770097
0.25 0.25 0.25 0.25
8.26339296932474
45.0
9.421565485330206 297.086489063919
2
19.466822502768935 297.086489063919
0.25 0.25 0.25 0.25
28.88838798809914
45.0
362.4948956714237 308.7361341135801
2
406.5290666197585 308.7361341135801
0.25 0.25 0.25 0.25
44.034170948334776
45.0
71.04511762694906 26.825109015269675
1
71.04511762694906 69.67017140347825
0.25 0.25 0.25 0.25
42.845062388208575
45.0
353.9846371940325 428.80009652627
2
394.6257934559253 428.80009652627
0.25 0.25 0.25 0.25
40.64115626189281
45.0
479.3853708102532 382.59990729299966
0
479.3853708102532 346.7401456950417
0.25 0.25 0.25 0.25
35.85976159795799
45.0
233.99067004448938 479.7177264243754
3
216.66883367781955 479.7177264243754
0.25 0.25 0.25 0.25
17.321836366669828
45.0
55.45700714520355 415.76893204054295
1
55.45700714520355 447.3616103808134
0.25 0.25 0.25 0.25
31.592678340270435
45.0
113.92644855329979 42.529805928637984
0
113.92644855329979 18.259913118455643
0.25 0.25 0.25 0.25
24.26989281018234
45.0
326.49447702806253 322.9703996901273
3
314.0526382015284 322.9703996901273
0.25 0.25 0.25 0.25
12.441838826534113
45.0
198.62454090751834 86.70951902736059
1
198.62454090751834 124.8123713385342
0.25 0.25 0.25 0.25
38.10285231117362
45.0
359.18845630144745 190.8646772689471
3
331.65359334991825 190.8646772689471
0.25 0.25 0.25 0.25
27.534862951529206
45.0
462.2683476683004 95.19161218641256
0
462.2683476683004 51.14877105378556
0.25 0.25 0.25 0.25
44.042841132627
45.0
117.01876221578877 441.1937666435918
2
163.7626419982542 441.1937666435918
0.25 0.25 0.25 0.25
46.74387978246542
45.0
202.1174843675352 110.82256826910807
3
188.33609370568513 110.82256826910807
0.25 0.25 0.25 0.25
13.781390661850097
45.0
99.21751576144112 485.5316784629849
0
99.21751576144112 490.0143925760955
0.25 0.25 0.25 0.25
24.453928960919608
45.0
482.0043033381801 285.3628642031493
2
489.65575979946783 285.3628642031493
0.25 0.25 0.25 0.25
7.651456461287765
45.0
337.04061213283074 165.74730412927357
0
337.04061213283074 121.40805783502731
0.25 0.25 0.25 0.25
44.33924629424627
45.0
389.3722592044995 309.6409341363882
0
389.3722592044995 281.2756433987462
0.25 0.25 0.25 0.25
28.365290737642013
45.0
342.8794834328869 32.226659194138506
1
342.8794834328869 7.044508824354125
0.25 0.25 0.25 0.25
39.27116801849263
45.0
50.997714371423925 34.21124397430079
1
50.997714371423925 41.898072788464575
0.25 0.25 0.25 0.25
7.686828814163782
45.0
382.1505587826474 48.02115262502346
1
382.1505587826474 79.5410881274254
0.25 0.25 0.25 0.25
31.519935502401935
45.0
18.64478218800084 397.68940291122766
2
54.91902512469858 397.68940291122766
0.25 0.25 0.25 0.25
36.27424293669774
45.0
443.2484811941009 248.12703423038846
2
443.7051336783143 248.12703423038846
0.25 0.25 0.25 0.25
0.45665248421340454
45.0
477.3753640518556 263.84752312753255
1
477.3753640518556 277.01232511072203
0.25 0.25 0.25 0.25
13.164801983189477
45.0
78.01300380726818 492.6400941133706
0
78.01300380726818 490.9568925017435
0.25 0.25 0.25 0.25
1.6832016116270998
45.0
417.61136866397044 413.5229471688183
3
396.65886308487813 413.5229471688183
0.25 0.25 0.25 0.25
20.952505579092325
45.0
173.40836292513129 253.54161074882597
2
213.00371957916795 253.54161074882597
0.25 0.25 0.25 0.25
39.59535665403666
45.0
482.55258449706525 382.3378251825452
3
452.64723529662285 382.3378251825452
0.25 0.25 0.25 0.25
29.905349200442384
45.0
158.94993673562692 325.71163111741345
2
191.04799976798967 325.71163111741345
0.25 0.25 0.25 0.25
32.09806303236273
45.0
473.9942608437427 373.59285034925335
1
473.9942608437427 417.3304004281701
0.25 0.25 0.25 0.25
43.73755007891676
45.0
349.54759471824246 254.91129342433845
1
349.54759471824246 293.7771017261805
0.25 0.25 0.25 0.25
38.86580830184202
45.0
