20552
121.12912811276982 171.66042238938678
3
119.00773730468588 171.66042238938678
0.25 0.25 0.25 0.25
2.121390808083945
45.0
267.1986399801285 490.7776407958528
0
267.1986399801285 488.03271074136137
0.25 0.25 0.25 0.25
21.189648462785836
45.0
292.1264035195022 219.5521978217746
0
292.1264035195022 191.299302714713
0.25 0.25 0.25 0.25
28.252895107061605
45.0
16.630294462256714 18.48855958729395
2
21.478745641025057 18.48855958729395
0.25 0.25 0.25 0.25
38.10904010328177
45.0
472.9889802386783 127.18056453202007
1
472.9889802386783 156.78858391212543
0.25 0.25 0.25 0.25
29.60801938010536
45.0
112.43123573580041 15.449489272402346
2
117.78747525503613 15.449489272402346
0.25 0.25 0.25 0.25
5.356239519235717
45.0
422.3283324747946 309.96571383369474
0
422.3283324747946 269.43505136461476
0.25 0.25 0.25 0.25
40.53066246907996
45.0
473.8850943829079 211.21418640474448
1
473.8850943829079 217.22722378188848
0.25 0.25 0.25 0.25
6.013037377144014
45.0
250.84663975530793 464.028308622542
3
224.89651982202173 464.028308622542
0.25 0.25 0.25 0.25
25.950119933286192
45.0
154.1190966791233 317.10571178802024
3
151.39327763079788 317.10571178802024
0.25 0.25 0.25 0.25
2.725819048325401
45.0
491.0207402287891 310.9962902309388
3
449.1492864730451 310.9962902309388
0.25 0.25 0.25 0.25
41.87145375574402
45.0
9.578659111741288 361.93014324075534
2
56.42744507310061 361.93014324075534
0.25 0.25 0.25 0.25
46.84878596135932
45.0
123.16308270725222 198.60678953394097
0
123.16308270725222 177.97833108762052
0.25 0.25 0.25 0.25
20.628458446320447
45.0
448.5824321997484 20.58166471450255
3
444.9165122517891 20.58166471450255
0.25 0.25 0.25 0.25
3.665919947959323
45.0
159.58187486450035 146.68849188849663
3
140.01678327353727 146.68849188849663
0.25 0.25 0.25 0.25
19.565091590963075
45.0
161.09666952964258 124.30148098324186
2
162.43135533427176 124.30148098324186
0.25 0.25 0.25 0.25
1.3346858046291654
45.0
5.457805107361532 308.4637730154991
0
5.457805107361532 300.20038004617436
0.25 0.25 0.25 0.25
8.26339296932474
45.0
240.52866939012333 268.19810107581986
1
240.52866939012333 297.086489063919
0.25 0.25 0.25 0.25
28.88838798809914
45.0
463.34916937979347 132.59945032024095
3
492.61665967187173 132.59945032024095
0.25 0.25 0.25 0.25
44.034170948334776
45.0
100.33513192588522 298.4590484157237
2
143.1801943140938 298.4590484157237
0.25 0.25 0.25 0.25
42.845062388208575
45.0
280.244956448932 372.13003371705673
0
280.244956448932 331.4888774551639
0.25 0.25 0.25 0.25
40.64115626189281
45.0
268.300125965329 346.7401456950417
3
232.44036436737102 346.7401456950417
0.25 0.25 0.25 0.25
35.85976159795799
45.0
130.0596518444704 115.95916272430938
0
130.0596518444704 98.63732635763955
0.25 0.25 0.25 0.25
17.321836366669828
45.0
439.0601394104696 194.62018365864998
3
407.4674610701992 194.62018365864998
0.25 0.25 0.25 0.25
31.592678340270435
45.0
380.89526946530555 374.9927666269858
2
405.1651622754879 374.9927666269858
0.25 0.25 0.25 0.25
24.26989281018234
45.0
475.7965429464722 61.691784332910856
1
475.7965429464722 74.13362315944497
0.25 0.25 0.25 0.25
12.441838826534113
45.0
315.36421895671106 229.79508836256892
0
315.36421895671106 191.6922360513953
0.25 0.25 0.25 0.25
38.10285231117362
45.0
62.579421716439484 135.79495136588878
2
90.11428466796869 135.79495136588878
0.25 0.25 0.25 0.25
27.534862951529206
45.0
185.02595482211728 407.35178930426935
1
185.02595482211728 451.39463043689636
0.25 0.25 0.25 0.25
44.042841132627
45.0
257.25040156318505 436.9531185772383
0
257.25040156318505 390.2092387947729
0.25 0.25 0.25 0.25
46.74387978246542
45.0
298.5872190004858 475.7357118753894
3
284.8058283386357 475.7357118753894
0.25 0.25 0.25 0.25
13.781390661850097
45.0
270.39501848787836 389.58758933471336
2
294.84894744879796 389.58758933471336
0.25 0.25 0.25 0.25
24.453928960919608
45.0
367.2324564188638 132.33373497739427
1
367.2324564188638 139.98519143868202
0.25 0.25 0.25 0.25
7.651456461287765
45.0
159.68362695584568 233.30591251894288
1
159.68362695584568 277.64515881318914
0.25 0.25 0.25 0.25
44.33924629424627
45.0
112.93417601060933 252.91035266110418
3
84.56888527296732 252.91035266110418
0.25 0.25 0.25 0.25
28.365290737642013
45.0
246.1163478582174 281.94268495380254
1
246.1163478582174 321.2138529722952
0.25 0.25 0.25 0.25
39.27116801849263
45.0
194.98080768181723 241.75562195672308
2
202.66763649598101 241.75562195672308
0.25 0.25 0.25 0.25
7.686828814163782
45.0
350.63062328024546 330.21807340379985
2
382.1505587826474 330.21807340379985
0.25 0.25 0.25 0.25
31.519935502401935
45.0
272.56448274488497 236.91362893689976
2
308.83872568158273 236.91362893689976
0.25 0.25 0.25 0.25
36.27424293669774
45.0
447.815006036235 249.49699168302868
1
447.815006036235 249.9536441672421
0.25 0.25 0.25 0.25
0.45665248421340454
45.0
477.3753640518556 277.01232511072203
1
477.3753640518556 290.1771270939115
0.25 0.25 0.25 0.25
13.164801983189477
45.0
15.734544177065525 436.6654381982907
1
15.734544177065525 438.3486398099178
0.25 0.25 0.25 0.25
1.6832016116270998
45.0
357.63133776244547 5.5271644130281175
1
357.63133776244547 15.425341166064207
0.25 0.25 0.25 0.25
20.952505579092325
45.0
282.07834923815767 390.10017936484405
0
282.07834923815767 350.5048227108074
0.25 0.25 0.25 0.25
39.59535665403666
45.0
213.4044416930837 395.2012540289568
1
213.4044416930837 425.1066032293992
0.25 0.25 0.25 0.25
29.905349200442384
45.0
381.75708881778456 36.82906382614877
1
381.75708881778456 68.9271268585115
0.25 0.25 0.25 0.25
32.09806303236273
45.0
132.36778844600659 498.84184877091826
2
176.10533852492335 498.84184877091826
0.25 0.25 0.25 0.25
43.73755007891676
45.0
28.11011245561336 239.83319865171507
1
28.11011245561336 278.6990069535571
0.25 0.25 0.25 0.25
38.86580830184202
45.0
