78865
11.14875882383609 60.36284490291149
2
168.37837678014714 60.36284490291149
0.25 0.25 0.25 0.25
157.22961795631105
45.0
391.3580180660449 160.33281255995814
0
391.3580180660449 28.80231870705603
0.25 0.25 0.25 0.25
131.5304938529021
45.0
0.5826886566873668 327.4935602014022
2
143.94832934671854 327.4935602014022
0.25 0.25 0.25 0.25
143.36564069003117
45.0
362.6162602591718 298.11084718355164
3
258.5063335312084 298.11084718355164
0.25 0.25 0.25 0.25
104.10992672796337
45.0
183.8871520668099 301.9997130171297
1
183.8871520668099 432.8282574266548
0.25 0.25 0.25 0.25
130.82854440952508
45.0
25.72574920739129 381.99008495654516
2
186.6643440977845 381.99008495654516
0.25 0.25 0.25 0.25
160.9385948903932
45.0
478.51697152437157 401.8621601426212
3
422.0997286302787 401.8621601426212
0.25 0.25 0.25 0.25
99.38329984534968
45.0
379.21411655588224 245.5671481541076
3
465.23423535952566 245.5671481541076
0.25 0.25 0.25 0.25
155.5516480845921
45.0
163.14143988931013 350.7386243577156
0
163.14143988931013 199.83636539700214
0.25 0.25 0.25 0.25
150.90225896071345
45.0
389.95138718741964 4.279599660637302
3
240.64619329761652 4.279599660637302
0.25 0.25 0.25 0.25
149.30519388980312
45.0
3.170736474005281 220.1016765780678
0
3.170736474005281 126.76710526327719
0.25 0.25 0.25 0.25
93.33457131479062
45.0
470.19540357022106 217.4213924972422
0
470.19540357022106 63.3660785115444
0.25 0.25 0.25 0.25
154.0553139856978
45.0
320.63085607381595 176.8811270213772
1
320.63085607381595 337.01813277390545
0.25 0.25 0.25 0.25
160.13700575252824
45.0
490.200573595882 118.17158617090374
3
342.20890958405425 118.17158617090374
0.25 0.25 0.25 0.25
147.9916640118278
45.0
121.080973774478 418.34073451009306
0
121.080973774478 442.258943240082
0.25 0.25 0.25 0.25
139.400322249825
45.0
282.9513014305485 384.06623140904685
0
282.9513014305485 478.93898939318547
0.25 0.25 0.25 0.25
136.99477919776768
45.0
482.75038560187545 484.1743121826005
0
482.75038560187545 402.1504929007926
0.25 0.25 0.25 0.25
113.67519491660693
45.0
282.85861151470914 390.8821202216367
0
282.85861151470914 247.4633460262757
0.25 0.25 0.25 0.25
143.41877419536098
45.0
49.25148428300653 281.8050330477032
0
49.25148428300653 145.63514133426335
0.25 0.25 0.25 0.25
136.16989171343985
45.0
443.5360872466847 255.86133810884496
0
443.5360872466847 139.16690311450026
0.25 0.25 0.25 0.25
116.6944349943447
45.0
57.01229117967898 332.0386047198389
2
76.18430252238522 332.0386047198389
0.25 0.25 0.25 0.25
133.1965937020642
45.0
348.86856516028655 178.0525761684836
1
348.86856516028655 288.7918826429405
0.25 0.25 0.25 0.25
110.73930647445691
45.0
194.82878638953682 482.4724943381867
0
194.82878638953682 373.16159655865613
0.25 0.25 0.25 0.25
144.36590910315718
45.0
474.1793555706438 402.71493797978474
1
474.1793555706438 497.0176328112308
0.25 0.25 0.25 0.25
94.30269483144606
45.0
381.7881389588267 52.13769033131247
1
381.7881389588267 55.255223435411295
0.25 0.25 0.25 0.25
107.39291376672377
45.0
189.5409921387191 169.12964446770138
2
353.69086498058766 169.12964446770138
0.25 0.25 0.25 0.25
164.14987284186856
45.0
482.7073042185058 107.17152227191099
1
482.7073042185058 256.39186523338947
0.25 0.25 0.25 0.25
149.22034296147848
45.0
198.44373413769466 197.798948286113
0
198.44373413769466 71.62655150255644
0.25 0.25 0.25 0.25
126.17239678355655
45.0
491.59876089696616 466.55403335405185
3
397.69185010013723 466.55403335405185
0.25 0.25 0.25 0.25
93.9069107968289
45.0
123.1883529467828 297.5070526007447
2
126.0463372542595 297.5070526007447
0.25 0.25 0.25 0.25
2.8579843074766966
45.0
305.477175071914 324.13259701019115
3
280.39087233387113 324.13259701019115
0.25 0.25 0.25 0.25
25.086302738042892
45.0
102.56221865061839 478.5008280567912
2
106.32596971579665 478.5008280567912
0.25 0.25 0.25 0.25
3.7637510651782504
45.0
277.4425878438918 215.19825092079805
3
245.18152726774565 215.19825092079805
0.25 0.25 0.25 0.25
32.261060576146136
45.0
282.3926319971907 23.326287001569725
1
282.3926319971907 32.39404792452105
0.25 0.25 0.25 0.25
9.067760922951324
45.0
182.21642138614212 117.64136382883387
1
182.21642138614212 127.56677968451963
0.25 0.25 0.25 0.25
9.925415855685754
45.0
319.2790829792883 126.88471547305795
1
319.2790829792883 152.40667370146542
0.25 0.25 0.25 0.25
25.52195822840747
45.0
222.01077652836813 165.43423097854736
1
222.01077652836813 212.61646570158422
0.25 0.25 0.25 0.25
47.18223472303684
45.0
153.3699847930176 225.5416219119092
1
153.3699847930176 231.11837407169668
0.25 0.25 0.25 0.25
5.5767521597874845
45.0
114.56937546097431 332.9997612124386
1
114.56937546097431 346.4535114675041
0.25 0.25 0.25 0.25
13.453750255065462
45.0
267.49656456603833 418.0920702623042
1
267.49656456603833 435.492947702433
0.25 0.25 0.25 0.25
17.400877440128777
45.0
131.98752161562427 221.1886756996438
0
131.98752161562427 187.71936499620446
0.25 0.25 0.25 0.25
33.46931070343934
45.0
224.2017413767013 494.3632318226119
0
224.2017413767013 489.1956917941522
0.25 0.25 0.25 0.25
16.44107638323589
45.0
210.79219320743397 412.70209429321847
3
198.22270954355838 412.70209429321847
0.25 0.25 0.25 0.25
12.56948366387558
45.0
222.9840480600023 65.57607315993869
2
246.00714951415557 65.57607315993869
0.25 0.25 0.25 0.25
23.023101454153277
45.0
141.81543725085083 152.24859646613845
3
122.77545529449426 152.24859646613845
0.25 0.25 0.25 0.25
19.039981956356574
45.0
21.410878102396005 124.21603344053304
0
21.410878102396005 77.38718373271843
0.25 0.25 0.25 0.25
46.828849707814605
45.0
128.23720858081998 148.0369173467315
1
128.23720858081998 184.77369347793422
0.25 0.25 0.25 0.25
36.73677613120269
45.0
305.73624577743806 451.1109142701562
2
339.7894658638061 451.1109142701562
0.25 0.25 0.25 0.25
34.05322008636803
45.0
