63258
495.46894819689567 188.44579116798428
3
447.29690905191626 188.44579116798428
0.25 0.25 0.25 0.25
48.17203914497938
45.0
494.2857832875461 289.27256439487144
3
459.29559742867855 289.27256439487144
0.25 0.25 0.25 0.25
34.99018585886755
45.0
468.9547426008646 420.14521692046134
1
468.9547426008646 457.0786065213804
0.25 0.25 0.25 0.25
36.933389600919035
45.0
298.78361540421287 415.1861693860816
3
273.1801230729918 415.1861693860816
0.25 0.25 0.25 0.25
25.603492331221055
45.0
97.72764883556857 461.06666786408016
0
97.72764883556857 431.5306000638842
0.25 0.25 0.25 0.25
29.536067800195976
45.0
393.0408700009891 359.3664290978529
1
393.0408700009891 405.4763430761795
0.25 0.25 0.25 0.25
46.10991397832655
45.0
108.3184845143302 498.30978873311903
0
108.3184845143302 495.09618153356496
0.25 0.25 0.25 0.25
6.594029733315993
45.0
257.8128107829001 308.28882731586066
0
257.8128107829001 266.55230050587545
0.25 0.25 0.25 0.25
41.73652680998519
45.0
401.66224135763184 321.6901594864096
0
401.66224135763184 309.2217987226019
0.25 0.25 0.25 0.25
12.4683607638077
45.0
373.3315580640153 213.30690709374568
3
339.7775429068573 213.30690709374568
0.25 0.25 0.25 0.25
33.554015157158
45.0
217.47311611081983 374.1752768386124
3
170.61356755880854 374.1752768386124
0.25 0.25 0.25 0.25
46.85954855201129
45.0
26.319764397735426 278.2414897114137
0
26.319764397735426 277.895463103015
0.25 0.25 0.25 0.25
0.3460266083986807
45.0
125.73171503862123 0.28749377073707194
1
125.73171503862123 45.81468640895045
0.25 0.25 0.25 0.25
45.52719263821338
45.0
241.01338825451163 185.16585695774862
3
225.42584637832078 185.16585695774862
0.25 0.25 0.25 0.25
15.587541876190835
45.0
283.0365288982631 441.85047516337465
2
312.4810290044833 441.85047516337465
0.25 0.25 0.25 0.25
29.4445001062202
45.0
435.39044106260116 368.6982940371964
2
475.0537352683882 368.6982940371964
0.25 0.25 0.25 0.25
39.663294205787054
45.0
9.713693703048364 166.8672110539096
2
49.74864430973024 166.8672110539096
0.25 0.25 0.25 0.25
40.034950606681875
45.0
115.09418513641006 96.62329152174306
3
93.00141232192331 96.62329152174306
0.25 0.25 0.25 0.25
22.092772814486754
45.0
490.62857086173875 58.66370109248878
3
466.2698755111803 58.66370109248878
0.25 0.25 0.25 0.25
24.358695350558417
45.0
461.485239393288 479.04282602592036
3
489.49335889475077 479.04282602592036
0.25 0.25 0.25 0.25
49.02140171196124
45.0
259.58413746443324 152.78588668349914
0
259.58413746443324 136.37805417086588
0.25 0.25 0.25 0.25
16.40783251263327
45.0
158.57551900313103 91.73721989115381
0
158.57551900313103 69.6892781287363
0.25 0.25 0.25 0.25
22.047941762417516
45.0
180.23685624626557 70.32560118290704
0
180.23685624626557 40.62856579156372
0.25 0.25 0.25 0.25
29.697035391343313
45.0
410.6626958309006 31.09077163119435
2
451.67312107955604 31.09077163119435
0.25 0.25 0.25 0.25
41.010425248655444
45.0
345.5688260078729 316.5518098359124
3
310.929310810902 316.5518098359124
0.25 0.25 0.25 0.25
34.63951519697088
45.0
36.86864017181499 11.72489801711209
1
36.86864017181499 37.411296905349644
0.25 0.25 0.25 0.25
25.686398888237555
45.0
386.37215208904627 49.93805568236215
0
386.37215208904627 9.057532742973265
0.25 0.25 0.25 0.25
40.88052293938888
45.0
459.65416504425593 394.0752193158737
1
459.65416504425593 408.2288330419095
0.25 0.25 0.25 0.25
14.153613726035802
45.0
300.8212964598364 480.09769644198536
3
263.20713954568345 480.09769644198536
0.25 0.25 0.25 0.25
37.61415691415292
45.0
497.21262241308733 146.5436320562315
1
497.21262241308733 166.5103740810247
0.25 0.25 0.25 0.25
19.9667420247932
45.0
81.46638683462888 487.1491918776592
0
81.46638683462888 470.4506709631636
0.25 0.25 0.25 0.25
16.698520914495564
45.0
81.19674950971438 362.8436047453671
0
81.19674950971438 353.82328032736956
0.25 0.25 0.25 0.25
9.02032441799755
45.0
130.92749658003788 36.547335777686556
1
130.92749658003788 11.669049830513814
0.25 0.25 0.25 0.25
48.21638560820037
45.0
327.1959272042865 366.5447543991477
2
359.16309325299267 366.5447543991477
0.25 0.25 0.25 0.25
31.967166048706208
45.0
255.75434312370203 232.876692081148
2
299.15416984087324 232.876692081148
0.25 0.25 0.25 0.25
43.399826717171194
45.0
122.6392402806272 403.6795135708253
1
122.6392402806272 410.56005739044724
0.25 0.25 0.25 0.25
6.880543819621976
45.0
239.32075235933178 377.2432595442429
0
239.32075235933178 367.7495002603411
0.25 0.25 0.25 0.25
9.49375928390177
45.0
433.8417228453043 341.55924287794807
1
433.8417228453043 356.52088728627757
0.25 0.25 0.25 0.25
14.961644408329494
45.0
479.79995235758696 212.0476760648865
0
479.79995235758696 207.7363866205943
0.25 0.25 0.25 0.25
4.3112894442922105
45.0
285.0010201138387 22.489457263106964
1
285.0010201138387 35.03945771637612
0.25 0.25 0.25 0.25
12.550000453269156
45.0
110.62920680955543 479.0950034463466
3
93.64492614307767 479.0950034463466
0.25 0.25 0.25 0.25
16.98428066647775
45.0
75.40100096079325 281.1270336299661
1
75.40100096079325 308.2101005039415
0.25 0.25 0.25 0.25
27.083066873975397
45.0
331.8742578484239 352.71516259121165
1
331.8742578484239 374.895248101697
0.25 0.25 0.25 0.25
22.18008551048536
45.0
271.2934162177159 454.7042697600316
2
294.5933277961927 454.7042697600316
0.25 0.25 0.25 0.25
23.299911578476788
45.0
315.9375426278757 365.7642552692915
3
278.3874741995375 365.7642552692915
0.25 0.25 0.25 0.25
37.55006842833819
45.0
233.25272934796246 201.2527143463495
3
224.8067923599234 201.2527143463495
0.25 0.25 0.25 0.25
8.44593698803906
45.0
126.76329165242188 167.422971471332
0
126.76329165242188 152.17267523339646
0.25 0.25 0.25 0.25
15.250296237935551
45.0
240.45245373805062 195.91064937003455
3
216.54499829652582 195.91064937003455
0.25 0.25 0.25 0.25
23.9074554415248
45.0
