63258
34.42348239787762 125.53283875773693
1
34.42348239787762 173.7048779027163
0.25 0.25 0.25 0.25
48.17203914497938
45.0
39.41336712226784 114.32163510053364
2
74.40355298113539 114.32163510053364
0.25 0.25 0.25 0.25
34.99018585886755
45.0
355.3560930229216 318.52257509791946
0
355.3560930229216 281.5891854970004
0.25 0.25 0.25 0.25
36.933389600919035
45.0
92.49187767206541 149.5544609831606
2
118.09537000328646 149.5544609831606
0.25 0.25 0.25 0.25
25.603492331221055
45.0
79.48875796560725 220.55182025584958
1
79.48875796560725 250.08788805604556
0.25 0.25 0.25 0.25
29.536067800195976
45.0
176.90940763254054 391.05823555299514
2
223.01932161086708 391.05823555299514
0.25 0.25 0.25 0.25
46.10991397832655
45.0
259.98116838059826 148.8262128673707
3
253.38713864728226 148.8262128673707
0.25 0.25 0.25 0.25
6.594029733315993
45.0
445.00157122826886 234.28602121394692
2
486.73809803825407 234.28602121394692
0.25 0.25 0.25 0.25
41.73652680998519
45.0
324.03382183859856 77.29738495543695
0
324.03382183859856 64.82902419162926
0.25 0.25 0.25 0.25
12.4683607638077
45.0
252.35640686486346 48.504759448778266
2
285.91042202202146 48.504759448778266
0.25 0.25 0.25 0.25
33.554015157158
45.0
343.0911740303681 93.01798552654463
2
389.9507225823794 93.01798552654463
0.25 0.25 0.25 0.25
46.85954855201129
45.0
37.392615866493216 272.0130107602373
3
37.046589258094535 272.0130107602373
0.25 0.25 0.25 0.25
0.3460266083986807
45.0
34.677329762194475 273.4506496000173
0
34.677329762194475 227.92345696180394
0.25 0.25 0.25 0.25
45.52719263821338
45.0
318.9510976354657 325.45373384346607
1
318.9510976354657 341.0412757196569
0.25 0.25 0.25 0.25
15.587541876190835
45.0
166.37153208486876 266.29647813754
3
136.92703197864856 266.29647813754
0.25 0.25 0.25 0.25
29.4445001062202
45.0
38.75749900473062 99.47287945201066
2
78.42079321051767 99.47287945201066
0.25 0.25 0.25 0.25
39.663294205787054
45.0
389.7620471967234 247.81087743432045
0
389.7620471967234 207.77592682763856
0.25 0.25 0.25 0.25
40.034950606681875
45.0
443.05035857385485 361.73656529558406
0
443.05035857385485 339.6437924810973
0.25 0.25 0.25 0.25
22.092772814486754
45.0
173.9655313044792 34.30500574193036
2
198.32422665503762 34.30500574193036
0.25 0.25 0.25 0.25
24.358695350558417
45.0
175.79298286220808 256.2781996534982
2
224.8143845741693 256.2781996534982
0.25 0.25 0.25 0.25
49.02140171196124
45.0
210.36063992653345 207.3086453238036
1
210.36063992653345 223.71647783643687
0.25 0.25 0.25 0.25
16.40783251263327
45.0
224.71934429038356 246.07281222807637
0
224.71934429038356 224.02487046565886
0.25 0.25 0.25 0.25
22.047941762417516
45.0
2.0546438982056756 335.7336909902266
2
31.75167928954899 335.7336909902266
0.25 0.25 0.25 0.25
29.697035391343313
45.0
92.09013102577393 60.440916050233575
2
133.10055627442938 60.440916050233575
0.25 0.25 0.25 0.25
41.010425248655444
45.0
449.4873715987855 221.72514566931073
3
414.8478564018146 221.72514566931073
0.25 0.25 0.25 0.25
34.63951519697088
45.0
319.2018309809821 63.09769579358717
2
344.88822986921963 63.09769579358717
0.25 0.25 0.25 0.25
25.686398888237555
45.0
41.30052675950954 213.46014743991765
3
0.4200038201206553 213.46014743991765
0.25 0.25 0.25 0.25
40.88052293938888
45.0
398.8096976953859 68.0874590947654
1
398.8096976953859 82.24107282080121
0.25 0.25 0.25 0.25
14.153613726035802
45.0
97.35219291371666 480.09769644198536
0
97.35219291371666 442.4835395278324
0.25 0.25 0.25 0.25
37.61415691415292
45.0
462.8538935373263 172.92424034045973
2
482.8206355621195 172.92424034045973
0.25 0.25 0.25 0.25
19.9667420247932
45.0
102.21734322482234 270.0684199892165
0
102.21734322482234 253.36989907472096
0.25 0.25 0.25 0.25
16.698520914495564
45.0
496.13167273760126 398.9249024173572
1
496.13167273760126 407.94522683535473
0.25 0.25 0.25 0.25
9.02032441799755
45.0
166.5997844160305 422.2784206432894
1
166.5997844160305 470.49480625148976
0.25 0.25 0.25 0.25
48.21638560820037
45.0
312.14739376983766 17.061238185326765
1
312.14739376983766 14.905927863379443
0.25 0.25 0.25 0.25
31.967166048706208
45.0
483.8466965732707 423.53266519160695
0
483.8466965732707 380.13283847443574
0.25 0.25 0.25 0.25
43.399826717171194
45.0
67.59488972365139 431.2016888493131
2
74.47543354327337 431.2016888493131
0.25 0.25 0.25 0.25
6.880543819621976
45.0
467.1709751729748 320.28070384083213
0
467.1709751729748 310.78694455693034
0.25 0.25 0.25 0.25
9.49375928390177
45.0
493.6883004786223 299.3612913221438
1
493.6883004786223 314.3229357304733
0.25 0.25 0.25 0.25
14.961644408329494
45.0
416.7291009794006 134.44446606762665
0
416.7291009794006 130.13317662333444
0.25 0.25 0.25 0.25
4.3112894442922105
45.0
109.30101376807062 128.1105481761229
2
121.85101422133977 128.1105481761229
0.25 0.25 0.25 0.25
12.550000453269156
45.0
243.9681278642906 173.37795144974731
2
260.95240853076837 173.37795144974731
0.25 0.25 0.25 0.25
16.98428066647775
45.0
317.0751284894824 472.7819760848831
2
344.15819536345776 472.7819760848831
0.25 0.25 0.25 0.25
27.083066873975397
45.0
424.1448015362372 108.73422197587271
2
446.32488704672255 108.73422197587271
0.25 0.25 0.25 0.25
22.18008551048536
45.0
38.29430043294801 268.30497713221735
1
38.29430043294801 291.6048887106941
0.25 0.25 0.25 0.25
23.299911578476788
45.0
278.3874741995375 253.1140499842769
2
315.9375426278757 253.1140499842769
0.25 0.25 0.25 0.25
37.55006842833819
45.0
199.46898139580625 184.3608403702714
0
199.46898139580625 175.91490338223235
0.25 0.25 0.25 0.25
8.44593698803906
45.0
162.9923368683535 396.1774150403654
2
178.24263310628905 396.1774150403654
0.25 0.25 0.25 0.25
15.250296237935551
45.0
381.14138774159426 387.170292902233
0
381.14138774159426 363.26283746070817
0.25 0.25 0.25 0.25
23.9074554415248
45.0
