63258
384.96132942401107 148.75848284687137
1
384.96132942401107 196.93052199185075
0.25 0.25 0.25 0.25
48.17203914497938
45.0
190.80254398264583 169.58661691110956
0
190.80254398264583 134.596431052242
0.25 0.25 0.25 0.25
34.99018585886755
45.0
244.55592422016446 96.92223749240523
1
244.55592422016446 133.85562709332427
0.25 0.25 0.25 0.25
36.933389600919035
45.0
421.0417680347347 133.54775374265006
3
395.4382757035136 133.54775374265006
0.25 0.25 0.25 0.25
25.603492331221055
45.0
227.16909696658715 224.7781254625125
2
256.7051647667831 224.7781254625125
0.25 0.25 0.25 0.25
29.536067800195976
45.0
39.222054735907925 162.26073218692355
2
6.887859242418628 162.26073218692355
0.25 0.25 0.25 0.25
46.10991397832655
45.0
405.0498225135504 108.34094673195303
0
405.0498225135504 101.74691699863703
0.25 0.25 0.25 0.25
6.594029733315993
45.0
361.52851760829844 309.9654707555055
0
361.52851760829844 268.2289439455203
0.25 0.25 0.25 0.25
41.73652680998519
45.0
389.19388059382413 22.44950115502465
3
376.7255198300164 22.44950115502465
0.25 0.25 0.25 0.25
12.4683607638077
45.0
151.69436139338944 488.3594830657497
0
151.69436139338944 454.8054679085917
0.25 0.25 0.25 0.25
33.554015157158
45.0
359.040654438131 217.64715077481566
2
405.9002029901423 217.64715077481566
0.25 0.25 0.25 0.25
46.85954855201129
45.0
47.773414118453644 270.97493093504124
0
47.773414118453644 270.62890432664256
0.25 0.25 0.25 0.25
0.3460266083986807
45.0
370.2726898596435 92.94011708785796
1
370.2726898596435 138.46730972607133
0.25 0.25 0.25 0.25
45.52719263821338
45.0
55.1499073931143 499.31401440535217
0
55.1499073931143 483.72647252916136
0.25 0.25 0.25 0.25
15.587541876190835
45.0
39.739968658672524 440.73747155188823
0
39.739968658672524 411.29297144566806
0.25 0.25 0.25 0.25
29.4445001062202
45.0
364.48149750635076 20.14629104043655
3
324.8182033005637 20.14629104043655
0.25 0.25 0.25 0.25
39.663294205787054
45.0
190.46105933036114 6.727408627182115
1
190.46105933036114 46.76235923386399
0.25 0.25 0.25 0.25
40.034950606681875
45.0
330.19668993318146 478.025652716114
0
330.19668993318146 499.88157446939925
0.25 0.25 0.25 0.25
22.092772814486754
45.0
290.14317098323534 184.92325241309538
1
290.14317098323534 209.2819477636538
0.25 0.25 0.25 0.25
24.358695350558417
45.0
117.0770855798823 420.14395412354844
3
68.05568386792106 420.14395412354844
0.25 0.25 0.25 0.25
49.02140171196124
45.0
423.66246259076587 240.12431034907013
0
423.66246259076587 223.71647783643687
0.25 0.25 0.25 0.25
16.40783251263327
45.0
392.6230250573067 3.5454528414837583
1
392.6230250573067 25.593394603901274
0.25 0.25 0.25 0.25
22.047941762417516
45.0
176.12756844985427 228.50998144529643
2
205.8246038411976 228.50998144529643
0.25 0.25 0.25 0.25
29.697035391343313
45.0
160.21137731431088 5.830140414808042
2
201.22180256296633 5.830140414808042
0.25 0.25 0.25 0.25
41.010425248655444
45.0
29.267248522979507 293.321641573097
1
29.267248522979507 327.9611567700679
0.25 0.25 0.25 0.25
34.63951519697088
45.0
163.31388101029245 319.9616846759627
3
137.6274821220549 319.9616846759627
0.25 0.25 0.25 0.25
25.686398888237555
45.0
368.3447102746205 417.86276213686205
1
368.3447102746205 458.7432850762509
0.25 0.25 0.25 0.25
40.88052293938888
45.0
469.577766325565 379.46696106755326
1
469.577766325565 393.62057479358907
0.25 0.25 0.25 0.25
14.153613726035802
45.0
345.06905463065806 367.25522569952653
3
307.4548977165051 367.25522569952653
0.25 0.25 0.25 0.25
37.61415691415292
45.0
381.32402667781315 6.776437882679062
3
361.35728465302 6.776437882679062
0.25 0.25 0.25 0.25
19.9667420247932
45.0
469.58480334372507 119.78173175875648
1
469.58480334372507 136.48025267325204
0.25 0.25 0.25 0.25
16.698520914495564
45.0
487.11134831960374 16.010020810529923
2
496.13167273760126 16.010020810529923
0.25 0.25 0.25 0.25
9.02032441799755
45.0
447.66913071836655 311.5514557712931
1
447.66913071836655 359.76784137949346
0.25 0.25 0.25 0.25
48.21638560820037
45.0
112.44361735345079 375.56260688925545
3
80.47645130474459 375.56260688925545
0.25 0.25 0.25 0.25
31.967166048706208
45.0
38.75520953784603 423.53266519160695
2
4.6446171793251665 423.53266519160695
0.25 0.25 0.25 0.25
43.399826717171194
45.0
180.10468778273975 383.0236280208943
1
180.10468778273975 389.90417184051626
0.25 0.25 0.25 0.25
6.880543819621976
45.0
172.8644373720194 149.39303673060016
0
172.8644373720194 139.8992774466984
0.25 0.25 0.25 0.25
9.49375928390177
45.0
0.045964996251260715 179.66813605550777
2
14.915679412078234 179.66813605550777
0.25 0.25 0.25 0.25
14.961644408329494
45.0
274.45654931775846 186.1799393991332
0
274.45654931775846 181.86864995484098
0.25 0.25 0.25 0.25
4.3112894442922105
45.0
304.8490011898114 278.7105536153527
1
304.8490011898114 291.26055406862184
0.25 0.25 0.25 0.25
12.550000453269156
45.0
226.98384719781285 188.2896727940382
2
243.9681278642906 188.2896727940382
0.25 0.25 0.25 0.25
16.98428066647775
45.0
385.0111358967884 443.6254348738184
3
357.928069022813 443.6254348738184
0.25 0.25 0.25 0.25
27.083066873975397
45.0
200.4477944032247 395.1791815840234
3
178.26770889273934 395.1791815840234
0.25 0.25 0.25 0.25
22.18008551048536
45.0
334.5042848226806 310.400416580699
3
311.2043732442038 310.400416580699
0.25 0.25 0.25 0.25
23.299911578476788
45.0
383.66190994541876 418.7817074587552
1
383.66190994541876 456.3317758870934
0.25 0.25 0.25 0.25
37.55006842833819
45.0
189.04412005399044 334.2207513115013
1
189.04412005399044 342.6666882995404
0.25 0.25 0.25 0.25
8.44593698803906
45.0
165.99462866248172 375.068141390601
2
181.24492490041726 375.068141390601
0.25 0.25 0.25 0.25
15.250296237935551
45.0
213.78919965092064 8.764134381877842
2
237.69665509244544 8.764134381877842
0.25 0.25 0.25 0.25
23.9074554415248
45.0
