63258
373.34850737944384 465.86520399329345
0
373.34850737944384 485.96275686172714
0.25 0.25 0.25 0.25
48.17203914497938
45.0
199.64890650944642 55.06988814925492
3
164.65872065057886 55.06988814925492
0.25 0.25 0.25 0.25
34.99018585886755
45.0
164.50984216513086 281.5891854970004
0
164.50984216513086 244.65579589608137
0.25 0.25 0.25 0.25
36.933389600919035
45.0
165.0068447225242 455.3325698754341
0
165.0068447225242 429.72907754421306
0.25 0.25 0.25 0.25
25.603492331221055
45.0
477.4702250314533 313.3863288631004
3
492.99370716835074 313.3863288631004
0.25 0.25 0.25 0.25
29.536067800195976
45.0
177.55179667088765 254.48056014357658
2
223.6617106492142 254.48056014357658
0.25 0.25 0.25 0.25
46.10991397832655
45.0
403.72331522028543 147.90512513184902
0
403.72331522028543 141.311095398533
0.25 0.25 0.25 0.25
6.594029733315993
45.0
262.8427411018347 393.43852437547594
3
221.10621429184948 393.43852437547594
0.25 0.25 0.25 0.25
41.73652680998519
45.0
27.611418443400673 52.36066342782156
3
15.143057679592973 52.36066342782156
0.25 0.25 0.25 0.25
12.4683607638077
45.0
83.18374470671657 488.3594830657497
2
116.73775986387457 488.3594830657497
0.25 0.25 0.25 0.25
33.554015157158
45.0
312.1811058861197 405.0853449828608
0
312.1811058861197 358.2257964308495
0.25 0.25 0.25 0.25
46.85954855201129
45.0
47.773414118453644 263.0163189418714
0
47.773414118453644 262.67029233347273
0.25 0.25 0.25 0.25
0.3460266083986807
45.0
323.147259180736 276.64712568140556
3
277.62006654252264 276.64712568140556
0.25 0.25 0.25 0.25
45.52719263821338
45.0
117.50007489787765 360.3981087089305
2
133.0876167740685 360.3981087089305
0.25 0.25 0.25 0.25
15.587541876190835
45.0
422.51847003953503 28.51447006480557
1
422.51847003953503 57.95897017102577
0.25 0.25 0.25 0.25
29.4445001062202
45.0
190.804621374668 464.23088428433175
0
190.804621374668 496.1058215098812
0.25 0.25 0.25 0.25
39.663294205787054
45.0
349.72709659004164 272.643480452544
1
349.72709659004164 312.6784310592259
0.25 0.25 0.25 0.25
40.034950606681875
45.0
42.99064334485371 184.99438277969003
3
20.897870530366955 184.99438277969003
0.25 0.25 0.25 0.25
22.092772814486754
45.0
119.63230352932645 107.38109179360559
1
119.63230352932645 131.739787144164
0.25 0.25 0.25 0.25
24.358695350558417
45.0
117.0770855798823 18.095270237447885
1
117.0770855798823 67.11667194940912
0.25 0.25 0.25 0.25
49.02140171196124
45.0
440.07029510339913 272.93997537433665
0
440.07029510339913 256.5321428617034
0.25 0.25 0.25 0.25
16.40783251263327
45.0
480.8147921069767 489.3518866229135
0
480.8147921069767 467.303944860496
0.25 0.25 0.25 0.25
22.047941762417516
45.0
146.4305330585109 177.54931072783722
1
146.4305330585109 207.24634611918054
0.25 0.25 0.25 0.25
29.697035391343313
45.0
201.22180256296633 415.93439290136246
0
201.22180256296633 374.923967652707
0.25 0.25 0.25 0.25
41.010425248655444
45.0
109.29081226490405 111.03218416393167
1
109.29081226490405 145.67169936090255
0.25 0.25 0.25 0.25
34.63951519697088
45.0
139.39703876331924 140.15689245829986
1
139.39703876331924 165.84329134653743
0.25 0.25 0.25 0.25
25.686398888237555
45.0
368.3447102746205 112.8316521064729
2
409.2252332140094 112.8316521064729
0.25 0.25 0.25 0.25
40.88052293938888
45.0
374.73248268804105 294.54527871133837
0
374.73248268804105 280.39166498530255
0.25 0.25 0.25 0.25
14.153613726035802
45.0
90.71859165704794 194.76667781089094
3
53.104434742895016 194.76667781089094
0.25 0.25 0.25 0.25
37.61415691415292
45.0
21.92267023153564 13.190304142114144
1
21.92267023153564 33.15704616690734
0.25 0.25 0.25 0.25
19.9667420247932
45.0
229.8418201953544 169.87729450224316
0
229.8418201953544 153.1787735877476
0.25 0.25 0.25 0.25
16.698520914495564
45.0
431.7057319184185 38.11192569745537
0
431.7057319184185 29.09160127945782
0.25 0.25 0.25 0.25
9.02032441799755
45.0
82.71111097183757 407.98422698769383
1
82.71111097183757 456.2006125958942
0.25 0.25 0.25 0.25
48.21638560820037
45.0
344.11455981854385 176.8970684288578
3
312.14739376983766 176.8970684288578
0.25 0.25 0.25 0.25
31.967166048706208
45.0
397.0470431389283 163.1337048885797
2
440.4468698560995 163.1337048885797
0.25 0.25 0.25 0.25
43.399826717171194
45.0
331.47665181442295 142.20459433412563
2
338.3571956340449 142.20459433412563
0.25 0.25 0.25 0.25
6.880543819621976
45.0
17.010748306015948 44.96168460768072
0
17.010748306015948 35.46792532377896
0.25 0.25 0.25 0.25
9.49375928390177
45.0
269.2636343536797 104.85991401386028
0
269.2636343536797 89.89826960553079
0.25 0.25 0.25 0.25
14.961644408329494
45.0
261.5226809848819 108.57672940187334
1
261.5226809848819 112.88801884616555
0.25 0.25 0.25 0.25
4.3112894442922105
45.0
430.3490057225029 492.06056132092823
0
430.3490057225029 495.3894382258026
0.25 0.25 0.25 0.25
12.550000453269156
45.0
435.40309879481936 392.1010407917711
3
418.4188181283416 392.1010407917711
0.25 0.25 0.25 0.25
16.98428066647775
45.0
398.32432911140853 66.53597297525232
0
398.32432911140853 39.45290610127692
0.25 0.25 0.25 0.25
27.083066873975397
45.0
400.0685639975929 262.0986685211112
1
400.0685639975929 284.2787540315966
0.25 0.25 0.25 0.25
22.18008551048536
45.0
38.29430043294796 386.70073289910283
0
38.29430043294796 363.40082132062605
0.25 0.25 0.25 0.25
23.299911578476788
45.0
142.03904805131594 207.33314445385724
2
179.58911647965414 207.33314445385724
0.25 0.25 0.25 0.25
37.55006842833819
45.0
315.73317487457643 401.78824721581395
3
307.28723788653735 401.78824721581395
0.25 0.25 0.25 0.25
8.44593698803906
45.0
17.008926192744852 274.17504513688084
3
1.758629954809301 274.17504513688084
0.25 0.25 0.25 0.25
15.250296237935551
45.0
475.4138796092569 104.39395614797705
2
499.3213350507817 104.39395614797705
0.25 0.25 0.25 0.25
23.9074554415248
45.0
