63258
323.4557172677539 366.3930344826339
0
323.4557172677539 318.2209953376545
0.25 0.25 0.25 0.25
48.17203914497938
45.0
39.41336712226784 130.6096659115392
3
4.423181263400295 130.6096659115392
0.25 0.25 0.25 0.25
34.99018585886755
45.0
312.24340056880703 346.27843771862325
2
349.1767901697261 346.27843771862325
0.25 0.25 0.25 0.25
36.933389600919035
45.0
92.49187767206541 72.74398398949745
0
92.49187767206541 47.140491658276396
0.25 0.25 0.25 0.25
25.603492331221055
45.0
138.5608935659992 77.09778646153259
1
138.5608935659992 106.63385426172857
0.25 0.25 0.25 0.25
29.536067800195976
45.0
53.640162259092186 221.03668716287322
2
99.75007623741874 221.03668716287322
0.25 0.25 0.25 0.25
46.10991397832655
45.0
200.63490078075424 320.27098593358687
0
200.63490078075424 313.67695620027087
0.25 0.25 0.25 0.25
6.594029733315993
45.0
137.63316067187907 141.34272007591983
0
137.63316067187907 99.60619326593464
0.25 0.25 0.25 0.25
41.73652680998519
45.0
336.50218260240626 197.0065518483325
1
336.50218260240626 209.4749126121402
0.25 0.25 0.25 0.25
12.4683607638077
45.0
480.6140582502294 347.52296772237764
3
447.0600430930714 347.52296772237764
0.25 0.25 0.25 0.25
33.554015157158
45.0
438.56056361733823 391.5269804013311
3
391.70101506532694 391.5269804013311
0.25 0.25 0.25 0.25
46.85954855201129
45.0
37.046589258094535 271.32095754343993
3
36.700562649695854 271.32095754343993
0.25 0.25 0.25 0.25
0.3460266083986807
45.0
238.48582606708578 138.46730972607133
3
192.95863342887242 138.46730972607133
0.25 0.25 0.25 0.25
45.52719263821338
45.0
365.71372326403815 418.97898510061094
3
350.12618138784734 418.97898510061094
0.25 0.25 0.25 0.25
15.587541876190835
45.0
195.81603219108896 89.6294775002188
2
225.26053229730917 89.6294775002188
0.25 0.25 0.25 0.25
29.4445001062202
45.0
435.39044106260116 11.728646185112893
1
435.39044106260116 27.93464802067416
0.25 0.25 0.25 0.25
39.663294205787054
45.0
209.8884467364577 272.643480452544
0
209.8884467364577 232.6085298458621
0.25 0.25 0.25 0.25
40.034950606681875
45.0
424.39300453922465 102.21166380863775
1
424.39300453922465 124.3044366231245
0.25 0.25 0.25 0.25
22.092772814486754
45.0
466.2698755111803 399.68543600030665
1
466.2698755111803 424.0441313508651
0.25 0.25 0.25 0.25
24.358695350558417
45.0
265.39963254544307 331.97862089003667
2
314.4210342574043 331.97862089003667
0.25 0.25 0.25 0.25
49.02140171196124
45.0
13.466649774934268 354.97913793750297
2
29.874482287567538 354.97913793750297
0.25 0.25 0.25 0.25
16.40783251263327
45.0
4.239926666208454 488.60017161466897
0
4.239926666208454 466.55222985225146
0.25 0.25 0.25 0.25
22.047941762417516
45.0
27.642391493137623 98.15740785948003
2
57.339426884480936 98.15740785948003
0.25 0.25 0.25 0.25
29.697035391343313
45.0
71.95156996884782 183.4721917961999
0
71.95156996884782 142.46176654754444
0.25 0.25 0.25 0.25
41.010425248655444
45.0
104.74487155274855 228.58855189131071
1
104.74487155274855 263.2280670882816
0.25 0.25 0.25 0.25
34.63951519697088
45.0
90.01099458955449 39.64789975936305
2
115.69739347779205 39.64789975936305
0.25 0.25 0.25 0.25
25.686398888237555
45.0
163.94209557767618 31.822990196415617
2
204.82261851706505 31.822990196415617
0.25 0.25 0.25 0.25
40.88052293938888
45.0
313.88801533917103 167.16275517701604
1
313.88801533917103 181.31636890305185
0.25 0.25 0.25 0.25
14.153613726035802
45.0
451.27792411644816 331.83151898725
3
413.6637672022952 331.83151898725
0.25 0.25 0.25 0.25
37.61415691415292
45.0
357.4454282395351 53.123788191700505
2
377.41217026432827 53.123788191700505
0.25 0.25 0.25 0.25
19.9667420247932
45.0
85.51882231032678 370.25954547619006
0
85.51882231032678 353.56102456169447
0.25 0.25 0.25 0.25
16.698520914495564
45.0
485.8276784264037 317.74198265537945
1
485.8276784264037 326.762307073377
0.25 0.25 0.25 0.25
9.02032441799755
45.0
263.03255563243124 374.062035035089
3
214.81617002423087 374.062035035089
0.25 0.25 0.25 0.25
48.21638560820037
45.0
152.3115635263066 17.06123818532677
1
152.3115635263066 14.90592786337944
0.25 0.25 0.25 0.25
31.967166048706208
45.0
483.8466965732707 491.47166687911295
0
483.8466965732707 448.07184016194174
0.25 0.25 0.25 0.25
43.399826717171194
45.0
81.35597736289535 479.3512414956016
2
88.23652118251732 479.3512414956016
0.25 0.25 0.25 0.25
6.880543819621976
45.0
419.70217875346583 339.2682224086357
0
419.70217875346583 329.7744631247339
0.25 0.25 0.25 0.25
9.49375928390177
45.0
299.18692317033873 448.97773540543886
2
314.14856757866824 448.97773540543886
0.25 0.25 0.25 0.25
14.961644408329494
45.0
446.9081270894459 151.6896238447955
0
446.9081270894459 147.3783344005033
0.25 0.25 0.25 0.25
4.3112894442922105
45.0
247.35101875403126 52.810545456507974
0
247.35101875403126 40.26054500323882
0.25 0.25 0.25 0.25
12.550000453269156
45.0
311.90525053020156 326.236477448047
3
294.9209698637238 326.236477448047
0.25 0.25 0.25 0.25
16.98428066647775
45.0
479.5735297333347 420.9592307563047
3
493.34340339268994 420.9592307563047
0.25 0.25 0.25 0.25
27.083066873975397
45.0
424.1448015362372 90.88654761849551
3
401.96471602575184 90.88654761849551
0.25 0.25 0.25 0.25
22.18008551048536
45.0
364.49306253162297 382.19634919063094
2
387.79297411009975 382.19634919063094
0.25 0.25 0.25 0.25
23.299911578476788
45.0
353.4876110562139 333.83519730400303
2
391.0376794845521 333.83519730400303
0.25 0.25 0.25 0.25
37.55006842833819
45.0
20.125380293209275 175.91490338223235
3
11.679443305170215 175.91490338223235
0.25 0.25 0.25 0.25
8.44593698803906
45.0
96.2626991765508 426.67800751623656
3
81.01240293861525 426.67800751623656
0.25 0.25 0.25 0.25
15.250296237935551
45.0
499.3213350507818 434.9852037852826
0
499.3213350507818 411.0777483437578
0.25 0.25 0.25 0.25
23.9074554415248
45.0
