63258
48.5870228808034 474.3499348171599
2
96.75906202578278 474.3499348171599
0.25 0.25 0.25 0.25
48.17203914497938
45.0
354.32503985207586 189.86141286281793
0
354.32503985207586 154.87122700395037
0.25 0.25 0.25 0.25
34.99018585886755
45.0
238.37662136696895 235.47826891586612
1
238.37662136696895 272.41165851678517
0.25 0.25 0.25 0.25
36.933389600919035
45.0
399.733785646718 31.133784417765852
2
425.33727797793904 31.133784417765852
0.25 0.25 0.25 0.25
25.603492331221055
45.0
345.313368167371 273.1087219341563
3
315.77730036717503 273.1087219341563
0.25 0.25 0.25 0.25
29.536067800195976
45.0
499.6788054808264 160.50866566136236
3
453.5688915024998 160.50866566136236
0.25 0.25 0.25 0.25
46.10991397832655
45.0
497.3662387799745 194.06333326506106
0
497.3662387799745 187.46930353174506
0.25 0.25 0.25 0.25
6.594029733315993
45.0
179.36968748186428 59.546309895594305
2
221.10621429184948 59.546309895594305
0.25 0.25 0.25 0.25
41.73652680998519
45.0
276.97863371955475 27.423941900206152
2
289.44699448336246 27.423941900206152
0.25 0.25 0.25 0.25
12.4683607638077
45.0
118.14034623623144 354.1434224371177
2
151.69436139338944 354.1434224371177
0.25 0.25 0.25 0.25
33.554015157158
45.0
499.6193000941649 407.476460809094
3
453.5211513538238 407.476460809094
0.25 0.25 0.25 0.25
46.85954855201129
45.0
46.38930768485892 265.7845318090609
1
46.38930768485892 266.1305584174596
0.25 0.25 0.25 0.25
0.3460266083986807
45.0
6.055148753936535 497.31514916822175
0
6.055148753936535 457.1576581935649
0.25 0.25 0.25 0.25
45.52719263821338
45.0
70.73744926930513 438.3358180898846
1
70.73744926930513 453.9233599660754
0.25 0.25 0.25 0.25
15.587541876190835
45.0
363.6294698270947 264.0704709145672
0
363.6294698270947 234.62597080834698
0.25 0.25 0.25 0.25
29.4445001062202
45.0
397.538737258927 91.055234596687
1
397.538737258927 130.71852880247405
0.25 0.25 0.25 0.25
39.663294205787054
45.0
370.0282491631852 312.6784310592259
1
370.0282491631852 352.7133816659078
0.25 0.25 0.25 0.25
40.034950606681875
45.0
330.19668993318146 102.21166380863775
1
330.19668993318146 124.3044366231245
0.25 0.25 0.25 0.25
22.092772814486754
45.0
26.519868574024063 184.9232524130954
0
26.519868574024063 160.564557062537
0.25 0.25 0.25 0.25
24.358695350558417
45.0
490.75170072442785 1.4766955233273649
1
490.75170072442785 47.544706188633874
0.25 0.25 0.25 0.25
49.02140171196124
45.0
358.0311325402328 223.71647783643687
0
358.0311325402328 207.3086453238036
0.25 0.25 0.25 0.25
16.40783251263327
45.0
188.46608145676066 47.64133636631878
2
210.51402321917817 47.64133636631878
0.25 0.25 0.25 0.25
22.047941762417516
45.0
344.6105774922413 385.42855846724046
1
344.6105774922413 415.1255938585838
0.25 0.25 0.25 0.25
29.697035391343313
45.0
406.2739288062436 117.2011353311583
2
447.28435405489904 117.2011353311583
0.25 0.25 0.25 0.25
41.010425248655444
45.0
213.20935785581668 300.0960574875634
0
213.20935785581668 265.45654229059255
0.25 0.25 0.25 0.25
34.63951519697088
45.0
220.21254567200657 65.33429864760058
3
194.526146783769 65.33429864760058
0.25 0.25 0.25 0.25
25.686398888237555
45.0
163.10208793743487 172.57962450052884
0
163.10208793743487 131.69910156113997
0.25 0.25 0.25 0.25
40.88052293938888
45.0
417.1933238661485 365.31334734151744
1
417.1933238661485 379.46696106755326
0.25 0.25 0.25 0.25
14.153613726035802
45.0
128.33274857120085 157.152520896738
0
128.33274857120085 119.53836398258508
0.25 0.25 0.25 0.25
37.61415691415292
45.0
401.29076870260633 126.57689003143827
3
381.32402667781315 126.57689003143827
0.25 0.25 0.25 0.25
19.9667420247932
45.0
112.95217379388546 286.7669409037121
0
112.95217379388546 270.0684199892165
0.25 0.25 0.25 0.25
16.698520914495564
45.0
494.8480028444012 11.050952443462727
1
494.8480028444012 20.071276861460277
0.25 0.25 0.25 0.25
9.02032441799755
45.0
323.7930390128394 254.5010737549036
1
323.7930390128394 302.71745936310396
0.25 0.25 0.25 0.25
48.21638560820037
45.0
440.0160579646624 464.6015628672136
3
408.04889191595623 464.6015628672136
0.25 0.25 0.25 0.25
31.967166048706208
45.0
125.55486297218842 293.3331850400933
1
125.55486297218842 336.73301175726453
0.25 0.25 0.25 0.25
43.399826717171194
45.0
331.47665181442295 252.29329544807726
1
331.47665181442295 259.17383926769924
0.25 0.25 0.25 0.25
6.880543819621976
45.0
45.492026157721256 73.44296245938602
3
35.99826687381949 73.44296245938602
0.25 0.25 0.25 0.25
9.49375928390177
45.0
89.7239014537257 45.01333638054231
1
89.7239014537257 59.974980788871804
0.25 0.25 0.25 0.25
14.961644408329494
45.0
300.3242859835116 138.75575551191884
1
300.3242859835116 143.06704495621105
0.25 0.25 0.25 0.25
4.3112894442922105
45.0
469.2509906513439 391.66055769477504
2
481.80099110461305 391.66055769477504
0.25 0.25 0.25 0.25
12.550000453269156
45.0
129.68604679822002 392.1010407917711
0
129.68604679822002 375.11676012529335
0.25 0.25 0.25 0.25
16.98428066647775
45.0
262.9089947415316 281.1270336299661
0
262.9089947415316 254.0439667559907
0.25 0.25 0.25 0.25
27.083066873975397
45.0
466.850922939495 40.29781341625767
0
466.850922939495 18.11772790577231
0.25 0.25 0.25 0.25
22.18008551048536
45.0
271.2934162177158 246.90126342824215
2
294.59332779619257 246.90126342824215
0.25 0.25 0.25 0.25
23.299911578476788
45.0
217.13918490799233 17.967266116171913
1
217.13918490799233 19.58280231216628
0.25 0.25 0.25 0.25
37.55006842833819
45.0
214.3819310181076 351.1126252875795
0
214.3819310181076 342.6666882995404
0.25 0.25 0.25 0.25
8.44593698803906
45.0
150.74433242454617 497.0705112940856
3
135.49403618661063 497.0705112940856
0.25 0.25 0.25 0.25
15.250296237935551
45.0
333.32647685854465 39.050776501171754
3
309.41902141701985 39.050776501171754
0.25 0.25 0.25 0.25
23.9074554415248
45.0
