63258
254.60875247199866 281.6617782372423
1
254.60875247199866 329.8338173822217
0.25 0.25 0.25 0.25
48.17203914497938
45.0
205.51793388980502 270.57040934700944
3
170.52774803093746 270.57040934700944
0.25 0.25 0.25 0.25
34.99018585886755
45.0
494.11186779821634 94.12375671721932
1
494.11186779821634 131.05714631813836
0.25 0.25 0.25 0.25
36.933389600919035
45.0
194.9058469969496 440.78966171730264
3
169.30235466572856 440.78966171730264
0.25 0.25 0.25 0.25
25.603492331221055
45.0
447.93415723125736 306.87109494101514
1
447.93415723125736 336.4071627412111
0.25 0.25 0.25 0.25
29.536067800195976
45.0
145.85999021574537 116.150818208597
3
99.75007623741882 116.150818208597
0.25 0.25 0.25 0.25
46.10991397832655
45.0
259.98116838059826 148.8262128673707
3
253.38713864728226 148.8262128673707
0.25 0.25 0.25 0.25
6.594029733315993
45.0
194.5824103683576 268.2289439455203
3
152.8458835583724 268.2289439455203
0.25 0.25 0.25 0.25
41.73652680998519
45.0
401.66224135763184 127.17082801066773
0
401.66224135763184 114.70246724686004
0.25 0.25 0.25 0.25
12.4683607638077
45.0
218.80239170770545 454.8054679085917
0
218.80239170770545 421.2514527514337
0.25 0.25 0.25 0.25
33.554015157158
45.0
125.5043114897448 467.89437394263496
2
172.36386004175608 467.89437394263496
0.25 0.25 0.25 0.25
46.85954855201129
45.0
41.54493516727739 265.7845318090609
3
41.198908558878706 265.7845318090609
0.25 0.25 0.25 0.25
0.3460266083986807
45.0
464.5235512174585 47.41292444964458
3
418.9963585792451 47.41292444964458
0.25 0.25 0.25 0.25
45.52719263821338
45.0
431.6482323454813 44.877980072031065
3
416.0606904692905 44.877980072031065
0.25 0.25 0.25 0.25
15.587541876190835
45.0
372.48303282841016 354.62997845620055
2
401.92753293463034 354.62997845620055
0.25 0.25 0.25 0.25
29.4445001062202
45.0
238.88556043577876 336.82335681164693
2
278.5488546415658 336.82335681164693
0.25 0.25 0.25 0.25
39.663294205787054
45.0
349.7270965900415 352.7133816659078
3
309.69214598335964 352.7133816659078
0.25 0.25 0.25 0.25
40.034950606681875
45.0
402.3002317247379 146.39720943761122
1
402.3002317247379 168.48998225209797
0.25 0.25 0.25 0.25
22.092772814486754
45.0
215.77359430445546 375.3267406497482
0
215.77359430445546 350.9680452991898
0.25 0.25 0.25 0.25
24.358695350558417
45.0
39.86458974641214 373.8929688381959
2
88.88599145837338 373.8929688381959
0.25 0.25 0.25 0.25
49.02140171196124
45.0
374.4389650528661 240.12431034907013
1
374.4389650528661 256.5321428617034
0.25 0.25 0.25 0.25
16.40783251263327
45.0
180.62346076554854 113.78516165357132
0
180.62346076554854 91.73721989115381
0.25 0.25 0.25 0.25
22.047941762417516
45.0
96.73566558149716 246.64258481619663
0
96.73566558149716 216.9455494248533
0.25 0.25 0.25 0.25
29.697035391343313
45.0
169.72221449842795 60.440916050233604
2
210.7326397470834 60.440916050233604
0.25 0.25 0.25 0.25
41.010425248655444
45.0
277.94244753760296 117.8066000783981
3
243.30293234063208 117.8066000783981
0.25 0.25 0.25 0.25
34.63951519697088
45.0
115.69739347779199 371.8015286651869
2
141.38379236602955 371.8015286651869
0.25 0.25 0.25 0.25
25.686398888237555
45.0
0.4200038201206553 418.6151461055825
2
40.46051911926823 418.6151461055825
0.25 0.25 0.25 0.25
40.88052293938888
45.0
313.88801533917103 153.00914145098022
1
313.88801533917103 167.16275517701604
0.25 0.25 0.25 0.25
14.153613726035802
45.0
354.0176900561184 6.695893240126324
1
354.0176900561184 30.918263674026598
0.25 0.25 0.25 0.25
37.61415691415292
45.0
137.81126596680997 332.6581765388053
0
137.81126596680997 312.69143451401214
0.25 0.25 0.25 0.25
19.9667420247932
45.0
335.9966360277603 429.3582035498629
0
335.9966360277603 412.6596826353673
0.25 0.25 0.25 0.25
16.698520914495564
45.0
485.8276784264037 344.80295590937203
2
494.8480028444012 344.80295590937203
0.25 0.25 0.25 0.25
9.02032441799755
45.0
351.2363595019658 483.03890402369757
0
351.2363595019658 468.744710368102
0.25 0.25 0.25 0.25
48.21638560820037
45.0
344.11455981854385 368.70006472109503
2
376.08172586725004 368.70006472109503
0.25 0.25 0.25 0.25
31.967166048706208
45.0
49.84842940155866 316.0683745053658
0
49.84842940155866 272.6685477881946
0.25 0.25 0.25 0.25
43.399826717171194
45.0
104.418705766898 465.6044079474228
1
104.418705766898 472.4849517670448
0.25 0.25 0.25 0.25
6.880543819621976
45.0
448.1834566051712 130.40551816279662
3
438.6896973212694 130.40551816279662
0.25 0.25 0.25 0.25
9.49375928390177
45.0
329.11021198699774 134.78320283051926
1
329.11021198699774 149.74484723884876
0.25 0.25 0.25 0.25
14.961644408329494
45.0
317.5694437606803 190.49122884342543
3
313.25815431638813 190.49122884342543
0.25 0.25 0.25 0.25
4.3112894442922105
45.0
8.901010141917382 420.0894355061877
2
21.45101059518654 420.0894355061877
0.25 0.25 0.25 0.25
12.550000453269156
45.0
129.68604679822002 71.47226745088076
0
129.68604679822002 54.48798678440301
0.25 0.25 0.25 0.25
16.98428066647775
45.0
289.992061615507 499.8650429588585
0
289.992061615507 473.0518901671661
0.25 0.25 0.25 0.25
27.083066873975397
45.0
464.954770911336 219.63464952829952
2
487.1348564218214 219.63464952829952
0.25 0.25 0.25 0.25
22.18008551048536
45.0
427.7039311365877 128.50550766135666
0
427.7039311365877 105.20559608287988
0.25 0.25 0.25 0.25
23.299911578476788
45.0
240.83740577119931 41.6654869793789
0
240.83740577119931 4.115418551040705
0.25 0.25 0.25 0.25
37.55006842833819
45.0
106.56367452737665 311.04989519085734
3
98.11773753933758 311.04989519085734
0.25 0.25 0.25 0.25
8.44593698803906
45.0
239.24381805803125 131.0634015836321
3
223.9935218200957 131.0634015836321
0.25 0.25 0.25 0.25
15.250296237935551
45.0
142.06683332634623 291.54047113613376
3
118.15937788482142 291.54047113613376
0.25 0.25 0.25 0.25
23.9074554415248
45.0
