45241
160.7222286183576 373.1771299920757
1
160.7222286183576 499.7995325305775
0.25 0.25 0.25 0.25
126.62240253850175
45.0
98.1331996705486 229.77778071923905
2
42.879414758120504 229.77778071923905
0.25 0.25 0.25 0.25
141.0126144286691
45.0
191.13487370497697 366.55379758637775
1
191.13487370497697 480.2039253737871
0.25 0.25 0.25 0.25
113.65012778740933
45.0
378.7322107982834 193.8643133506883
2
485.74524379951504 193.8643133506883
0.25 0.25 0.25 0.25
107.01303300123165
45.0
285.37220337639314 187.5289516198676
2
426.03558709795107 187.5289516198676
0.25 0.25 0.25 0.25
140.66338372155792
45.0
218.60428807780798 70.36957312352826
3
83.62434640084524 70.36957312352826
0.25 0.25 0.25 0.25
134.97994167696274
45.0
74.8662889918903 222.00547563707505
0
74.8662889918903 102.9356475172111
0.25 0.25 0.25 0.25
119.06982811986394
45.0
327.24855619639254 334.1975342785014
2
465.9311260101972 334.1975342785014
0.25 0.25 0.25 0.25
138.6825698138047
45.0
335.863805420051 173.0079303950647
3
215.32593602491932 173.0079303950647
0.25 0.25 0.25 0.25
120.53786939513168
45.0
81.83645174403546 249.55506012505248
1
81.83645174403546 401.2639979812702
0.25 0.25 0.25 0.25
151.70893785621774
45.0
117.58804314805899 401.3303862672245
0
117.58804314805899 483.1553974351481
0.25 0.25 0.25 0.25
115.51421629762736
45.0
71.24217084481216 169.58244609140607
0
71.24217084481216 45.64050783918282
0.25 0.25 0.25 0.25
123.94193825222325
45.0
423.54978654259276 447.902475343305
3
292.66718210427365 447.902475343305
0.25 0.25 0.25 0.25
130.8826044383191
45.0
345.4547842971229 476.5656912224508
0
345.4547842971229 381.20449742016433
0.25 0.25 0.25 0.25
142.2298113573849
45.0
54.26856950149681 49.54362518211008
1
54.26856950149681 88.67651642233125
0.25 0.25 0.25 0.25
138.22014160444132
45.0
113.77221922396512 50.58451156905491
2
228.41649013835237 50.58451156905491
0.25 0.25 0.25 0.25
114.64427091438725
45.0
471.59792677757 78.35850180764737
1
471.59792677757 239.06240578840982
0.25 0.25 0.25 0.25
160.70390398076245
45.0
497.8409776188382 171.15433760470628
1
497.8409776188382 335.0420254935723
0.25 0.25 0.25 0.25
163.887687888866
45.0
432.8714876382103 461.18898226939143
3
298.4830324195434 461.18898226939143
0.25 0.25 0.25 0.25
134.3884552186669
45.0
310.8259822196634 312.6778569837371
1
310.8259822196634 467.61928537731023
0.25 0.25 0.25 0.25
154.9414283935731
45.0
354.348778992426 216.32793190124167
0
354.348778992426 117.2356084675784
0.25 0.25 0.25 0.25
99.09232343366327
45.0
369.1872918831199 169.58403057885621
3
222.11259706705246 169.58403057885621
0.25 0.25 0.25 0.25
147.07469481606742
45.0
300.0010028500792 239.34819163109069
0
300.0010028500792 92.16205786625267
0.25 0.25 0.25 0.25
147.18613376483802
45.0
288.5661103664178 102.64888843904473
1
288.5661103664178 67.5995357723852
0.25 0.25 0.25 0.25
170.24842421142992
45.0
87.19797932582156 323.32129133197975
0
87.19797932582156 210.97393425198365
0.25 0.25 0.25 0.25
112.3473570799961
45.0
297.8188665919056 410.5584985072637
0
297.8188665919056 494.40823144886497
0.25 0.25 0.25 0.25
95.03327004387125
45.0
16.47975906465554 218.08226445917865
2
102.64941445636256 218.08226445917865
0.25 0.25 0.25 0.25
119.1291735210181
45.0
113.52899556867453 169.15980226447164
0
113.52899556867453 11.002948623066118
0.25 0.25 0.25 0.25
158.15685364140552
45.0
487.80972881448395 357.1269036734246
3
411.4906418405262 357.1269036734246
0.25 0.25 0.25 0.25
100.69962934498979
45.0
495.4156663885271 465.391467495813
3
349.72441429500554 465.391467495813
0.25 0.25 0.25 0.25
154.85991931646737
45.0
482.32366316727996 76.42987126698166
3
417.96389279318714 76.42987126698166
0.25 0.25 0.25 0.25
99.71244403953294
45.0
290.04882756375116 272.8296814219542
1
290.04882756375116 441.4303479715618
0.25 0.25 0.25 0.25
168.6006665496076
45.0
380.75683918471293 413.9329620397108
3
263.11323119750557 413.9329620397108
0.25 0.25 0.25 0.25
117.64360798720733
45.0
453.31262629969603 151.67392369453356
3
399.2562000972331 151.67392369453356
0.25 0.25 0.25 0.25
147.43117360307085
45.0
147.35835131279435 412.42850027034046
3
34.879444989519925 412.42850027034046
0.25 0.25 0.25 0.25
112.47890632327443
45.0
73.34937713963245 38.40283623039056
2
209.73788037937163 38.40283623039056
0.25 0.25 0.25 0.25
136.38850323973918
45.0
162.4658026515656 105.9327418357731
3
2.071272555771259 105.9327418357731
0.25 0.25 0.25 0.25
160.39453009579435
45.0
48.45719199905035 99.73937154280948
1
48.45719199905035 198.73418041897207
0.25 0.25 0.25 0.25
98.9948088761626
45.0
303.8728883826584 16.145982010260468
1
303.8728883826584 124.34747692286192
0.25 0.25 0.25 0.25
140.49345893312238
45.0
139.73931001877682 197.10979156182773
3
3.5395490727268566 197.10979156182773
0.25 0.25 0.25 0.25
136.19976094604996
45.0
243.9983974361654 274.82544975561404
0
243.9983974361654 101.66658487736035
0.25 0.25 0.25 0.25
173.1588648782537
45.0
480.3179119717204 236.7688528330478
3
369.92897925171883 236.7688528330478
0.25 0.25 0.25 0.25
149.75310877656074
45.0
475.0281206755635 289.37829172846284
3
392.3264445503323 289.37829172846284
0.25 0.25 0.25 0.25
132.6454347741042
45.0
317.74166361968764 431.4102773101155
2
465.5038370890221 431.4102773101155
0.25 0.25 0.25 0.25
147.76217346933444
45.0
366.4083211361544 171.85941332767044
0
366.4083211361544 2.883661248924227
0.25 0.25 0.25 0.25
168.9757520787462
45.0
135.35234456346197 480.1048148801119
0
135.35234456346197 383.4956892676313
0.25 0.25 0.25 0.25
136.39949585225682
45.0
318.2492605518894 235.84139695667693
0
318.2492605518894 97.2386001452627
0.25 0.25 0.25 0.25
138.60279681141424
45.0
459.7362625552814 362.2187849436482
3
288.05329877172244 362.2187849436482
0.25 0.25 0.25 0.25
171.682963783559
45.0
