45241
287.34463115685935 373.1771299920757
0
287.34463115685935 246.55472745357397
0.25 0.25 0.25 0.25
126.62240253850175
45.0
393.0701275272031 360.0960749940698
0
393.0701275272031 219.08346056540069
0.25 0.25 0.25 0.25
141.0126144286691
45.0
327.6361515790704 480.2039253737871
3
213.98602379166104 480.2039253737871
0.25 0.25 0.25 0.25
113.65012778740933
45.0
485.74524379951504 448.21388465670157
0
485.74524379951504 444.7730823420668
0.25 0.25 0.25 0.25
107.01303300123165
45.0
300.7285173254877 93.79781582324824
1
300.7285173254877 234.46119954480616
0.25 0.25 0.25 0.25
140.66338372155792
45.0
51.3555952761175 64.61036855343451
1
51.3555952761175 199.59031023039725
0.25 0.25 0.25 0.25
134.97994167696274
45.0
3.2378359131148216 412.70375683571444
0
3.2378359131148216 468.2264150444216
0.25 0.25 0.25 0.25
119.06982811986394
45.0
356.4705674997598 278.9767675834519
1
356.4705674997598 417.65933739725654
0.25 0.25 0.25 0.25
138.6825698138047
45.0
286.72002570281245 173.0079303950647
3
166.18215630768077 173.0079303950647
0.25 0.25 0.25 0.25
120.53786939513168
45.0
475.0007003191645 385.0644991689878
3
373.2903618246178 385.0644991689878
0.25 0.25 0.25 0.25
151.70893785621774
45.0
37.55411982821458 407.26912781616693
0
37.55411982821458 477.2166558862057
0.25 0.25 0.25 0.25
115.51421629762736
45.0
178.25512113260768 169.58244609140607
3
54.31318288038443 169.58244609140607
0.25 0.25 0.25 0.25
123.94193825222325
45.0
470.6106220491456 175.83736438532725
0
470.6106220491456 44.95475994700814
0.25 0.25 0.25 0.25
130.8826044383191
45.0
56.603841084047474 467.78305022583936
0
56.603841084047474 325.55323886845446
0.25 0.25 0.25 0.25
142.2298113573849
45.0
295.4738377740057 56.21750765342051
1
295.4738377740057 194.43764925786184
0.25 0.25 0.25 0.25
138.22014160444132
45.0
51.919446145839146 439.79101031797927
2
166.5637170602264 439.79101031797927
0.25 0.25 0.25 0.25
114.64427091438725
45.0
435.8213506621447 24.984326173160866
3
403.47474535709284 24.984326173160866
0.25 0.25 0.25 0.25
160.70390398076245
45.0
174.38364660342975 26.08109561776763
3
10.495958714563756 26.08109561776763
0.25 0.25 0.25 0.25
163.887687888866
45.0
163.96314670578906 463.70337598127344
3
29.574691487122152 463.70337598127344
0.25 0.25 0.25 0.25
134.3884552186669
45.0
0.9431254325172063 81.79499855842076
1
0.9431254325172063 73.14642983515233
0.25 0.25 0.25 0.25
154.9414283935731
45.0
42.02051474222705 279.13368526707467
0
42.02051474222705 180.0413618334114
0.25 0.25 0.25 0.25
99.09232343366327
45.0
75.03790225098501 81.55506318773283
1
75.03790225098501 228.62975800380025
0.25 0.25 0.25 0.25
147.07469481606742
45.0
258.44059585540674 55.02407589858535
1
258.44059585540674 202.21020966342337
0.25 0.25 0.25 0.25
147.18613376483802
45.0
30.4401927878626 322.13420312092717
2
139.80823142356732 322.13420312092717
0.25 0.25 0.25 0.25
170.24842421142992
45.0
137.4967348341707 114.94192326803977
0
137.4967348341707 2.5945661880436717
0.25 0.25 0.25 0.25
112.3473570799961
45.0
347.48616615319315 444.7409318875775
3
252.4528961093219 444.7409318875775
0.25 0.25 0.25 0.25
95.03327004387125
45.0
149.61602628821765 352.3676532886041
0
149.61602628821765 233.238479767586
0.25 0.25 0.25 0.25
119.1291735210181
45.0
100.66695541100273 62.061826774633005
1
100.66695541100273 96.09502686677251
0.25 0.25 0.25 0.25
158.15685364140552
45.0
293.4067635744022 146.37124305152435
0
293.4067635744022 45.671613706534544
0.25 0.25 0.25 0.25
100.69962934498979
45.0
411.3962311732553 437.41014617483984
3
256.5363118567879 437.41014617483984
0.25 0.25 0.25 0.25
154.85991931646737
45.0
180.31077144401053 122.99501681208422
1
180.31077144401053 222.70746085161716
0.25 0.25 0.25 0.25
99.71244403953294
45.0
47.15250553546406 464.638346566853
2
121.44816101414355 464.638346566853
0.25 0.25 0.25 0.25
168.6006665496076
45.0
439.66663950452926 233.19487821614243
0
439.66663950452926 115.5512702289351
0.25 0.25 0.25 0.25
117.64360798720733
45.0
126.43206387205831 318.46341001469125
2
273.86323747512915 318.46341001469125
0.25 0.25 0.25 0.25
147.43117360307085
45.0
277.9369601613635 149.96603134603168
3
165.45805383808909 149.96603134603168
0.25 0.25 0.25 0.25
112.47890632327443
45.0
426.3770872232366 129.510862148304
3
289.9885839834974 129.510862148304
0.25 0.25 0.25 0.25
136.38850323973918
45.0
237.73144150203328 191.0616330810998
0
237.73144150203328 30.667102985305462
0.25 0.25 0.25 0.25
160.39453009579435
45.0
50.53761687711224 297.72898929513474
0
50.53761687711224 198.73418041897213
0.25 0.25 0.25 0.25
98.9948088761626
45.0
431.68598121924015 140.89326439100523
3
291.19252228611776 140.89326439100523
0.25 0.25 0.25 0.25
140.49345893312238
45.0
405.05973376542306 243.7114649394779
3
268.85997281937307 243.7114649394779
0.25 0.25 0.25 0.25
136.19976094604996
45.0
261.34450523633063 274.82544975561404
0
261.34450523633063 101.66658487736035
0.25 0.25 0.25 0.25
173.1588648782537
45.0
118.69452313452246 313.97182083726995
1
118.69452313452246 463.7249296138307
0.25 0.25 0.25 0.25
149.75310877656074
45.0
127.03557500212398 350.54176992129624
2
5.6098597719802115 350.54176992129624
0.25 0.25 0.25 0.25
132.6454347741042
45.0
283.40644933434646 249.31288955543982
3
135.64427586501202 249.31288955543982
0.25 0.25 0.25 0.25
147.76217346933444
45.0
338.6992961912 10.97085122355304
1
338.6992961912 179.94660330229925
0.25 0.25 0.25 0.25
168.9757520787462
45.0
46.2506803229972 20.289639494712986
2
90.14881552925962 20.289639494712986
0.25 0.25 0.25 0.25
136.39949585225682
45.0
11.263244608960576 259.00894564877933
1
11.263244608960576 397.61174246019357
0.25 0.25 0.25 0.25
138.60279681141424
45.0
116.37033498816345 130.34025575738133
2
288.05329877172244 130.34025575738133
0.25 0.25 0.25 0.25
171.682963783559
45.0
