45241
47.07904638786994 347.21868937604756
1
47.07904638786994 473.84109191454934
0.25 0.25 0.25 0.25
126.62240253850175
45.0
393.0701275272031 26.424050139466488
1
393.0701275272031 167.4366645681356
0.25 0.25 0.25 0.25
141.0126144286691
45.0
36.165381869841724 428.99709692548754
0
36.165381869841724 457.3527752871031
0.25 0.25 0.25 0.25
113.65012778740933
45.0
52.95499717215708 57.04445564069013
1
52.95499717215708 49.968577360541516
0.25 0.25 0.25 0.25
107.01303300123165
45.0
481.8265292074816 219.1048855957116
3
341.1631454859237 219.1048855957116
0.25 0.25 0.25 0.25
140.66338372155792
45.0
76.0547204305588 359.26937706180126
1
76.0547204305588 494.24931873876403
0.25 0.25 0.25 0.25
134.97994167696274
45.0
455.33007035488356 436.8908348734017
0
455.33007035488356 317.82100675353774
0.25 0.25 0.25 0.25
119.06982811986394
45.0
130.12196377585335 443.6580927889388
2
268.80453358965804 443.6580927889388
0.25 0.25 0.25 0.25
138.6825698138047
45.0
358.1141153807056 378.3866243463815
1
358.1141153807056 498.9244937415132
0.25 0.25 0.25 0.25
120.53786939513168
45.0
401.0741696937871 205.57175344360076
0
401.0741696937871 53.86281558738301
0.25 0.25 0.25 0.25
151.70893785621774
45.0
114.2184194097478 252.1269648398934
1
114.2184194097478 367.64118113752073
0.25 0.25 0.25 0.25
115.51421629762736
45.0
35.77077944298338 86.7659243952543
2
159.71271769520663 86.7659243952543
0.25 0.25 0.25 0.25
123.94193825222325
45.0
282.36728002293404 34.65485786566859
3
151.48467558461493 34.65485786566859
0.25 0.25 0.25 0.25
130.8826044383191
45.0
478.90195465789634 238.9746860627793
0
478.90195465789634 96.74487470539441
0.25 0.25 0.25 0.25
142.2298113573849
45.0
54.26856950149681 358.44291715990346
2
192.48871110593814 358.44291715990346
0.25 0.25 0.25 0.25
138.22014160444132
45.0
166.56371706022637 260.6240971718976
2
281.2079879746136 260.6240971718976
0.25 0.25 0.25 0.25
114.64427091438725
45.0
239.34087056595695 114.13507792307269
1
239.34087056595695 46.56882605768976
0.25 0.25 0.25 0.25
160.70390398076245
45.0
233.91005372914847 415.5603500484185
0
233.91005372914847 420.55196206271546
0.25 0.25 0.25 0.25
163.887687888866
45.0
389.2860719537945 151.4724803546113
3
254.89761673512757 151.4724803546113
0.25 0.25 0.25 0.25
134.3884552186669
45.0
282.34884398676274 157.73642859016402
0
282.34884398676274 2.7950001965909337
0.25 0.25 0.25 0.25
154.9414283935731
45.0
23.86698341549257 270.05691960370734
2
122.95930684915584 270.05691960370734
0.25 0.25 0.25 0.25
99.09232343366327
45.0
280.6187007457038 111.07792690020486
3
133.54400592963637 111.07792690020486
0.25 0.25 0.25 0.25
147.07469481606742
45.0
50.64858938283646 141.6043369556911
2
197.83472314767448 141.6043369556911
0.25 0.25 0.25 0.25
147.18613376483802
45.0
53.846050349249424 274.5732505876805
0
53.846050349249424 104.32482637625057
0.25 0.25 0.25 0.25
170.24842421142992
45.0
98.32419304578644 446.7948621319407
0
98.32419304578644 440.8577807880632
0.25 0.25 0.25 0.25
112.3473570799961
45.0
272.38075367132194 155.3397926772601
3
177.34748362745069 155.3397926772601
0.25 0.25 0.25 0.25
95.03327004387125
45.0
102.64941445636256 77.1824289636132
2
16.47975906465554 77.1824289636132
0.25 0.25 0.25 0.25
119.1291735210181
45.0
253.8435898657034 266.29733938090055
3
95.68673622429787 266.29733938090055
0.25 0.25 0.25 0.25
158.15685364140552
45.0
300.40305702430004 361.7630886412996
3
199.70342767931027 361.7630886412996
0.25 0.25 0.25 0.25
100.69962934498979
45.0
278.8839301938103 420.9088856227686
2
433.74384951027764 420.9088856227686
0.25 0.25 0.25 0.25
154.85991931646737
45.0
277.1476558788729 422.13234893068307
3
177.43521183933996 422.13234893068307
0.25 0.25 0.25 0.25
99.71244403953294
45.0
238.96117068036287 5.25234410861259
2
407.5618372299705 5.25234410861259
0.25 0.25 0.25 0.25
168.6006665496076
45.0
439.60797528705416 2.0336735407970252
3
321.9643672998468 2.0336735407970252
0.25 0.25 0.25 0.25
117.64360798720733
45.0
85.03554017400455 465.8945836177621
2
232.4667137770754 465.8945836177621
0.25 0.25 0.25 0.25
147.43117360307085
45.0
484.79507028261764 37.487125022757255
3
402.72602339410787 37.487125022757255
0.25 0.25 0.25 0.25
112.47890632327443
45.0
209.73788037937163 234.92124152334975
0
209.73788037937163 98.53273828361057
0.25 0.25 0.25 0.25
136.38850323973918
45.0
393.9834264862851 139.59067950534794
3
445.6220434179205 139.59067950534794
0.25 0.25 0.25 0.25
160.39453009579435
45.0
446.51685238176265 484.1775704757921
3
347.52204350560004 484.1775704757921
0.25 0.25 0.25 0.25
98.9948088761626
45.0
167.2448508211387 99.67453026674275
2
307.7383097542611 99.67453026674275
0.25 0.25 0.25 0.25
140.49345893312238
45.0
279.5443301517273 103.90644480652739
3
143.34456920567735 103.90644480652739
0.25 0.25 0.25 0.25
136.19976094604996
45.0
70.8395325579117 119.01269267752556
2
243.9983974361654 119.01269267752556
0.25 0.25 0.25 0.25
173.1588648782537
45.0
234.02128032330944 135.28750549241215
1
234.02128032330944 285.0406142689729
0.25 0.25 0.25 0.25
149.75310877656074
45.0
332.064207513022 496.17583852772486
2
464.70964228712614 496.17583852772486
0.25 0.25 0.25 0.25
132.6454347741042
45.0
12.117897604322422 67.2155018007642
1
12.117897604322422 80.54667166857024
0.25 0.25 0.25 0.25
147.76217346933444
45.0
396.83894849012836 448.6255450974054
3
434.1852994311255 448.6255450974054
0.25 0.25 0.25 0.25
168.9757520787462
45.0
90.93772427890934 297.71288124400303
2
227.33722013116616 297.71288124400303
0.25 0.25 0.25 0.25
136.39949585225682
45.0
318.2492605518894 110.10683404827762
1
318.2492605518894 28.495962763136617
0.25 0.25 0.25 0.25
138.60279681141424
45.0
257.9555160703685 121.4365233328167
3
86.27255228680951 121.4365233328167
0.25 0.25 0.25 0.25
171.682963783559
45.0
