45241
193.1865383811195 120.33325985391721
3
66.56413584261776 120.33325985391721
0.25 0.25 0.25 0.25
126.62240253850175
45.0
431.80522452515197 370.79039514790827
0
431.80522452515197 229.77778071923916
0.25 0.25 0.25 0.25
141.0126144286691
45.0
36.165381869841696 389.4049476730619
2
77.48474591756764 389.4049476730619
0.25 0.25 0.25 0.25
113.65012778740933
45.0
440.4893502226546 337.7600493408351
3
333.47631722142296 337.7600493408351
0.25 0.25 0.25 0.25
107.01303300123165
45.0
285.37220337639314 78.44150187415369
2
426.03558709795107 78.44150187415369
0.25 0.25 0.25 0.25
140.66338372155792
45.0
53.18306329402577 150.20910653923022
2
188.1630049709885 150.20910653923022
0.25 0.25 0.25 0.25
134.97994167696274
45.0
92.57769520334776 365.262381794626
2
26.492132916516184 365.262381794626
0.25 0.25 0.25 0.25
119.06982811986394
45.0
298.0265448930253 439.4538619975922
2
436.70911470682995 439.4538619975922
0.25 0.25 0.25 0.25
138.6825698138047
45.0
132.84093728218375 414.08366918532806
0
132.84093728218375 465.37846141954026
0.25 0.25 0.25 0.25
120.53786939513168
45.0
193.7976160992307 125.62993013800406
2
345.50655395544845 125.62993013800406
0.25 0.25 0.25 0.25
151.70893785621774
45.0
420.35509166143163 361.70243958857833
0
420.35509166143163 246.188223290951
0.25 0.25 0.25 0.25
115.51421629762736
45.0
151.24822371299277 441.6627511874964
0
151.24822371299277 434.39531056028034
0.25 0.25 0.25 0.25
123.94193825222325
45.0
324.98490666210853 28.56710690341862
3
194.10230222378942 28.56710690341862
0.25 0.25 0.25 0.25
130.8826044383191
45.0
361.302951991496 381.2044974201642
0
361.302951991496 476.56569122245094
0.25 0.25 0.25 0.25
142.2298113573849
45.0
54.26856950149681 153.59453396015272
2
192.48871110593814 153.59453396015272
0.25 0.25 0.25 0.25
138.22014160444132
45.0
445.15554996357343 82.38294979853998
3
440.20017912203934 82.38294979853998
0.25 0.25 0.25 0.25
114.64427091438725
45.0
100.24591399193207 24.984326173160866
2
260.9498179726945 24.984326173160866
0.25 0.25 0.25 0.25
160.70390398076245
45.0
447.81935961842635 370.5303440623036
3
388.2929524927076 370.5303440623036
0.25 0.25 0.25 0.25
163.887687888866
45.0
357.6324153937877 192.41207183205765
0
357.6324153937877 58.02361661339074
0.25 0.25 0.25 0.25
134.3884552186669
45.0
195.87259436671664 307.08785659055525
1
195.87259436671664 462.02928498412837
0.25 0.25 0.25 0.25
154.9414283935731
45.0
462.51786808945656 369.14924303737064
0
462.51786808945656 270.05691960370734
0.25 0.25 0.25 0.25
99.09232343366327
45.0
160.06575995620577 199.10689429132822
3
12.991065140138346 199.10689429132822
0.25 0.25 0.25 0.25
147.07469481606742
45.0
496.53553868184315 115.62994860631761
1
496.53553868184315 262.81608237115563
0.25 0.25 0.25 0.25
147.18613376483802
45.0
159.62283875494094 322.13420312092717
1
159.62283875494094 492.38262733235706
0.25 0.25 0.25 0.25
170.24842421142992
45.0
311.89269348581377 334.44750505194463
3
199.54533640581766 334.44750505194463
0.25 0.25 0.25 0.25
112.3473570799961
45.0
322.0480532326094 64.60785171209255
1
322.0480532326094 30.4254183317787
0.25 0.25 0.25 0.25
95.03327004387125
45.0
182.57554441752882 30.21581713175803
2
301.70471793854693 30.21581713175803
0.25 0.25 0.25 0.25
119.1291735210181
45.0
57.48989823040279 198.2127831699063
1
57.48989823040279 356.3696368113118
0.25 0.25 0.25 0.25
158.15685364140552
45.0
92.00750488442274 249.43098087853696
1
92.00750488442274 350.13061022352673
0.25 0.25 0.25 0.25
100.69962934498979
45.0
336.5454631809299 406.1065154158712
3
181.68554386446255 406.1065154158712
0.25 0.25 0.25 0.25
154.85991931646737
45.0
282.89877508821405 219.8319012469466
0
282.89877508821405 120.11945720741365
0.25 0.25 0.25 0.25
99.71244403953294
45.0
255.23682967081433 57.813017681764165
2
423.83749622042194 57.813017681764165
0.25 0.25 0.25 0.25
168.6006665496076
45.0
380.69817496723783 291.92868588353326
3
263.0545669800305 291.92868588353326
0.25 0.25 0.25 0.25
117.64360798720733
45.0
254.50492475804234 331.1233125191004
2
401.9360983611132 331.1233125191004
0.25 0.25 0.25 0.25
147.43117360307085
45.0
360.0060070498733 487.9769358652052
0
360.0060070498733 399.54415781152034
0.25 0.25 0.25 0.25
112.47890632327443
45.0
290.53565525775934 357.0073913059566
1
290.53565525775934 493.3958945456958
0.25 0.25 0.25 0.25
136.38850323973918
45.0
2.071272555771259 327.7547766315171
2
162.4658026515656 327.7547766315171
0.25 0.25 0.25 0.25
160.39453009579435
45.0
367.6258659823481 416.82762064804535
3
268.6310571061855 416.82762064804535
0.25 0.25 0.25 0.25
98.9948088761626
45.0
431.68598121924015 264.8409358559843
3
427.82055984763747 264.8409358559843
0.25 0.25 0.25 0.25
140.49345893312238
45.0
93.13763664112668 75.28973033027219
2
229.33739758717664 75.28973033027219
0.25 0.25 0.25 0.25
136.19976094604996
45.0
53.49342475774648 447.9843146338677
2
119.66544012050721 447.9843146338677
0.25 0.25 0.25 0.25
173.1588648782537
45.0
225.11369494394336 285.0406142689729
3
75.36058616738262 285.0406142689729
0.25 0.25 0.25 0.25
149.75310877656074
45.0
331.16296635749893 105.8878571499626
1
331.16296635749893 26.75757762414159
0.25 0.25 0.25 0.25
132.6454347741042
45.0
386.41209219037 32.88028751542305
1
386.41209219037 180.6424609847575
0.25 0.25 0.25 0.25
147.76217346933444
45.0
478.4704392575768 495.9564050126855
0
478.4704392575768 326.98065293393927
0.25 0.25 0.25 0.25
168.9757520787462
45.0
227.33722013116616 252.50935220980065
2
363.736715983423 252.50935220980065
0.25 0.25 0.25 0.25
136.39949585225682
45.0
90.30519678017413 47.977070294149485
2
228.90799359158837 47.977070294149485
0.25 0.25 0.25 0.25
138.60279681141424
45.0
65.0785020100202 324.51307019058777
2
106.60446177353879 324.51307019058777
0.25 0.25 0.25 0.25
171.682963783559
45.0
