45241
433.45212315010895 233.5755071455599
3
439.9254743113893 233.5755071455599
0.25 0.25 0.25 0.25
126.62240253850175
45.0
42.879414758120504 295.5375799974884
2
98.1331996705486 295.5375799974884
0.25 0.25 0.25 0.25
141.0126144286691
45.0
377.11576523206975 338.1981192247622
1
377.11576523206975 451.84824701217156
0.25 0.25 0.25 0.25
113.65012778740933
45.0
340.7464691524508 478.02070936546806
0
340.7464691524508 414.9662576333003
0.25 0.25 0.25 0.25
107.01303300123165
45.0
481.8265292074816 358.90496323961463
0
481.8265292074816 218.2415795180567
0.25 0.25 0.25 0.25
140.66338372155792
45.0
3.784812985143219 494.24931873876403
2
138.76475466210596 494.24931873876403
0.25 0.25 0.25 0.25
134.97994167696274
45.0
20.94924212457225 444.0393370067344
2
140.0190702444362 444.0393370067344
0.25 0.25 0.25 0.25
119.06982811986394
45.0
67.00462864468585 278.9767675834519
2
205.68719845849054 278.9767675834519
0.25 0.25 0.25 0.25
138.6825698138047
45.0
449.9539255462696 103.76485323414522
3
429.5082050585987 103.76485323414522
0.25 0.25 0.25 0.25
120.53786939513168
45.0
116.01520886839035 53.86281558738301
2
35.6937289878274 53.86281558738301
0.25 0.25 0.25 0.25
151.70893785621774
45.0
153.846366088394 440.95833294587067
3
38.33214979076665 440.95833294587067
0.25 0.25 0.25 0.25
115.51421629762736
45.0
27.306285460769516 37.17601385696892
2
151.24822371299277 37.17601385696892
0.25 0.25 0.25 0.25
123.94193825222325
45.0
466.1674131817672 464.0636046058394
3
335.2848087434481 464.0636046058394
0.25 0.25 0.25 0.25
130.8826044383191
45.0
98.79993176825462 480.95701172075655
0
98.79993176825462 338.72720036337165
0.25 0.25 0.25 0.25
142.2298113573849
45.0
254.63072247629657 153.59453396015272
2
392.8508640807379 153.59453396015272
0.25 0.25 0.25 0.25
138.22014160444132
45.0
438.45607574119504 311.6714916273145
3
323.8118048268078 311.6714916273145
0.25 0.25 0.25 0.25
114.64427091438725
45.0
78.6369665851945 278.82588226930284
2
239.34087056595695 278.82588226930284
0.25 0.25 0.25 0.25
160.70390398076245
45.0
250.58392639595243 234.99878949274856
0
250.58392639595243 71.11110160388256
0.25 0.25 0.25 0.25
163.887687888866
45.0
417.0446593582069 479.5302042612768
3
448.5668854231262 479.5302042612768
0.25 0.25 0.25 0.25
134.3884552186669
45.0
42.81741683817796 447.79071586767805
0
42.81741683817796 292.8492874741049
0.25 0.25 0.25 0.25
154.9414283935731
45.0
23.866983415492513 441.74287575867004
2
122.95930684915578 441.74287575867004
0.25 0.25 0.25 0.25
99.09232343366327
45.0
13.53068888643105 330.1461575479974
1
13.53068888643105 477.22085236406485
0.25 0.25 0.25 0.25
147.07469481606742
45.0
314.71792055864637 152.76793057398493
2
461.9040543234844 152.76793057398493
0.25 0.25 0.25 0.25
147.18613376483802
45.0
75.33659561782889 423.3311295305309
2
94.91182859360103 423.3311295305309
0.25 0.25 0.25 0.25
170.24842421142992
45.0
98.32419304578644 8.531647531921209
1
98.32419304578644 120.87900461191731
0.25 0.25 0.25 0.25
112.3473570799961
45.0
302.12019567060935 365.19252802468003
1
302.12019567060935 460.2257980685513
0.25 0.25 0.25 0.25
95.03327004387125
45.0
88.64232075381854 41.9467445574049
1
88.64232075381854 77.1824289636132
0.25 0.25 0.25 0.25
119.1291735210181
45.0
62.470117417107645 57.08160758792815
1
62.470117417107645 101.07524605347737
0.25 0.25 0.25 0.25
158.15685364140552
45.0
408.09897981918766 27.042841838863836
3
491.20139083582256 27.042841838863836
0.25 0.25 0.25 0.25
100.69962934498979
45.0
256.5363118567877 198.53079164310088
2
411.39623117325505 198.53079164310088
0.25 0.25 0.25 0.25
154.85991931646737
45.0
124.57767988392943 322.4199048911501
2
224.29012392346237 322.4199048911501
0.25 0.25 0.25 0.25
99.71244403953294
45.0
412.23349692277634 162.2490113605746
1
412.23349692277634 330.8496779101822
0.25 0.25 0.25 0.25
168.6006665496076
45.0
86.61848710795701 237.37955373268696
0
86.61848710795701 119.73594574547963
0.25 0.25 0.25 0.25
117.64360798720733
45.0
209.82680703213717 433.8763683962661
0
209.82680703213717 418.692458000663
0.25 0.25 0.25 0.25
147.43117360307085
45.0
272.14741454553877 487.402750315855
0
272.14741454553877 374.92384399258054
0.25 0.25 0.25 0.25
112.47890632327443
45.0
108.31960342193247 401.19372607925845
0
108.31960342193247 264.8052228395193
0.25 0.25 0.25 0.25
136.38850323973918
45.0
73.19436629469641 337.6180290263761
2
87.20016380109794 337.6180290263761
0.25 0.25 0.25 0.25
160.39453009579435
45.0
464.54024998044883 276.13604148509285
3
365.5454411042862 276.13604148509285
0.25 0.25 0.25 0.25
98.9948088761626
45.0
167.2448508211387 321.8058465326244
0
167.2448508211387 181.31238759950202
0.25 0.25 0.25 0.25
140.49345893312238
45.0
143.34456920567735 168.49307708557254
1
143.34456920567735 304.6928380316225
0.25 0.25 0.25 0.25
136.19976094604996
45.0
448.63706207684936 80.05950340800342
1
448.63706207684936 253.21836828625712
0.25 0.25 0.25 0.25
173.1588648782537
45.0
17.21317579388682 135.28750549241215
2
166.96628457044756 135.28750549241215
0.25 0.25 0.25 0.25
149.75310877656074
45.0
208.8360099718321 353.21192536518333
3
76.19057519772792 353.21192536518333
0.25 0.25 0.25 0.25
132.6454347741042
45.0
249.0712350490053 180.6424609847575
2
396.83340851833975 180.6424609847575
0.25 0.25 0.25 0.25
147.76217346933444
45.0
265.2095473523793 293.5043054911364
1
265.2095473523793 462.4800575698826
0.25 0.25 0.25 0.25
168.9757520787462
45.0
135.86882964175217 24.91388953948939
2
0.5306662105046485 24.91388953948939
0.25 0.25 0.25 0.25
136.39949585225682
45.0
97.55912988235332 167.09875957455085
2
41.04366692906092 167.09875957455085
0.25 0.25 0.25 0.25
138.60279681141424
45.0
399.54069715257356 151.53430603417064
3
227.85773336901457 151.53430603417064
0.25 0.25 0.25 0.25
171.682963783559
45.0
