45241
79.54335615063184 399.5365055469489
0
79.54335615063184 473.84109191454934
0.25 0.25 0.25 0.25
126.62240253850175
45.0
478.828957043444 396.61379314654073
3
337.8163426147749 396.61379314654073
0.25 0.25 0.25 0.25
141.0126144286691
45.0
77.48474591756764 428.99709692548754
0
77.48474591756764 315.3469691380782
0.25 0.25 0.25 0.25
113.65012778740933
45.0
197.9537718192214 156.9816103617731
0
197.9537718192214 49.96857736054146
0.25 0.25 0.25 0.25
107.01303300123165
45.0
34.758063831466416 187.5289516198676
2
175.42144755302434 187.5289516198676
0.25 0.25 0.25 0.25
140.66338372155792
45.0
114.06562950766471 494.24931873876403
0
114.06562950766471 359.26937706180126
0.25 0.25 0.25 0.25
134.97994167696274
45.0
3.2378359131147647 372.41088392795905
0
3.2378359131147647 253.34105580809512
0.25 0.25 0.25 0.25
119.06982811986394
45.0
8.560606037951345 275.7535116717669
2
147.24317585175604 275.7535116717669
0.25 0.25 0.25 0.25
138.6825698138047
45.0
280.2722764338994 416.2346817023017
0
280.2722764338994 295.69681230717003
0.25 0.25 0.25 0.25
120.53786939513168
45.0
463.0367346873113 115.82538058090722
3
311.32779683109356 115.82538058090722
0.25 0.25 0.25 0.25
151.70893785621774
45.0
229.73263570737515 209.92990035061604
3
114.2184194097478 209.92990035061604
0.25 0.25 0.25 0.25
115.51421629762736
45.0
52.699767407411116 210.70786264747755
2
176.64170565963437 210.70786264747755
0.25 0.25 0.25 0.25
123.94193825222325
45.0
413.24988446125326 202.29839572920116
0
413.24988446125326 71.41579129088205
0.25 0.25 0.25 0.25
130.8826044383191
45.0
341.06346379881717 472.1743707241451
0
341.06346379881717 385.59581791846995
0.25 0.25 0.25 0.25
142.2298113573849
45.0
222.17171370738583 49.54362518211008
3
83.95157210294451 49.54362518211008
0.25 0.25 0.25 0.25
138.22014160444132
45.0
51.91944614583912 115.1071538007493
2
166.56371706022637 115.1071538007493
0.25 0.25 0.25 0.25
114.64427091438725
45.0
46.29036128014263 346.39213413468576
0
46.29036128014263 185.6882301539233
0.25 0.25 0.25 0.25
160.70390398076245
45.0
77.19144938177959 285.0204074931604
2
241.0791372706456 285.0204074931604
0.25 0.25 0.25 0.25
163.887687888866
45.0
357.76384588887515 345.14174904260994
3
223.37539067020828 345.14174904260994
0.25 0.25 0.25 0.25
134.3884552186669
45.0
323.1783004710793 157.73642859016402
0
323.1783004710793 2.7950001965909337
0.25 0.25 0.25 0.25
154.9414283935731
45.0
84.30210568153802 270.05691960370734
2
183.3944291152013 270.05691960370734
0.25 0.25 0.25 0.25
99.09232343366327
45.0
280.6187007457038 140.6007906126769
2
427.69339556177124 140.6007906126769
0.25 0.25 0.25 0.25
147.07469481606742
45.0
477.49007296878335 239.34819163109069
3
330.30393920394533 239.34819163109069
0.25 0.25 0.25 0.25
147.18613376483802
45.0
94.91182859360103 406.4204462580392
0
94.91182859360103 423.3311295305309
0.25 0.25 0.25 0.25
170.24842421142992
45.0
210.67155012578255 120.87900461191725
0
210.67155012578255 8.531647531921152
0.25 0.25 0.25 0.25
112.3473570799961
45.0
202.78559654803433 224.7932874982249
1
202.78559654803433 319.82655754209617
0.25 0.25 0.25 0.25
95.03327004387125
45.0
135.60893258567364 5.019867274450263
1
135.60893258567364 114.10930624656784
0.25 0.25 0.25 0.25
119.1291735210181
45.0
322.74472736164694 417.3889533362884
0
322.74472736164694 259.2320996948829
0.25 0.25 0.25 0.25
158.15685364140552
45.0
300.40305702430004 66.6604940562281
3
199.70342767931027 66.6604940562281
0.25 0.25 0.25 0.25
100.69962934498979
45.0
353.7346981861351 366.56966207364394
3
491.4053824973975 366.56966207364394
0.25 0.25 0.25 0.25
154.85991931646737
45.0
21.989676239725924 375.5672033855805
0
21.989676239725924 275.85475934604756
0.25 0.25 0.25 0.25
99.71244403953294
45.0
81.96450342840089 29.55965378432421
1
81.96450342840089 139.0410127652834
0.25 0.25 0.25 0.25
168.6006665496076
45.0
325.046144521056 350.9558146383001
0
325.046144521056 233.3122066510928
0.25 0.25 0.25 0.25
117.64360798720733
45.0
53.017324952508545 354.656027557671
0
53.017324952508545 497.91279883925813
0.25 0.25 0.25 0.25
147.43117360307085
45.0
52.979147514814656 12.866811203817406
2
165.45805383808909 12.866811203817406
0.25 0.25 0.25 0.25
112.47890632327443
45.0
244.70810666167165 174.2442681958678
2
381.09660990141083 174.2442681958678
0.25 0.25 0.25 0.25
136.38850323973918
45.0
162.4658026515656 177.22349893058177
1
162.4658026515656 337.6180290263761
0.25 0.25 0.25 0.25
160.39453009579435
45.0
357.57395474397407 98.25024620951571
1
357.57395474397407 197.2450550856783
0.25 0.25 0.25 0.25
98.9948088761626
45.0
254.23552597822845 223.62220173172182
1
254.23552597822845 364.1156606648442
0.25 0.25 0.25 0.25
140.49345893312238
45.0
401.45447457852254 376.30596669862734
3
265.25471363247254 376.30596669862734
0.25 0.25 0.25 0.25
136.19976094604996
45.0
31.886343288389583 23.760206338316095
2
141.2725215898641 23.760206338316095
0.25 0.25 0.25 0.25
173.1588648782537
45.0
132.5399329826738 285.0406142689729
1
132.5399329826738 434.7937230455336
0.25 0.25 0.25 0.25
149.75310877656074
45.0
393.2276857058554 159.40301239824575
0
393.2276857058554 26.75757762414156
0.25 0.25 0.25 0.25
132.6454347741042
45.0
249.0712350490053 159.63841656722232
3
101.30906157967087 159.63841656722232
0.25 0.25 0.25 0.25
147.76217346933444
45.0
265.20954735237933 396.2532152963255
3
96.23379527363312 396.2532152963255
0.25 0.25 0.25 0.25
168.9757520787462
45.0
227.85370520945636 206.51691442594856
0
227.85370520945636 70.11741857369174
0.25 0.25 0.25 0.25
136.39949585225682
45.0
41.04366692906092 476.6536946314071
2
97.55912988235332 476.6536946314071
0.25 0.25 0.25 0.25
138.60279681141424
45.0
428.77633906386745 110.44200585345015
3
399.54069715257356 110.44200585345015
0.25 0.25 0.25 0.25
171.682963783559
45.0
