91291
108.77496296048969 404.8990212676048
0
108.77496296048969 477.76651579905797
0.25 0.25 0.25 0.25
117.33446293333722
45.0
239.89078809032185 492.4548249538004
2
343.0858012533871 492.4548249538004
0.25 0.25 0.25 0.25
103.19501316306525
45.0
323.40690025492506 236.83202186080356
0
323.40690025492506 69.92535229734375
0.25 0.25 0.25 0.25
166.90666956345981
45.0
301.57007203762976 59.09047686752416
1
301.57007203762976 86.45723855076832
0.25 0.25 0.25 0.25
145.54771541829248
45.0
102.83458721850178 227.59551002269032
0
102.83458721850178 74.60845672661327
0.25 0.25 0.25 0.25
152.98705329607705
45.0
254.87246295104555 208.61131838389107
1
254.87246295104555 302.21425565017057
0.25 0.25 0.25 0.25
93.6029372662795
45.0
478.0771598595758 403.74722473290115
3
383.03735600872983 403.74722473290115
0.25 0.25 0.25 0.25
95.03980385084596
45.0
488.6067384070318 104.22779715236646
1
488.6067384070318 237.22774060084006
0.25 0.25 0.25 0.25
132.9999434484736
45.0
352.5715236722209 158.41051156873266
1
352.5715236722209 284.0490170000651
0.25 0.25 0.25 0.25
125.6385054313324
45.0
442.784144528277 171.83706911516367
3
298.4867703865428 171.83706911516367
0.25 0.25 0.25 0.25
144.29737414173422
45.0
194.84077467276165 43.2011631380733
1
194.84077467276165 216.86435923820136
0.25 0.25 0.25 0.25
173.66319610012806
45.0
267.41108812009077 112.19325847622795
1
267.41108812009077 48.47779173112389
0.25 0.25 0.25 0.25
160.67105020735184
45.0
113.87999809556817 218.111507780285
2
233.30844603463865 218.111507780285
0.25 0.25 0.25 0.25
119.42844793907048
45.0
233.3601015609115 88.22568648815201
1
233.3601015609115 235.31382880292196
0.25 0.25 0.25 0.25
147.08814231476995
45.0
24.523088067110876 198.59448750924994
0
24.523088067110876 82.08518586517147
0.25 0.25 0.25 0.25
116.50930164407848
45.0
493.0393723568087 246.2058385132269
1
493.0393723568087 388.48854811678325
0.25 0.25 0.25 0.25
142.28270960355636
45.0
110.4543378258572 494.0933124507507
0
110.4543378258572 379.9431569720043
0.25 0.25 0.25 0.25
114.15015547874638
45.0
113.235819217425 139.37620480775752
1
113.235819217425 235.83053905284123
0.25 0.25 0.25 0.25
96.4543342450837
45.0
339.0939716563647 66.35792607603446
3
232.40007576438464 66.35792607603446
0.25 0.25 0.25 0.25
106.69389589198008
45.0
185.65710645904448 18.901254862469017
1
185.65710645904448 124.88903714316537
0.25 0.25 0.25 0.25
105.98778228069635
45.0
251.28402384411055 372.2073191701372
0
251.28402384411055 197.84387044467718
0.25 0.25 0.25 0.25
174.36344872546005
45.0
376.37216162310233 497.4769748000358
3
214.32826345386766 497.4769748000358
0.25 0.25 0.25 0.25
162.04389816923467
45.0
12.886359486847056 120.63448163779846
1
12.886359486847056 228.19019173976898
0.25 0.25 0.25 0.25
107.55571010197052
45.0
311.350491864419 119.21232092961615
0
311.350491864419 27.879930972681308
0.25 0.25 0.25 0.25
91.33238995693485
45.0
372.5116095317378 263.26817364857766
3
489.8481831647525 263.26817364857766
0.25 0.25 0.25 0.25
137.64020730350967
45.0
260.43577579676094 334.53415585058735
3
106.59029927832222 334.53415585058735
0.25 0.25 0.25 0.25
153.84547651843872
45.0
177.5613421030904 456.5226179978056
0
177.5613421030904 377.49583240499953
0.25 0.25 0.25 0.25
165.98154959719488
45.0
77.52941569471545 399.8230039298204
0
77.52941569471545 308.83820098075284
0.25 0.25 0.25 0.25
90.98480294906756
45.0
195.28776173283754 437.94854096836696
3
83.29128062825356 437.94854096836696
0.25 0.25 0.25 0.25
111.99648110458398
45.0
474.71648976319966 160.46294084536794
3
375.1527130843342 160.46294084536794
0.25 0.25 0.25 0.25
150.1307971524662
45.0
486.16728900958856 334.60752132391843
1
486.16728900958856 443.2639817443785
0.25 0.25 0.25 0.25
108.65646042046006
45.0
436.4056347925624 328.1827068146602
3
473.32345501379586 328.1827068146602
0.25 0.25 0.25 0.25
90.27091019364177
45.0
269.18485364398737 111.59885636653661
1
269.18485364398737 228.8103058495128
0.25 0.25 0.25 0.25
117.21144948297618
45.0
60.163978152668506 462.1000408183579
0
60.163978152668506 359.51393248803186
0.25 0.25 0.25 0.25
102.58610833032606
45.0
111.10644127305011 296.76865520890266
1
111.10644127305011 451.0273805779334
0.25 0.25 0.25 0.25
154.25872536903074
45.0
469.1418146690829 240.5249530228507
0
469.1418146690829 112.9783006925567
0.25 0.25 0.25 0.25
127.546652330294
45.0
60.98086277445907 285.5332337071362
1
60.98086277445907 436.2649430573276
0.25 0.25 0.25 0.25
150.7317093501914
45.0
289.3729170349636 73.07672483099617
1
289.3729170349636 215.22791411219683
0.25 0.25 0.25 0.25
142.15118928120066
45.0
494.78468155503504 265.38412645995857
3
402.38055387754787 265.38412645995857
0.25 0.25 0.25 0.25
102.83476456741707
45.0
143.43614455154923 419.37060476640806
2
144.1791118370228 419.37060476640806
0.25 0.25 0.25 0.25
0.7429672854735447
45.0
436.13594915298984 494.82708801747077
0
436.13594915298984 482.2327370484204
0.25 0.25 0.25 0.25
12.594350969050378
45.0
468.26977352619105 278.8252576065274
0
468.26977352619105 241.79708719855398
0.25 0.25 0.25 0.25
37.02817040797338
45.0
332.2366847061068 260.5315419530619
0
332.2366847061068 229.95939700872924
0.25 0.25 0.25 0.25
30.572144944332635
45.0
246.47100633138916 247.7476023322223
0
246.47100633138916 220.6130017640064
0.25 0.25 0.25 0.25
27.134600568215888
45.0
287.23644215414095 51.26818757598943
3
261.70543021646495 51.26818757598943
0.25 0.25 0.25 0.25
25.531011937675995
45.0
441.75296810846766 336.7651186881611
1
441.75296810846766 348.15202010807906
0.25 0.25 0.25 0.25
11.386901419917923
45.0
198.07548450847264 373.15140099456505
1
198.07548450847264 408.82454051887305
0.25 0.25 0.25 0.25
35.673139524307985
45.0
152.82240515133458 102.06954732656705
1
152.82240515133458 106.26296856726859
0.25 0.25 0.25 0.25
4.193421240701539
45.0
