22597
224.5668488181248 217.54168766007768
3
58.44877818626469 217.54168766007768
0.25 0.25 0.25 0.25
166.11807063186012
45.0
389.34504526465025 497.09542055169163
3
244.7227324255689 497.09542055169163
0.25 0.25 0.25 0.25
144.62231283908136
45.0
268.9963353117844 31.322718252563106
1
268.9963353117844 200.22641343711015
0.25 0.25 0.25 0.25
168.90369518454705
45.0
85.74603724054577 352.69104498155457
2
235.71351106650718 352.69104498155457
0.25 0.25 0.25 0.25
149.9674738259614
45.0
357.83079052751 468.9558426117519
0
357.83079052751 359.4352861259988
0.25 0.25 0.25 0.25
171.60887126224927
45.0
3.9009362037814412 221.74398986999614
0
3.9009362037814412 62.37147931848165
0.25 0.25 0.25 0.25
159.3725105515145
45.0
338.2297629677666 1.5450488589210778
3
211.6484219349726 1.5450488589210778
0.25 0.25 0.25 0.25
126.58134103279399
45.0
268.109960026577 156.4738245002361
1
268.109960026577 287.8333499102446
0.25 0.25 0.25 0.25
131.35952541000847
45.0
212.97211262287527 152.5517502287522
0
212.97211262287527 58.28017492344249
0.25 0.25 0.25 0.25
94.27157530530972
45.0
482.6808825583714 264.5278759334284
3
332.3017969871988 264.5278759334284
0.25 0.25 0.25 0.25
150.37908557117257
45.0
216.3976891640683 376.216814831901
1
216.3976891640683 404.71719436952844
0.25 0.25 0.25 0.25
28.50037953762743
45.0
205.78016710153435 233.79312229082328
1
205.78016710153435 235.70711050270899
0.25 0.25 0.25 0.25
1.9139882118857143
45.0
145.97296491841848 234.44493167911673
0
145.97296491841848 198.62679798207193
0.25 0.25 0.25 0.25
35.818133697044814
45.0
203.22720006621051 66.53099502880144
2
242.68090032194547 66.53099502880144
0.25 0.25 0.25 0.25
39.45370025573495
45.0
252.55583352539978 202.44747164982152
2
269.80285829857866 202.44747164982152
0.25 0.25 0.25 0.25
17.24702477317887
45.0
34.04011673013919 199.42770436704626
2
36.00329927910655 199.42770436704626
0.25 0.25 0.25 0.25
1.963182548967357
45.0
310.09690825177523 57.09151236285202
2
311.76127470446875 57.09151236285202
0.25 0.25 0.25 0.25
1.664366452693522
45.0
275.52543870211423 113.49616624595697
2
309.1231530221652 113.49616624595697
0.25 0.25 0.25 0.25
33.597714320050926
45.0
188.62072570501982 39.06596173054424
1
188.62072570501982 83.71814814167567
0.25 0.25 0.25 0.25
44.65218641113143
45.0
165.2879489986306 184.30675720807923
0
165.2879489986306 183.1155759127628
0.25 0.25 0.25 0.25
1.1911812953164347
45.0
326.32312068018757 411.4264984256596
1
326.32312068018757 440.84010381181474
0.25 0.25 0.25 0.25
29.413605386155183
45.0
327.9485537366972 282.45722221539074
1
327.9485537366972 283.5260756222678
0.25 0.25 0.25 0.25
1.068853406877035
45.0
426.04777754866984 343.24962148783675
0
426.04777754866984 337.323397308577
0.25 0.25 0.25 0.25
5.926224179259776
45.0
21.45256424907062 328.70662790437535
0
21.45256424907062 326.49440391927465
0.25 0.25 0.25 0.25
2.21222398510072
45.0
20.907094835911057 403.60166732653624
0
20.907094835911057 387.6708206962463
0.25 0.25 0.25 0.25
15.930846630289903
45.0
201.01383684074327 413.91012631338407
1
201.01383684074327 426.2712019691548
0.25 0.25 0.25 0.25
12.361075655770742
45.0
122.07806426882462 306.73696664165504
0
122.07806426882462 301.2439943516693
0.25 0.25 0.25 0.25
5.492972289985759
45.0
51.77744363440003 219.0716896509942
0
51.77744363440003 207.58832071063853
0.25 0.25 0.25 0.25
11.483368940355653
45.0
438.48598830535497 362.2717729378786
0
438.48598830535497 352.792412485053
0.25 0.25 0.25 0.25
9.479360452825613
45.0
173.98971775750093 496.06490610110154
0
173.98971775750093 466.58274389412
0.25 0.25 0.25 0.25
37.35235000477848
45.0
1.4469215721464295 320.5224981428273
2
17.132945483674195 320.5224981428273
0.25 0.25 0.25 0.25
18.579867055820625
45.0
339.03249166272667 431.55029959866124
2
364.38974111249473 431.55029959866124
0.25 0.25 0.25 0.25
25.357249449768076
45.0
300.84675681584037 95.98519392643371
0
300.84675681584037 57.326492067697494
0.25 0.25 0.25 0.25
38.658701858736215
45.0
455.99747940342405 13.474489270099856
1
455.99747940342405 30.29088246830659
0.25 0.25 0.25 0.25
16.816393198206736
45.0
112.09242830746959 165.42665093004126
2
115.71505230026159 165.42665093004126
0.25 0.25 0.25 0.25
3.6226239927920068
45.0
396.15921655571697 313.0513334308697
0
396.15921655571697 298.3874014544689
0.25 0.25 0.25 0.25
14.663931976400846
45.0
469.73663210339976 105.32047761356031
1
469.73663210339976 136.9526067864751
0.25 0.25 0.25 0.25
31.63212917291477
45.0
300.4202186869985 194.40440912370002
2
316.9556337076001 194.40440912370002
0.25 0.25 0.25 0.25
16.53541502060156
45.0
240.61783758688864 216.6212402991681
0
240.61783758688864 199.7276203386093
0.25 0.25 0.25 0.25
16.8936199605588
45.0
207.7047006286203 355.12371908687925
3
171.50723483487363 355.12371908687925
0.25 0.25 0.25 0.25
36.19746579374665
45.0
437.7485784974526 128.34967803667837
2
452.10960475623887 128.34967803667837
0.25 0.25 0.25 0.25
14.361026258786257
45.0
138.2878495217407 416.6279542294358
2
139.50347731312226 416.6279542294358
0.25 0.25 0.25 0.25
1.2156277913815572
45.0
178.05636805330263 168.96092287693006
3
166.26911533845077 168.96092287693006
0.25 0.25 0.25 0.25
11.787252714851865
45.0
250.96269504291226 104.14827651181233
1
250.96269504291226 140.5968625429158
0.25 0.25 0.25 0.25
36.44858603110347
45.0
475.37018698970064 109.90487045448992
1
475.37018698970064 158.814629895523
0.25 0.25 0.25 0.25
48.90975944103308
45.0
176.15017180693062 292.5937603557642
2
212.3479620544131 292.5937603557642
0.25 0.25 0.25 0.25
36.19779024748248
45.0
213.5326806792309 79.38463302269263
0
213.5326806792309 57.94376787910616
0.25 0.25 0.25 0.25
21.440865143586468
45.0
293.632172094403 402.7632476026308
2
294.3739611487445 402.7632476026308
0.25 0.25 0.25 0.25
0.7417890543415129
45.0
