95700
211.25145221641918 413.2637141359544
0
211.25145221641918 323.3849117246023
0.25 0.25 0.25 0.25
89.87880241135207
45.0
436.7053032421988 47.96220070018491
3
331.38312015262886 47.96220070018491
0.25 0.25 0.25 0.25
105.32218308956992
45.0
492.2030302493828 79.81513815329578
1
492.2030302493828 45.1728091507255
0.25 0.25 0.25 0.25
124.98794730402128
45.0
330.2750150445365 11.387088812734248
1
330.2750150445365 139.95771142118872
0.25 0.25 0.25 0.25
151.34480023392297
45.0
441.0955737931771 425.8850266300591
3
433.983306632177 425.8850266300591
0.25 0.25 0.25 0.25
124.92111957464591
45.0
126.05608095257287 428.9750500732995
0
126.05608095257287 338.4849429892795
0.25 0.25 0.25 0.25
90.49010708402
45.0
459.2798627616605 347.40420370904775
0
459.2798627616605 217.0266621553202
0.25 0.25 0.25 0.25
130.37754155372755
45.0
344.662117626445 215.91011479121198
3
492.55079577645495 215.91011479121198
0.25 0.25 0.25 0.25
162.78708659710003
45.0
282.44505732008884 266.5093144395215
2
451.78306647112595 266.5093144395215
0.25 0.25 0.25 0.25
169.33800915103714
45.0
438.2604252545875 294.24782022096065
0
438.2604252545875 181.08342384018235
0.25 0.25 0.25 0.25
113.1643963807783
45.0
168.70978846479412 320.862564428791
1
168.70978846479412 325.27188341013914
0.25 0.25 0.25 0.25
4.409318981348148
45.0
106.63148045472673 166.02646844787114
0
106.63148045472673 128.56975784970695
0.25 0.25 0.25 0.25
37.45671059816419
45.0
207.99824768663095 495.36466230328716
1
207.99824768663095 499.47437113517543
0.25 0.25 0.25 0.25
4.109708831888281
45.0
409.75065437412275 196.97409602675404
2
418.5926268464781 196.97409602675404
0.25 0.25 0.25 0.25
8.841972472355309
45.0
227.9094229321647 2.707251959087319
1
227.9094229321647 16.464158700475906
0.25 0.25 0.25 0.25
13.756906741388587
45.0
342.6132343473156 290.19385117191246
0
342.6132343473156 244.04722703184837
0.25 0.25 0.25 0.25
46.146624140064105
45.0
193.44831251752925 413.7432413903615
0
193.44831251752925 389.8259657211478
0.25 0.25 0.25 0.25
23.917275669213716
45.0
186.96489152374053 94.68418423981336
3
158.8517316202241 94.68418423981336
0.25 0.25 0.25 0.25
28.113159903516443
45.0
36.60760890866247 282.42095718969534
3
2.6267322921586924 282.42095718969534
0.25 0.25 0.25 0.25
33.98087661650378
45.0
20.708137098628505 161.23528426488647
0
20.708137098628505 145.64746034777025
0.25 0.25 0.25 0.25
15.587823917116234
45.0
240.41091665740154 74.74590924801643
1
240.41091665740154 100.94439152603297
0.25 0.25 0.25 0.25
26.198482278016535
45.0
416.3412693190021 108.2061400841771
3
400.00364405049186 108.2061400841771
0.25 0.25 0.25 0.25
16.337625268510266
45.0
113.1598981222429 387.1631214233351
2
118.32076346941625 387.1631214233351
0.25 0.25 0.25 0.25
5.160865347173354
45.0
49.3326365830278 232.20725519738386
3
20.731218470065514 232.20725519738386
0.25 0.25 0.25 0.25
28.601418112962286
45.0
478.71259605494794 409.68473404310987
3
465.16721229502207 409.68473404310987
0.25 0.25 0.25 0.25
13.545383759925894
45.0
208.23710184336693 82.79675940008616
3
187.7244110220015 82.79675940008616
0.25 0.25 0.25 0.25
20.512690821365425
45.0
24.029606579314304 255.192243593098
1
24.029606579314304 267.7010413306156
0.25 0.25 0.25 0.25
12.508797737517618
45.0
344.25172496086765 346.73225920567813
1
344.25172496086765 385.61886183035546
0.25 0.25 0.25 0.25
38.886602624677316
45.0
274.46251612175826 87.24948684067158
2
281.8978379526934 87.24948684067158
0.25 0.25 0.25 0.25
7.435321830935132
45.0
9.656122931590552 468.69068624461113
1
9.656122931590552 490.8167884049336
0.25 0.25 0.25 0.25
22.126102160322496
45.0
226.96426831026506 456.9431958671472
2
275.6390176281775 456.9431958671472
0.25 0.25 0.25 0.25
48.67474931791245
45.0
284.1592717744174 157.35296478975957
3
237.40153631224965 157.35296478975957
0.25 0.25 0.25 0.25
46.75773546216775
45.0
474.36395743538617 481.82471305953914
3
494.45254064887587 481.82471305953914
0.25 0.25 0.25 0.25
31.18350191573795
45.0
391.38862496802653 190.59921791082962
1
391.38862496802653 229.88988020613627
0.25 0.25 0.25 0.25
39.29066229530665
45.0
309.7385911509896 107.1468150923489
1
309.7385911509896 122.43447147781706
0.25 0.25 0.25 0.25
15.287656385468152
45.0
336.74597662485337 84.24847956373048
2
358.62764239786384 84.24847956373048
0.25 0.25 0.25 0.25
21.88166577301044
45.0
312.37917964354983 390.3283169717917
3
293.1641960633817 390.3283169717917
0.25 0.25 0.25 0.25
19.21498358016812
45.0
98.68883679263764 202.07780567802308
3
72.23882119740092 202.07780567802308
0.25 0.25 0.25 0.25
26.450015595236724
45.0
67.996822678251 72.45031116822392
2
72.70989346030743 72.45031116822392
0.25 0.25 0.25 0.25
4.713070782056428
45.0
330.2607115809525 320.80488316714315
1
330.2607115809525 331.77386934449044
0.25 0.25 0.25 0.25
10.968986177347311
45.0
456.2898020441912 116.34097182121201
3
495.48473615830216 116.34097182121201
0.25 0.25 0.25 0.25
48.22546179750662
45.0
208.83312460863652 45.075995429275025
0
208.83312460863652 22.21983242229756
0.25 0.25 0.25 0.25
22.856163006977464
45.0
425.4374692080209 287.9960073904766
1
425.4374692080209 288.2628464388814
0.25 0.25 0.25 0.25
0.26683904840478223
45.0
204.12242180130764 127.99094650549164
3
185.53801827838822 127.99094650549164
0.25 0.25 0.25 0.25
18.584403522919406
45.0
271.7947106565756 106.73460362382879
3
227.07214516931276 106.73460362382879
0.25 0.25 0.25 0.25
44.72256548726283
45.0
17.295373770093576 327.06953432958414
2
20.309557304228385 327.06953432958414
0.25 0.25 0.25 0.25
37.60493107432196
45.0
44.10277180730262 161.01949932140826
1
44.10277180730262 178.1776640124522
0.25 0.25 0.25 0.25
17.158164691043932
45.0
28.758967615187473 116.94322233130194
3
23.906077929299848 116.94322233130194
0.25 0.25 0.25 0.25
4.852889685887623
45.0
