1692
310.43958869247945 245.60709727536195
2
407.1244156681289 245.60709727536195
0.25 0.25 0.25 0.25
96.68482697564949
45.0
491.58454313876086 226.49867792449518
1
491.58454313876086 376.47402077430195
0.25 0.25 0.25 0.25
149.97534284980676
45.0
487.3160794899892 442.93323256540475
3
360.46222964397714 442.93323256540475
0.25 0.25 0.25 0.25
152.22169086603367
45.0
82.01427926454875 244.26077856842733
0
82.01427926454875 139.35893505873167
0.25 0.25 0.25 0.25
104.90184350969565
45.0
274.2438217065946 141.75846641323295
0
274.2438217065946 32.00908903244772
0.25 0.25 0.25 0.25
109.74937738078523
45.0
88.6788911568459 183.61342785703465
1
88.6788911568459 345.7295206662618
0.25 0.25 0.25 0.25
162.11609280922715
45.0
114.08601365732046 277.80336120216026
1
114.08601365732046 389.7013480998103
0.25 0.25 0.25 0.25
111.89798689765
45.0
173.60950960364914 415.72801328612627
3
52.066745454641364 415.72801328612627
0.25 0.25 0.25 0.25
121.54276414900778
45.0
162.6905215943425 417.10404774314054
0
162.6905215943425 464.9003817177693
0.25 0.25 0.25 0.25
117.99557053909017
45.0
302.465726256049 112.41962740569788
3
202.11154586810426 112.41962740569788
0.25 0.25 0.25 0.25
100.35418038794474
45.0
305.1195230304331 101.66232513240345
1
305.1195230304331 40.178048047149275
0.25 0.25 0.25 0.25
141.84037317955273
45.0
319.12987883176 425.1166869670453
2
462.1133568904686 425.1166869670453
0.25 0.25 0.25 0.25
142.9834780587086
45.0
178.59558763657253 282.3777214718238
1
178.59558763657253 409.6968670770375
0.25 0.25 0.25 0.25
127.31914560521369
45.0
1.0084372441891958 14.050101666058197
2
123.47784911172965 14.050101666058197
0.25 0.25 0.25 0.25
124.48628635591885
45.0
84.64799277372927 276.85047222172375
1
84.64799277372927 428.23186135200547
0.25 0.25 0.25 0.25
151.3813891302817
45.0
54.67843673110468 409.4285307540408
0
54.67843673110468 488.4224554342302
0.25 0.25 0.25 0.25
102.14901381172902
45.0
42.15996932117507 331.6921195563412
2
129.97017388811366 331.6921195563412
0.25 0.25 0.25 0.25
87.8102045669386
45.0
51.799110983499446 58.344033339431775
1
51.799110983499446 63.777113935372924
0.25 0.25 0.25 0.25
122.1211472748047
45.0
395.3862809144746 373.7829041929267
1
395.3862809144746 498.7949755288676
0.25 0.25 0.25 0.25
125.01207133594092
45.0
278.79885844846984 44.11985206913761
1
278.79885844846984 191.23399212271613
0.25 0.25 0.25 0.25
147.11414005357852
45.0
225.5955746805306 53.84741552907906
3
109.38915976881299 53.84741552907906
0.25 0.25 0.25 0.25
116.20641491171762
45.0
295.4243152590335 172.32797888125916
2
426.6781015232791 172.32797888125916
0.25 0.25 0.25 0.25
131.25378626424558
45.0
358.66597752823316 102.81574827015126
1
358.66597752823316 268.9997494093491
0.25 0.25 0.25 0.25
166.18400113919782
45.0
165.6248656921913 117.53287114181647
3
55.85215481658609 117.53287114181647
0.25 0.25 0.25 0.25
109.7727108756052
45.0
248.28328200297432 422.5181463269382
3
87.29243982798721 422.5181463269382
0.25 0.25 0.25 0.25
160.9908421749871
45.0
392.9104218098902 439.2820319629361
0
392.9104218098902 440.9526736460982
0.25 0.25 0.25 0.25
119.76529439096566
45.0
250.66877248825557 141.7370425569003
2
363.4633525554318 141.7370425569003
0.25 0.25 0.25 0.25
112.79458006717626
45.0
354.9958272739583 160.22232820158393
2
446.6799361337145 160.22232820158393
0.25 0.25 0.25 0.25
91.68410885975617
45.0
318.9201581844071 456.6514675364423
3
214.43746277383437 456.6514675364423
0.25 0.25 0.25 0.25
104.48269541057275
45.0
240.15107680965122 439.79872433280866
0
240.15107680965122 404.06058186485257
0.25 0.25 0.25 0.25
156.14069380233872
45.0
175.0423006622223 216.51833741019587
1
175.0423006622223 366.1217134651422
0.25 0.25 0.25 0.25
149.60337605494632
45.0
68.96896822140505 258.9898907453455
2
156.64838380723796 258.9898907453455
0.25 0.25 0.25 0.25
87.67941558583291
45.0
277.6565599234995 342.4041262276544
3
104.46870432769822 342.4041262276544
0.25 0.25 0.25 0.25
173.1878555958013
45.0
131.0328322087248 10.064599477501133
2
244.7292242507741 10.064599477501133
0.25 0.25 0.25 0.25
113.6963920420493
45.0
108.79858769263402 202.16204487923883
2
271.8695267658327 202.16204487923883
0.25 0.25 0.25 0.25
163.07093907319867
45.0
498.4830559007809 376.79341719789636
3
327.05108678477654 376.79341719789636
0.25 0.25 0.25 0.25
174.46585731444253
45.0
377.6446905148904 57.32199746918835
3
226.20350889130145 57.32199746918835
0.25 0.25 0.25 0.25
151.4411816235889
45.0
208.34335332804167 396.40968645357793
0
208.34335332804167 230.42866873213362
0.25 0.25 0.25 0.25
165.98101772144432
45.0
477.3254020098859 462.1572943417377
0
477.3254020098859 427.9124123147842
0.25 0.25 0.25 0.25
109.93029334347813
45.0
355.67302162553364 299.6088020272357
0
355.67302162553364 206.3203702986363
0.25 0.25 0.25 0.25
93.28843172859939
45.0
168.725595374465 395.0631034481229
2
280.7988771078287 395.0631034481229
0.25 0.25 0.25 0.25
112.07328173336366
45.0
125.59849853176422 307.12863392842814
0
125.59849853176422 214.51763830706898
0.25 0.25 0.25 0.25
92.61099562135917
45.0
426.18304789951117 168.65399700489388
3
411.37167449432127 168.65399700489388
0.25 0.25 0.25 0.25
162.44527760616756
45.0
24.27424992026573 133.9620322662023
1
24.27424992026573 264.6334003129069
0.25 0.25 0.25 0.25
130.67136804670457
45.0
261.4457661145118 267.18044193713996
0
261.4457661145118 178.11635197238377
0.25 0.25 0.25 0.25
89.0640899647562
45.0
429.8531525004138 327.2750242825176
1
429.8531525004138 488.0878437932744
0.25 0.25 0.25 0.25
160.81281951075678
45.0
352.89804644570216 379.8564182239304
0
352.89804644570216 260.2477602307977
0.25 0.25 0.25 0.25
119.60865799313267
45.0
233.6550057042538 75.85619063537342
2
325.51055350874117 75.85619063537342
0.25 0.25 0.25 0.25
91.85554780448737
45.0
