1692
404.35405191326277 141.132210627236
3
307.66922493761325 141.132210627236
0.25 0.25 0.25 0.25
96.68482697564949
45.0
458.5880569125917 77.01647807855286
3
391.4366002376015 77.01647807855286
0.25 0.25 0.25 0.25
149.97534284980676
45.0
100.45266523258317 464.05125130696706
0
100.45266523258317 311.8295604409334
0.25 0.25 0.25 0.25
152.22169086603367
45.0
449.3599115997122 238.09497719887713
3
445.7382448905921 238.09497719887713
0.25 0.25 0.25 0.25
104.90184350969565
45.0
42.74870686282816 224.25647644792127
0
42.74870686282816 114.50709906713604
0.25 0.25 0.25 0.25
109.74937738078523
45.0
46.13375850774412 142.3233238200147
1
46.13375850774412 19.792768989212448
0.25 0.25 0.25 0.25
162.11609280922715
45.0
340.5878160121296 295.8503374437899
2
452.48580290977964 295.8503374437899
0.25 0.25 0.25 0.25
111.89798689765
45.0
229.5878865685687 144.98459818017295
3
108.04512241956093 144.98459818017295
0.25 0.25 0.25 0.25
121.54276414900778
45.0
392.7569635079901 243.07304151677175
3
274.76139296889994 243.07304151677175
0.25 0.25 0.25 0.25
117.99557053909017
45.0
195.7633718042274 385.80947065457843
1
195.7633718042274 486.16365104252316
0.25 0.25 0.25 0.25
100.35418038794474
45.0
468.31205943937834 345.2109576356474
3
389.847567381069 345.2109576356474
0.25 0.25 0.25 0.25
141.84037317955273
45.0
387.82839376314087 10.02417208580215
1
387.82839376314087 153.00765014451076
0.25 0.25 0.25 0.25
142.9834780587086
45.0
287.3615684000767 372.7711713959542
2
414.6807140052904 372.7711713959542
0.25 0.25 0.25 0.25
127.31914560521369
45.0
384.77954928151485 379.95730316494416
3
490.7341643625663 379.95730316494416
0.25 0.25 0.25 0.25
124.48628635591885
45.0
323.3268884216169 420.3867495177128
3
171.9454992913352 420.3867495177128
0.25 0.25 0.25 0.25
151.3813891302817
45.0
413.08635609296016 466.93231731694004
0
413.08635609296016 430.91866887133096
0.25 0.25 0.25 0.25
102.14901381172902
45.0
26.015530206176066 385.2425617032556
2
61.79467436076253 385.2425617032556
0.25 0.25 0.25 0.25
87.8102045669386
45.0
173.92025825830422 88.34189340798642
2
296.0414055331089 88.34189340798642
0.25 0.25 0.25 0.25
122.1211472748047
45.0
479.9879304996938 499.08468759144966
0
479.9879304996938 375.90324107260943
0.25 0.25 0.25 0.25
125.01207133594092
45.0
13.548659837017397 455.66329185482346
0
13.548659837017397 308.54915180124493
0.25 0.25 0.25 0.25
147.11414005357852
45.0
436.6416167993078 448.32439446969045
0
436.6416167993078 332.11797955797283
0.25 0.25 0.25 0.25
116.20641491171762
45.0
473.26131824879144 433.91066232600406
0
473.26131824879144 302.65687606175845
0.25 0.25 0.25 0.25
131.25378626424558
45.0
373.1459433522989 114.39972092940386
1
373.1459433522989 51.78428020979396
0.25 0.25 0.25 0.25
166.18400113919782
45.0
104.03456329479899 357.69477871926404
2
5.7381475808062135 357.69477871926404
0.25 0.25 0.25 0.25
109.7727108756052
45.0
395.68008669697383 32.426568076809474
1
395.68008669697383 128.56427409817763
0.25 0.25 0.25 0.25
160.9908421749871
45.0
434.78806668216487 279.30973438285787
0
434.78806668216487 159.5444399918922
0.25 0.25 0.25 0.25
119.76529439096566
45.0
57.41252650410074 257.25158006297346
2
55.382053563075516 257.25158006297346
0.25 0.25 0.25 0.25
112.79458006717626
45.0
88.46869815200769 389.8823249569531
0
88.46869815200769 298.1982160971969
0.25 0.25 0.25 0.25
91.68410885975617
45.0
184.43929586722462 244.72923343095724
0
184.43929586722462 140.2465380203845
0.25 0.25 0.25 0.25
104.48269541057275
45.0
447.5675355856714 443.2965226579695
3
396.2917706119899 443.2965226579695
0.25 0.25 0.25 0.25
156.14069380233872
45.0
167.109821761149 326.83055998159114
1
167.109821761149 476.4339360365375
0.25 0.25 0.25 0.25
149.60337605494632
45.0
457.1075252935924 311.14287777534037
3
455.2130591205747 311.14287777534037
0.25 0.25 0.25 0.25
87.67941558583291
45.0
281.034140438712 406.15375102692906
0
281.034140438712 232.96589543112776
0.25 0.25 0.25 0.25
173.1878555958013
45.0
367.64654286619066 124.25807109282277
0
367.64654286619066 10.561679050773478
0.25 0.25 0.25 0.25
113.6963920420493
45.0
173.52168437505773 180.58767931843093
2
336.5926234482564 180.58767931843093
0.25 0.25 0.25 0.25
163.07093907319867
45.0
314.3363685525983 470.3837049712065
3
139.87051123815576 470.3837049712065
0.25 0.25 0.25 0.25
174.46585731444253
45.0
199.29640350768696 331.3807282445879
1
199.29640350768696 482.8219098681768
0.25 0.25 0.25 0.25
151.4411816235889
45.0
30.020654592595235 85.07779202541886
2
135.96036312884908 85.07779202541886
0.25 0.25 0.25 0.25
165.98101772144432
45.0
466.698042101189 208.05182562782795
3
423.3716645553329 208.05182562782795
0.25 0.25 0.25 0.25
109.93029334347813
45.0
110.76913701746332 445.24273178502176
2
204.0575687460627 445.24273178502176
0.25 0.25 0.25 0.25
93.28843172859939
45.0
279.56753155898963 277.3765869520591
3
167.49424982562596 277.3765869520591
0.25 0.25 0.25 0.25
112.07328173336366
45.0
40.902540876003286 155.92634417836769
2
51.70845474535588 155.92634417836769
0.25 0.25 0.25 0.25
92.61099562135917
45.0
278.5908332281383 54.92322075546281
1
278.5908332281383 217.36849836163037
0.25 0.25 0.25 0.25
162.44527760616756
45.0
407.66933351927946 360.8167541343852
3
461.6592984340159 360.8167541343852
0.25 0.25 0.25 0.25
130.67136804670457
45.0
83.3175861849994 198.43501827432294
2
172.3816761497556 198.43501827432294
0.25 0.25 0.25 0.25
89.0640899647562
45.0
87.7083889673159 155.16343424975273
2
73.10443054344088 155.16343424975273
0.25 0.25 0.25 0.25
160.81281951075678
45.0
27.4192583495595 250.46421005911446
0
27.4192583495595 130.85555206598178
0.25 0.25 0.25 0.25
119.60865799313267
45.0
327.8893069720316 453.6894077026841
0
327.8893069720316 454.4550444928285
0.25 0.25 0.25 0.25
91.85554780448737
45.0
