1692
175.75490994063412 309.14019400750624
3
79.07008296498464 309.14019400750624
0.25 0.25 0.25 0.25
96.68482697564949
45.0
9.155171367035848 477.60824968319025
0
9.155171367035848 372.41640746700295
0.25 0.25 0.25 0.25
149.97534284980676
45.0
56.0188479119098 271.7913027953575
2
96.20284295412387 271.7913027953575
0.25 0.25 0.25 0.25
152.22169086603367
45.0
330.7281214584512 34.45709154903602
1
330.7281214584512 70.44475196065963
0.25 0.25 0.25 0.25
104.90184350969565
45.0
396.2488026603128 162.97845858325695
1
396.2488026603128 272.7278359640422
0.25 0.25 0.25 0.25
109.74937738078523
45.0
286.75104863369256 330.0382937152837
0
286.75104863369256 167.92220090605656
0.25 0.25 0.25 0.25
162.11609280922715
45.0
449.77997435027055 382.6194660209602
1
449.77997435027055 494.5174529186102
0.25 0.25 0.25 0.25
111.89798689765
45.0
212.17861332884365 15.127269694029337
1
212.17861332884365 106.41549445497844
0.25 0.25 0.25 0.25
121.54276414900778
45.0
304.3848887915641 234.83393980412177
0
304.3848887915641 116.8383692650316
0.25 0.25 0.25 0.25
117.99557053909017
45.0
489.74230520916666 223.39921943198487
3
409.9035144028886 223.39921943198487
0.25 0.25 0.25 0.25
100.35418038794474
45.0
290.8847475441714 200.79837185317058
0
290.8847475441714 58.95799867361785
0.25 0.25 0.25 0.25
141.84037317955273
45.0
36.70030835818369 145.9328788568289
0
36.70030835818369 2.94940079812028
0.25 0.25 0.25 0.25
142.9834780587086
45.0
386.34048930941094 280.0053471874066
3
486.3403650853754 280.0053471874066
0.25 0.25 0.25 0.25
127.31914560521369
45.0
29.776401312732958 355.2990482490493
1
29.776401312732958 479.78533460496817
0.25 0.25 0.25 0.25
124.48628635591885
45.0
305.41229200444 200.50731907405145
2
456.79368113472174 200.50731907405145
0.25 0.25 0.25 0.25
151.3813891302817
45.0
232.18464946255082 33.209398192261546
1
232.18464946255082 68.93961561946747
0.25 0.25 0.25 0.25
102.14901381172902
45.0
441.94158207669284 48.62680081593798
3
354.13137750975426 48.62680081593798
0.25 0.25 0.25 0.25
87.8102045669386
45.0
411.1955145409212 308.0194084849823
3
466.68333818427413 308.0194084849823
0.25 0.25 0.25 0.25
122.1211472748047
45.0
20.25349621912453 376.4826651977744
2
145.26556755506545 376.4826651977744
0.25 0.25 0.25 0.25
125.01207133594092
45.0
219.2008976983704 73.91883244418722
3
72.08675764479187 73.91883244418722
0.25 0.25 0.25 0.25
147.11414005357852
45.0
155.24689397427153 252.03825379675777
0
155.24689397427153 135.83183888504016
0.25 0.25 0.25 0.25
116.20641491171762
45.0
195.36373503110406 78.74836077231072
3
64.10994876685848 78.74836077231072
0.25 0.25 0.25 0.25
131.25378626424558
45.0
364.45796385785945 240.03981776121756
0
364.45796385785945 73.85581662201974
0.25 0.25 0.25 0.25
166.18400113919782
45.0
78.01176029812613 333.6035744801577
2
187.78447117373133 333.6035744801577
0.25 0.25 0.25 0.25
109.7727108756052
45.0
248.28328200297437 211.98519540259537
3
87.29243982798727 211.98519540259537
0.25 0.25 0.25 0.25
160.9908421749871
45.0
375.307501132315 81.65679047320123
3
255.54220674134933 81.65679047320123
0.25 0.25 0.25 0.25
119.76529439096566
45.0
183.32785423483801 352.1749820866665
2
296.12243430201426 352.1749820866665
0.25 0.25 0.25 0.25
112.79458006717626
45.0
212.15922079921444 469.37544461012385
3
120.47511193945827 469.37544461012385
0.25 0.25 0.25 0.25
91.68410885975617
45.0
158.66636476272905 411.8245134307148
0
158.66636476272905 307.341818020142
0.25 0.25 0.25 0.25
104.48269541057275
45.0
87.50818133247327 60.863701217002756
2
243.648875134812 60.863701217002756
0.25 0.25 0.25 0.25
156.14069380233872
45.0
84.87329796411933 19.691328970625193
1
84.87329796411933 169.29470502557152
0.25 0.25 0.25 0.25
149.60337605494632
45.0
404.95453826359756 346.6693063311784
2
492.63395384943044 346.6693063311784
0.25 0.25 0.25 0.25
87.67941558583291
45.0
467.5237368158712 177.1594405597487
3
359.2884075883276 177.1594405597487
0.25 0.25 0.25 0.25
173.1878555958013
45.0
458.0754065297963 103.63179256454816
1
458.0754065297963 217.32818460659746
0.25 0.25 0.25 0.25
113.6963920420493
45.0
499.6635625214551 278.9355217092059
1
499.6635625214551 442.0064607824046
0.25 0.25 0.25 0.25
163.07093907319867
45.0
258.8902354758222 414.6602998331841
3
84.42437816137965 414.6602998331841
0.25 0.25 0.25 0.25
174.46585731444253
45.0
411.3503358298003 333.8217346661537
0
411.3503358298003 182.3805530425648
0.25 0.25 0.25 0.25
151.4411816235889
45.0
208.34335332804167 218.0869877181315
3
42.362335606597355 218.0869877181315
0.25 0.25 0.25 0.25
165.98101772144432
45.0
165.13254754033613 208.05182562782795
3
55.20225419685801 208.05182562782795
0.25 0.25 0.25 0.25
109.93029334347813
45.0
221.4416561975214 325.78155104182906
0
221.4416561975214 232.49311931322967
0.25 0.25 0.25 0.25
93.28843172859939
45.0
400.3003488926263 300.3088929153052
1
400.3003488926263 412.38217464866887
0.25 0.25 0.25 0.25
112.07328173336366
45.0
152.23448833231328 196.7904500255131
1
152.23448833231328 289.4014456468723
0.25 0.25 0.25 0.25
92.61099562135917
45.0
234.073333953359 405.14211033079255
2
396.51861155952656 405.14211033079255
0.25 0.25 0.25 0.25
162.44527760616756
45.0
104.13320851912863 139.4034973404074
1
104.13320851912863 270.07486538711197
0.25 0.25 0.25 0.25
130.67136804670457
45.0
499.5410227929303 89.07591792188491
3
411.39488724231353 89.07591792188491
0.25 0.25 0.25 0.25
89.0640899647562
45.0
353.8904572844508 488.0878437932744
3
485.29672320479244 488.0878437932744
0.25 0.25 0.25 0.25
160.81281951075678
45.0
211.79805763670583 65.23102786534487
1
211.79805763670583 184.83968585847754
0.25 0.25 0.25 0.25
119.60865799313267
45.0
307.06725527330923 230.94353032617227
2
398.92280307779663 230.94353032617227
0.25 0.25 0.25 0.25
91.85554780448737
45.0
