1692
172.98454618576804 110.75084413859696
0
172.98454618576804 14.066017162947475
0.25 0.25 0.25 0.25
96.68482697564949
45.0
108.8099712643307 127.33702103106478
2
41.165371585476066 127.33702103106478
0.25 0.25 0.25 0.25
149.97534284980676
45.0
379.5282059446289 489.3171515348108
0
379.5282059446289 337.09546066877715
0.25 0.25 0.25 0.25
152.22169086603367
45.0
491.513373380886 188.37737015568825
0
491.513373380886 83.4755266459926
0.25 0.25 0.25 0.25
104.90184350969565
45.0
481.48697289523216 212.00087287498843
3
371.7375955144469 212.00087287498843
0.25 0.25 0.25 0.25
109.74937738078523
45.0
199.5972297939889 275.4314074260096
0
199.5972297939889 113.31531461678247
0.25 0.25 0.25 0.25
162.11609280922715
45.0
337.8819874526205 288.7684553649398
3
225.98400055497046 288.7684553649398
0.25 0.25 0.25 0.25
111.89798689765
45.0
58.564801777109665 78.75760764704069
1
58.564801777109665 42.785156501967094
0.25 0.25 0.25 0.25
121.54276414900778
45.0
180.46461908794106 355.1439128913291
2
298.46018962703124 355.1439128913291
0.25 0.25 0.25 0.25
117.99557053909017
45.0
493.284109088614 119.5032351645928
1
493.284109088614 219.85741555253753
0.25 0.25 0.25 0.25
100.35418038794474
45.0
14.321388928196654 366.5631208650402
0
14.321388928196654 491.59650595540705
0.25 0.25 0.25 0.25
141.84037317955273
45.0
106.28316970052492 431.899834974246
2
36.70030835818369 431.899834974246
0.25 0.25 0.25 0.25
142.9834780587086
45.0
14.170112347939664 242.89901750398752
2
113.14903325727403 242.89901750398752
0.25 0.25 0.25 0.25
127.31914560521369
45.0
154.2626876686518 138.53638802197705
0
154.2626876686518 14.050101666058197
0.25 0.25 0.25 0.25
124.48628635591885
45.0
121.10409278077103 496.7299026653851
2
272.4854819110527 496.7299026653851
0.25 0.25 0.25 0.25
151.3813891302817
45.0
173.01591188540212 237.50742581571964
2
275.16492569713114 237.50742581571964
0.25 0.25 0.25 0.25
102.14901381172902
45.0
226.45230469514036 180.7160631212023
2
314.26250926207894 180.7160631212023
0.25 0.25 0.25 0.25
87.8102045669386
45.0
77.28907455829766 231.9599048133025
1
77.28907455829766 354.0810520881072
0.25 0.25 0.25 0.25
122.1211472748047
45.0
229.77064645275732 251.37402317430605
1
229.77064645275732 376.38609451024695
0.25 0.25 0.25 0.25
125.01207133594092
45.0
12.488796894692598 337.6246073414988
2
134.62534315888593 337.6246073414988
0.25 0.25 0.25 0.25
147.11414005357852
45.0
84.89821326801246 307.6270330571723
0
84.89821326801246 191.42061814545468
0.25 0.25 0.25 0.25
116.20641491171762
45.0
67.14383749738707 365.04328813439076
1
67.14383749738707 496.29707439863637
0.25 0.25 0.25 0.25
131.25378626424558
45.0
192.48197638903534 240.03981776121756
0
192.48197638903534 73.85581662201974
0.25 0.25 0.25 0.25
166.18400113919782
45.0
187.7844711737314 455.4218874753161
0
187.7844711737314 434.8054016490787
0.25 0.25 0.25 0.25
109.7727108756052
45.0
166.5793506218322 144.05143589745614
1
166.5793506218322 16.939406277530964
0.25 0.25 0.25 0.25
160.9908421749871
45.0
421.17191473216997 157.8737983087301
1
421.17191473216997 277.63909269969577
0.25 0.25 0.25 0.25
119.76529439096566
45.0
426.09870791480193 407.08463717439474
3
461.10671201802177 407.08463717439474
0.25 0.25 0.25 0.25
112.79458006717626
45.0
163.10241209712808 364.30673258499957
2
254.78652095688426 364.30673258499957
0.25 0.25 0.25 0.25
91.68410885975617
45.0
318.9201581844071 215.07165903272167
1
318.9201581844071 319.5543544432944
0.25 0.25 0.25 0.25
104.48269541057275
45.0
254.60222570260754 187.17537558893804
3
98.46153190026882 187.17537558893804
0.25 0.25 0.25 0.25
156.14069380233872
45.0
494.3922726454073 137.84452598539443
1
494.3922726454073 11.758850069551897
0.25 0.25 0.25 0.25
149.60337605494632
45.0
156.64838380723796 469.8751504728493
0
156.64838380723796 382.19573488701644
0.25 0.25 0.25 0.25
87.67941558583291
45.0
411.71728194449315 169.21627063185377
3
415.0948624597056 169.21627063185377
0.25 0.25 0.25 0.25
173.1878555958013
45.0
133.67408205889387 217.32818460659746
3
19.977690016844576 217.32818460659746
0.25 0.25 0.25 0.25
113.6963920420493
45.0
337.2654984053462 373.3482345835888
3
174.19455933214752 373.3482345835888
0.25 0.25 0.25 0.25
163.07093907319867
45.0
426.2584755497701 329.99827331124106
0
426.2584755497701 155.53241599679853
0.25 0.25 0.25 0.25
174.46585731444253
45.0
440.1739683015786 485.91345123847907
3
288.7327866779897 485.91345123847907
0.25 0.25 0.25 0.25
151.4411816235889
45.0
216.57114067070975 47.99207632535314
1
216.57114067070975 213.97309404679746
0.25 0.25 0.25 0.25
165.98101772144432
45.0
133.2504678142455 449.16713213217804
0
133.2504678142455 440.9025745243439
0.25 0.25 0.25 0.25
109.93029334347813
45.0
379.2318678734877 325.781551041829
3
285.9434361448883 325.781551041829
0.25 0.25 0.25 0.25
93.28843172859939
45.0
384.21262324091936 130.66516281760352
1
384.21262324091936 242.7384445509672
0.25 0.25 0.25 0.25
112.07328173336366
45.0
467.5093788662924 493.34438872454143
3
374.89838324493326 493.34438872454143
0.25 0.25 0.25 0.25
92.61099562135917
45.0
441.0361108343059 158.17872557669398
1
441.0361108343059 4.266552029473587
0.25 0.25 0.25 0.25
162.44527760616756
45.0
242.5099512473485 230.1453860876806
1
242.5099512473485 360.8167541343852
0.25 0.25 0.25 0.25
130.67136804670457
45.0
33.92556258146746 287.47545232482173
0
33.92556258146746 198.41136236006554
0.25 0.25 0.25 0.25
89.0640899647562
45.0
228.2007207091534 166.46220477176084
2
389.01354021991017 166.46220477176084
0.25 0.25 0.25 0.25
160.81281951075678
45.0
135.32013569851176 217.11702417585911
3
15.71147770537911 217.11702417585911
0.25 0.25 0.25 0.25
119.60865799313267
45.0
296.65622942394805 217.92318284690342
2
388.51177722843545 217.92318284690342
0.25 0.25 0.25 0.25
91.85554780448737
45.0
