1692
45.918352721479465 141.13221062723602
2
142.60317969712895 141.13221062723602
0.25 0.25 0.25 0.25
96.68482697564949
45.0
8.662028363171373 223.92049362878961
2
158.63737121297814 223.92049362878961
0.25 0.25 0.25 0.25
149.97534284980676
45.0
96.20284295412387 318.1752217647636
2
56.0188479119098 318.1752217647636
0.25 0.25 0.25 0.25
152.22169086603367
45.0
88.87925258033141 195.2423434714708
0
88.87925258033141 90.34049996177515
0.25 0.25 0.25 0.25
104.90184350969565
45.0
67.25991400869401 334.0058538287065
1
67.25991400869401 443.75523120949174
0.25 0.25 0.25 0.25
109.74937738078523
45.0
8.473127781529683 156.30998471239758
1
8.473127781529683 318.42607752162473
0.25 0.25 0.25 0.25
162.11609280922715
45.0
445.40392083092956 498.4006650025397
3
333.50593393327955 498.4006650025397
0.25 0.25 0.25 0.25
111.89798689765
45.0
295.1522737526569 144.98459818017295
2
416.6950379016647 144.98459818017295
0.25 0.25 0.25 0.25
121.54276414900778
45.0
61.45122115477206 63.11733612587008
2
179.44679169386222 63.11733612587008
0.25 0.25 0.25 0.25
117.99557053909017
45.0
302.465726256049 185.101109878689
0
302.465726256049 84.74692949074425
0.25 0.25 0.25 0.25
100.35418038794474
45.0
446.9598962099858 87.42754964614164
3
305.1195230304331 87.42754964614164
0.25 0.25 0.25 0.25
141.84037317955273
45.0
251.91968699211424 145.04853244586866
1
251.91968699211424 288.0320105045773
0.25 0.25 0.25 0.25
142.9834780587086
45.0
287.3615684000767 319.4840511552428
0
287.3615684000767 192.16490555002912
0.25 0.25 0.25 0.25
127.31914560521369
45.0
492.82699902683703 391.61866988646386
3
382.6867146172441 391.61866988646386
0.25 0.25 0.25 0.25
124.48628635591885
45.0
34.69145505021453 125.46908309144206
2
116.68993408006716 125.46908309144206
0.25 0.25 0.25 0.25
151.3813891302817
45.0
251.76860470408238 409.4285307540408
3
149.61959089235336 409.4285307540408
0.25 0.25 0.25 0.25
102.14901381172902
45.0
110.33546884852619 14.539051052262465
2
198.14567341546478 14.539051052262465
0.25 0.25 0.25 0.25
87.8102045669386
45.0
120.89157638818669 401.67665336228345
0
120.89157638818669 279.55550608747876
0.25 0.25 0.25 0.25
122.1211472748047
45.0
270.56735095358835 126.26538115083711
0
270.56735095358835 1.2533098148961983
0.25 0.25 0.25 0.25
125.01207133594092
45.0
161.48369876994104 191.23399212271613
2
308.59783882351957 191.23399212271613
0.25 0.25 0.25 0.25
147.11414005357852
45.0
471.6429147897751 261.76929885171376
3
355.4364998780575 261.76929885171376
0.25 0.25 0.25 0.25
116.20641491171762
45.0
98.33704353370325 122.29768876729446
2
32.916742730542325 122.29768876729446
0.25 0.25 0.25 0.25
131.25378626424558
45.0
303.17403386374497 66.2642460338597
1
303.17403386374497 232.44824717305752
0.25 0.25 0.25 0.25
166.18400113919782
45.0
275.39757656779636 337.07829289302686
2
385.17028744340155 337.07829289302686
0.25 0.25 0.25 0.25
109.7727108756052
45.0
180.17338810281973 94.50932714810057
1
180.17338810281973 66.48151502688654
0.25 0.25 0.25 0.25
160.9908421749871
45.0
147.51219280210046 237.43208951058318
3
27.746898411134794 237.43208951058318
0.25 0.25 0.25 0.25
119.76529439096566
45.0
235.51755188366928 181.49547704004226
2
348.3121319508455 181.49547704004226
0.25 0.25 0.25 0.25
112.79458006717626
45.0
3.2154107077484753 160.22232820158388
2
94.89951956750464 160.22232820158388
0.25 0.25 0.25 0.25
91.68410885975617
45.0
363.74711229013474 352.1687721258695
3
259.26441687956196 352.1687721258695
0.25 0.25 0.25 0.25
104.48269541057275
45.0
396.2917706119899 247.91988806251385
3
240.15107680965116 247.91988806251385
0.25 0.25 0.25 0.25
156.14069380233872
45.0
273.7678275026167 185.06815837001878
0
273.7678275026167 35.464782315072455
0.25 0.25 0.25 0.25
149.60337605494632
45.0
141.91629150609884 162.78062870966224
2
229.59570709193176 162.78062870966224
0.25 0.25 0.25 0.25
87.67941558583291
45.0
143.59583790250605 342.4041262276543
0
143.59583790250605 484.40801817654443
0.25 0.25 0.25 0.25
173.1878555958013
45.0
63.87149692356286 307.7570482702031
2
177.56788896561216 307.7570482702031
0.25 0.25 0.25 0.25
113.6963920420493
45.0
216.67041549667354 25.631990876383554
1
216.67041549667354 137.43894819681512
0.25 0.25 0.25 0.25
163.07093907319867
45.0
373.84623067143184 274.27486817321864
1
373.84623067143184 448.74072548766117
0.25 0.25 0.25 0.25
174.46585731444253
45.0
136.76712572099873 122.94281662617882
2
14.674055902590169 122.94281662617882
0.25 0.25 0.25 0.25
151.4411816235889
45.0
140.07425680018312 109.7611540534231
1
140.07425680018312 275.7421717748674
0.25 0.25 0.25 0.25
165.98101772144432
45.0
458.9104385379328 153.62113412869718
3
431.1592681185891 153.62113412869718
0.25 0.25 0.25 0.25
109.93029334347813
45.0
110.76913701746332 419.0699827704284
0
110.76913701746332 487.64158550097227
0.25 0.25 0.25 0.25
93.28843172859939
45.0
384.21262324091936 173.9628408189684
3
272.1393415075557 173.9628408189684
0.25 0.25 0.25 0.25
112.07328173336366
45.0
411.34652336143995 492.3506251711465
3
496.0424810172009 492.3506251711465
0.25 0.25 0.25 0.25
92.61099562135917
45.0
386.04334013132666 193.9823313678885
3
451.5113822625058 193.9823313678885
0.25 0.25 0.25 0.25
162.44527760616756
45.0
282.43943054678 428.65291922004735
2
413.11079859348456 428.65291922004735
0.25 0.25 0.25 0.25
130.67136804670457
45.0
183.87468370926916 198.41136236006554
0
183.87468370926916 109.34727239530933
0.25 0.25 0.25 0.25
89.0640899647562
45.0
374.2109450533701 5.649385261004056
1
374.2109450533701 166.46220477176084
0.25 0.25 0.25 0.25
160.81281951075678
45.0
135.32013569851176 251.5340576249883
0
135.32013569851176 131.9253996318556
0.25 0.25 0.25 0.25
119.60865799313267
45.0
307.06725527330923 5.588331319752825
3
215.21170746882188 5.588331319752825
0.25 0.25 0.25 0.25
91.85554780448737
45.0
