1692
15.536986232840405 438.9767512266609
0
15.536986232840405 464.33842179768965
0.25 0.25 0.25 0.25
96.68482697564949
45.0
241.46125738779475 222.93420762106066
3
91.48591453798798 222.93420762106066
0.25 0.25 0.25 0.25
149.97534284980676
45.0
117.32086169568618 464.05125130696706
0
117.32086169568618 311.8295604409334
0.25 0.25 0.25 0.25
152.22169086603367
45.0
183.6728161675818 237.39580525264466
0
183.6728161675818 132.493961742949
0.25 0.25 0.25 0.25
104.90184350969565
45.0
371.99683900518386 7.497881886582036
3
262.2474616243986 7.497881886582036
0.25 0.25 0.25 0.25
109.74937738078523
45.0
18.830315363107104 466.555509438469
2
180.94640817233426 466.555509438469
0.25 0.25 0.25 0.25
162.11609280922715
45.0
435.6162101925704 191.0342326249899
3
452.48580290977964 191.0342326249899
0.25 0.25 0.25 0.25
111.89798689765
45.0
351.1306507175765 266.52736232918073
1
351.1306507175765 388.0701264781885
0.25 0.25 0.25 0.25
121.54276414900778
45.0
17.265183796558986 166.9491057877774
1
17.265183796558986 284.9446763268676
0.25 0.25 0.25 0.25
117.99557053909017
45.0
406.361710523441 15.607250897200487
3
306.00753013549627 15.607250897200487
0.25 0.25 0.25 0.25
100.35418038794474
45.0
389.847567381069 203.37058445609466
1
389.847567381069 345.2109576356474
0.25 0.25 0.25 0.25
141.84037317955273
45.0
101.86143764572364 275.9427840316151
1
101.86143764572364 418.9262620903237
0.25 0.25 0.25 0.25
142.9834780587086
45.0
94.59586841556438 9.18626541968689
1
94.59586841556438 118.1328801855268
0.25 0.25 0.25 0.25
127.31914560521369
45.0
113.16559614216058 117.98784225873118
2
237.65188249807943 117.98784225873118
0.25 0.25 0.25 0.25
124.48628635591885
45.0
80.23383407302543 33.75741787313228
2
231.61522320330712 33.75741787313228
0.25 0.25 0.25 0.25
151.3813891302817
45.0
413.08635609296016 262.63428969348206
1
413.08635609296016 364.78330350521105
0.25 0.25 0.25 0.25
102.14901381172902
45.0
377.2563484739304 209.62215256937844
0
377.2563484739304 121.81194800243985
0.25 0.25 0.25 0.25
87.8102045669386
45.0
70.32203629130518 88.34189340798649
1
70.32203629130518 210.4630406827912
0.25 0.25 0.25 0.25
122.1211472748047
45.0
479.9879304996938 499.0846875914497
3
394.99999816436525 499.0846875914497
0.25 0.25 0.25 0.25
125.01207133594092
45.0
250.88063989509004 397.2225680915981
0
250.88063989509004 250.10842803801955
0.25 0.25 0.25 0.25
147.11414005357852
45.0
17.673691357895905 261.76929885171376
2
98.53272355382171 261.76929885171376
0.25 0.25 0.25 0.25
116.20641491171762
45.0
395.48489548696296 90.17959364723202
1
395.48489548696296 221.4333799114776
0.25 0.25 0.25 0.25
131.25378626424558
45.0
378.9379296819252 443.8717300429863
3
212.75392854272738 443.8717300429863
0.25 0.25 0.25 0.25
166.18400113919782
45.0
225.2835693320166 247.92206784365885
2
335.0562802076218 247.92206784365885
0.25 0.25 0.25 0.25
109.7727108756052
45.0
73.69840234699961 1.6283788732677635
2
234.68924452198672 1.6283788732677635
0.25 0.25 0.25 0.25
160.9908421749871
45.0
403.5689940545948 399.07502877382353
0
403.5689940545948 481.1596768352108
0.25 0.25 0.25 0.25
119.76529439096566
45.0
267.850466033867 46.81364053320719
3
155.05588596669077 46.81364053320719
0.25 0.25 0.25 0.25
112.79458006717626
45.0
278.267737287017 473.0412363593914
2
369.95184614677316 473.0412363593914
0.25 0.25 0.25 0.25
91.68410885975617
45.0
24.52609495392082 128.37459410560626
0
24.52609495392082 23.891898695033518
0.25 0.25 0.25 0.25
104.48269541057275
45.0
396.29177061198993 88.2813959350143
3
240.15107680965122 88.2813959350143
0.25 0.25 0.25 0.25
156.14069380233872
45.0
466.31657387104167 169.2032005678722
3
384.080050074012 169.2032005678722
0.25 0.25 0.25 0.25
149.60337605494632
45.0
106.38986295026078 162.78062870966227
1
106.38986295026078 250.46004429549518
0.25 0.25 0.25 0.25
87.67941558583291
45.0
199.4022927738842 113.40981576047483
1
199.4022927738842 286.5976713562761
0.25 0.25 0.25 0.25
173.1878555958013
45.0
200.83541734405583 216.83110503332512
0
200.83541734405583 103.13471299127582
0.25 0.25 0.25 0.25
113.6963920420493
45.0
11.123620258948847 330.199503461973
0
11.123620258948847 167.12856438877432
0.25 0.25 0.25 0.25
163.07093907319867
45.0
361.1315124392536 180.6845803999085
3
186.66565512481105 180.6845803999085
0.25 0.25 0.25 0.25
174.46585731444253
45.0
199.29640350768696 457.0898187667008
0
199.29640350768696 391.4689996097103
0.25 0.25 0.25 0.25
151.4411816235889
45.0
140.07425680018312 412.8652611389141
2
306.05527452162744 412.8652611389141
0.25 0.25 0.25 0.25
165.98101772144432
45.0
346.14038884901396 427.9124123147842
0
346.14038884901396 317.9821189713061
0.25 0.25 0.25 0.25
109.93029334347813
45.0
271.17325146006885 88.31510957198134
3
177.88481973146946 88.31510957198134
0.25 0.25 0.25 0.25
93.28843172859939
45.0
56.652313641101344 492.86361481851344
0
56.652313641101344 380.79033308514977
0.25 0.25 0.25 0.25
112.07328173336366
45.0
144.31945036671505 473.62967333619565
0
144.31945036671505 433.7593310424452
0.25 0.25 0.25 0.25
92.61099562135917
45.0
71.62805634719143 244.6390000938777
0
71.62805634719143 82.19372248771015
0.25 0.25 0.25 0.25
162.44527760616756
45.0
15.655229379165746 31.197350005728538
2
146.32659742587032 31.197350005728538
0.25 0.25 0.25 0.25
130.67136804670457
45.0
94.81059374451301 376.56319820383527
3
5.746503779756807 376.56319820383527
0.25 0.25 0.25 0.25
89.0640899647562
45.0
73.10443054344088 327.2750242825176
2
87.7083889673159 327.2750242825176
0.25 0.25 0.25 0.25
160.81281951075678
45.0
27.4192583495595 489.6815260453798
0
27.4192583495595 390.7098159614875
0.25 0.25 0.25 0.25
119.60865799313267
45.0
315.09952765938 178.12276428922192
0
315.09952765938 86.26721648473455
0.25 0.25 0.25 0.25
91.85554780448737
45.0
