24282
265.3283963558676 55.74850538836148
1
265.3283963558676 199.6661567166508
0.25 0.25 0.25 0.25
143.9176513282893
45.0
489.1307318414257 226.07529035700395
3
387.3646936324061 226.07529035700395
0.25 0.25 0.25 0.25
123.50457452616818
45.0
374.249957207133 196.18107945676954
2
468.7825714439982 196.18107945676954
0.25 0.25 0.25 0.25
94.53261423686527
45.0
143.07784306999275 481.9140660910386
2
149.19268435059786 481.9140660910386
0.25 0.25 0.25 0.25
6.11484128060511
45.0
11.761250630077459 467.1855167923279
2
5.3196485895196375 467.1855167923279
0.25 0.25 0.25 0.25
17.080899219597097
45.0
209.42247825648795 495.36908642361226
3
208.19276099190205 495.36908642361226
0.25 0.25 0.25 0.25
1.2297172645858945
45.0
40.82807263116213 323.72989439715104
2
50.962263062570855 323.72989439715104
0.25 0.25 0.25 0.25
10.13419043140873
45.0
439.3462447657216 492.4678605514572
0
439.3462447657216 461.9120170466615
0.25 0.25 0.25 0.25
30.555843504795664
45.0
392.79795439988715 17.97006360194544
1
392.79795439988715 31.53687281087455
0.25 0.25 0.25 0.25
13.56680920892911
45.0
85.0986979869106 223.3201577707551
3
39.722302356533625 223.3201577707551
0.25 0.25 0.25 0.25
45.37639563037697
45.0
16.80551600643405 104.67206661665554
2
17.789631428424034 104.67206661665554
0.25 0.25 0.25 0.25
0.9841154219899839
45.0
446.6581433568826 284.70040554212613
0
446.6581433568826 244.1779540015292
0.25 0.25 0.25 0.25
40.52245154059695
45.0
269.95510942073133 134.79758105792308
0
269.95510942073133 122.45182665065411
0.25 0.25 0.25 0.25
12.345754407268966
45.0
27.11194350626002 88.0475424588819
0
27.11194350626002 74.37817058394694
0.25 0.25 0.25 0.25
13.669371874934965
45.0
53.89922219642045 208.3199668888078
3
39.59911882789932 208.3199668888078
0.25 0.25 0.25 0.25
14.300103368521134
45.0
457.450366421553 310.06403338029185
3
446.3534680528623 310.06403338029185
0.25 0.25 0.25 0.25
11.096898368690711
45.0
96.87297234490495 36.84736110337704
1
96.87297234490495 6.93903960306335
0.25 0.25 0.25 0.25
43.78640070644039
45.0
388.8755874361421 372.8998791950125
3
363.77386654256225 372.8998791950125
0.25 0.25 0.25 0.25
25.10172089357984
45.0
13.671035702678353 30.05940641641382
0
13.671035702678353 1.646387382988621
0.25 0.25 0.25 0.25
28.4130190334252
45.0
379.26403495021844 432.3109867985381
3
364.14928751813045 432.3109867985381
0.25 0.25 0.25 0.25
15.114747432087988
45.0
12.612708370030852 12.800341424019699
2
12.828261665870585 12.800341424019699
0.25 0.25 0.25 0.25
0.21555329583973215
45.0
151.66059122614894 486.5336135500563
1
151.66059122614894 495.4703209019749
0.25 0.25 0.25 0.25
8.936707351918571
45.0
345.9550829127015 247.75904899014108
1
345.9550829127015 288.31030838070524
0.25 0.25 0.25 0.25
40.55125939056415
45.0
280.7886614071364 465.20588532145507
2
327.12577702571014 465.20588532145507
0.25 0.25 0.25 0.25
46.337115618573755
45.0
496.63391871234785 377.5565934455836
3
481.0688335741514 377.5565934455836
0.25 0.25 0.25 0.25
22.297247713500724
45.0
319.76920365464747 279.3785419296239
2
351.9390150358936 279.3785419296239
0.25 0.25 0.25 0.25
32.16981138124613
45.0
21.32054562677466 332.23843458083746
0
21.32054562677466 332.191341602036
0.25 0.25 0.25 0.25
0.04709297880143848
45.0
27.93983642768528 128.16054122298334
1
27.93983642768528 174.65624402610547
0.25 0.25 0.25 0.25
46.49570280312212
45.0
178.6454203505919 404.0644064051578
1
178.6454203505919 447.61924000252765
0.25 0.25 0.25 0.25
43.554833597369864
45.0
119.97287762526298 397.2319097507582
1
119.97287762526298 412.1408354483075
0.25 0.25 0.25 0.25
14.908925697549302
45.0
136.33117067470494 431.2655629101826
2
168.90819396449393 431.2655629101826
0.25 0.25 0.25 0.25
32.57702328978898
45.0
87.488569790838 224.842268063792
0
87.488569790838 204.06085128724172
0.25 0.25 0.25 0.25
20.781416776550287
45.0
73.67131476887111 128.56361752820635
3
24.95464953463528 128.56361752820635
0.25 0.25 0.25 0.25
48.71666523423583
45.0
16.599695020925978 385.44582205876657
1
16.599695020925978 431.28341833922445
0.25 0.25 0.25 0.25
45.837596280457895
45.0
445.40319742183226 176.94700853431618
2
458.9207506498759 176.94700853431618
0.25 0.25 0.25 0.25
13.517553228043644
45.0
333.05956815275607 123.05105892776317
3
328.8072971417301 123.05105892776317
0.25 0.25 0.25 0.25
4.25227101102601
45.0
445.1056366887695 191.13679151238625
2
451.725338744905 191.13679151238625
0.25 0.25 0.25 0.25
6.619702056135507
45.0
219.91519272630626 103.5334003703025
2
248.28868874174086 103.5334003703025
0.25 0.25 0.25 0.25
28.37349601543459
45.0
203.51463970889623 362.01538121773706
1
203.51463970889623 404.1414590885503
0.25 0.25 0.25 0.25
42.12607787081319
45.0
377.6228359839327 386.5918945708057
3
368.4040258484762 386.5918945708057
0.25 0.25 0.25 0.25
9.218810135456545
45.0
3.6848740598958685 482.5018371255186
2
19.426572243423596 482.5018371255186
0.25 0.25 0.25 0.25
23.111446303319465
45.0
62.40873670363261 34.94317470751548
0
62.40873670363261 15.101763992941866
0.25 0.25 0.25 0.25
19.841410714573616
45.0
456.38125595764063 471.3814900104984
0
456.38125595764063 424.58607738995244
0.25 0.25 0.25 0.25
46.79541262054597
45.0
2.8171225874776127 406.89742492049066
2
45.92707009280596 406.89742492049066
0.25 0.25 0.25 0.25
48.744192680283575
45.0
26.765614557756138 81.96541962497852
0
26.765614557756138 45.37067293427673
0.25 0.25 0.25 0.25
36.59474669070179
45.0
104.1067000739943 187.9137712181094
0
104.1067000739943 163.72158917156932
0.25 0.25 0.25 0.25
24.19218204654008
45.0
13.447876442758744 15.174719633507102
1
13.447876442758744 12.45391977312703
0.25 0.25 0.25 0.25
27.628639406634132
45.0
40.112198383792496 49.467891471000165
2
73.01506015235287 49.467891471000165
0.25 0.25 0.25 0.25
32.90286176856038
45.0
