24282
218.38947271517628 251.63107180282685
0
218.38947271517628 107.71342047453754
0.25 0.25 0.25 0.25
143.9176513282893
45.0
242.12158278908936 202.14848277569496
0
242.12158278908936 78.64390824952677
0.25 0.25 0.25 0.25
123.50457452616818
45.0
239.8585863647498 464.96382114153585
3
145.32597212788454 464.96382114153585
0.25 0.25 0.25 0.25
94.53261423686527
45.0
228.68562099846423 408.5359707237773
1
228.68562099846423 414.65081200438243
0.25 0.25 0.25 0.25
6.11484128060511
45.0
114.24664594766004 362.0054910117012
3
97.16574672806294 362.0054910117012
0.25 0.25 0.25 0.25
17.080899219597097
45.0
161.46350493763782 449.869547633935
0
161.46350493763782 448.6398303693491
0.25 0.25 0.25 0.25
1.2297172645858945
45.0
70.64802211433388 70.37513361193263
0
70.64802211433388 60.2409431805239
0.25 0.25 0.25 0.25
10.13419043140873
45.0
469.9020882705173 4.768471183530917
1
469.9020882705173 35.32431468832658
0.25 0.25 0.25 0.25
30.555843504795664
45.0
240.89819695902708 76.99760086055834
1
240.89819695902708 90.56441006948745
0.25 0.25 0.25 0.25
13.56680920892911
45.0
279.63176318781177 130.84807037829466
2
325.00815881818875 130.84807037829466
0.25 0.25 0.25 0.25
45.37639563037697
45.0
27.479677983115206 111.56087457058543
1
27.479677983115206 112.54498999257541
0.25 0.25 0.25 0.25
0.9841154219899839
45.0
214.76236980759188 407.6063461597436
1
214.76236980759188 448.12879770034056
0.25 0.25 0.25 0.25
40.52245154059695
45.0
418.10416230795863 235.57505116014596
1
418.10416230795863 247.92080556741493
0.25 0.25 0.25 0.25
12.345754407268966
45.0
95.45880288093488 238.41063308316654
3
81.78943100599992 238.41063308316654
0.25 0.25 0.25 0.25
13.669371874934965
45.0
10.998912090857077 206.38303079830496
1
10.998912090857077 220.68313416682608
0.25 0.25 0.25 0.25
14.300103368521134
45.0
464.8713449976122 323.73832045291545
0
464.8713449976122 312.64142208422476
0.25 0.25 0.25 0.25
11.096898368690711
45.0
308.71775962897766 474.7113681677811
2
352.5041603354181 474.7113681677811
0.25 0.25 0.25 0.25
43.78640070644039
45.0
113.15883043545479 67.61039272886039
3
88.05710954187495 67.61039272886039
0.25 0.25 0.25 0.25
25.10172089357984
45.0
212.56216893665476 236.74643254464894
0
212.56216893665476 208.33341351122374
0.25 0.25 0.25 0.25
28.4130190334252
45.0
13.719398284069385 36.900884082057885
0
13.719398284069385 21.786136649969897
0.25 0.25 0.25 0.25
15.114747432087988
45.0
4.20612983228128 8.273722211385305
1
4.20612983228128 8.489275507225038
0.25 0.25 0.25 0.25
0.21555329583973215
45.0
106.97705446655605 147.0613850212817
0
106.97705446655605 138.1246776693631
0.25 0.25 0.25 0.25
8.936707351918571
45.0
194.19957902698903 22.31828197970414
3
153.64831963642487 22.31828197970414
0.25 0.25 0.25 0.25
40.55125939056415
45.0
95.44019893284144 40.66781635296278
1
95.44019893284144 5.669299265610974
0.25 0.25 0.25 0.25
46.337115618573755
45.0
455.415570392879 24.17677713710458
2
477.7128181063797 24.17677713710458
0.25 0.25 0.25 0.25
22.297247713500724
45.0
223.2597695109091 445.69929319859494
2
255.42958089215523 445.69929319859494
0.25 0.25 0.25 0.25
32.16981138124613
45.0
19.672291368724352 332.8506433052564
2
19.71938434752579 332.8506433052564
0.25 0.25 0.25 0.25
0.04709297880143848
45.0
251.03438039104748 244.0574084979143
1
251.03438039104748 290.55311130103644
0.25 0.25 0.25 0.25
46.49570280312212
45.0
487.0516010111943 419.9550864658562
0
487.0516010111943 376.40025286848635
0.25 0.25 0.25 0.25
43.554833597369864
45.0
401.8395217889627 322.68728126301164
3
386.9305960914134 322.68728126301164
0.25 0.25 0.25 0.25
14.908925697549302
45.0
49.243247080570185 463.8425861999716
0
49.243247080570185 431.2655629101826
0.25 0.25 0.25 0.25
32.57702328978898
45.0
161.8884315277655 141.71660095759086
1
161.8884315277655 162.49801773414114
0.25 0.25 0.25 0.25
20.781416776550287
45.0
96.72128468782377 300.38030854619706
3
48.004619453587935 300.38030854619706
0.25 0.25 0.25 0.25
48.71666523423583
45.0
462.33250955388996 356.46246211845596
0
462.33250955388996 310.6248658379981
0.25 0.25 0.25 0.25
45.837596280457895
45.0
351.83350415751295 82.32413593801067
1
351.83350415751295 95.84168916605431
0.25 0.25 0.25 0.25
13.517553228043644
45.0
490.3935955607174 178.3305820711013
2
494.6458665717434 178.3305820711013
0.25 0.25 0.25 0.25
4.25227101102601
45.0
349.68359957102973 418.3007871756187
2
356.30330162716524 418.3007871756187
0.25 0.25 0.25 0.25
6.619702056135507
45.0
184.61405725108207 371.88839243229586
2
212.98755326651667 371.88839243229586
0.25 0.25 0.25 0.25
28.37349601543459
45.0
364.1987126834547 204.53693863400116
0
364.1987126834547 162.41086076318797
0.25 0.25 0.25 0.25
42.12607787081319
45.0
349.96640557756314 82.37116010073996
2
359.18521571301966 82.37116010073996
0.25 0.25 0.25 0.25
9.218810135456545
45.0
3.6848740598958827 20.272911059129544
1
3.6848740598958827 43.38435736244901
0.25 0.25 0.25 0.25
23.111446303319465
45.0
136.00537044210353 449.1801467135706
3
116.16395972752991 449.1801467135706
0.25 0.25 0.25 0.25
19.841410714573616
45.0
444.934326516209 254.70076187630343
1
444.934326516209 301.4961744968494
0.25 0.25 0.25 0.25
46.79541262054597
45.0
486.11290432373187 421.75385064432993
1
486.11290432373187 470.4980433246135
0.25 0.25 0.25 0.25
48.744192680283575
45.0
168.1499582468043 210.79255390063577
2
204.74470493750607 210.79255390063577
0.25 0.25 0.25 0.25
36.59474669070179
45.0
475.1099668639521 86.1513411566585
0
475.1099668639521 61.95915911011842
0.25 0.25 0.25 0.25
24.19218204654008
45.0
262.83851762358256 145.2281354451265
2
290.4671570302167 145.2281354451265
0.25 0.25 0.25 0.25
27.628639406634132
45.0
389.12953089476827 279.78792385092277
1
389.12953089476827 312.69078561948317
0.25 0.25 0.25 0.25
32.90286176856038
45.0
