24282
62.02227064337717 460.5336255405946
2
81.89538068491214 460.5336255405946
0.25 0.25 0.25 0.25
143.9176513282893
45.0
106.65360447226682 449.1576318280313
0
106.65360447226682 427.3377936458005
0.25 0.25 0.25 0.25
123.50457452616818
45.0
407.05461226747764 440.5035646215989
0
407.05461226747764 464.96382114153585
0.25 0.25 0.25 0.25
94.53261423686527
45.0
46.48223662876561 335.15787535651606
0
46.48223662876561 329.04303407591095
0.25 0.25 0.25 0.25
6.11484128060511
45.0
182.5702428260484 338.3113769917795
2
199.65114204564549 338.3113769917795
0.25 0.25 0.25 0.25
17.080899219597097
45.0
163.92293946680962 453.5586994276926
2
165.15265673139552 453.5586994276926
0.25 0.25 0.25 0.25
1.2297172645858945
45.0
50.37964125151646 303.46151353433356
2
60.513831682925186 303.46151353433356
0.25 0.25 0.25 0.25
10.13419043140873
45.0
377.31869420550424 126.99184520271356
2
407.87453771029993 126.99184520271356
0.25 0.25 0.25 0.25
30.555843504795664
45.0
268.0318153768853 303.68947595159943
1
268.0318153768853 317.25628516052853
0.25 0.25 0.25 0.25
13.56680920892911
45.0
495.20555479201 406.54503642396975
3
449.829159161633 406.54503642396975
0.25 0.25 0.25 0.25
45.37639563037697
45.0
16.805516006434054 111.56087457058543
2
17.789631428424038 111.56087457058543
0.25 0.25 0.25 0.25
0.9841154219899839
45.0
349.39101294430606 93.0629468381698
0
349.39101294430606 52.540495297572846
0.25 0.25 0.25 0.25
40.52245154059695
45.0
331.68388145707604 85.4145634288472
1
331.68388145707604 97.76031783611617
0.25 0.25 0.25 0.25
12.345754407268966
45.0
205.26737836763436 474.5325575431997
2
218.93675024256933 474.5325575431997
0.25 0.25 0.25 0.25
13.669371874934965
45.0
39.599118827899346 335.0839611149952
1
39.599118827899346 349.38406448351634
0.25 0.25 0.25 0.25
14.300103368521134
45.0
187.44888578034482 234.96313350338988
0
187.44888578034482 223.86623513469917
0.25 0.25 0.25 0.25
11.096898368690711
45.0
34.486229774416216 386.8422134647684
0
34.486229774416216 343.055812758328
0.25 0.25 0.25 0.25
43.78640070644039
45.0
83.98827379868104 430.3551893995426
2
109.08999469226087 430.3551893995426
0.25 0.25 0.25 0.25
25.10172089357984
45.0
242.04613559814845 355.9428425084677
0
242.04613559814845 327.5298234750425
0.25 0.25 0.25 0.25
28.4130190334252
45.0
1.3953491480186173 204.93507483135
2
13.71939828406937 204.93507483135
0.25 0.25 0.25 0.25
15.114747432087988
45.0
4.84710859298747 2.8848898153919995
2
5.062661888827202 2.8848898153919995
0.25 0.25 0.25 0.25
0.21555329583973215
45.0
89.10363976271891 245.36516589238613
3
80.16693241080034 245.36516589238613
0.25 0.25 0.25 0.25
8.936707351918571
45.0
440.8390864579336 328.8615677712694
1
440.8390864579336 369.41282716183355
0.25 0.25 0.25 0.25
40.55125939056415
45.0
439.2165518714804 60.084359961585484
0
439.2165518714804 13.74724434301173
0.25 0.25 0.25 0.25
46.337115618573755
45.0
54.04497991010504 310.2819385654063
0
54.04497991010504 287.98469085190555
0.25 0.25 0.25 0.25
22.297247713500724
45.0
66.26853292030603 39.5837247014671
3
34.0987215390599 39.5837247014671
0.25 0.25 0.25 0.25
32.16981138124613
45.0
18.683338813894167 333.41575905087393
2
18.730431792695605 333.41575905087393
0.25 0.25 0.25 0.25
0.04709297880143848
45.0
237.51288877460917 382.85973744153216
0
237.51288877460917 336.36403463841003
0.25 0.25 0.25 0.25
46.49570280312212
45.0
483.52925553218085 104.4640894420887
3
472.91591087044924 104.4640894420887
0.25 0.25 0.25 0.25
43.554833597369864
45.0
493.79799832819214 412.1408354483075
0
493.79799832819214 397.2319097507582
0.25 0.25 0.25 0.25
14.908925697549302
45.0
375.0134799784601 147.96007528554043
3
342.4364566886711 147.96007528554043
0.25 0.25 0.25 0.25
32.57702328978898
45.0
99.54418119811464 474.21926938239517
3
78.76276442156436 474.21926938239517
0.25 0.25 0.25 0.25
20.781416776550287
45.0
318.6787325013461 138.06967856192546
0
318.6787325013461 89.35301332768962
0.25 0.25 0.25 0.25
48.71666523423583
45.0
32.939906689621715 10.23830812520724
2
78.77750297007961 10.23830812520724
0.25 0.25 0.25 0.25
45.837596280457895
45.0
405.90371706968756 231.0172214464908
3
392.3861638416439 231.0172214464908
0.25 0.25 0.25 0.25
13.517553228043644
45.0
394.79508714158106 76.27607780647708
0
394.79508714158106 72.02380679545107
0.25 0.25 0.25 0.25
4.25227101102601
45.0
190.81075022377755 80.69598231270777
3
184.19104816764204 80.69598231270777
0.25 0.25 0.25 0.25
6.619702056135507
45.0
290.8077355515163 486.24412749053124
0
290.8077355515163 485.38237649403413
0.25 0.25 0.25 0.25
28.37349601543459
45.0
498.39718480458873 47.05849605026529
1
498.39718480458873 89.18457392107848
0.25 0.25 0.25 0.25
42.12607787081319
45.0
396.06045625484575 322.06022362261007
0
396.06045625484575 312.84141348715355
0.25 0.25 0.25 0.25
9.218810135456545
45.0
281.02222969972945 165.14939783630984
2
304.1336760030489 165.14939783630984
0.25 0.25 0.25 0.25
23.111446303319465
45.0
308.4351295498353 372.2471568552669
3
288.5937188352617 372.2471568552669
0.25 0.25 0.25 0.25
19.841410714573616
45.0
52.518877341261735 230.54969929769106
2
99.3142899618077 230.54969929769106
0.25 0.25 0.25 0.25
46.79541262054597
45.0
197.7938933086118 90.80422255283445
2
246.53808598889538 90.80422255283445
0.25 0.25 0.25 0.25
48.744192680283575
45.0
149.26092261846034 320.57679397274114
1
149.26092261846034 357.17154066344295
0.25 0.25 0.25 0.25
36.59474669070179
45.0
307.160394717187 102.22298711134206
1
307.160394717187 126.41516915788215
0.25 0.25 0.25 0.25
24.19218204654008
45.0
118.59345270812412 103.42961921458067
2
146.22209211475825 103.42961921458067
0.25 0.25 0.25 0.25
27.628639406634132
45.0
336.2379543008359 181.07933854524165
0
336.2379543008359 148.17647677668128
0.25 0.25 0.25 0.25
32.90286176856038
45.0
