24282
416.6696069821819 328.7366894488899
3
272.7519556538926 328.7366894488899
0.25 0.25 0.25 0.25
143.9176513282893
45.0
152.31894837072423 361.5432686738267
0
152.31894837072423 238.03869414765848
0.25 0.25 0.25 0.25
123.50457452616818
45.0
356.96730110810074 236.62323512203892
0
356.96730110810074 142.09062088517365
0.25 0.25 0.25 0.25
94.53261423686527
45.0
222.57077971785912 401.9039495774644
0
222.57077971785912 395.7891082968593
0.25 0.25 0.25 0.25
6.11484128060511
45.0
63.00394828886874 313.45742381595414
2
80.08484750846584 313.45742381595414
0.25 0.25 0.25 0.25
17.080899219597097
45.0
226.63851996069056 475.1176992263268
3
225.40880269610466 475.1176992263268
0.25 0.25 0.25 0.25
1.2297172645858945
45.0
19.977069957290247 283.1931326715161
1
19.977069957290247 293.3273231029248
0.25 0.25 0.25 0.25
10.13419043140873
45.0
499.542068224687 125.79773849390907
0
499.542068224687 95.2418949891134
0.25 0.25 0.25 0.25
30.555843504795664
45.0
460.63200044453265 31.53687281087455
2
474.19880965346175 31.53687281087455
0.25 0.25 0.25 0.25
13.56680920892911
45.0
96.40688453459728 314.07294903150904
0
96.40688453459728 268.69655340113206
0.25 0.25 0.25 0.25
45.37639563037697
45.0
9.916708052504166 115.49733625854536
2
10.90082347449415 115.49733625854536
0.25 0.25 0.25 0.25
0.9841154219899839
45.0
203.523434113301 284.70040554212613
0
203.523434113301 244.1779540015292
0.25 0.25 0.25 0.25
40.52245154059695
45.0
121.80605653350372 11.340036985233397
2
134.1518109407727 11.340036985233397
0.25 0.25 0.25 0.25
12.345754407268966
45.0
164.2592627428295 33.37005495914204
0
164.2592627428295 19.70068308420707
0.25 0.25 0.25 0.25
13.669371874934965
45.0
46.20150138322748 165.41965678324445
0
46.20150138322748 151.11955341472333
0.25 0.25 0.25 0.25
14.300103368521134
45.0
435.2565696841716 221.28884643076623
2
446.3534680528623 221.28884643076623
0.25 0.25 0.25 0.25
11.096898368690711
45.0
297.2046340130586 94.5118410159441
3
253.4182333066182 94.5118410159441
0.25 0.25 0.25 0.25
43.78640070644039
45.0
138.26055132903463 247.39127472711317
3
113.15883043545479 247.39127472711317
0.25 0.25 0.25 0.25
25.10172089357984
45.0
327.28519269842405 254.07078391783818
1
327.28519269842405 282.4838029512634
0.25 0.25 0.25 0.25
28.4130190334252
45.0
228.1165606293385 462.5404816627141
0
228.1165606293385 447.4257342306261
0.25 0.25 0.25 0.25
15.114747432087988
45.0
12.397155074191119 8.273722211385305
3
12.181601778351386 8.273722211385305
0.25 0.25 0.25 0.25
0.21555329583973215
45.0
9.200141108385367 424.09931293075783
0
9.200141108385367 415.16260557883925
0.25 0.25 0.25 0.25
8.936707351918571
45.0
383.96758611745327 374.29132663242495
3
343.4163267268891 374.29132663242495
0.25 0.25 0.25 0.25
40.55125939056415
45.0
373.4628926442839 349.4456522042499
2
419.80000826285766 349.4456522042499
0.25 0.25 0.25 0.25
46.337115618573755
45.0
191.20461329864202 265.68744313840483
3
168.9073655851413 265.68744313840483
0.25 0.25 0.25 0.25
22.297247713500724
45.0
255.42958089215523 150.69929640463943
0
255.42958089215523 118.5294850233933
0.25 0.25 0.25 0.25
32.16981138124613
45.0
21.88566137239191 332.05006266563163
3
21.83856839359047 332.05006266563163
0.25 0.25 0.25 0.25
0.04709297880143848
45.0
191.01718597148704 127.9082139270626
2
237.51288877460917 127.9082139270626
0.25 0.25 0.25 0.25
46.49570280312212
45.0
298.69657648096984 358.7484000682813
2
342.2514100783397 358.7484000682813
0.25 0.25 0.25 0.25
43.554833597369864
45.0
45.42824913751646 54.32661870712412
2
60.33717483506576 54.32661870712412
0.25 0.25 0.25 0.25
14.908925697549302
45.0
136.33117067470494 496.4196094897606
0
136.33117067470494 463.8425861999716
0.25 0.25 0.25 0.25
32.57702328978898
45.0
25.144319461187138 495.0006861589454
0
25.144319461187138 484.2178970645043
0.25 0.25 0.25 0.25
20.781416776550287
45.0
122.38798000310693 115.01970864297279
1
122.38798000310693 163.73637387720862
0.25 0.25 0.25 0.25
48.71666523423583
45.0
154.11248386229963 118.76773702627023
2
199.9500801427575 118.76773702627023
0.25 0.25 0.25 0.25
45.837596280457895
45.0
350.7803248255267 352.67520049888367
2
364.29787805357034 352.67520049888367
0.25 0.25 0.25 0.25
13.517553228043644
45.0
371.3300072519899 110.29424589468513
2
375.5822782630159 110.29424589468513
0.25 0.25 0.25 0.25
4.25227101102601
45.0
478.20414696944704 52.12304833354057
0
478.20414696944704 45.50334627740506
0.25 0.25 0.25 0.25
6.619702056135507
45.0
354.48236704217516 208.57505579947804
0
354.48236704217516 180.20155978404344
0.25 0.25 0.25 0.25
28.37349601543459
45.0
301.9982947408621 277.7632254761106
2
344.1243726116753 277.7632254761106
0.25 0.25 0.25 0.25
42.12607787081319
45.0
359.18521571301966 497.217616196284
3
349.96640557756314 497.217616196284
0.25 0.25 0.25 0.25
9.218810135456545
45.0
181.20669636665986 158.9415888790463
1
181.20669636665986 182.05303518236576
0.25 0.25 0.25 0.25
23.111446303319465
45.0
240.98143313479517 103.94670029449982
3
221.14002242022156 103.94670029449982
0.25 0.25 0.25 0.25
19.841410714573616
45.0
222.40419285491083 72.86712646751832
2
269.1996054754568 72.86712646751832
0.25 0.25 0.25 0.25
46.79541262054597
45.0
174.16584702265698 455.6416176007742
0
174.16584702265698 406.89742492049066
0.25 0.25 0.25 0.25
48.744192680283575
45.0
497.5026784631205 45.37067293427673
3
465.9025748461777 45.37067293427673
0.25 0.25 0.25 0.25
36.59474669070179
45.0
31.530153934374088 115.3372250784892
1
31.530153934374088 139.52940712502928
0.25 0.25 0.25 0.25
24.19218204654008
45.0
400.24882813563664 180.9465560733119
0
400.24882813563664 153.31791666667777
0.25 0.25 0.25 0.25
27.628639406634132
45.0
250.4435159383432 181.07933854524165
3
217.54065416978284 181.07933854524165
0.25 0.25 0.25 0.25
32.90286176856038
45.0
