24282
243.05771846179215 331.4630928083555
1
243.05771846179215 475.3807441366448
0.25 0.25 0.25 0.25
143.9176513282893
45.0
239.93331152492897 178.2216751943859
0
239.93331152492897 54.71710066821774
0.25 0.25 0.25 0.25
123.50457452616818
45.0
468.7825714439982 236.03983606228743
0
468.7825714439982 141.50722182542216
0.25 0.25 0.25 0.25
94.53261423686527
45.0
247.03014484027955 414.65081200438243
0
247.03014484027955 408.5359707237773
0.25 0.25 0.25 0.25
6.11484128060511
45.0
492.89267200160697 245.1338269375658
3
475.8117727820099 245.1338269375658
0.25 0.25 0.25 0.25
17.080899219597097
45.0
179.90926390642633 463.3964375443796
0
179.90926390642633 462.1667202797937
0.25 0.25 0.25 0.25
1.2297172645858945
45.0
101.63321521961448 425.07179871123844
2
111.76740565102321 425.07179871123844
0.25 0.25 0.25 0.25
10.13419043140873
45.0
132.87194616713887 118.64900954445628
0
132.87194616713887 88.09316603966062
0.25 0.25 0.25 0.25
30.555843504795664
45.0
417.26671667510544 45.10368201980364
1
417.26671667510544 58.67049122873275
0.25 0.25 0.25 0.25
13.56680920892911
45.0
143.50257629668084 96.03390777359024
0
143.50257629668084 50.657512143213275
0.25 0.25 0.25 0.25
45.37639563037697
45.0
6.964361786534216 102.70383577267557
0
6.964361786534216 101.71972035068559
0.25 0.25 0.25 0.25
0.9841154219899839
45.0
282.7459843738623 474.25137473018737
0
282.7459843738623 433.72892318959043
0.25 0.25 0.25 0.25
40.52245154059695
45.0
183.53482856984857 73.06880902157823
2
195.88058297711754 73.06880902157823
0.25 0.25 0.25 0.25
12.345754407268966
45.0
123.25114711802459 238.41063308316654
1
123.25114711802459 252.0800049581015
0.25 0.25 0.25 0.25
13.669371874934965
45.0
389.40398222773473 234.9832375353472
1
389.40398222773473 249.28334090386832
0.25 0.25 0.25 0.25
14.300103368521134
45.0
487.0651417349936 343.3547284863639
3
475.9682433663029 343.3547284863639
0.25 0.25 0.25 0.25
11.096898368690711
45.0
322.8921921252362 225.8710431352653
2
366.6785928316766 225.8710431352653
0.25 0.25 0.25 0.25
43.78640070644039
45.0
113.15883043545479 28.72765510226503
3
88.05710954187495 28.72765510226503
0.25 0.25 0.25 0.25
25.10172089357984
45.0
71.56802139759725 399.42865385094143
1
71.56802139759725 427.84167288436663
0.25 0.25 0.25 0.25
28.4130190334252
45.0
303.69029778977847 129.36133767091002
3
288.5755503576905 129.36133767091002
0.25 0.25 0.25 0.25
15.114747432087988
45.0
13.690474849229517 9.567041986423703
2
13.90602814506925 9.567041986423703
0.25 0.25 0.25 0.25
0.21555329583973215
45.0
312.52132356068347 397.16654003087046
1
312.52132356068347 406.10324738278905
0.25 0.25 0.25 0.25
8.936707351918571
45.0
329.63484196278523 166.65653020901277
3
289.0835825722211 166.65653020901277
0.25 0.25 0.25 0.25
40.55125939056415
45.0
354.04634903566125 299.27396645578267
1
354.04634903566125 345.61108207435643
0.25 0.25 0.25 0.25
46.337115618573755
45.0
57.42112701763767 310.2819385654063
2
79.7183747311384 310.2819385654063
0.25 0.25 0.25 0.25
22.297247713500724
45.0
63.53268573893581 54.18986226090106
3
31.362874357689684 54.18986226090106
0.25 0.25 0.25 0.25
32.16981138124613
45.0
21.556010520781847 333.41575905087393
1
21.556010520781847 333.4628520296754
0.25 0.25 0.25 0.25
0.04709297880143848
45.0
237.51288877460917 104.31797279262727
3
191.01718597148704 104.31797279262727
0.25 0.25 0.25 0.25
46.49570280312212
45.0
429.3610772730794 492.93524633940416
0
429.3610772730794 463.509920063226
0.25 0.25 0.25 0.25
43.554833597369864
45.0
252.75026481346964 471.7765382385047
1
252.75026481346964 486.685463936054
0.25 0.25 0.25 0.25
14.908925697549302
45.0
342.4364566886711 177.81015761234943
2
375.0134799784601 177.81015761234943
0.25 0.25 0.25 0.25
32.57702328978898
45.0
268.2875101361037 495.0006861589454
3
247.50609335955343 495.0006861589454
0.25 0.25 0.25 0.25
20.781416776550287
45.0
241.67864655549658 274.7136132309139
2
290.39531178973243 274.7136132309139
0.25 0.25 0.25 0.25
48.71666523423583
45.0
116.70200575191535 202.09543693693502
2
162.53960203237324 202.09543693693502
0.25 0.25 0.25 0.25
45.837596280457895
45.0
297.76329124533834 190.46456176235984
0
297.76329124533834 176.94700853431618
0.25 0.25 0.25 0.25
13.517553228043644
45.0
477.63678252763947 89.03289083955508
1
477.63678252763947 93.28516185058109
0.25 0.25 0.25 0.25
4.25227101102601
45.0
455.5988324691979 383.108151140316
0
455.5988324691979 376.4884490841805
0.25 0.25 0.25 0.25
6.619702056135507
45.0
14.000414856960091 378.8160318920855
2
14.373081158474498 378.8160318920855
0.25 0.25 0.25 0.25
28.37349601543459
45.0
49.24182751598292 288.78909437562754
2
91.36790538679611 288.78909437562754
0.25 0.25 0.25 0.25
42.12607787081319
45.0
45.745671107497266 165.3404513198489
1
45.745671107497266 174.55926145530546
0.25 0.25 0.25 0.25
9.218810135456545
45.0
96.13065927317373 112.71869627240736
0
96.13065927317373 89.60724996908789
0.25 0.25 0.25 0.25
23.111446303319465
45.0
76.48113829838269 411.9299782844141
0
76.48113829838269 392.0885675698405
0.25 0.25 0.25 0.25
19.841410714573616
45.0
462.2306614847438 330.9952521488606
3
415.43524886419783 330.9952521488606
0.25 0.25 0.25 0.25
46.79541262054597
45.0
2.8171225874775843 203.14903363724085
2
45.92707009280599 203.14903363724085
0.25 0.25 0.25 0.25
48.744192680283575
45.0
46.423878823647435 283.98204728203933
0
46.423878823647435 247.38730059133755
0.25 0.25 0.25 0.25
36.59474669070179
45.0
281.5725104916313 21.695331108894838
2
305.7646925381714 21.695331108894838
0.25 0.25 0.25 0.25
24.19218204654008
45.0
262.10563110246596 153.31791666667777
2
289.7342705091001 153.31791666667777
0.25 0.25 0.25 0.25
27.628639406634132
45.0
334.7334280135601 127.96056431499017
2
367.6362897821205 127.96056431499017
0.25 0.25 0.25 0.25
32.90286176856038
45.0
