24282
67.0482620888618 43.62779015177699
1
67.0482620888618 100.28986117651232
0.25 0.25 0.25 0.25
143.9176513282893
45.0
377.5895611059119 44.86066627664145
1
377.5895611059119 168.36524080280964
0.25 0.25 0.25 0.25
123.50457452616818
45.0
18.695600766157526 464.96382114153585
2
75.83701347070775 464.96382114153585
0.25 0.25 0.25 0.25
94.53261423686527
45.0
265.37466868209486 280.1243038310701
0
265.37466868209486 274.009462550465
0.25 0.25 0.25 0.25
6.11484128060511
45.0
182.5702428260484 381.7810206943425
1
182.5702428260484 398.8619199139396
0.25 0.25 0.25 0.25
17.080899219597097
45.0
150.39604955636472 447.41011310476324
0
150.39604955636472 446.18039584017737
0.25 0.25 0.25 0.25
1.2297172645858945
45.0
90.91640297715134 100.7777049061588
2
101.05059340856006 100.7777049061588
0.25 0.25 0.25 0.25
10.13419043140873
45.0
286.5670272417432 25.787372321264748
1
286.5670272417432 4.768471183530917
0.25 0.25 0.25 0.25
30.555843504795664
45.0
457.96714430189274 153.63815569123653
0
457.96714430189274 140.07134648230743
0.25 0.25 0.25 0.25
13.56680920892911
45.0
357.3570717691724 357.73004853017954
1
357.3570717691724 403.1064441605565
0.25 0.25 0.25 0.25
45.37639563037697
45.0
11.884938896484133 98.76737408471564
3
10.90082347449415 98.76737408471564
0.25 0.25 0.25 0.25
0.9841154219899839
45.0
93.19501518580107 137.01047389048847
1
93.19501518580107 177.5329254310854
0.25 0.25 0.25 0.25
40.52245154059695
45.0
470.7840480266209 112.11750708745626
2
483.12980243388984 112.11750708745626
0.25 0.25 0.25 0.25
12.345754407268966
45.0
259.49126538015446 197.40251745836164
3
245.8218935052195 197.40251745836164
0.25 0.25 0.25 0.25
13.669371874934965
45.0
168.30004914458954 206.38303079830496
1
168.30004914458954 220.68313416682608
0.25 0.25 0.25 0.25
14.300103368521134
45.0
479.64416315893436 123.99414981648272
2
490.74106152762505 123.99414981648272
0.25 0.25 0.25 0.25
11.096898368690711
45.0
315.8049758771069 138.2982417223845
0
315.8049758771069 94.5118410159441
0.25 0.25 0.25 0.25
43.78640070644039
45.0
62.95538864829511 355.05002671880305
2
88.05710954187495 355.05002671880305
0.25 0.25 0.25 0.25
25.10172089357984
45.0
331.75857890047354 308.6452629205479
3
303.34555986704834 308.6452629205479
0.25 0.25 0.25 0.25
28.4130190334252
45.0
258.3460554935145 112.47462124249785
1
258.3460554935145 127.58936867458584
0.25 0.25 0.25 0.25
15.114747432087988
45.0
6.361662790678602 6.333742548827715
0
6.361662790678602 6.118189252987983
0.25 0.25 0.25 0.25
0.21555329583973215
45.0
89.10363976271891 468.66019884621915
2
98.04034711463748 468.66019884621915
0.25 0.25 0.25 0.25
8.936707351918571
45.0
319.18530828624114 62.86954137026829
0
319.18530828624114 22.31828197970414
0.25 0.25 0.25 0.25
40.55125939056415
45.0
441.18864488142094 191.017761739906
3
394.8515292628472 191.017761739906
0.25 0.25 0.25 0.25
46.337115618573755
45.0
232.44309325787174 46.4740248506053
3
210.145845544371 46.4740248506053
0.25 0.25 0.25 0.25
22.297247713500724
45.0
387.96664673276723 217.77476634850188
2
420.13645811401335 217.77476634850188
0.25 0.25 0.25 0.25
32.16981138124613
45.0
21.037987753966036 332.6622713900506
2
21.085080732767473 332.6622713900506
0.25 0.25 0.25 0.25
0.04709297880143848
45.0
437.017191603536 360.639055238594
3
390.52148880041386 360.639055238594
0.25 0.25 0.25 0.25
46.49570280312212
45.0
95.05809863486563 245.73575207637674
1
95.05809863486563 289.2905856737466
0.25 0.25 0.25 0.25
43.554833597369864
45.0
237.84133911592033 349.3163533909036
2
252.75026481346964 349.3163533909036
0.25 0.25 0.25 0.25
14.908925697549302
45.0
472.7445498478271 471.0033672204504
3
494.6784268623839 471.0033672204504
0.25 0.25 0.25 0.25
32.57702328978898
45.0
102.03617592370142 17.028100298289132
1
102.03617592370142 3.753316478261155
0.25 0.25 0.25 0.25
20.781416776550287
45.0
267.34534187077975 481.70306059790687
0
267.34534187077975 432.986395363671
0.25 0.25 0.25 0.25
48.71666523423583
45.0
295.83636077220564 393.8729402288402
3
249.99876449174772 393.8729402288402
0.25 0.25 0.25 0.25
45.837596280457895
45.0
351.83350415751295 231.0172214464908
2
365.3510573855566 231.0172214464908
0.25 0.25 0.25 0.25
13.517553228043644
45.0
486.14132454969143 212.3487501593094
2
490.3935955607174 212.3487501593094
0.25 0.25 0.25 0.25
4.25227101102601
45.0
462.2185345253334 422.82636347712906
2
468.8382365814689 422.82636347712906
0.25 0.25 0.25 0.25
6.619702056135507
45.0
361.41000650196474 337.4490079535688
0
361.41000650196474 309.07551193813424
0.25 0.25 0.25 0.25
28.37349601543459
45.0
99.1881438954905 132.4716843325044
2
141.3142217663037 132.4716843325044
0.25 0.25 0.25 0.25
42.12607787081319
45.0
230.81863295619917 137.68402091347926
0
230.81863295619917 128.4652107780227
0.25 0.25 0.25 0.25
9.218810135456545
45.0
188.5764444864516 413.1674982155603
1
188.5764444864516 436.2789445188797
0.25 0.25 0.25 0.25
23.111446303319465
45.0
294.7366561586924 103.94670029449982
3
274.8952454441188 103.94670029449982
0.25 0.25 0.25 0.25
19.841410714573616
45.0
116.61062493034257 43.36804881550716
3
69.8152123097966 43.36804881550716
0.25 0.25 0.25 0.25
46.79541262054597
45.0
270.16613227485027 163.17646151907286
3
221.4219395945667 163.17646151907286
0.25 0.25 0.25 0.25
48.744192680283575
45.0
173.14460132056328 386.66523250164437
3
136.5498546298615 386.66523250164437
0.25 0.25 0.25 0.25
36.59474669070179
45.0
112.22723616585078 457.15460794661635
2
136.41941821239087 457.15460794661635
0.25 0.25 0.25 0.25
24.19218204654008
45.0
460.8750883100761 434.9732920941903
0
460.8750883100761 407.34465268755616
0.25 0.25 0.25 0.25
27.628639406634132
45.0
422.03239266332866 213.98220031380202
3
389.12953089476827 213.98220031380202
0.25 0.25 0.25 0.25
32.90286176856038
45.0
