24282
377.1542426395158 180.12188218204108
3
478.9281060321948 180.12188218204108
0.25 0.25 0.25 0.25
143.9176513282893
45.0
275.8235228968923 461.1210356186858
3
152.31894837072412 461.1210356186858
0.25 0.25 0.25 0.25
123.50457452616818
45.0
138.27187058271127 455.31866564742836
3
43.739256345846 455.31866564742836
0.25 0.25 0.25 0.25
94.53261423686527
45.0
88.0442715445468 390.191446881962
2
94.15911282515191 390.191446881962
0.25 0.25 0.25 0.25
6.11484128060511
45.0
475.8117727820099 191.19649881573037
3
458.7308735624128 191.19649881573037
0.25 0.25 0.25 0.25
17.080899219597097
45.0
120.8828352063031 465.8558720735513
3
119.6531179417172 465.8558720735513
0.25 0.25 0.25 0.25
1.2297172645858945
45.0
313.86859246814356 131.18027620038498
1
313.86859246814356 141.31446663179372
0.25 0.25 0.25 0.25
10.13419043140873
45.0
378.23455775613024 475.7821892349426
0
378.23455775613024 445.22634573014693
0.25 0.25 0.25 0.25
30.555843504795664
45.0
335.8658614215308 126.50453727337832
0
335.8658614215308 112.9377280644492
0.25 0.25 0.25 0.25
13.56680920892911
45.0
279.63176318781177 322.91588592547504
1
279.63176318781177 368.292281555852
0.25 0.25 0.25 0.25
45.37639563037697
45.0
6.813254121325553 112.54498999257541
2
7.797369543315536 112.54498999257541
0.25 0.25 0.25 0.25
0.9841154219899839
45.0
258.445760164648 146.64668689369017
0
258.445760164648 106.12423535309321
0.25 0.25 0.25 0.25
40.52245154059695
45.0
368.72114467888287 235.57505116014596
2
381.0668990861518 235.57505116014596
0.25 0.25 0.25 0.25
12.345754407268966
45.0
122.79754663080482 320.42686433277623
2
136.46691850573978 320.42686433277623
0.25 0.25 0.25 0.25
13.669371874934965
45.0
153.99994577606842 177.78282406126272
0
153.99994577606842 163.4827206927416
0.25 0.25 0.25 0.25
14.300103368521134
45.0
342.80546294201463 157.28484492255487
3
331.70856457332394 157.28484492255487
0.25 0.25 0.25 0.25
11.096898368690711
45.0
96.87297234490495 262.86658088370825
2
140.65937305134534 262.86658088370825
0.25 0.25 0.25 0.25
43.78640070644039
45.0
288.4687038618227 469.237927026138
0
288.4687038618227 444.13620613255813
0.25 0.25 0.25 0.25
25.10172089357984
45.0
416.99763600074914 217.86187199015427
3
388.58461696732394 217.86187199015427
0.25 0.25 0.25 0.25
28.4130190334252
45.0
152.54282346889852 99.13184280673403
3
137.42807603681052 99.13184280673403
0.25 0.25 0.25 0.25
15.114747432087988
45.0
4.637236423960744 6.980402436346911
3
4.421683128121012 6.980402436346911
0.25 0.25 0.25 0.25
0.21555329583973215
45.0
151.66059122614894 281.11199530006047
2
160.59729857806752 281.11199530006047
0.25 0.25 0.25 0.25
8.936707351918571
45.0
437.50713537037393 220.98927436368075
1
437.50713537037393 261.5405337542449
0.25 0.25 0.25 0.25
40.55125939056415
45.0
255.8401824071259 411.36474130155284
0
255.8401824071259 365.0276256829791
0.25 0.25 0.25 0.25
46.337115618573755
45.0
35.144010943897854 198.79569999790266
0
35.144010943897854 176.49845228440194
0.25 0.25 0.25 0.25
22.297247713500724
45.0
191.08995812966296 349.1898590548566
2
223.25976951090908 349.1898590548566
0.25 0.25 0.25 0.25
32.16981138124613
45.0
18.542059877489855 333.2273871356681
0
18.542059877489855 333.18029415686664
0.25 0.25 0.25 0.25
0.04709297880143848
45.0
65.05156917855899 361.07150740842184
1
65.05156917855899 407.56721021154397
0.25 0.25 0.25 0.25
46.49570280312212
45.0
182.16776582960534 463.50992006322605
3
138.6129322322355 463.50992006322605
0.25 0.25 0.25 0.25
43.554833597369864
45.0
357.1127446963148 427.0497611458568
2
372.0216703938641 427.0497611458568
0.25 0.25 0.25 0.25
14.908925697549302
45.0
189.43906222318492 366.1115163306047
3
156.86203893339592 366.1115163306047
0.25 0.25 0.25 0.25
32.57702328978898
45.0
369.70259929326824 484.2178970645043
0
369.70259929326824 463.43648028795405
0.25 0.25 0.25 0.25
20.781416776550287
45.0
318.6787325013461 495.24696948314045
3
269.9620672671102 495.24696948314045
0.25 0.25 0.25 0.25
48.71666523423583
45.0
87.71864581160469 93.48638251604939
3
41.88104953114679 93.48638251604939
0.25 0.25 0.25 0.25
45.837596280457895
45.0
419.4212702977312 203.9821149904035
2
432.93882352577486 203.9821149904035
0.25 0.25 0.25 0.25
13.517553228043644
45.0
462.8314233179968 208.0964791482834
0
462.8314233179968 203.8442081372574
0.25 0.25 0.25 0.25
4.25227101102601
45.0
217.28955844831958 312.3855542774506
3
210.66985639218407 312.3855542774506
0.25 0.25 0.25 0.25
6.619702056135507
45.0
99.12090290326387 230.8826633516201
3
70.74740688782927 230.8826633516201
0.25 0.25 0.25 0.25
28.37349601543459
45.0
214.54050860841315 48.219528590877985
0
214.54050860841315 6.093450720064794
0.25 0.25 0.25 0.25
42.12607787081319
45.0
432.93569679667183 165.3404513198489
2
442.15450693212836 165.3404513198489
0.25 0.25 0.25 0.25
9.218810135456545
45.0
142.35355187981267 164.61865936742618
2
165.46499818313214 164.61865936742618
0.25 0.25 0.25 0.25
23.111446303319465
45.0
288.5937188352617 429.338735998997
0
288.5937188352617 409.49732528442337
0.25 0.25 0.25 0.25
19.841410714573616
45.0
116.61062493034257 183.75428667714505
0
116.61062493034257 136.9588740565991
0.25 0.25 0.25 0.25
46.79541262054597
45.0
217.2757945279854 373.00965796404637
2
266.01998720826896 373.00965796404637
0.25 0.25 0.25 0.25
48.744192680283575
45.0
270.98700204161713 81.96541962497852
3
234.39225535091535 81.96541962497852
0.25 0.25 0.25 0.25
36.59474669070179
45.0
378.3412386777917 91.31446926097854
2
402.5334207243318 91.31446926097854
0.25 0.25 0.25 0.25
24.19218204654008
45.0
41.80940237050952 145.22813544512653
3
14.180762963875388 145.22813544512653
0.25 0.25 0.25 0.25
27.628639406634132
45.0
466.3448750878017 477.20509446228516
0
466.3448750878017 489.89204376915444
0.25 0.25 0.25 0.25
32.90286176856038
45.0
