24282
181.27167622505067 324.0395335103304
2
325.18932755334 324.0395335103304
0.25 0.25 0.25 0.25
143.9176513282893
45.0
142.5438158442301 291.86981532897784
1
142.5438158442301 415.37438985514603
0.25 0.25 0.25 0.25
123.50457452616818
45.0
185.1847287334024 440.5035646215989
3
90.65211449653714 440.5035646215989
0.25 0.25 0.25 0.25
94.53261423686527
45.0
314.2933989269357 426.88049456559264
3
308.1785576463306 426.88049456559264
0.25 0.25 0.25 0.25
6.11484128060511
45.0
424.5690751232186 159.72933083958037
3
407.48817590362154 159.72933083958037
0.25 0.25 0.25 0.25
17.080899219597097
45.0
183.59841570018403 451.09926489852086
3
182.36869843559813 451.09926489852086
0.25 0.25 0.25 0.25
1.2297172645858945
45.0
19.977069957290247 313.5957039657423
0
19.977069957290247 303.46151353433356
0.25 0.25 0.25 0.25
10.13419043140873
45.0
132.87194616713887 149.20485304925194
0
132.87194616713887 118.64900954445628
0.25 0.25 0.25 0.25
30.555843504795664
45.0
471.53395351082185 58.67049122873275
1
471.53395351082185 72.23730043766186
0.25 0.25 0.25 0.25
13.56680920892911
45.0
448.1098630299264 176.22446600867158
1
448.1098630299264 221.60086163904856
0.25 0.25 0.25 0.25
45.37639563037697
45.0
3.0279000985742814 109.59264372660546
2
4.012015520564265 109.59264372660546
0.25 0.25 0.25 0.25
0.9841154219899839
45.0
474.11930638255603 295.67520454115447
1
474.11930638255603 336.1976560817514
0.25 0.25 0.25 0.25
40.52245154059695
45.0
245.26360060619342 221.21786190880587
3
232.91784619892445 221.21786190880587
0.25 0.25 0.25 0.25
12.345754407268966
45.0
68.12005913106492 252.0800049581015
2
81.78943100599989 252.0800049581015
0.25 0.25 0.25 0.25
13.669371874934965
45.0
160.6023283313965 134.88251395569935
1
160.6023283313965 149.18261732422047
0.25 0.25 0.25 0.25
14.300103368521134
45.0
401.96587457809954 423.61040577113164
2
413.06277294679023 423.61040577113164
0.25 0.25 0.25 0.25
11.096898368690711
45.0
191.53299000591497 138.2982417223845
0
191.53299000591497 94.5118410159441
0.25 0.25 0.25 0.25
43.78640070644039
45.0
12.349774032444408 78.93109688942471
0
12.349774032444408 53.82937599584487
0.25 0.25 0.25 0.25
25.10172089357984
45.0
497.76330689897526 259.6151177479562
3
469.35028786555006 259.6151177479562
0.25 0.25 0.25 0.25
28.4130190334252
45.0
167.6575709009865 371.19729658431794
1
167.6575709009865 386.31204401640593
0.25 0.25 0.25 0.25
15.114747432087988
45.0
14.337134736748716 9.135935394744237
2
14.55268803258845 9.135935394744237
0.25 0.25 0.25 0.25
0.21555329583973215
45.0
160.59729857806752 415.03995473470763
3
151.66059122614894 415.03995473470763
0.25 0.25 0.25 0.25
8.936707351918571
45.0
45.77602622883615 166.65653020901277
3
5.224766838272004 166.65653020901277
0.25 0.25 0.25 0.25
40.55125939056415
45.0
136.24537916002737 21.251272744340106
3
89.9082635414536 21.251272744340106
0.25 0.25 0.25 0.25
46.337115618573755
45.0
79.7183747311384 42.71496600339759
2
102.01562244463912 42.71496600339759
0.25 0.25 0.25 0.25
22.297247713500724
45.0
0.8069370235564719 106.65919464532959
0
0.8069370235564719 74.48938326408347
0.25 0.25 0.25 0.25
32.16981138124613
45.0
21.273452647973222 332.80355032645497
1
21.273452647973222 332.8506433052564
0.25 0.25 0.25 0.25
0.04709297880143848
45.0
237.51288877460917 314.14335243547185
1
237.51288877460917 360.639055238594
0.25 0.25 0.25 0.25
46.49570280312212
45.0
180.40659309009862 275.1610783525549
0
180.40659309009862 231.60624475518506
0.25 0.25 0.25 0.25
43.554833597369864
45.0
416.748447486512 349.3163533909036
2
431.6573731840613 349.3163533909036
0.25 0.25 0.25 0.25
14.908925697549302
45.0
331.7933104134389 50.22900541617348
0
331.7933104134389 17.651982126384496
0.25 0.25 0.25 0.25
32.57702328978898
45.0
39.69192559405056 338.7479796286525
1
39.69192559405056 359.52939640520276
0.25 0.25 0.25 0.25
20.781416776550287
45.0
1.904679615682582 115.01970864297279
2
46.81198561855325 115.01970864297279
0.25 0.25 0.25 0.25
48.71666523423583
45.0
20.81078308945836 118.84736254609288
1
20.81078308945836 164.68495882655077
0.25 0.25 0.25 0.25
45.837596280457895
45.0
365.3510573855566 52.851396342425765
3
351.83350415751295 52.851396342425765
0.25 0.25 0.25 0.25
13.517553228043644
45.0
498.8981375827694 114.54651690571114
0
498.8981375827694 110.29424589468513
0.25 0.25 0.25 0.25
4.25227101102601
45.0
429.12002424465584 416.20666142099356
2
435.73972630079135 416.20666142099356
0.25 0.25 0.25 0.25
6.619702056135507
45.0
418.1569985328339 208.57505579947804
0
418.1569985328339 180.20155978404344
0.25 0.25 0.25 0.25
28.37349601543459
45.0
245.64071757970945 205.69797117461388
1
245.64071757970945 247.82404904542707
0.25 0.25 0.25 0.25
42.12607787081319
45.0
55.66124038252472 110.02759050710961
1
55.66124038252472 119.24640064256616
0.25 0.25 0.25 0.25
9.218810135456545
45.0
373.4680149130072 43.38435736244895
2
396.57946121632665 43.38435736244895
0.25 0.25 0.25 0.25
23.111446303319465
45.0
16.956906154661848 173.83304970953077
0
16.956906154661848 153.99163899495716
0.25 0.25 0.25 0.25
19.841410714573616
45.0
303.7922754125264 417.73134977987485
0
303.7922754125264 370.9359371593289
0.25 0.25 0.25 0.25
46.79541262054597
45.0
246.53808598889538 398.1258043583751
2
295.28227866917894 398.1258043583751
0.25 0.25 0.25 0.25
48.744192680283575
45.0
209.73934801126506 210.79255390063577
0
209.73934801126506 174.19780720993398
0.25 0.25 0.25 0.25
36.59474669070179
45.0
331.35257676372714 142.65624134159523
0
331.35257676372714 118.46405929505515
0.25 0.25 0.25 0.25
24.19218204654008
45.0
96.33379466266119 236.20383488658018
3
68.70515525602706 236.20383488658018
0.25 0.25 0.25 0.25
27.628639406634132
45.0
27.19805144060406 213.98220031380202
2
5.7048103279563165 213.98220031380202
0.25 0.25 0.25 0.25
32.90286176856038
45.0
