24282
218.38947271517628 467.9571848386197
2
362.3071240434656 467.9571848386197
0.25 0.25 0.25 0.25
143.9176513282893
45.0
477.1673280507714 192.29204838411863
3
353.6627535246032 192.29204838411863
0.25 0.25 0.25 0.25
123.50457452616818
45.0
25.74970231133082 251.4383361478684
2
120.28231654819609 251.4383361478684
0.25 0.25 0.25 0.25
94.53261423686527
45.0
40.3673953481605 292.3539863922803
2
46.48223662876561 292.3539863922803
0.25 0.25 0.25 0.25
6.11484128060511
45.0
131.32754516725714 423.71587308976495
2
148.40844438685423 423.71587308976495
0.25 0.25 0.25 0.25
17.080899219597097
45.0
156.54463587929422 456.01813395686435
2
157.77435314388012 456.01813395686435
0.25 0.25 0.25 0.25
1.2297172645858945
45.0
0.2913109055271832 273.05894224010734
2
10.425501336935913 273.05894224010734
0.25 0.25 0.25 0.25
10.13419043140873
45.0
71.76025915754755 249.2152192218962
2
102.31610266234321 249.2152192218962
0.25 0.25 0.25 0.25
30.555843504795664
45.0
376.5662890483181 466.49118645874864
0
376.5662890483181 452.92437724981954
0.25 0.25 0.25 0.25
13.56680920892911
45.0
495.20555479201 315.7922451632158
3
459.41804957761303 315.7922451632158
0.25 0.25 0.25 0.25
45.37639563037697
45.0
7.948477208524203 116.48145168053534
2
8.932592630514186 116.48145168053534
0.25 0.25 0.25 0.25
0.9841154219899839
45.0
470.95836756609685 376.72010762234834
3
488.5191808933062 376.72010762234834
0.25 0.25 0.25 0.25
40.52245154059695
45.0
282.3008638280003 110.10607224338514
2
294.6466182352692 110.10607224338514
0.25 0.25 0.25 0.25
12.345754407268966
45.0
82.24303149321966 460.86318566826475
3
68.5736596182847 460.86318566826475
0.25 0.25 0.25 0.25
13.669371874934965
45.0
3.3011912776640564 377.98427122055864
1
3.3011912776640564 392.2843745890798
0.25 0.25 0.25 0.25
14.300103368521134
45.0
165.2550890429634 345.9321171902968
2
176.3519874116541 345.9321171902968
0.25 0.25 0.25 0.25
11.096898368690711
45.0
264.93135892253724 211.6966106390068
2
308.71775962897766 211.6966106390068
0.25 0.25 0.25 0.25
43.78640070644039
45.0
159.29343647942056 405.25346850596276
3
134.1917155858407 405.25346850596276
0.25 0.25 0.25 0.25
25.10172089357984
45.0
70.49707376952875 327.5298234750425
0
70.49707376952875 299.1168044416173
0.25 0.25 0.25 0.25
28.4130190334252
45.0
28.83414571615736 265.394064559702
0
28.83414571615736 250.27931712761398
0.25 0.25 0.25 0.25
15.114747432087988
45.0
3.5537888179490773 2.453783223712535
0
3.5537888179490773 2.238229927872803
0.25 0.25 0.25 0.25
0.21555329583973215
45.0
205.28083533766045 272.1752879481419
0
205.28083533766045 263.2385805962233
0.25 0.25 0.25 0.25
8.936707351918571
45.0
315.85335719868146 409.9640865523977
3
275.3020978081173 409.9640865523977
0.25 0.25 0.25 0.25
40.55125939056415
45.0
114.85674254146409 13.74724434301173
1
114.85674254146409 32.589871275562025
0.25 0.25 0.25 0.25
46.337115618573755
45.0
210.1257139046101 332.579186278907
0
210.1257139046101 310.2819385654063
0.25 0.25 0.25 0.25
22.297247713500724
45.0
34.0987215390599 121.26533220476352
1
34.0987215390599 153.43514358600964
0.25 0.25 0.25 0.25
32.16981138124613
45.0
18.918803707901354 333.18029415686664
2
18.96589668670279 333.18029415686664
0.25 0.25 0.25 0.25
0.04709297880143848
45.0
144.5214831683649 289.8683318352879
3
98.02578036524278 289.8683318352879
0.25 0.25 0.25 0.25
46.49570280312212
45.0
385.80624367570954 496.45759181841737
2
429.3610772730794 496.45759181841737
0.25 0.25 0.25 0.25
43.554833597369864
45.0
493.79799832819214 382.32298405320887
3
491.29307597425856 382.32298405320887
0.25 0.25 0.25 0.25
14.908925697549302
45.0
440.1675265580381 343.4222150242744
0
440.1675265580381 310.8451917344854
0.25 0.25 0.25 0.25
32.57702328978898
45.0
161.8884315277655 411.8750190527444
3
141.10701475121522 411.8750190527444
0.25 0.25 0.25 0.25
20.781416776550287
45.0
464.8287282040536 8.080317140782043
1
464.8287282040536 40.63634809345379
0.25 0.25 0.25 0.25
48.71666523423583
45.0
279.4961491035099 485.548132789756
2
325.33374538396777 485.548132789756
0.25 0.25 0.25 0.25
45.837596280457895
45.0
432.93882352577486 176.94700853431618
2
446.4563767538185 176.94700853431618
0.25 0.25 0.25 0.25
13.517553228043644
45.0
377.78600309747713 76.27607780647708
0
377.78600309747713 72.02380679545107
0.25 0.25 0.25 0.25
4.25227101102601
45.0
151.0925378869645 67.45657820043675
1
151.0925378869645 74.07628025657226
0.25 0.25 0.25 0.25
6.619702056135507
45.0
290.8077355515163 202.5091673361855
2
319.1812315669509 202.5091673361855
0.25 0.25 0.25 0.25
28.37349601543459
45.0
372.0189511921491 4.9324181794521
3
329.89287332133586 4.9324181794521
0.25 0.25 0.25 0.25
42.12607787081319
45.0
479.02974747395444 331.2790337580666
1
479.02974747395444 340.4978438935231
0.25 0.25 0.25 0.25
9.218810135456545
45.0
234.79933709309054 165.14939783630984
2
257.91078339641 165.14939783630984
0.25 0.25 0.25 0.25
23.111446303319465
45.0
328.27654026440894 233.3572818532516
3
308.4351295498353 233.3572818532516
0.25 0.25 0.25 0.25
19.841410714573616
45.0
192.90511520289965 3.427363805038752
3
146.1097025823537 3.427363805038752
0.25 0.25 0.25 0.25
46.79541262054597
45.0
266.01998720826896 237.03680059368514
2
314.7641798885525 237.03680059368514
0.25 0.25 0.25 0.25
48.744192680283575
45.0
39.476682546354986 64.41356713782864
0
39.476682546354986 27.818820447126846
0.25 0.25 0.25 0.25
36.59474669070179
45.0
379.7369408568073 126.41516915788215
2
403.9291229033474 126.41516915788215
0.25 0.25 0.25 0.25
24.19218204654008
45.0
19.54974432504655 20.543700994678264
2
47.17838373168068 20.543700994678264
0.25 0.25 0.25 0.25
27.628639406634132
45.0
105.91792192091324 477.20509446228516
0
105.91792192091324 444.30223269372476
0.25 0.25 0.25 0.25
32.90286176856038
45.0
