24282
362.3071240434656 388.12516383309094
0
362.3071240434656 467.9571848386197
0.25 0.25 0.25 0.25
143.9176513282893
45.0
94.69020068161218 291.8698153289778
1
94.69020068161218 415.374389855146
0.25 0.25 0.25 0.25
123.50457452616818
45.0
98.4131139771934 22.514351068619902
1
98.4131139771934 117.04696530548517
0.25 0.25 0.25 0.25
94.53261423686527
45.0
75.81458898333659 335.15787535651606
2
81.9294302639417 335.15787535651606
0.25 0.25 0.25 0.25
6.11484128060511
45.0
441.6499743428157 71.6302042785507
0
441.6499743428157 54.54930505895361
0.25 0.25 0.25 0.25
17.080899219597097
45.0
136.8691596459198 456.01813395686435
3
135.6394423813339 456.01813395686435
0.25 0.25 0.25 0.25
1.2297172645858945
45.0
182.12411685982997 131.18027620038498
2
192.2583072912387 131.18027620038498
0.25 0.25 0.25 0.25
10.13419043140873
45.0
255.09532018632152 310.32690623148756
3
224.53947668152585 310.32690623148756
0.25 0.25 0.25 0.25
30.555843504795664
45.0
308.7322430036726 330.00667540731484
2
322.2990522126017 330.00667540731484
0.25 0.25 0.25 0.25
13.56680920892911
45.0
402.7334673995494 232.1630946647211
2
448.1098630299264 232.1630946647211
0.25 0.25 0.25 0.25
45.37639563037697
45.0
16.654408341225388 115.49733625854536
0
16.654408341225388 114.51322083655538
0.25 0.25 0.25 0.25
0.9841154219899839
45.0
339.49066324584186 299.1002800528762
2
380.0131147864388 299.1002800528762
0.25 0.25 0.25 0.25
40.52245154059695
45.0
257.6093550134624 161.50052471653217
3
245.26360060619342 161.50052471653217
0.25 0.25 0.25 0.25
12.345754407268966
45.0
0.22680024360986195 293.08812058290636
1
0.22680024360986195 306.7574924578413
0.25 0.25 0.25 0.25
13.669371874934965
45.0
46.20150138322745 392.2843745890798
3
31.901398014706317 392.2843745890798
0.25 0.25 0.25 0.25
14.300103368521134
45.0
198.5457841490355 135.09104818517343
0
198.5457841490355 123.99414981648272
0.25 0.25 0.25 0.25
11.096898368690711
45.0
140.65937305134534 124.12380922612601
2
184.44577375778573 124.12380922612601
0.25 0.25 0.25 0.25
43.78640070644039
45.0
335.00548273447953 419.0344852389783
0
335.00548273447953 393.9327643453984
0.25 0.25 0.25 0.25
25.10172089357984
45.0
331.75857890047354 217.86187199015427
1
331.75857890047354 246.27489102357947
0.25 0.25 0.25 0.25
28.4130190334252
45.0
107.19858117263453 99.13184280673403
3
92.08383374054654 99.13184280673403
0.25 0.25 0.25 0.25
15.114747432087988
45.0
2.0505968738839586 5.90263595714825
1
2.0505968738839586 6.118189252987982
0.25 0.25 0.25 0.25
0.21555329583973215
45.0
205.28083533766045 200.6816291327932
0
205.28083533766045 191.74492178087462
0.25 0.25 0.25 0.25
8.936707351918571
45.0
238.08278950511283 342.6430525353732
1
238.08278950511283 383.19431192593737
0.25 0.25 0.25 0.25
40.55125939056415
45.0
348.5144136442735 87.00493197153651
1
348.5144136442735 133.34204759011027
0.25 0.25 0.25 0.25
46.337115618573755
45.0
54.04497991010504 399.4709294194092
2
76.34222762360577 399.4709294194092
0.25 0.25 0.25 0.25
22.297247713500724
45.0
158.92014674841684 136.0931588452055
3
126.75033536717072 136.0931588452055
0.25 0.25 0.25 0.25
32.16981138124613
45.0
18.871710729099917 333.03901522046226
3
18.82461775029848 333.03901522046226
0.25 0.25 0.25 0.25
0.04709297880143848
45.0
344.02578599729173 57.3898178196773
0
344.02578599729173 10.894115016555176
0.25 0.25 0.25 0.25
46.49570280312212
45.0
166.27090294935357 102.7029167025821
1
166.27090294935357 146.25775029995197
0.25 0.25 0.25 0.25
43.554833597369864
45.0
404.3444441428963 441.9586868434061
0
404.3444441428963 427.0497611458568
0.25 0.25 0.25 0.25
14.908925697549302
45.0
254.5931088027629 80.07908774298241
3
222.01608551297392 80.07908774298241
0.25 0.25 0.25 0.25
32.57702328978898
45.0
307.35834896361746 432.65643582929465
3
286.5769321870672 432.65643582929465
0.25 0.25 0.25 0.25
20.781416776550287
45.0
22.337924138304786 284.219674264633
2
71.05458937254062 284.219674264633
0.25 0.25 0.25 0.25
48.71666523423583
45.0
453.90539138381644 139.32397879650728
2
499.7429876642743 139.32397879650728
0.25 0.25 0.25 0.25
45.837596280457895
45.0
499.47341033400687 298.60498758670906
3
485.9558571059632 298.60498758670906
0.25 0.25 0.25 0.25
13.517553228043644
45.0
411.804171185685 127.3033299387892
2
416.056442196711 127.3033299387892
0.25 0.25 0.25 0.25
4.25227101102601
45.0
157.7122399431 299.14615016517956
2
164.3319419992355 299.14615016517956
0.25 0.25 0.25 0.25
6.619702056135507
45.0
219.91519272630634 259.2561593670547
3
191.54169671087175 259.2561593670547
0.25 0.25 0.25 0.25
28.37349601543459
45.0
80.34203648727919 36.0326271507484
3
38.215958616466 36.0326271507484
0.25 0.25 0.25 0.25
42.12607787081319
45.0
479.02974747395444 54.71472969437032
1
479.02974747395444 63.93353982982686
0.25 0.25 0.25 0.25
9.218810135456545
45.0
234.79933709309054 418.8445687039401
1
234.79933709309054 441.95601500725957
0.25 0.25 0.25 0.25
23.111446303319465
45.0
288.5937188352617 330.1316824261289
0
288.5937188352617 310.2902717115553
0.25 0.25 0.25 0.25
19.841410714573616
45.0
210.2014501714345 488.67782497903323
2
256.99686279198045 488.67782497903323
0.25 0.25 0.25 0.25
46.79541262054597
45.0
490.25904939031324 421.75385064432993
0
490.25904939031324 373.00965796404637
0.25 0.25 0.25 0.25
48.744192680283575
45.0
307.58174873231894 496.4494725737498
0
307.58174873231894 459.854725883048
0.25 0.25 0.25 0.25
36.59474669070179
45.0
282.9682126706469 67.12228721443847
3
258.7760306241068 67.12228721443847
0.25 0.25 0.25 0.25
24.19218204654008
45.0
295.83613839138786 89.97085663185827
3
268.2074989847537 89.97085663185827
0.25 0.25 0.25 0.25
27.628639406634132
45.0
170.2191191707582 246.6578644460432
3
137.31625740219783 246.6578644460432
0.25 0.25 0.25 0.25
32.90286176856038
45.0
