60031
357.1104932682749 117.69197064311322
1
357.1104932682749 264.6006215182669
0.25 0.25 0.25 0.25
146.90865087515368
45.0
146.64839301150465 425.93207322397825
3
59.00882361796688 425.93207322397825
0.25 0.25 0.25 0.25
87.63956939353777
45.0
384.51441787656745 199.70602254165658
3
479.4115997958188 199.70602254165658
0.25 0.25 0.25 0.25
136.0739823276138
45.0
115.16022632266004 198.0830026026946
0
115.16022632266004 37.467664806418725
0.25 0.25 0.25 0.25
160.61533779627587
45.0
88.47397996537083 48.38020969534679
2
223.8536891355593 48.38020969534679
0.25 0.25 0.25 0.25
135.37970917018848
45.0
339.88951825947834 277.5316241433085
2
447.96855570570654 277.5316241433085
0.25 0.25 0.25 0.25
108.07903744622818
45.0
308.5940943956386 137.02376728686062
2
406.2805265281519 137.02376728686062
0.25 0.25 0.25 0.25
97.68643213251327
45.0
131.7541915673922 17.850141335677506
2
263.13563222333516 17.850141335677506
0.25 0.25 0.25 0.25
131.38144065594295
45.0
121.99267345022773 280.7997659579961
1
121.99267345022773 443.73822615289976
0.25 0.25 0.25 0.25
162.93846019490363
45.0
345.73476856243155 463.0080116295301
0
345.73476856243155 337.74285070929125
0.25 0.25 0.25 0.25
125.26516092023886
45.0
216.11669568926342 402.26046532715577
0
216.11669568926342 241.09153884323106
0.25 0.25 0.25 0.25
161.1689264839247
45.0
14.553955575830628 386.7249688922618
2
94.31178484978591 386.7249688922618
0.25 0.25 0.25 0.25
108.86574042561654
45.0
281.53163505656016 133.97071125325172
2
414.9328029586344 133.97071125325172
0.25 0.25 0.25 0.25
133.4011679020742
45.0
370.10339234685694 370.7857642534941
3
466.3816532648784 370.7857642534941
0.25 0.25 0.25 0.25
163.51495438826458
45.0
31.998440020558405 76.87980701389642
2
108.35024866590902 76.87980701389642
0.25 0.25 0.25 0.25
140.34868868646743
45.0
199.16899981972983 147.3356609110316
1
199.16899981972983 308.49723885501663
0.25 0.25 0.25 0.25
161.16157794398504
45.0
178.6053758804353 111.79271781348717
1
178.6053758804353 26.106991452401616
0.25 0.25 0.25 0.25
137.8997092658888
45.0
238.25676286273665 206.6029203663768
1
238.25676286273665 303.3137252942841
0.25 0.25 0.25 0.25
96.71080492790732
45.0
127.17854040765837 55.655446897635784
1
127.17854040765837 116.73838888348791
0.25 0.25 0.25 0.25
172.3938357811237
45.0
145.45706544009212 332.0777406909235
3
4.960708417114063 332.0777406909235
0.25 0.25 0.25 0.25
140.49635702297806
45.0
371.7124413682486 454.6509643721124
0
371.7124413682486 371.9407606594293
0.25 0.25 0.25 0.25
173.40827496845833
45.0
473.4859505443312 211.29407480802578
3
398.86690612855807 211.29407480802578
0.25 0.25 0.25 0.25
127.64714332711074
45.0
228.79787688824365 234.02014990393388
0
228.79787688824365 144.20541909443517
0.25 0.25 0.25 0.25
89.81473080949871
45.0
427.28896589900296 376.8198399642581
3
449.1214648724015 376.8198399642581
0.25 0.25 0.25 0.25
123.58956922859551
45.0
38.78444540486581 496.034159332178
2
130.608953861339 496.034159332178
0.25 0.25 0.25 0.25
91.82450845647318
45.0
218.831703470849 416.9777243099132
3
108.35359474443247 416.9777243099132
0.25 0.25 0.25 0.25
110.47810872641652
45.0
460.16069976111817 306.2599212939044
0
460.16069976111817 140.3495822716555
0.25 0.25 0.25 0.25
165.91033902224893
45.0
494.2346993564413 107.12004300543458
1
494.2346993564413 278.273204172404
0.25 0.25 0.25 0.25
171.15316116696943
45.0
283.77007044180766 104.47866721021448
2
381.74745747726735 104.47866721021448
0.25 0.25 0.25 0.25
97.9773870354597
45.0
261.3135089950746 343.8193795209312
3
125.09273861237884 343.8193795209312
0.25 0.25 0.25 0.25
136.22077038269575
45.0
348.76964934053524 443.0640364725582
0
348.76964934053524 314.10631341773114
0.25 0.25 0.25 0.25
128.95772305482708
45.0
177.26486665781246 14.024860707318055
1
177.26486665781246 159.79151847560772
0.25 0.25 0.25 0.25
173.81637918292577
45.0
144.602367721885 187.69759469069743
0
144.602367721885 86.34355276052382
0.25 0.25 0.25 0.25
101.35404193017361
45.0
409.8728019142121 58.05321270754189
3
320.95405198744896 58.05321270754189
0.25 0.25 0.25 0.25
88.91874992676316
45.0
63.69151049642386 245.38771316014498
2
61.302237382995145 245.38771316014498
0.25 0.25 0.25 0.25
124.993747879419
45.0
279.0915940063486 432.53251973927047
0
279.0915940063486 447.3500121996992
0.25 0.25 0.25 0.25
120.11746806103034
45.0
42.48257620348784 493.12721750644863
2
65.57765898956956 493.12721750644863
0.25 0.25 0.25 0.25
108.0602351930574
45.0
177.5408856118121 329.9318734914512
2
268.08202512209544 329.9318734914512
0.25 0.25 0.25 0.25
90.54113951028334
45.0
487.6102631893259 316.71706381096624
3
386.19884183284296 316.71706381096624
0.25 0.25 0.25 0.25
126.19089497783116
45.0
57.21465753089353 428.3766607185257
0
57.21465753089353 482.8954093242219
0.25 0.25 0.25 0.25
88.72792995725234
45.0
109.74015557925861 163.7037528064409
2
246.07456161223763 163.7037528064409
0.25 0.25 0.25 0.25
136.33440603297902
45.0
120.99114122332162 116.63253340176703
1
120.99114122332162 239.07108143747976
0.25 0.25 0.25 0.25
122.43854803571273
45.0
273.72162251922646 259.4928379354717
3
178.1893268881243 259.4928379354717
0.25 0.25 0.25 0.25
95.53229563110214
45.0
302.84015651469485 119.05377970298082
2
400.4445053668845 119.05377970298082
0.25 0.25 0.25 0.25
97.60434885218967
45.0
203.95477126369906 460.39335226786443
3
57.16213737664549 460.39335226786443
0.25 0.25 0.25 0.25
146.79263388705357
45.0
492.4371801762151 495.9581117153443
3
368.7454174392575 495.9581117153443
0.25 0.25 0.25 0.25
138.81740238452738
45.0
411.4248730032323 206.79073446979461
3
423.2522176396567 206.79073446979461
0.25 0.25 0.25 0.25
165.32290935711106
45.0
173.20588085458678 282.4977656726546
3
21.785435974730035 282.4977656726546
0.25 0.25 0.25 0.25
151.42044487985675
45.0
