60031
140.33657160933774 378.0428460225701
0
140.33657160933774 231.1341951474164
0.25 0.25 0.25 0.25
146.90865087515368
45.0
409.56710119211806 441.6421692753471
2
497.20667058565584 441.6421692753471
0.25 0.25 0.25 0.25
87.63956939353777
45.0
390.81974117490836 63.632040214042775
1
390.81974117490836 199.70602254165658
0.25 0.25 0.25 0.25
136.0739823276138
45.0
169.7624760475469 343.3148954920738
0
169.7624760475469 496.06976671165035
0.25 0.25 0.25 0.25
160.61533779627587
45.0
173.23619907803297 162.11352060968147
0
173.23619907803297 26.733811439492996
0.25 0.25 0.25 0.25
135.37970917018848
45.0
339.88951825947834 100.20719967371163
1
339.88951825947834 208.2862371199398
0.25 0.25 0.25 0.25
108.07903744622818
45.0
208.11746237483942 81.48477565303314
3
110.43103024232614 81.48477565303314
0.25 0.25 0.25 0.25
97.68643213251327
45.0
453.0738532009899 178.50997215247637
3
321.692412545047 178.50997215247637
0.25 0.25 0.25 0.25
131.38144065594295
45.0
99.62343461964954 370.9540748216184
0
99.62343461964954 466.10746498347794
0.25 0.25 0.25 0.25
162.93846019490363
45.0
407.97748432091225 280.0978044442601
0
407.97748432091225 154.83264352402122
0.25 0.25 0.25 0.25
125.26516092023886
45.0
73.23471618213415 341.3745638978985
2
87.93421030179056 341.3745638978985
0.25 0.25 0.25 0.25
161.1689264839247
45.0
46.07105293252289 60.127747615412204
1
46.07105293252289 48.73799281020433
0.25 0.25 0.25 0.25
108.86574042561654
45.0
82.95616100011878 67.77888656777128
1
82.95616100011878 201.1800544698455
0.25 0.25 0.25 0.25
133.4011679020742
45.0
24.16320989991533 226.5432322883267
0
24.16320989991533 63.02827790006211
0.25 0.25 0.25 0.25
163.51495438826458
45.0
353.92926764938784 221.37674955376644
2
494.27795633585527 221.37674955376644
0.25 0.25 0.25 0.25
140.34868868646743
45.0
86.13253999568667 118.29621231140555
2
75.02903794829837 118.29621231140555
0.25 0.25 0.25 0.25
161.16157794398504
45.0
63.40043880178925 77.99911396393412
1
63.40043880178925 215.8988232298229
0.25 0.25 0.25 0.25
137.8997092658888
45.0
77.72710372784887 173.7109696454499
2
174.4379086557562 173.7109696454499
0.25 0.25 0.25 0.25
96.71080492790732
45.0
78.99954771279477 91.17598627920347
2
93.39428806832893 91.17598627920347
0.25 0.25 0.25 0.25
172.3938357811237
45.0
309.0830073071494 315.55223985176985
0
309.0830073071494 175.0558828287918
0.25 0.25 0.25 0.25
140.49635702297806
45.0
24.89589143133196 211.95306550761256
0
24.89589143133196 38.544790539154235
0.25 0.25 0.25 0.25
173.40827496845833
45.0
409.9545106936738 168.93978157425417
3
462.3983459792155 168.93978157425417
0.25 0.25 0.25 0.25
127.64714332711074
45.0
142.49900744526536 442.8348101446139
0
142.49900744526536 353.0200793351152
0.25 0.25 0.25 0.25
89.81473080949871
45.0
437.83801870116554 241.94682456442666
3
438.57241207023895 241.94682456442666
0.25 0.25 0.25 0.25
123.58956922859551
45.0
497.90698768723166 302.31554939802675
0
497.90698768723166 210.49104094155356
0.25 0.25 0.25 0.25
91.82450845647318
45.0
439.787920923682 91.24041959291502
3
329.3098121972655 91.24041959291502
0.25 0.25 0.25 0.25
110.47810872641652
45.0
208.01862219438385 375.5332982611169
0
208.01862219438385 458.55636271663417
0.25 0.25 0.25 0.25
165.91033902224893
45.0
217.29691231325296 369.78111433758704
2
388.4500734802224 369.78111433758704
0.25 0.25 0.25 0.25
171.15316116696943
45.0
47.36303708008221 300.43344128113387
1
47.36303708008221 398.41082831659355
0.25 0.25 0.25 0.25
97.9773870354597
45.0
174.69039751420254 386.8821312943712
0
174.69039751420254 476.89709832293306
0.25 0.25 0.25 0.25
136.22077038269575
45.0
327.6807503722167 491.3018093498479
0
327.6807503722167 362.3440862950208
0.25 0.25 0.25 0.25
128.95772305482708
45.0
41.67306641537533 361.6576190731696
0
41.67306641537533 187.84123989024383
0.25 0.25 0.25 0.25
173.81637918292577
45.0
402.7890998341911 129.90495040155946
0
402.7890998341911 28.55090847138584
0.25 0.25 0.25 0.25
101.35404193017361
45.0
167.42719925757757 480.75321153575237
0
167.42719925757757 430.3280385374844
0.25 0.25 0.25 0.25
88.91874992676316
45.0
188.7852923051388 129.69356440740796
0
188.7852923051388 4.699816527988958
0.25 0.25 0.25 0.25
124.993747879419
45.0
438.2693175791363 5.940395467335321
1
438.2693175791363 126.05786352836566
0.25 0.25 0.25 0.25
120.11746806103034
45.0
313.51881311456947 290.7523121074367
1
313.51881311456947 398.8125473004941
0.25 0.25 0.25 0.25
108.0602351930574
45.0
350.5282338586126 315.9984992411816
1
350.5282338586126 406.53963875146496
0.25 0.25 0.25 0.25
90.54113951028334
45.0
351.8922083888456 171.47184918783668
2
478.0831033666767 171.47184918783668
0.25 0.25 0.25 0.25
126.19089497783116
45.0
33.22188706066919 404.38389024830155
2
55.50604289658315 404.38389024830155
0.25 0.25 0.25 0.25
88.72792995725234
45.0
117.91256599201415 482.0317226415458
0
117.91256599201415 345.6973166085668
0.25 0.25 0.25 0.25
136.33440603297902
45.0
222.93807354473623 230.19149499107303
1
222.93807354473623 352.63004302678576
0.25 0.25 0.25 0.25
122.43854803571273
45.0
305.6503595205316 307.52272759799604
1
305.6503595205316 403.0550232290982
0.25 0.25 0.25 0.25
95.53229563110214
45.0
474.09234274097093 124.06794095760506
3
428.3033084068394 124.06794095760506
0.25 0.25 0.25 0.25
97.60434885218967
45.0
286.6000828918239 456.96133610401057
0
286.6000828918239 310.168702216957
0.25 0.25 0.25 0.25
146.79263388705357
45.0
435.88081355959844 105.21057371305608
1
435.88081355959844 244.02797609758346
0.25 0.25 0.25 0.25
138.81740238452738
45.0
221.9143320741201 41.467825112683556
1
221.9143320741201 206.79073446979461
0.25 0.25 0.25 0.25
165.32290935711106
45.0
98.1007923432644 68.00888766907326
1
98.1007923432644 83.41155721078349
0.25 0.25 0.25 0.25
151.42044487985675
45.0
