60031
387.6445015970428 207.87950926611524
1
387.6445015970428 354.7881601412689
0.25 0.25 0.25 0.25
146.90865087515368
45.0
466.8285927432597 286.6176711079871
0
466.8285927432597 198.97810171444934
0.25 0.25 0.25 0.25
87.63956939353777
45.0
23.77459460042934 471.8539871968842
2
112.29938772718447 471.8539871968842
0.25 0.25 0.25 0.25
136.0739823276138
45.0
78.85225310031524 164.9967296207534
0
78.85225310031524 4.381391824477532
0.25 0.25 0.25 0.25
160.61533779627587
45.0
203.93183663085992 405.7252210591389
2
339.3115458010484 405.7252210591389
0.25 0.25 0.25 0.25
135.37970917018848
45.0
204.5218178293036 89.73782672435563
1
204.5218178293036 18.341210721872557
0.25 0.25 0.25 0.25
108.07903744622818
45.0
254.38881972457386 174.02749035250196
3
156.70238759206057 174.02749035250196
0.25 0.25 0.25 0.25
97.68643213251327
45.0
51.42427615899277 54.974518998553606
2
182.80571681493572 54.974518998553606
0.25 0.25 0.25 0.25
131.38144065594295
45.0
463.8850442897568 398.9997484917434
0
463.8850442897568 236.06128829683976
0.25 0.25 0.25 0.25
162.93846019490363
45.0
286.9548981244949 411.7268274502311
0
286.9548981244949 286.46166652999227
0.25 0.25 0.25 0.25
125.26516092023886
45.0
102.4578782802516 271.6384027066605
2
58.7110482036731 271.6384027066605
0.25 0.25 0.25 0.25
161.1689264839247
45.0
380.4923337877332 306.88614600033975
1
380.4923337877332 415.7518864259563
0.25 0.25 0.25 0.25
108.86574042561654
45.0
149.14798568559925 134.86666161312328
1
149.14798568559925 268.2678295151975
0.25 0.25 0.25 0.25
133.4011679020742
45.0
32.56761111132192 220.98797590880946
0
32.56761111132192 57.473021520544876
0.25 0.25 0.25 0.25
163.51495438826458
45.0
424.1659844282999 480.4914387499274
0
424.1659844282999 340.14275006345997
0.25 0.25 0.25 0.25
140.34868868646743
45.0
100.07740281146096 81.27459623885227
1
100.07740281146096 242.4361741828373
0.25 0.25 0.25 0.25
161.16157794398504
45.0
408.60392761112394 300.99797869495364
3
270.7042183452352 300.99797869495364
0.25 0.25 0.25 0.25
137.8997092658888
45.0
13.908249520868452 17.745592975491462
1
13.908249520868452 78.96521195241586
0.25 0.25 0.25 0.25
96.71080492790732
45.0
229.11005977305945 228.62804502617223
3
56.71622399193575 228.62804502617223
0.25 0.25 0.25 0.25
172.3938357811237
45.0
36.38264357094201 15.01697671164726
2
104.11371345203605 15.01697671164726
0.25 0.25 0.25 0.25
140.49635702297806
45.0
24.89589143133196 471.88126273194484
0
24.89589143133196 298.4729877634865
0.25 0.25 0.25 0.25
173.40827496845833
45.0
218.19166389010977 86.35450507996731
1
218.19166389010977 41.29263824714343
0.25 0.25 0.25 0.25
127.64714332711074
45.0
166.5749296362937 377.5357282363887
3
76.76019882679498 377.5357282363887
0.25 0.25 0.25 0.25
89.81473080949871
45.0
67.06931101537901 152.20759384953897
0
67.06931101537901 28.61802462094346
0.25 0.25 0.25 0.25
123.58956922859551
45.0
130.608953861339 240.69982000516833
0
130.608953861339 148.87531154869515
0.25 0.25 0.25 0.25
91.82450845647318
45.0
2.1245139819841086 334.9847228947533
0
2.1245139819841086 224.5066141683368
0.25 0.25 0.25 0.25
110.47810872641652
45.0
337.6252342845819 485.7841579156722
0
337.6252342845819 319.8738188934233
0.25 0.25 0.25 0.25
165.91033902224893
45.0
413.47779835099163 108.23169300909785
3
415.36904048203894 108.23169300909785
0.25 0.25 0.25 0.25
171.15316116696943
45.0
145.34042411554196 13.724849470648309
3
47.363037080082265 13.724849470648309
0.25 0.25 0.25 0.25
97.9773870354597
45.0
487.30044243933617 21.780179853715993
1
487.30044243933617 158.00095023641174
0.25 0.25 0.25 0.25
136.22077038269575
45.0
317.1078649019187 49.259111406994606
1
317.1078649019187 79.69861164783248
0.25 0.25 0.25 0.25
128.95772305482708
45.0
179.4881454505199 449.6774480609862
0
179.4881454505199 376.50617275608806
0.25 0.25 0.25 0.25
173.81637918292577
45.0
247.27338069707338 15.010489169649844
1
247.27338069707338 86.34355276052376
0.25 0.25 0.25 0.25
101.35404193017361
45.0
279.5834466942878 79.94696351314724
1
279.5834466942878 8.971786413615916
0.25 0.25 0.25 0.25
88.91874992676316
45.0
61.55232220623492 379.28092444906224
2
186.54607008565392 379.28092444906224
0.25 0.25 0.25 0.25
124.993747879419
45.0
42.20055466498496 207.11507607763858
2
162.3180227260153 207.11507607763858
0.25 0.25 0.25 0.25
120.11746806103034
45.0
10.661892464602715 304.46463038281723
2
97.39834272845468 304.46463038281723
0.25 0.25 0.25 0.25
108.0602351930574
45.0
279.21227732648777 213.31496357024895
0
279.21227732648777 122.7738240599656
0.25 0.25 0.25 0.25
90.54113951028334
45.0
109.03757825583244 200.05332865578427
2
235.2284732336636 200.05332865578427
0.25 0.25 0.25 0.25
126.19089497783116
45.0
193.92812842859433 339.64873076127344
2
282.6560583858467 339.64873076127344
0.25 0.25 0.25 0.25
88.72792995725234
45.0
115.98336416862935 155.91035157758722
2
252.31777020160837 155.91035157758722
0.25 0.25 0.25 0.25
136.33440603297902
45.0
80.00790979472544 320.52639804459636
2
42.43063824098729 320.52639804459636
0.25 0.25 0.25 0.25
122.43854803571273
45.0
184.36753514126946 259.4928379354717
3
88.83523951016731 259.4928379354717
0.25 0.25 0.25 0.25
95.53229563110214
45.0
402.5684939889595 418.6592904539507
0
402.5684939889595 321.054941601761
0.25 0.25 0.25 0.25
97.60434885218967
45.0
217.9251410282655 246.02137995802838
0
217.9251410282655 99.22874607097481
0.25 0.25 0.25 0.25
146.79263388705357
45.0
104.26315633094134 161.76694032967293
0
104.26315633094134 22.94953794514555
0.25 0.25 0.25 0.25
138.81740238452738
45.0
463.56493692632523 321.4281690308734
3
298.2420275692142 321.4281690308734
0.25 0.25 0.25 0.25
165.32290935711106
45.0
50.194333571864945 187.8951159870677
0
50.194333571864945 36.47467110721095
0.25 0.25 0.25 0.25
151.42044487985675
45.0
