60031
60.36077347588497 383.14871626734475
2
86.54787739926871 383.14871626734475
0.25 0.25 0.25 0.25
146.90865087515368
45.0
94.97356028905138 311.14921859540846
3
7.333990895513608 311.14921859540846
0.25 0.25 0.25 0.25
87.63956939353777
45.0
431.9294760891155 392.07203047550206
3
431.99654158327075 392.07203047550206
0.25 0.25 0.25 0.25
136.0739823276138
45.0
118.07105791830543 52.851109713315395
1
118.07105791830543 107.76422808296047
0.25 0.25 0.25 0.25
160.61533779627587
45.0
494.6131074759362 200.73281038917636
3
359.23339830574776 200.73281038917636
0.25 0.25 0.25 0.25
135.37970917018848
45.0
11.63625706315267 7.87183777251667
1
11.63625706315267 100.20719967371151
0.25 0.25 0.25 0.25
108.07903744622818
45.0
328.93957318221993 299.99331859292687
2
426.6260053147332 299.99331859292687
0.25 0.25 0.25 0.25
97.68643213251327
45.0
79.95716449695018 164.58282456780896
2
51.42427615899277 164.58282456780896
0.25 0.25 0.25 0.25
131.38144065594295
45.0
26.16192974705865 280.7997659579961
0
26.16192974705865 117.86130576309247
0.25 0.25 0.25 0.25
162.93846019490363
45.0
468.87864212075965 210.3564024271417
0
468.87864212075965 85.09124150690283
0.25 0.25 0.25 0.25
125.26516092023886
45.0
219.8799746875978 143.4559173191876
3
58.7110482036731 143.4559173191876
0.25 0.25 0.25 0.25
161.1689264839247
45.0
34.7622917452818 217.23421995829176
0
34.7622917452818 108.36847953267522
0.25 0.25 0.25 0.25
108.86574042561654
45.0
252.0730365517367 334.5812223719197
2
385.4742044538109 334.5812223719197
0.25 0.25 0.25 0.25
133.4011679020742
45.0
321.776972547026 439.7493502896964
2
485.2919269352906 439.7493502896964
0.25 0.25 0.25 0.25
163.51495438826458
45.0
312.69581739349326 252.34685408981989
3
172.34712870702583 252.34685408981989
0.25 0.25 0.25 0.25
140.34868868646743
45.0
133.10793514755062 79.886981705133
2
294.26951309153566 79.886981705133
0.25 0.25 0.25 0.25
161.16157794398504
45.0
28.69840366301065 250.60085836860148
2
166.59811292889944 250.60085836860148
0.25 0.25 0.25 0.25
137.8997092658888
45.0
115.69450612796577 175.67601688032317
3
18.983701200058448 175.67601688032317
0.25 0.25 0.25 0.25
96.71080492790732
45.0
253.1296705361567 288.55346231719886
0
253.1296705361567 116.15962653607517
0.25 0.25 0.25 0.25
172.3938357811237
45.0
228.08456963586045 18.03402496666007
2
368.5809266588385 18.03402496666007
0.25 0.25 0.25 0.25
140.49635702297806
45.0
481.45171507503983 84.61506298427832
3
345.1400099565019 84.61506298427832
0.25 0.25 0.25 0.25
173.40827496845833
45.0
239.36881050699557 129.2930619395348
2
367.0159538341063 129.2930619395348
0.25 0.25 0.25 0.25
127.64714332711074
45.0
256.3896604457924 479.38842014140164
0
256.3896604457924 389.5736893319029
0.25 0.25 0.25 0.25
89.81473080949871
45.0
302.9650033013341 477.0236984646745
3
179.37543407273859 477.0236984646745
0.25 0.25 0.25 0.25
123.58956922859551
45.0
304.18837775308043 302.31554939802675
3
212.36386929660725 302.31554939802675
0.25 0.25 0.25 0.25
91.82450845647318
45.0
455.4309918121528 434.0687886966672
0
455.4309918121528 455.4531025769163
0.25 0.25 0.25 0.25
110.47810872641652
45.0
128.34002171662053 144.8875481381616
1
128.34002171662053 21.02279088408733
0.25 0.25 0.25 0.25
165.91033902224893
45.0
361.53110647840583 262.1052463303208
0
361.53110647840583 90.9520851633514
0.25 0.25 0.25 0.25
171.15316116696943
45.0
462.7500277426193 43.80027827400531
1
462.7500277426193 54.17710876145439
0.25 0.25 0.25 0.25
97.9773870354597
45.0
78.63813129124895 204.4555575575416
2
214.8589016739447 204.4555575575416
0.25 0.25 0.25 0.25
136.22077038269575
45.0
456.6384734270438 106.73922548572747
1
456.6384734270438 22.21849756909961
0.25 0.25 0.25 0.25
128.95772305482708
45.0
5.671766267594137 144.94296479268925
2
179.4881454505199 144.94296479268925
0.25 0.25 0.25 0.25
173.81637918292577
45.0
247.27338069707338 72.8031334587877
2
348.627422627247 72.8031334587877
0.25 0.25 0.25 0.25
101.35404193017361
45.0
431.76655271981735 186.80928626714223
0
431.76655271981735 97.89053634037907
0.25 0.25 0.25 0.25
88.91874992676316
45.0
311.33975010648106 254.3371935342912
0
311.33975010648106 129.3434456548722
0.25 0.25 0.25 0.25
124.993747879419
45.0
480.2662746166519 324.29584261291075
3
360.1488065556216 324.29584261291075
0.25 0.25 0.25 0.25
120.11746806103034
45.0
421.57904830762686 412.5248655758746
3
470.3607164993157 412.5248655758746
0.25 0.25 0.25 0.25
108.0602351930574
45.0
94.08253291903789 307.90356846741537
3
3.5413934087545442 307.90356846741537
0.25 0.25 0.25 0.25
90.54113951028334
45.0
342.3650485661964 188.0465161003584
2
468.5559435440275 188.0465161003584
0.25 0.25 0.25 0.25
126.19089497783116
45.0
72.25566144316258 127.9836894952125
0
72.25566144316258 39.25575953796016
0.25 0.25 0.25 0.25
88.72792995725234
45.0
382.40896764521665 428.57916364354526
0
382.40896764521665 292.24475761056624
0.25 0.25 0.25 0.25
136.33440603297902
45.0
182.4659883662158 14.685601080352455
3
60.02744033050308 14.685601080352455
0.25 0.25 0.25 0.25
122.43854803571273
45.0
369.2539181503286 77.95930089995842
1
369.2539181503286 173.49159653106057
0.25 0.25 0.25 0.25
95.53229563110214
45.0
476.2163313630459 466.5723134101572
0
476.2163313630459 435.8233377376531
0.25 0.25 0.25 0.25
97.60434885218967
45.0
286.6000828918239 102.66076223482867
2
433.39271677887746 102.66076223482867
0.25 0.25 0.25 0.25
146.79263388705357
45.0
6.27606274527767 144.14604774769032
2
132.5413396392497 144.14604774769032
0.25 0.25 0.25 0.25
138.81740238452738
45.0
221.9143320741201 497.12383389734816
0
221.9143320741201 331.80092454023713
0.25 0.25 0.25 0.25
165.32290935711106
45.0
53.31965253659234 131.07732079279788
1
53.31965253659234 282.4977656726546
0.25 0.25 0.25 0.25
151.42044487985675
45.0
