60031
470.55271777257826 498.3031889835774
3
323.6440668974246 498.3031889835774
0.25 0.25 0.25 0.25
146.90865087515368
45.0
466.8285927432597 398.78878798894624
1
466.8285927432597 486.428357382484
0.25 0.25 0.25 0.25
87.63956939353777
45.0
64.81726402048116 424.3718634901809
2
200.89124634809497 424.3718634901809
0.25 0.25 0.25 0.25
136.0739823276138
45.0
472.69887513755657 322.39036717662566
3
312.0835373412807 322.39036717662566
0.25 0.25 0.25 0.25
160.61533779627587
45.0
296.0187492893408 70.02660795120056
1
296.0187492893408 65.35310121898792
0.25 0.25 0.25 0.25
135.37970917018848
45.0
498.5297328159579 46.70548819537591
3
393.3912297378139 46.70548819537591
0.25 0.25 0.25 0.25
108.07903744622818
45.0
472.89736266446766 39.33733515434734
3
375.2109305319544 39.33733515434734
0.25 0.25 0.25 0.25
97.68643213251327
45.0
0.3727509114492591 499.82963378607406
0
0.3727509114492591 368.788925557983
0.25 0.25 0.25 0.25
131.38144065594295
45.0
485.02268966823044 421.3689873223216
3
352.0388501368659 421.3689873223216
0.25 0.25 0.25 0.25
162.93846019490363
45.0
403.7349095970908 409.60554008832037
0
403.7349095970908 284.34037916808154
0.25 0.25 0.25 0.25
125.26516092023886
45.0
344.2991810767363 112.9090534557582
3
183.1302545928116 112.9090534557582
0.25 0.25 0.25 0.25
161.1689264839247
45.0
312.043265701019 217.23421995829176
0
312.043265701019 108.36847953267522
0.25 0.25 0.25 0.25
108.86574042561654
45.0
318.26486123721713 467.98239027399393
3
184.8636933351429 467.98239027399393
0.25 0.25 0.25 0.25
133.4011679020742
45.0
139.3517444883492 396.73569532203896
2
302.8666988766138 396.73569532203896
0.25 0.25 0.25 0.25
163.51495438826458
45.0
371.48844684411586 410.25472197101533
3
231.13975815764843 410.25472197101533
0.25 0.25 0.25 0.25
140.34868868646743
45.0
294.26951309153543 17.817000769417177
1
294.26951309153543 178.97857871340221
0.25 0.25 0.25 0.25
161.16157794398504
45.0
97.1940426513423 405.10408411128935
2
235.0937519172311 405.10408411128935
0.25 0.25 0.25 0.25
137.8997092658888
45.0
18.983701200058448 13.181310510562156
2
115.69450612796577 13.181310510562156
0.25 0.25 0.25 0.25
96.71080492790732
45.0
80.15707240762026 357.27949169068324
0
80.15707240762026 470.32667252819306
0.25 0.25 0.25 0.25
172.3938357811237
45.0
317.3753576168981 67.61052748412106
3
176.87900059392004 67.61052748412106
0.25 0.25 0.25 0.25
140.49635702297806
45.0
412.1620911789985 169.69251160567973
1
412.1620911789985 3.7157633627786026
0.25 0.25 0.25 0.25
173.40827496845833
45.0
292.39690941833317 62.469784864029265
1
292.39690941833317 65.17735846308148
0.25 0.25 0.25 0.25
127.64714332711074
45.0
37.13045417373206 251.16738743010217
1
37.13045417373206 340.9821182396009
0.25 0.25 0.25 0.25
89.81473080949871
45.0
67.06931101537901 253.2302707356626
1
67.06931101537901 376.8198399642581
0.25 0.25 0.25 0.25
123.58956922859551
45.0
236.68907996455377 26.8420240286072
1
236.68907996455377 118.66653248508038
0.25 0.25 0.25 0.25
91.82450845647318
45.0
445.4849423859333 118.32175493541546
3
444.0369488876501 118.32175493541546
0.25 0.25 0.25 0.25
110.47810872641652
45.0
460.1606997611184 196.0090616393489
1
460.1606997611184 361.9194006615978
0.25 0.25 0.25 0.25
165.91033902224893
45.0
232.6852780279521 64.03311816153484
1
232.6852780279521 107.12004300543458
0.25 0.25 0.25 0.25
171.15316116696943
45.0
246.5691240262969 111.70223650610801
3
148.5917369908372 111.70223650610801
0.25 0.25 0.25 0.25
97.9773870354597
45.0
258.17045741438073 430.1936870348072
0
258.17045741438073 293.9729166521115
0.25 0.25 0.25 0.25
136.22077038269575
45.0
262.0465961946228 87.85265174669354
3
133.08887313979574 87.85265174669354
0.25 0.25 0.25 0.25
128.95772305482708
45.0
484.22262871881685 290.7096225609789
3
341.9609920982574 290.7096225609789
0.25 0.25 0.25 0.25
173.81637918292577
45.0
132.37891946516373 174.15717538896138
1
132.37891946516373 275.51121731913497
0.25 0.25 0.25 0.25
101.35404193017361
45.0
123.63969764636681 74.6530388304318
1
123.63969764636681 14.265711096331358
0.25 0.25 0.25 0.25
88.91874992676316
45.0
186.34600222706206 370.6315458628038
0
186.34600222706206 245.63779798338481
0.25 0.25 0.25 0.25
124.993747879419
45.0
441.2060191048945 195.234285142968
3
438.6765128340752 195.234285142968
0.25 0.25 0.25 0.25
120.11746806103034
45.0
38.11977572708611 263.29442884495313
2
146.1800109201435 263.29442884495313
0.25 0.25 0.25 0.25
108.0602351930574
45.0
0.5060719781285741 480.8909167142159
0
0.5060719781285741 428.5679437755008
0.25 0.25 0.25 0.25
90.54113951028334
45.0
279.0622665003102 452.43511861144657
3
152.87137152247905 452.43511861144657
0.25 0.25 0.25 0.25
126.19089497783116
45.0
436.1191478301271 315.6559602910492
0
436.1191478301271 226.92803033379687
0.25 0.25 0.25 0.25
88.72792995725234
45.0
435.59746855265746 390.71340710325205
3
428.0681254143635 390.71340710325205
0.25 0.25 0.25 0.25
136.33440603297902
45.0
327.77981949093316 259.5626971517779
3
205.34127145522044 259.5626971517779
0.25 0.25 0.25 0.25
122.43854803571273
45.0
12.87526437407999 77.95930089995842
2
108.40756000518213 77.95930089995842
0.25 0.25 0.25 0.25
95.53229563110214
45.0
135.49026185027037 387.9103147814466
3
37.8859129980807 387.9103147814466
0.25 0.25 0.25 0.25
97.60434885218967
45.0
447.36308654344384 337.7171394263319
1
447.36308654344384 484.5097733133855
0.25 0.25 0.25 0.25
146.79263388705357
45.0
229.92801505473 254.68526682390933
0
229.92801505473 115.86786443938195
0.25 0.25 0.25 0.25
138.81740238452738
45.0
24.341247287674207 305.303081316206
0
24.341247287674207 139.98017195909492
0.25 0.25 0.25 0.25
165.32290935711106
45.0
416.10365645530305 140.2293524050533
3
264.6832115754463 140.2293524050533
0.25 0.25 0.25 0.25
151.42044487985675
45.0
