60031
176.73541602227078 264.6006215182668
1
176.73541602227078 411.5092723934205
0.25 0.25 0.25 0.25
146.90865087515368
45.0
466.8285927432597 48.23051041479512
1
466.8285927432597 135.8700798083329
0.25 0.25 0.25 0.25
87.63956939353777
45.0
431.99654158327075 104.74177512824986
3
295.92255925565695 104.74177512824986
0.25 0.25 0.25 0.25
136.0739823276138
45.0
436.39090191521177 358.69834039897046
3
275.7755641189359 358.69834039897046
0.25 0.25 0.25 0.25
160.61533779627587
45.0
57.77834241254388 153.0642813127083
2
77.6013667576446 153.0642813127083
0.25 0.25 0.25 0.25
135.37970917018848
45.0
363.16203238578345 262.8635630878323
0
363.16203238578345 154.7845256416041
0.25 0.25 0.25 0.25
108.07903744622818
45.0
352.07525185708715 160.15944596172784
0
352.07525185708715 62.47301382921458
0.25 0.25 0.25 0.25
97.68643213251327
45.0
474.8469882876775 499.82963378607406
3
343.4655476317346 499.82963378607406
0.25 0.25 0.25 0.25
131.38144065594295
45.0
322.0842294733268 112.18487092354567
1
322.0842294733268 50.75358927135795
0.25 0.25 0.25 0.25
162.93846019490363
45.0
276.34846131494123 216.72026451287388
2
401.61362223518006 216.72026451287388
0.25 0.25 0.25 0.25
125.26516092023886
45.0
54.947769205338716 275.40168170499487
1
54.947769205338716 436.57060818891955
0.25 0.25 0.25 0.25
161.1689264839247
45.0
441.1173422960867 0.4972608929413127
3
332.25160187047015 0.4972608929413127
0.25 0.25 0.25 0.25
108.86574042561654
45.0
14.72929925241175 67.77888656777128
1
14.72929925241175 201.1800544698455
0.25 0.25 0.25 0.25
133.4011679020742
45.0
302.86669887661384 233.22074093377438
2
466.3816532648784 233.22074093377438
0.25 0.25 0.25 0.25
163.51495438826458
45.0
389.0476260388439 168.6992119695824
1
389.0476260388439 309.0479006560498
0.25 0.25 0.25 0.25
140.34868868646743
45.0
166.13846748364017 178.97857871340221
3
4.976889539655133 178.97857871340221
0.25 0.25 0.25 0.25
161.16157794398504
45.0
372.99346118311985 26.106991452401587
3
489.1068295509914 26.106991452401587
0.25 0.25 0.25 0.25
137.8997092658888
45.0
309.1161159837804 83.52949441734516
1
309.1161159837804 180.24029934525248
0.25 0.25 0.25 0.25
96.71080492790732
45.0
148.88310178110464 332.29585143381155
2
23.510734000019056 332.29585143381155
0.25 0.25 0.25 0.25
172.3938357811237
45.0
71.06271177372875 105.9368312171643
2
69.43364524924931 105.9368312171643
0.25 0.25 0.25 0.25
140.49635702297806
45.0
108.0627337263765 383.550436384888
0
108.0627337263765 210.14216141642964
0.25 0.25 0.25 0.25
173.40827496845833
45.0
111.72166717988486 86.35450507996728
1
111.72166717988486 214.00164840707802
0.25 0.25 0.25 0.25
127.64714332711074
45.0
322.1284690642628 30.314766093908077
2
411.9431998737615 30.314766093908077
0.25 0.25 0.25 0.25
89.81473080949871
45.0
303.6993966704075 376.8198399642581
3
180.109827441812 376.8198399642581
0.25 0.25 0.25 0.25
123.58956922859551
45.0
212.36386929660725 190.35185489914372
0
212.36386929660725 98.52734644267053
0.25 0.25 0.25 0.25
91.82450845647318
45.0
445.4849423859333 234.4968851240833
3
335.0068336595168 234.4968851240833
0.25 0.25 0.25 0.25
110.47810872641652
45.0
198.94269046137094 476.7082261826596
0
198.94269046137094 357.3814347950915
0.25 0.25 0.25 0.25
165.91033902224893
45.0
109.62104430598674 117.87105216516795
2
61.53211686098268 117.87105216516795
0.25 0.25 0.25 0.25
171.15316116696943
45.0
344.5465110617566 398.41082831659355
3
246.5691240262969 398.41082831659355
0.25 0.25 0.25 0.25
97.9773870354597
45.0
304.6250647355106 476.6482943559371
2
440.8458351182063 476.6482943559371
0.25 0.25 0.25 0.25
136.22077038269575
45.0
262.0465961946228 345.7680978563477
1
262.0465961946228 474.72582091117476
0.25 0.25 0.25 0.25
128.95772305482708
45.0
82.34806272022249 404.5558941707242
0
82.34806272022249 421.6277266463501
0.25 0.25 0.25 0.25
173.81637918292577
45.0
436.44104525568457 332.61303426190665
3
462.20491281414184 332.61303426190665
0.25 0.25 0.25 0.25
101.35404193017361
45.0
390.3959474266563 163.57178875719495
1
390.3959474266563 252.4905386839581
0.25 0.25 0.25 0.25
88.91874992676316
45.0
313.67900625526187 379.3809583783582
3
188.68525837584286 379.3809583783582
0.25 0.25 0.25 0.25
124.993747879419
45.0
480.2662746166519 246.17533158939594
3
360.1488065556216 246.17533158939594
0.25 0.25 0.25 0.25
120.11746806103034
45.0
254.2402461132009 304.46463038281723
1
254.2402461132009 412.5248655758746
0.25 0.25 0.25 0.25
108.0602351930574
45.0
3.541393408754601 333.97933887833426
2
94.08253291903794 333.97933887833426
0.25 0.25 0.25 0.25
90.54113951028334
45.0
235.2284732336636 52.32846129987806
1
235.2284732336636 73.8624336779531
0.25 0.25 0.25 0.25
126.19089497783116
45.0
258.6632879156224 329.4323198799414
1
258.6632879156224 418.16024983719376
0.25 0.25 0.25 0.25
88.72792995725234
45.0
246.07456161223763 163.7037528064409
0
246.07456161223763 27.36934677346187
0.25 0.25 0.25 0.25
136.33440603297902
45.0
39.53582461620505 352.63004302678576
0
39.53582461620505 230.19149499107303
0.25 0.25 0.25 0.25
122.43854803571273
45.0
464.7862137814308 208.637585993348
3
439.6814905874671 208.637585993348
0.25 0.25 0.25 0.25
95.53229563110214
45.0
452.25981988494266 119.05377970298082
3
354.655471032753 119.05377970298082
0.25 0.25 0.25 0.25
97.60434885218967
45.0
84.71057458602047 368.6975927995609
0
84.71057458602047 484.5097733133855
0.25 0.25 0.25 0.25
146.79263388705357
45.0
75.98497302263308 439.4017450987276
0
75.98497302263308 300.5843427142002
0.25 0.25 0.25 0.25
138.81740238452738
45.0
149.04420592677056 182.6031028977935
2
314.3671152838816 182.6031028977935
0.25 0.25 0.25 0.25
165.32290935711106
45.0
432.4758986648402 11.19109247480344
3
416.10365645530305 11.19109247480344
0.25 0.25 0.25 0.25
151.42044487985675
45.0
