60031
349.07220498141766 117.69197064311322
2
495.98085585657134 117.69197064311322
0.25 0.25 0.25 0.25
146.90865087515368
45.0
291.5494539561842 311.14921859540846
3
203.90988456264643 311.14921859540846
0.25 0.25 0.25 0.25
87.63956939353777
45.0
159.84857692804314 208.51592444118484
0
159.84857692804314 72.44194211357103
0.25 0.25 0.25 0.25
136.0739823276138
45.0
151.46819954500484 232.07159265689154
2
312.0835373412807 232.07159265689154
0.25 0.25 0.25 0.25
160.61533779627587
45.0
16.210091651990695 139.34153528352246
1
16.210091651990695 274.72124445371094
0.25 0.25 0.25 0.25
135.37970917018848
45.0
227.79433195560892 235.57490010388614
3
119.71529450938074 235.57490010388614
0.25 0.25 0.25 0.25
108.07903744622818
45.0
472.89736266446766 472.2305041830863
0
472.89736266446766 430.0830636844005
0.25 0.25 0.25 0.25
97.68643213251327
45.0
0.3727509114492591 98.18005674407695
2
131.7541915673922 98.18005674407695
0.25 0.25 0.25 0.25
131.38144065594295
45.0
262.56189481455317 443.73822615289976
0
262.56189481455317 280.7997659579961
0.25 0.25 0.25 0.25
162.93846019490363
45.0
95.20444672195384 284.34037916808154
2
30.060714198285012 284.34037916808154
0.25 0.25 0.25 0.25
125.26516092023886
45.0
395.57256914998356 46.93617126285454
1
395.57256914998356 208.10509774677925
0.25 0.25 0.25 0.25
161.1689264839247
45.0
223.38586144485362 60.127747615412204
1
223.38586144485362 48.73799281020433
0.25 0.25 0.25 0.25
108.86574042561654
45.0
414.9328029586344 267.3718791553259
0
414.9328029586344 133.97071125325172
0.25 0.25 0.25 0.25
133.4011679020742
45.0
321.7769725470262 264.3637796291519
0
321.7769725470262 100.84882524088732
0.25 0.25 0.25 0.25
163.51495438826458
45.0
470.6036852746887 199.66931650563583
3
389.0476260388439 199.66931650563583
0.25 0.25 0.25 0.25
140.34868868646743
45.0
284.3157340122252 46.856449369043105
3
123.15415606824018 46.856449369043105
0.25 0.25 0.25 0.25
161.16157794398504
45.0
40.70566661454649 301.90640998417916
2
97.1940426513423 301.90640998417916
0.25 0.25 0.25 0.25
137.8997092658888
45.0
438.71887163261454 303.3137252942841
3
342.00806670470723 303.3137252942841
0.25 0.25 0.25 0.25
96.71080492790732
45.0
458.7289963091971 159.3232533052751
1
458.7289963091971 13.070582475848596
0.25 0.25 0.25 0.25
172.3938357811237
45.0
285.9534224630702 213.38218656183503
0
285.9534224630702 72.88582953885697
0.25 0.25 0.25 0.25
140.49635702297806
45.0
148.51238353712648 493.2897100916792
0
148.51238353712648 319.88143512322085
0.25 0.25 0.25 0.25
173.40827496845833
45.0
143.57261947433662 384.58734859375625
0
143.57261947433662 487.76550807913304
0.25 0.25 0.25 0.25
127.64714332711074
45.0
411.9431998737615 304.8682349530583
0
411.9431998737615 215.05350414355956
0.25 0.25 0.25 0.25
89.81473080949871
45.0
180.10982744181194 376.8198399642581
0
180.10982744181194 253.2302707356626
0.25 0.25 0.25 0.25
123.58956922859551
45.0
38.78444540486578 128.73612550628528
2
130.60895386133896 128.73612550628528
0.25 0.25 0.25 0.25
91.82450845647318
45.0
112.60262270840063 306.49961558349673
1
112.60262270840063 416.97772430991324
0.25 0.25 0.25 0.25
110.47810872641652
45.0
460.16069976111817 25.560756750593555
1
460.16069976111817 191.4710957728425
0.25 0.25 0.25 0.25
165.91033902224893
45.0
151.92837702250245 80.20107600361803
2
323.08153818947187 80.20107600361803
0.25 0.25 0.25 0.25
171.15316116696943
45.0
422.2977684518132 189.45349389616462
3
479.72484451272703 189.45349389616462
0.25 0.25 0.25 0.25
97.9773870354597
45.0
307.76811631620444 117.83244607666958
3
171.5473459335087 117.83244607666958
0.25 0.25 0.25 0.25
136.22077038269575
45.0
414.40380351812917 170.0627943629606
1
414.40380351812917 299.0205174177877
0.25 0.25 0.25 0.25
128.95772305482708
45.0
481.9993499261094 71.7716894877911
3
344.18427089096485 71.7716894877911
0.25 0.25 0.25 0.25
173.81637918292577
45.0
29.707906489975286 86.34355276052382
1
29.707906489975286 187.69759469069743
0.25 0.25 0.25 0.25
101.35404193017361
45.0
387.9790511086068 208.70303707274758
1
387.9790511086068 297.62178699951073
0.25 0.25 0.25 0.25
88.91874992676316
45.0
188.68525837584292 370.381461039564
2
313.6790062552619 370.381461039564
0.25 0.25 0.25 0.25
124.993747879419
45.0
201.37827823777272 327.2325441386689
1
201.37827823777272 447.3500121996992
0.25 0.25 0.25 0.25
120.11746806103034
45.0
474.7235169757173 277.0067471203337
3
366.6632817826599 277.0067471203337
0.25 0.25 0.25 0.25
108.0602351930574
45.0
268.0820251220955 493.0333128748652
3
177.54088561181214 493.0333128748652
0.25 0.25 0.25 0.25
90.54113951028334
45.0
395.72600165549215 61.855621122527225
3
269.535106677661 61.855621122527225
0.25 0.25 0.25 0.25
126.19089497783116
45.0
234.67051744539822 216.71161945246484
3
145.94258748814588 216.71161945246484
0.25 0.25 0.25 0.25
88.72792995725234
45.0
436.24053582711906 436.3725648723989
3
299.90612979414004 436.3725648723989
0.25 0.25 0.25 0.25
136.33440603297902
45.0
345.37662158044895 361.5096294731925
3
222.9380735447362 361.5096294731925
0.25 0.25 0.25 0.25
122.43854803571273
45.0
369.2539181503286 71.78109264681326
1
369.2539181503286 23.75120298428888
0.25 0.25 0.25 0.25
95.53229563110214
45.0
498.0488542190742 76.15491800139853
1
498.0488542190742 173.7592668535882
0.25 0.25 0.25 0.25
97.60434885218967
45.0
392.266212124694 365.265576635707
3
460.9411539882525 365.265576635707
0.25 0.25 0.25 0.25
146.79263388705357
45.0
229.9280150547301 115.86786443938183
1
229.9280150547301 254.68526682390922
0.25 0.25 0.25 0.25
138.81740238452738
45.0
431.3147614969904 380.1761876842394
0
431.3147614969904 454.5009029586496
0.25 0.25 0.25 0.25
165.32290935711106
45.0
21.785435974730035 263.24089968777514
0
21.785435974730035 111.8204548079184
0.25 0.25 0.25 0.25
151.42044487985675
45.0
