47857
243.8902432963884 92.29688785185866
3
122.39010913961384 92.29688785185866
0.25 0.25 0.25 0.25
121.50013415677456
45.0
17.529502556123134 73.89096941723756
1
17.529502556123134 97.98702807091956
0.25 0.25 0.25 0.25
171.87799748815712
45.0
263.1062624122596 228.53646749486944
1
263.1062624122596 316.3614058976697
0.25 0.25 0.25 0.25
87.8249384028003
45.0
359.26404087771937 430.7178140001067
0
359.26404087771937 456.1046823927643
0.25 0.25 0.25 0.25
113.17750360712901
45.0
467.0390174596731 341.7075997226757
0
467.0390174596731 178.2905011332666
0.25 0.25 0.25 0.25
163.4170985894091
45.0
330.1269904879455 391.54456636767287
0
330.1269904879455 287.5966735265338
0.25 0.25 0.25 0.25
103.94789284113911
45.0
306.6594600817941 203.13098114916227
0
306.6594600817941 62.583713091658865
0.25 0.25 0.25 0.25
140.5472680575034
45.0
284.565536460394 273.5822857926843
0
284.565536460394 122.94409579182332
0.25 0.25 0.25 0.25
150.63819000086096
45.0
170.98864094618068 348.72342561715766
2
286.5050685465209 348.72342561715766
0.25 0.25 0.25 0.25
115.5164276003402
45.0
327.26997192982685 358.6699442099757
2
465.3720969231888 358.6699442099757
0.25 0.25 0.25 0.25
138.10212499336194
45.0
137.01556736286648 286.6229641094533
2
287.8331571247304 286.6229641094533
0.25 0.25 0.25 0.25
150.81758976186393
45.0
83.48680388354609 306.2796589888766
2
206.44032305816452 306.2796589888766
0.25 0.25 0.25 0.25
122.95351917461844
45.0
258.5564321229566 473.44083464050163
0
258.5564321229566 316.62853541778
0.25 0.25 0.25 0.25
156.8122992227217
45.0
478.06758237816746 390.2455846533827
3
361.448172921597 390.2455846533827
0.25 0.25 0.25 0.25
160.4842447002355
45.0
351.62531402409115 232.7549099860785
3
259.1871026660234 232.7549099860785
0.25 0.25 0.25 0.25
92.43821135806772
45.0
338.4055338790505 168.72283895756246
1
338.4055338790505 339.45157965834017
0.25 0.25 0.25 0.25
170.7287407007777
45.0
442.2352647015857 230.08790741416692
1
442.2352647015857 401.3354110769533
0.25 0.25 0.25 0.25
171.24750366278636
45.0
357.95279225069976 338.6347173824444
3
485.2590305610297 338.6347173824444
0.25 0.25 0.25 0.25
156.78817718827048
45.0
238.52301947705644 243.52404761687012
0
238.52301947705644 138.24427757162874
0.25 0.25 0.25 0.25
105.27977004524136
45.0
330.8792162017704 378.4538700614454
0
330.8792162017704 450.64943367454447
0.25 0.25 0.25 0.25
170.89669626401013
45.0
479.81289003974325 97.17757435458157
3
382.98316424880227 97.17757435458157
0.25 0.25 0.25 0.25
96.82972579094096
45.0
386.1174485661495 221.136613657688
3
248.0207433460267 221.136613657688
0.25 0.25 0.25 0.25
138.0967052201228
45.0
120.48996774968697 364.9644323722186
2
235.29662520623754 364.9644323722186
0.25 0.25 0.25 0.25
114.80665745655057
45.0
421.4885727485115 223.80542915699283
0
421.4885727485115 73.78383908442186
0.25 0.25 0.25 0.25
150.02159007257097
45.0
166.61413962132644 163.52888713143494
3
58.32593112700842 163.52888713143494
0.25 0.25 0.25 0.25
108.28820849431803
45.0
487.38876117942505 183.54962197787046
1
487.38876117942505 352.6911661189838
0.25 0.25 0.25 0.25
169.14154414111334
45.0
482.13425658037136 162.6192099241457
3
376.0447924013988 162.6192099241457
0.25 0.25 0.25 0.25
106.08946417897253
45.0
353.7470352232881 144.78177405470274
3
205.91091929135314 144.78177405470274
0.25 0.25 0.25 0.25
147.83611593193496
45.0
494.391865275044 447.485885236439
3
322.5490391600872 447.485885236439
0.25 0.25 0.25 0.25
171.8428261149568
45.0
310.58835552297415 203.52726209277452
1
310.58835552297415 226.35511498453013
0.25 0.25 0.25 0.25
22.827852891755622
45.0
407.94467033538416 184.05483161269123
0
407.94467033538416 180.9338315673821
0.25 0.25 0.25 0.25
3.121000045309119
45.0
402.882308988035 184.27944785015876
3
360.8242322313745 184.27944785015876
0.25 0.25 0.25 0.25
42.0580767566605
45.0
334.20244214743116 462.7738027334616
3
314.456967162506 462.7738027334616
0.25 0.25 0.25 0.25
19.745474984925167
45.0
148.82264148968642 481.8778903479635
0
148.82264148968642 448.2946928099376
0.25 0.25 0.25 0.25
33.583197538025914
45.0
17.153139840215392 25.16548914698351
0
17.153139840215392 24.77583944005881
0.25 0.25 0.25 0.25
0.3896497069246996
45.0
229.97277307448832 341.15874312178033
2
274.288515133282 341.15874312178033
0.25 0.25 0.25 0.25
44.31574205879365
45.0
288.04452150461196 496.62941160642566
0
288.04452150461196 474.6836991941432
0.25 0.25 0.25 0.25
21.945712412282507
45.0
189.4581304413179 162.63106429274092
3
162.6931493259409 162.63106429274092
0.25 0.25 0.25 0.25
26.764981115376997
45.0
241.8718356193392 293.88208746341235
1
241.8718356193392 318.40949175082665
0.25 0.25 0.25 0.25
24.527404287414296
45.0
59.239139738026616 338.00564055353846
1
59.239139738026616 361.5396986220816
0.25 0.25 0.25 0.25
23.53405806854311
45.0
141.75647059944296 267.4679757867875
3
97.69863484740142 267.4679757867875
0.25 0.25 0.25 0.25
44.05783575204155
45.0
249.934220459975 256.86225147564124
1
249.934220459975 286.7692327633839
0.25 0.25 0.25 0.25
29.906981287742653
45.0
113.4629447710092 70.52846350525127
1
113.4629447710092 111.72073071510819
0.25 0.25 0.25 0.25
41.19226720985692
45.0
131.97139138498233 258.4285938671162
3
99.50092413387847 258.4285938671162
0.25 0.25 0.25 0.25
32.47046725110385
45.0
467.6971578824746 35.76312449904319
3
499.7595261339482 35.76312449904319
0.25 0.25 0.25 0.25
32.54331598357722
45.0
195.80037827760435 86.09901740059405
3
156.59333833570975 86.09901740059405
0.25 0.25 0.25 0.25
39.207039941894614
45.0
71.783841860027 471.2898163861185
0
71.783841860027 454.64886462404127
0.25 0.25 0.25 0.25
16.640951762077254
45.0
245.43890635308028 148.3267061409789
3
234.64657708249797 148.3267061409789
0.25 0.25 0.25 0.25
10.792329270582323
45.0
