1656
334.53364567915503 451.8831278700103
3
216.38747197371904 451.8831278700103
0.25 0.25 0.25 0.25
118.14617370543598
45.0
189.1618240899962 162.0914479603617
0
189.1618240899962 65.64489133984745
0.25 0.25 0.25 0.25
96.44655662051426
45.0
337.7843560783426 420.33164289834826
0
337.7843560783426 420.2306042403703
0.25 0.25 0.25 0.25
159.43775286128144
45.0
495.35098294007395 309.2454673794294
0
495.35098294007395 215.7563356908896
0.25 0.25 0.25 0.25
93.48913168853976
45.0
44.91457289876719 123.66345619114101
0
44.91457289876719 4.363478572501521
0.25 0.25 0.25 0.25
119.29997761863949
45.0
111.58839236941799 237.3006456855278
0
111.58839236941799 148.6252160276348
0.25 0.25 0.25 0.25
88.675429657893
45.0
140.3604374503683 153.51495147737035
1
140.3604374503683 245.33503944347967
0.25 0.25 0.25 0.25
91.82008796610933
45.0
201.3785066202621 263.60106581690536
1
201.3785066202621 416.7361637245401
0.25 0.25 0.25 0.25
153.13509790763476
45.0
314.7220421533121 38.42745327456666
1
314.7220421533121 52.8442270974068
0.25 0.25 0.25 0.25
91.27168037197346
45.0
341.16274477269997 414.8778092961388
0
341.16274477269997 264.72556932925977
0.25 0.25 0.25 0.25
150.15223996687905
45.0
299.4133879771014 351.20006207372967
0
299.4133879771014 325.5838195485036
0.25 0.25 0.25 0.25
25.616242525226095
45.0
19.866356322048834 356.3116594894216
1
19.866356322048834 386.0121860723565
0.25 0.25 0.25 0.25
29.700526582934895
45.0
450.73186374225634 191.0251626444698
0
450.73186374225634 174.6632205078671
0.25 0.25 0.25 0.25
16.361942136602703
45.0
242.51956512265167 137.1738997640858
2
249.84071333873504 137.1738997640858
0.25 0.25 0.25 0.25
7.321148216083362
45.0
411.85559513804 19.92824977074656
2
456.4670426369199 19.92824977074656
0.25 0.25 0.25 0.25
44.61144749887994
45.0
328.2750373527092 178.2041238835886
1
328.2750373527092 191.4735694057953
0.25 0.25 0.25 0.25
13.269445522206691
45.0
74.62471862416915 14.334732267436365
3
68.44945160612892 14.334732267436365
0.25 0.25 0.25 0.25
6.175267018040231
45.0
238.49940858207714 164.45489419116484
2
246.56494488526306 164.45489419116484
0.25 0.25 0.25 0.25
8.065536303185928
45.0
368.122196890571 125.69387365168232
0
368.122196890571 118.55842547556688
0.25 0.25 0.25 0.25
7.13544817611545
45.0
10.325638924034212 428.2169857731617
1
10.325638924034212 433.2540481075044
0.25 0.25 0.25 0.25
5.037062334342712
45.0
129.8972955284302 312.78508771351693
0
129.8972955284302 265.53055100673686
0.25 0.25 0.25 0.25
47.25453670678008
45.0
203.12670537248385 481.32532991080365
0
203.12670537248385 480.6659082584241
0.25 0.25 0.25 0.25
0.6594216523795438
45.0
392.4068142746702 363.66993696235113
2
431.1869641060663 363.66993696235113
0.25 0.25 0.25 0.25
38.78014983139613
45.0
418.72107048410555 73.72143154397688
3
389.4035286261267 73.72143154397688
0.25 0.25 0.25 0.25
29.317541857978856
45.0
483.7531527314811 329.2739437194299
0
483.7531527314811 296.79786533904127
0.25 0.25 0.25 0.25
32.47607838038863
45.0
216.95351656571583 77.6525400630315
2
230.30220233797007 77.6525400630315
0.25 0.25 0.25 0.25
13.348685772254237
45.0
117.85698760683526 79.76522423632845
2
139.54878921163862 79.76522423632845
0.25 0.25 0.25 0.25
21.691801604803363
45.0
386.92943046625237 53.08088207728878
1
386.92943046625237 73.07169291046091
0.25 0.25 0.25 0.25
19.990810833172134
45.0
103.25293839935688 40.78943005669615
1
103.25293839935688 63.46742134848839
0.25 0.25 0.25 0.25
22.67799129179224
45.0
94.3422077016032 121.36856394639554
3
85.74441390097232 121.36856394639554
0.25 0.25 0.25 0.25
8.597793800630877
45.0
257.4844085630651 57.24258959805625
3
235.30563131869164 57.24258959805625
0.25 0.25 0.25 0.25
22.17877724437343
45.0
225.57404772137997 470.6569191074352
2
272.156563163959 470.6569191074352
0.25 0.25 0.25 0.25
46.58251544257903
45.0
436.9856927951884 64.04012554203652
3
406.9855996473188 64.04012554203652
0.25 0.25 0.25 0.25
30.000093147869645
45.0
251.37127397075665 258.1266501588153
0
251.37127397075665 240.88123524432774
0.25 0.25 0.25 0.25
17.245414914487583
45.0
366.00655869275 256.5725940792885
1
366.00655869275 269.0408796904161
0.25 0.25 0.25 0.25
12.468285611127595
45.0
139.56907831888432 51.833267456821
2
163.56877277456408 51.833267456821
0.25 0.25 0.25 0.25
23.999694455679766
45.0
227.74419922300186 420.32781115795325
1
227.74419922300186 466.9499907713324
0.25 0.25 0.25 0.25
46.62217961337918
45.0
461.9519053123979 204.7520299266614
1
461.9519053123979 252.11752275629738
0.25 0.25 0.25 0.25
47.36549282963597
45.0
357.93691563403354 369.1429984168742
3
321.54857578533245 369.1429984168742
0.25 0.25 0.25 0.25
36.38833984870109
45.0
431.26031719403585 141.04325741219077
3
414.7606941549795 141.04325741219077
0.25 0.25 0.25 0.25
16.49962303905636
45.0
357.8890812563788 62.66580868930873
0
357.8890812563788 26.588044184001205
0.25 0.25 0.25 0.25
36.07776450530753
45.0
397.2625490576012 94.66644223985224
2
422.73740741265146 94.66644223985224
0.25 0.25 0.25 0.25
25.474858355050284
45.0
356.4422517785196 294.64690035277727
1
356.4422517785196 310.88324278872886
0.25 0.25 0.25 0.25
16.236342435951595
45.0
104.23818653694275 74.44626917801781
3
63.66744408398688 74.44626917801781
0.25 0.25 0.25 0.25
40.57074245295587
45.0
176.02659353998268 484.05696408215135
2
215.6791265064213 484.05696408215135
0.25 0.25 0.25 0.25
39.65253296643863
45.0
389.0622169928859 337.7200252954847
3
353.89526558362746 337.7200252954847
0.25 0.25 0.25 0.25
35.16695140925843
45.0
225.93134527423518 304.9620812114111
3
201.87703403091442 304.9620812114111
0.25 0.25 0.25 0.25
24.054311243320765
45.0
294.41106166599 177.6003539379742
0
294.41106166599 161.35310265125958
0.25 0.25 0.25 0.25
16.247251286714643
45.0
