1656
201.36661249151294 278.9063438080623
2
319.5127861969489 278.9063438080623
0.25 0.25 0.25 0.25
118.14617370543598
45.0
389.5175156330894 4.732768514190667
3
293.07095901257514 4.732768514190667
0.25 0.25 0.25 0.25
96.44655662051426
45.0
294.4108732460312 58.08265434347396
1
294.4108732460312 101.35509851780748
0.25 0.25 0.25 0.25
159.43775286128144
45.0
167.42072484643194 336.8306684736214
1
167.42072484643194 430.3198001621612
0.25 0.25 0.25 0.25
93.48913168853976
45.0
28.785225668988204 49.9636576233856
2
90.51475194965128 49.9636576233856
0.25 0.25 0.25 0.25
119.29997761863949
45.0
313.50952544838094 156.93595507758334
2
402.18495510627395 156.93595507758334
0.25 0.25 0.25 0.25
88.675429657893
45.0
43.27973848185036 397.4055763192856
0
43.27973848185036 305.5854883531763
0.25 0.25 0.25 0.25
91.82008796610933
45.0
348.45992685758176 101.22224070852246
1
348.45992685758176 254.35733861615722
0.25 0.25 0.25 0.25
153.13509790763476
45.0
409.9822066169935 152.09287565279624
3
318.71052624502005 152.09287565279624
0.25 0.25 0.25 0.25
91.27168037197346
45.0
106.24917579035616 434.9699507369821
2
256.4014157572352 434.9699507369821
0.25 0.25 0.25 0.25
150.15223996687905
45.0
33.59776485083779 469.48624024968774
1
33.59776485083779 495.1024827749138
0.25 0.25 0.25 0.25
25.616242525226095
45.0
376.2726753172676 356.3116594894216
3
346.5721487343327 356.3116594894216
0.25 0.25 0.25 0.25
29.700526582934895
45.0
418.00797946905095 191.0251626444698
0
418.00797946905095 174.6632205078671
0.25 0.25 0.25 0.25
16.361942136602703
45.0
52.16971150448414 137.1738997640858
1
52.16971150448414 144.49504798016918
0.25 0.25 0.25 0.25
7.321148216083362
45.0
97.41848237428054 242.98548726514633
0
97.41848237428054 198.37403976626638
0.25 0.25 0.25 0.25
44.61144749887994
45.0
499.22217085860376 436.98195597241727
3
485.95272533639707 436.98195597241727
0.25 0.25 0.25 0.25
13.269445522206691
45.0
130.20212178653122 102.99534107532803
0
130.20212178653122 96.8200740572878
0.25 0.25 0.25 0.25
6.175267018040231
45.0
464.33442507128296 212.84811201028037
0
464.33442507128296 204.78257570709445
0.25 0.25 0.25 0.25
8.065536303185928
45.0
425.2057822994947 154.23566635614415
0
425.2057822994947 147.1002181800287
0.25 0.25 0.25 0.25
7.13544817611545
45.0
65.73332460180406 463.47642211356055
0
65.73332460180406 458.43935977921785
0.25 0.25 0.25 0.25
5.037062334342712
45.0
106.37538800547026 207.01481606106398
0
106.37538800547026 159.7602793542839
0.25 0.25 0.25 0.25
47.25453670678008
45.0
207.7426569391406 475.3905350393878
1
207.7426569391406 476.04995669176736
0.25 0.25 0.25 0.25
0.6594216523795438
45.0
266.855732859064 218.03231050859077
0
266.855732859064 179.25216067719464
0.25 0.25 0.25 0.25
38.78014983139613
45.0
448.03861234208443 44.403889685998024
0
448.03861234208443 15.086347828019168
0.25 0.25 0.25 0.25
29.317541857978856
45.0
288.91429860579854 287.77154550795404
1
288.91429860579854 320.2476238883427
0.25 0.25 0.25 0.25
32.47607838038863
45.0
230.30220233797007 37.60648274626878
0
230.30220233797007 24.257796974014546
0.25 0.25 0.25 0.25
13.348685772254237
45.0
361.5397738778843 253.2996370747554
1
361.5397738778843 274.99143867955877
0.25 0.25 0.25 0.25
21.691801604803363
45.0
207.01213296770317 46.87317208857189
3
187.02132213453103 46.87317208857189
0.25 0.25 0.25 0.25
19.990810833172134
45.0
191.56094839394223 254.02445673660299
1
191.56094839394223 276.7024480283952
0.25 0.25 0.25 0.25
22.67799129179224
45.0
25.559857296556174 86.97738874387201
3
16.9620634959253 86.97738874387201
0.25 0.25 0.25 0.25
8.597793800630877
45.0
30.83969561378955 9.29374213506403
3
8.660918369416123 9.29374213506403
0.25 0.25 0.25 0.25
22.17877724437343
45.0
61.01116165690407 414.41087430156654
3
14.428646214325042 414.41087430156654
0.25 0.25 0.25 0.25
46.58251544257903
45.0
403.0169153451614 364.041057020733
3
373.0168221972918 364.041057020733
0.25 0.25 0.25 0.25
30.000093147869645
45.0
41.80077957553226 68.42708609945191
3
24.555364661044678 68.42708609945191
0.25 0.25 0.25 0.25
17.245414914487583
45.0
453.2845579706433 55.134546198901305
0
453.2845579706433 42.66626058777371
0.25 0.25 0.25 0.25
12.468285611127595
45.0
499.564495154081 403.84151715346707
1
499.564495154081 427.84121160914685
0.25 0.25 0.25 0.25
23.999694455679766
45.0
320.9885584497602 181.0068004406715
1
320.9885584497602 227.6289800540507
0.25 0.25 0.25 0.25
46.62217961337918
45.0
272.48993399385404 67.98020201539816
2
319.85542682349 67.98020201539816
0.25 0.25 0.25 0.25
47.36549282963597
45.0
423.7330452737599 78.03627962726546
1
423.7330452737599 114.42461947596655
0.25 0.25 0.25 0.25
36.38833984870109
45.0
370.7442063372878 122.95071121271098
1
370.7442063372878 139.45033425176734
0.25 0.25 0.25 0.25
16.49962303905636
45.0
245.25550918523845 251.85666570984824
0
245.25550918523845 215.77890120454072
0.25 0.25 0.25 0.25
36.07776450530753
45.0
499.1619824778023 160.0821413106506
0
499.1619824778023 134.6072829556003
0.25 0.25 0.25 0.25
25.474858355050284
45.0
323.9695669066164 262.17421548087407
1
323.9695669066164 278.41055791682567
0.25 0.25 0.25 0.25
16.236342435951595
45.0
449.4836464805427 316.99259402764415
2
490.05438893349856 316.99259402764415
0.25 0.25 0.25 0.25
40.57074245295587
45.0
453.5943243050531 396.9854370185327
1
453.5943243050531 436.63796998497133
0.25 0.25 0.25 0.25
39.65253296643863
45.0
107.72660571881836 29.27484933786336
1
107.72660571881836 5.8921020713950725
0.25 0.25 0.25 0.25
35.16695140925843
45.0
172.71087364274615 152.06983241168342
0
172.71087364274615 128.01552116836265
0.25 0.25 0.25 0.25
24.054311243320765
45.0
326.9055642394193 47.6223436442571
2
343.1528155261339 47.6223436442571
0.25 0.25 0.25 0.25
16.247251286714643
45.0
