89007
18.719130937034606 384.88741041809965
172.96019520315645 384.88741041809965
0.34275706880173323 0.06274364446259986 0.5555483552200672 0.038950931515599634
154.24106426612184
45.0
222.57983370134392 251.9940104137461
57.81666098128994 251.9940104137461
0.5079699592122635 0.0938578940390045 0.05675342105123228 0.34141872569749965
164.76317272005397
45.0
61.71609765584799 69.30834692768673
470.2394541689161 69.30834692768673
0.017586856693288015 0.04896970082855093 0.47446755931909385 0.4589758831590671
91.47664348693189
45.0
248.5887559212355 144.40874588557085
92.43911584551506 144.40874588557085
0.2749091944614127 0.057974751002610285 0.09195803364542526 0.5751580208905518
156.14964007572044
45.0
32.31753101943204 63.13503191315658
123.29494382723213 63.13503191315658
0.1111261030956279 0.34304753528603427 0.37224453166258037 0.17358182995575736
90.97741280780009
45.0
252.47071200633644 478.1494122798402
93.33633839849631 478.1494122798402
0.1929473222063473 0.25273385513898977 0.12702454536822871 0.4272942772864344
159.13437360784013
45.0
184.3520095228663 388.8010707748508
340.4691111801851 388.8010707748508
0.30585956506996603 0.3000802002083394 0.29715390321744184 0.09690633150425278
156.1171016573188
45.0
48.21238045018663 494.8554315474105
382.48787781724786 494.8554315474105
0.12697977845063452 0.2838047441928724 0.27310652617308706 0.3161089511834059
165.7245026329388
45.0
483.71831203735553 435.0149597889721
349.5640094829596 435.0149597889721
0.008238734412207105 0.559048435974786 0.22896642563353106 0.20374640397947572
134.15430255439594
45.0
434.76320898773827 348.5303373220953
48.722706272630376 348.5303373220953
0.6209544948686193 0.05340896856667039 0.2560309733771492 0.06960556318756103
113.95949728489211
45.0
82.52407673841958 293.66829622981413
53.19384408619925 293.66829622981413
0.21830590273291314 0.24749011369896345 0.2743918151294613 0.25981216843866195
29.330232652220328
45.0
168.5246180382938 220.41593906273164
157.8247772409078 220.41593906273164
0.38515981072367955 0.1805345975779075 0.15654856263643194 0.2777570290619811
10.699840797386011
45.0
279.5845528653003 99.18266890819906
245.69548909697704 99.18266890819906
0.2588010216553573 0.3642634853443451 0.11565559200553374 0.2612799009947638
33.889063768323226
45.0
17.494494421033437 464.5941559882864
484.59047950099085 464.5941559882864
0.2960249544156369 0.2759088561619069 0.0950180853777497 0.3330481040447064
32.904014920042634
45.0
304.782294733399 6.2544261873082405
281.6139051130822 6.2544261873082405
0.3539602382650412 0.13909776313283162 0.10662560333640099 0.40031639526572627
23.168389620316816
45.0
52.425718174592845 117.29197612411147
36.02771735156631 117.29197612411147
0.4552710216389899 0.10235475625570861 0.004145997729530237 0.4382282243757713
16.398000823026535
45.0
421.7020760750869 453.9415735425765
463.734332961184 453.9415735425765
0.4672779350076046 0.2645958340065603 0.2572972875278843 0.010828943457950857
42.032256886097116
45.0
99.41536059016573 64.00188345026442
99.41536059016573 102.89795107236193
0.13234929092517092 0.7201003903235651 0.028448917951260474 0.11910140080000355
38.89606762209752
45.0
33.44119660847116 46.863237443869714
497.34206485795386 46.863237443869714
0.04581326874788183 0.21866718765387197 0.44072605648826985 0.29479348710997627
36.099131750517294
45.0
368.5935122454426 188.04954522284922
334.4437702774623 188.04954522284922
0.2683490426003279 0.19908358640730364 0.23100416134525 0.3015632096471185
34.14974196798027
45.0
295.6221722251785 292.00888964774015
255.1014660671172 292.00888964774015
0.20638751952205495 0.33245785877138684 0.02391589449186488 0.43723872721469337
40.520706158061245
45.0
100.1141977640675 495.4067090903429
88.86868566059746 495.4067090903429
0.35419146539117097 0.13358909488088458 0.24432405462942525 0.2678953850985191
11.245512103470034
45.0
459.18789512007146 122.44725030313464
432.4795561843879 122.44725030313464
0.3664730236300895 0.3352388549482657 0.07631867571271032 0.22196944570893448
26.708338935683596
45.0
410.1384007652324 294.24878138020034
402.87191631371616 294.24878138020034
0.1388527499877401 0.14255125188317241 0.06949897378788135 0.6490970243412062
7.266484451516253
45.0
64.83799100167823 486.71922433898317
58.00038878232716 486.71922433898317
0.09046794966268198 0.3922605726579968 0.2527458777991221 0.2645255998801991
6.837602219351075
45.0
415.07657102316534 167.88951667205987
429.03006566472317 167.88951667205987
0.01751541566375985 0.5296091828037419 0.3494469565561519 0.10342844497634625
13.953494641557812
45.0
238.1824758774069 187.10702524556677
284.9980412221265 187.10702524556677
0.14972194127039454 0.4541117420420524 0.3398719149818005 0.056294401705752534
46.81556534471963
45.0
476.81015683788115 297.8627136900828
431.3908992393021 297.8627136900828
0.3656676546105685 0.22953878641384437 0.053484107685914724 0.3513094512896724
45.41925759857905
45.0
163.18668396315078 66.68848351343851
145.21325035240315 66.68848351343851
0.34986597838491984 0.3177097742221568 0.0007097176679671431 0.33171452972495635
17.97343361074763
45.0
303.1638784899171 442.26319223984217
278.8702971497353 442.26319223984217
0.174274595240598 0.1696709291109137 0.0017798354428721073 0.6542746402056162
24.293581340181863
45.0
164.88271495483818 115.47036417102629
207.23677146155615 115.47036417102629
0.3300878841194181 0.28878953877475905 0.18005282454226704 0.20106975256355597
42.354056506717974
45.0
304.92806134613096 175.60319571607596
270.81057854393134 175.60319571607596
0.29477742342891755 0.06339843445180002 0.30426864079418886 0.33755550132509354
34.11748280219963
45.0
444.38206169019816 3.6062540917876618
442.79708110096635 3.6062540917876618
0.2994466606347761 0.27915679167542923 0.18931307552243284 0.23208347216736183
1.5849805892318047
45.0
407.3650881422158 39.63127957126176
380.80040829178284 39.63127957126176
0.1553305080688069 0.4302857086558897 0.09181619589182129 0.3225675873834821
26.564679850432977
45.0
278.714953811407 158.406709969151
252.1835183617328 158.406709969151
0.16628203708211534 0.20470407685708006 0.377475245514637 0.25153864054616754
26.531435449674174
45.0
409.2608379289925 92.16000136497917
413.34060932848865 92.16000136497917
0.22560445325244738 0.5307574816335391 0.12986795567499965 0.11377010943901386
4.079771399496169
45.0
379.2932192395932 387.3024079597316
379.2932192395932 392.65958301927924
0.11118823748026636 0.69331713578532 0.06929747786169342 0.12619714887272027
5.357175059547642
45.0
35.650053768750155 380.0584342428127
15.828712262694694 380.0584342428127
0.012421696528941992 0.207804446575839 0.4296144680222953 0.3501593888729237
19.82134150605546
45.0
24.776838559784974 288.47427617045116
22.327297125765664 288.47427617045116
0.4571474334983142 0.003912596519422669 0.10866023374593216 0.4302797362363311
2.449541434019309
45.0
90.28851938393629 37.78662208602857
71.01933194697244 37.78662208602857
0.18555255059687395 0.4025686762256233 0.14714694028260314 0.2647318328948996
19.26918743696384
45.0
377.7452420139642 80.90031016861646
330.0705746461735 80.90031016861646
0.3345567035768934 0.044389408478833506 0.3937773382726608 0.2272765496716123
47.67466736779069
45.0
261.46634205925 161.3600476122179
258.2453160117569 161.3600476122179
0.008026515055789201 0.34713774912327705 0.2966548832743801 0.3481808525465538
3.2210260474930976
45.0
187.15770906254554 426.9363566227028
171.043219163806 426.9363566227028
0.1333303642574134 0.3144365446635239 0.2619193243991223 0.2903137666799404
16.114489898739553
45.0
422.4807541803977 298.96582617002224
374.38834658576974 298.96582617002224
0.26511389167183425 0.25970209329266897 0.2478169699712481 0.22736704506424868
48.09240759462798
45.0
80.54720256613533 169.09279733740198
92.64751088818444 169.09279733740198
0.36556620761084824 0.38239329881401574 0.2106490265900219 0.041391466985114166
12.10030832204912
45.0
14.422265637538885 410.27866183153265
485.4745439005629 410.27866183153265
0.4057916741006203 0.31691470924506815 0.04022281262306738 0.23707080403124425
28.947721736975996
45.0
188.0246297894663 485.329021370238
215.66510636478893 485.329021370238
0.22284670558236838 0.4400956837293495 0.19890064806830038 0.13815696261998173
27.64047657532262
45.0
296.0833820621239 305.61883366245576
260.75965706024016 305.61883366245576
0.12731522607506088 0.04998753973452915 0.3510667979928084 0.47163043619760153
35.32372500188375
45.0
