88137
437.891151574044 436.50814837682873
2
448.28476442772563 436.50814837682873
0.25 0.25 0.25 0.25
10.393612853681649
45.0
20.12390121326672 283.7076160763902
2
52.70069856729545 283.7076160763902
0.25 0.25 0.25 0.25
32.57679735402873
45.0
333.233062056646 120.30934791340638
2
342.82234227055125 120.30934791340638
0.25 0.25 0.25 0.25
9.589280213905232
45.0
36.03184846811529 214.6988645523794
1
36.03184846811529 219.14280367689506
0.25 0.25 0.25 0.25
4.443939124515656
45.0
270.2951805087019 203.9059955564332
2
279.97507103427466 203.9059955564332
0.25 0.25 0.25 0.25
9.679890525572754
45.0
465.5191235378153 166.72535121907052
3
463.78404834220623 166.72535121907052
0.25 0.25 0.25 0.25
1.7350751956090427
45.0
355.4581981502913 155.08755502504755
3
344.88724705753816 155.08755502504755
0.25 0.25 0.25 0.25
10.570951092753123
45.0
127.00190792267406 333.7821105395915
1
127.00190792267406 382.58154641083
0.25 0.25 0.25 0.25
48.799435871238515
45.0
341.434810858588 8.10575850077268
0
341.434810858588 1.0674972954684225
0.25 0.25 0.25 0.25
7.038261205304258
45.0
23.85390501517079 172.77377946408228
0
23.85390501517079 157.92123158595516
0.25 0.25 0.25 0.25
14.85254787812712
45.0
289.65380102174475 204.35958690932165
1
289.65380102174475 242.7221963783902
0.25 0.25 0.25 0.25
38.36260946906857
45.0
22.39084658664774 473.6372173646075
0
22.39084658664774 439.10727109139094
0.25 0.25 0.25 0.25
34.52994627321658
45.0
252.39591205357647 107.08608877786006
2
299.9971192082501 107.08608877786006
0.25 0.25 0.25 0.25
47.601207154673666
45.0
490.61905624443745 251.56806763282856
3
456.92814640586937 251.56806763282856
0.25 0.25 0.25 0.25
33.69090983856808
45.0
485.3979305378201 466.9989783150019
2
497.6256396100493 466.9989783150019
0.25 0.25 0.25 0.25
12.227709072229187
45.0
89.66843551872518 173.2264707230927
0
89.66843551872518 169.0184359262779
0.25 0.25 0.25 0.25
4.20803479681478
45.0
120.59311584424935 415.4211397473762
0
120.59311584424935 402.48424877959496
0.25 0.25 0.25 0.25
12.936890967781212
45.0
219.0440019725632 309.00932693121047
2
239.30203288136 309.00932693121047
0.25 0.25 0.25 0.25
20.258030908796798
45.0
83.81237661306207 332.7951503333539
3
82.83728796789029 332.7951503333539
0.25 0.25 0.25 0.25
0.9750886451717788
45.0
423.2188101112596 209.33732629638075
1
423.2188101112596 242.6363344225383
0.25 0.25 0.25 0.25
33.299008126157574
45.0
274.922648555975 386.80880945432807
1
274.922648555975 430.20987264445625
0.25 0.25 0.25 0.25
43.401063190128156
45.0
395.65864520816064 158.20444607679386
3
394.0321194678584 158.20444607679386
0.25 0.25 0.25 0.25
1.6265257403022204
45.0
212.36763399415145 186.1294166544726
3
201.64445504404915 186.1294166544726
0.25 0.25 0.25 0.25
10.72317895010228
45.0
466.3184301686108 382.1472077114206
1
466.3184301686108 420.9060044320146
0.25 0.25 0.25 0.25
38.75879672059395
45.0
78.39999483850244 429.8712898633578
2
102.39018958987617 429.8712898633578
0.25 0.25 0.25 0.25
23.990194751373732
45.0
16.29676701106206 41.635531298199815
1
16.29676701106206 66.52261073447568
0.25 0.25 0.25 0.25
24.88707943627586
45.0
285.14494976979626 279.7068735880274
3
264.7244515127852 279.7068735880274
0.25 0.25 0.25 0.25
20.420498257011072
45.0
358.394537352929 440.8492252261637
1
358.394537352929 467.3330440817871
0.25 0.25 0.25 0.25
26.483818855623376
45.0
381.9592391452014 55.536146150006914
1
381.9592391452014 69.50925704278066
0.25 0.25 0.25 0.25
13.973110892773748
45.0
403.5887949812978 14.373086620641011
1
403.5887949812978 9.739482524835108
0.25 0.25 0.25 0.25
24.11256914547612
45.0
350.2655078192177 455.01898097866365
0
350.2655078192177 419.8351001290525
0.25 0.25 0.25 0.25
35.183880849611164
45.0
458.4639330766291 39.43277747976222
0
458.4639330766291 26.60410486514801
0.25 0.25 0.25 0.25
12.828672614614211
45.0
29.795977394947165 46.90321959357963
1
29.795977394947165 81.1305741466931
0.25 0.25 0.25 0.25
34.22735455311348
45.0
454.3327231776568 52.24667696563689
2
470.25146842100287 52.24667696563689
0.25 0.25 0.25 0.25
15.918745243346045
45.0
108.51820276558074 301.36045985407037
3
101.50908484519287 301.36045985407037
0.25 0.25 0.25 0.25
7.0091179203878635
45.0
377.948997922324 480.16015754673083
2
416.5457912063555 480.16015754673083
0.25 0.25 0.25 0.25
38.59679328403151
45.0
496.32075760770493 16.532683018476632
1
496.32075760770493 28.9750715227392
0.25 0.25 0.25 0.25
12.442388504262569
45.0
355.09932801968864 239.38153408538315
2
402.94993897717416 239.38153408538315
0.25 0.25 0.25 0.25
47.850610957485486
45.0
194.3275647306084 262.1878692101662
2
232.48478349135618 262.1878692101662
0.25 0.25 0.25 0.25
38.157218760747774
45.0
18.0050381284871 54.97416119743876
3
13.175291775517202 54.97416119743876
0.25 0.25 0.25 0.25
4.829746352969899
45.0
360.27848496166825 365.2316928044834
2
391.0668578063252 365.2316928044834
0.25 0.25 0.25 0.25
30.7883728446569
45.0
196.40000644544807 401.4338188728598
3
149.23301303339895 401.4338188728598
0.25 0.25 0.25 0.25
47.16699341204914
45.0
140.72778516446985 95.73209440720794
2
166.3074551007826 95.73209440720794
0.25 0.25 0.25 0.25
25.579669936312733
45.0
206.31300635236568 39.5710488942141
2
235.99088836171856 39.5710488942141
0.25 0.25 0.25 0.25
29.677882009352878
45.0
84.69146410217354 16.642777411104774
1
84.69146410217354 46.75216800802513
0.25 0.25 0.25 0.25
30.109390596920356
45.0
36.91873154291891 182.0303322763089
2
74.02848445420611 182.0303322763089
0.25 0.25 0.25 0.25
37.109752911287195
45.0
463.5581839018711 382.363618183824
0
463.5581839018711 338.6982481011697
0.25 0.25 0.25 0.25
43.66537008265423
45.0
33.70748055467982 261.04130298054565
0
33.70748055467982 211.10121580917883
0.25 0.25 0.25 0.25
49.94008717136683
45.0
