88137
22.146637426778167 394.93369696210215
2
32.540250280459816 394.93369696210215
0.25 0.25 0.25 0.25
10.393612853681649
45.0
110.18328820284817 241.25010074747127
1
110.18328820284817 273.8268981015
0.25 0.25 0.25 0.25
32.57679735402873
45.0
227.75097970368853 129.89862812731158
2
237.34025991759376 129.89862812731158
0.25 0.25 0.25 0.25
9.589280213905232
45.0
137.28177738799522 343.57309916333384
0
137.28177738799522 339.12916003881816
0.25 0.25 0.25 0.25
4.443939124515656
45.0
125.09682262511068 174.86632397971496
2
134.77671315068343 174.86632397971496
0.25 0.25 0.25 0.25
9.679890525572754
45.0
488.075101080733 189.28132876198825
2
489.8101762763421 189.28132876198825
0.25 0.25 0.25 0.25
1.7350751956090427
45.0
292.0324915937724 197.37135939606003
3
281.4615405010193 197.37135939606003
0.25 0.25 0.25 0.25
10.570951092753123
45.0
321.4227806868487 422.22071010421587
2
370.2222165580872 422.22071010421587
0.25 0.25 0.25 0.25
48.799435871238515
45.0
292.5756064655909 120.71793778564077
3
285.53734526028666 120.71793778564077
0.25 0.25 0.25 0.25
7.038261205304258
45.0
38.70645289329791 168.83482173284156
2
53.559000771425026 168.83482173284156
0.25 0.25 0.25 0.25
14.85254787812712
45.0
19.819228535021125 406.870010791558
0
19.819228535021125 368.50740132248944
0.25 0.25 0.25 0.25
38.36260946906857
45.0
366.32186739553276 336.8858741950221
2
400.85181366874934 336.8858741950221
0.25 0.25 0.25 0.25
34.52994627321658
45.0
299.9971192082501 463.7537473263708
2
347.5983263629238 463.7537473263708
0.25 0.25 0.25 0.25
47.601207154673666
45.0
423.2372365673013 262.2953627898709
1
423.2372365673013 295.986272628439
0.25 0.25 0.25 0.25
33.69090983856808
45.0
221.1370517286797 435.1793491071647
3
208.90934265645052 435.1793491071647
0.25 0.25 0.25 0.25
12.227709072229187
45.0
34.96398316013302 9.113113647316126
2
39.1720179569478 9.113113647316126
0.25 0.25 0.25 0.25
4.20803479681478
45.0
107.65622487646817 428.3580307151574
2
120.59311584424938 428.3580307151574
0.25 0.25 0.25 0.25
12.936890967781212
45.0
193.47310167232973 45.6549251168521
3
173.21507076353294 45.6549251168521
0.25 0.25 0.25 0.25
20.258030908796798
45.0
90.63799712926453 364.9730756240217
3
89.66290848409275 364.9730756240217
0.25 0.25 0.25 0.25
0.9750886451717788
45.0
155.796988886726 209.33732629638075
2
189.09599701288357 209.33732629638075
0.25 0.25 0.25 0.25
33.299008126157574
45.0
359.94922830917926 264.20713839759435
2
403.35029149930745 264.20713839759435
0.25 0.25 0.25 0.25
43.401063190128156
45.0
421.68305705299605 145.19224015437615
3
420.05653131269383 145.19224015437615
0.25 0.25 0.25 0.25
1.6265257403022204
45.0
72.96630764282169 417.1129621917425
2
83.68948659292397 417.1129621917425
0.25 0.25 0.25 0.25
10.72317895010228
45.0
427.5596334480168 351.1171257262696
3
388.80083672742285 351.1171257262696
0.25 0.25 0.25 0.25
38.75879672059395
45.0
225.88435737165923 221.54771665869094
2
249.87455212303297 221.54771665869094
0.25 0.25 0.25 0.25
23.990194751373732
45.0
468.7810194129929 456.1060574273176
0
468.7810194129929 431.2189779910417
0.25 0.25 0.25 0.25
24.88707943627586
45.0
388.127078118027 475.24714732784
3
367.70657986101594 475.24714732784
0.25 0.25 0.25 0.25
20.420498257011072
45.0
272.55796427237027 261.8476097504886
1
272.55796427237027 288.33142860611196
0.25 0.25 0.25 0.25
26.483818855623376
45.0
423.87857182352275 154.0605172415993
0
423.87857182352275 140.08740634882557
0.25 0.25 0.25 0.25
13.973110892773748
45.0
416.23855596489045 194.54573567445271
0
416.23855596489045 170.43316652897659
0.25 0.25 0.25 0.25
24.11256914547612
45.0
194.67864820988575 118.03150869343926
1
194.67864820988575 153.21538954305043
0.25 0.25 0.25 0.25
35.183880849611164
45.0
490.22137646491404 116.40481316744747
3
477.3927038502998 116.40481316744747
0.25 0.25 0.25 0.25
12.828672614614211
45.0
312.4775681361876 447.09318006942766
0
312.4775681361876 412.8658255163142
0.25 0.25 0.25 0.25
34.22735455311348
45.0
454.3327231776568 170.6157564412078
2
470.25146842100287 170.6157564412078
0.25 0.25 0.25 0.25
15.918745243346045
45.0
361.0926979004058 182.20545520747683
1
361.0926979004058 189.2145731278647
0.25 0.25 0.25 0.25
7.0091179203878635
45.0
30.57785836604041 59.112056807203494
2
69.17465165007192 59.112056807203494
0.25 0.25 0.25 0.25
38.59679328403151
45.0
341.9281918368817 252.9380645994654
1
341.9281918368817 265.380453103728
0.25 0.25 0.25 0.25
12.442388504262569
45.0
120.70910333945662 239.1245754894717
1
120.70910333945662 286.9751864469572
0.25 0.25 0.25 0.25
47.850610957485486
45.0
118.01312720911284 287.83781788141874
2
156.17034596986062 287.83781788141874
0.25 0.25 0.25 0.25
38.157218760747774
45.0
66.30250165818609 151.5690882568366
3
61.47275530521619 151.5690882568366
0.25 0.25 0.25 0.25
4.829746352969899
45.0
6.8343146994633095 196.5177596102199
1
6.8343146994633095 227.3061324548768
0.25 0.25 0.25 0.25
30.7883728446569
45.0
177.41372975151148 175.09199015958245
0
177.41372975151148 127.92499674753331
0.25 0.25 0.25 0.25
47.16699341204914
45.0
191.88712503709527 95.73209440720794
1
191.88712503709527 121.31176434352068
0.25 0.25 0.25 0.25
25.579669936312733
45.0
416.9225158440447 58.51058545184211
1
416.9225158440447 88.18846746119499
0.25 0.25 0.25 0.25
29.677882009352878
45.0
283.0113333624987 46.75216800802513
1
283.0113333624987 76.86155860494549
0.25 0.25 0.25 0.25
30.109390596920356
45.0
111.52028010222986 298.43312696567017
1
111.52028010222986 335.5428798769574
0.25 0.25 0.25 0.25
37.109752911287195
45.0
56.12274518893232 486.6402715682133
0
56.12274518893232 442.97490148555903
0.25 0.25 0.25 0.25
43.66537008265423
45.0
34.905737127343286 61.280954295078345
1
34.905737127343286 111.22104146644517
0.25 0.25 0.25 0.25
49.94008717136683
45.0
