88137
115.68915310991298 498.8698254989186
0
115.68915310991298 488.47621264523696
0.25 0.25 0.25 0.25
10.393612853681649
45.0
150.43109062938163 404.13408751761483
0
150.43109062938163 371.5572901635861
0.25 0.25 0.25 0.25
32.57679735402873
45.0
83.91177649511013 34.005825988259275
0
83.91177649511013 24.41654577435404
0.25 0.25 0.25 0.25
9.589280213905232
45.0
141.72571651251087 370.2367339104279
0
141.72571651251087 365.79279478591224
0.25 0.25 0.25 0.25
4.443939124515656
45.0
231.57561840641088 174.86632397971496
1
231.57561840641088 184.5462145052877
0.25 0.25 0.25 0.25
9.679890525572754
45.0
444.6982211905066 206.6320807180788
2
446.43329638611567 206.6320807180788
0.25 0.25 0.25 0.25
1.7350751956090427
45.0
260.319638315513 218.51326158156627
1
260.319638315513 229.0842126743194
0.25 0.25 0.25 0.25
10.570951092753123
45.0
190.58286060076603 431.38098228206854
3
141.7834247295275 431.38098228206854
0.25 0.25 0.25 0.25
48.799435871238515
45.0
215.15473320724413 106.64141537503227
1
215.15473320724413 113.67967658033652
0.25 0.25 0.25 0.25
7.038261205304258
45.0
291.199766821459 168.83482173284156
2
306.0523146995861 168.83482173284156
0.25 0.25 0.25 0.25
14.85254787812712
45.0
133.63120934125317 17.690847172413513
1
133.63120934125317 56.053456641482086
0.25 0.25 0.25 0.25
38.36260946906857
45.0
13.507541609849625 475.0056592878884
0
13.507541609849625 490.464394438895
0.25 0.25 0.25 0.25
34.52994627321658
45.0
80.81253802913918 203.0378025909136
3
33.21133087446551 203.0378025909136
0.25 0.25 0.25 0.25
47.601207154673666
45.0
322.16450705159707 74.61373559580989
3
288.473597213029 74.61373559580989
0.25 0.25 0.25 0.25
33.69090983856808
45.0
196.68163358422134 454.77126924277275
0
196.68163358422134 442.54356017054357
0.25 0.25 0.25 0.25
12.227709072229187
45.0
43.38005275376258 21.737218037760464
0
43.38005275376258 17.529183240945684
0.25 0.25 0.25 0.25
4.20803479681478
45.0
237.02513455428027 377.58860476812447
3
224.08824358649906 377.58860476812447
0.25 0.25 0.25 0.25
12.936890967781212
45.0
31.408854401955352 106.42901784324249
2
51.66688531075215 106.42901784324249
0.25 0.25 0.25 0.25
20.258030908796798
45.0
77.96184474203139 366.9232529143652
0
77.96184474203139 365.94816426919346
0.25 0.25 0.25 0.25
0.9750886451717788
45.0
255.6940132651987 342.533358801011
3
222.39500513904113 342.533358801011
0.25 0.25 0.25 0.25
33.299008126157574
45.0
446.75135468943563 394.4103279679789
0
446.75135468943563 351.0092647778507
0.25 0.25 0.25 0.25
43.401063190128156
45.0
421.68305705299605 153.32486885588722
3
420.05653131269383 153.32486885588722
0.25 0.25 0.25 0.25
1.6265257403022204
45.0
66.43501870850795 245.54209899010579
2
77.15819765861023 245.54209899010579
0.25 0.25 0.25 0.25
10.72317895010228
45.0
223.6111960666374 113.9884349208578
1
223.6111960666374 152.74723164145175
0.25 0.25 0.25 0.25
38.75879672059395
45.0
489.7764996367703 365.48888516693336
3
486.23330561185594 365.48888516693336
0.25 0.25 0.25 0.25
23.990194751373732
45.0
481.4448217144553 369.68438651875124
1
481.4448217144553 394.5714659550271
0.25 0.25 0.25 0.25
24.88707943627586
45.0
265.6040885759607 422.65036138710474
0
265.6040885759607 402.2298631300937
0.25 0.25 0.25 0.25
20.420498257011072
45.0
34.20359457175984 367.37892627078406
2
60.68741342738321 367.37892627078406
0.25 0.25 0.25 0.25
26.483818855623376
45.0
493.7441262873916 182.0067390271468
3
492.2827628198346 182.0067390271468
0.25 0.25 0.25 0.25
13.973110892773748
45.0
416.23855596489045 25.75775165611989
1
416.23855596489045 49.87032080159601
0.25 0.25 0.25 0.25
24.11256914547612
45.0
207.19537734672434 459.7619211112267
3
172.01149649711317 459.7619211112267
0.25 0.25 0.25 0.25
35.183880849611164
45.0
484.1212783058575 308.83490238666076
2
496.94995092047174 308.83490238666076
0.25 0.25 0.25 0.25
12.828672614614211
45.0
244.02285902996064 207.5016981976335
0
244.02285902996064 173.27434364452
0.25 0.25 0.25 0.25
34.22735455311348
45.0
486.1702136643489 473.0719160647828
3
497.911041092305 473.0719160647828
0.25 0.25 0.25 0.25
15.918745243346045
45.0
466.2294667062234 168.1872193667011
1
466.2294667062234 175.19633728708897
0.25 0.25 0.25 0.25
7.0091179203878635
45.0
455.142584490387 59.112056807203494
1
455.142584490387 97.708850091235
0.25 0.25 0.25 0.25
38.59679328403151
45.0
429.02491136671966 178.28373357389
3
416.5825228624571 178.28373357389
0.25 0.25 0.25 0.25
12.442388504262569
45.0
455.66338004185513 378.0705368506442
1
455.66338004185513 425.9211478081297
0.25 0.25 0.25 0.25
47.850610957485486
45.0
3.5414709268695077 364.15225540291425
2
41.69868968761728 364.15225540291425
0.25 0.25 0.25 0.25
38.157218760747774
45.0
37.324023540366696 127.42035649198715
3
32.4942771873968 127.42035649198715
0.25 0.25 0.25 0.25
4.829746352969899
45.0
85.5308038345074 134.94101392090613
3
54.74243098985049 134.94101392090613
0.25 0.25 0.25 0.25
30.7883728446569
45.0
413.2486968117571 80.75800333548418
0
413.2486968117571 33.59100992343504
0.25 0.25 0.25 0.25
47.16699341204914
45.0
166.30745510078256 95.73209440720794
3
140.72778516446982 95.73209440720794
0.25 0.25 0.25 0.25
25.579669936312733
45.0
209.17734177857466 60.200942585569386
1
209.17734177857466 89.87882459492226
0.25 0.25 0.25 0.25
29.677882009352878
45.0
463.66767694402097 137.08033979878618
3
433.5582863471006 137.08033979878618
0.25 0.25 0.25 0.25
30.109390596920356
45.0
74.02848445420608 72.6644021472018
3
36.918731542918884 72.6644021472018
0.25 0.25 0.25 0.25
37.109752911287195
45.0
278.7531075032508 228.9515629733352
2
322.41847758590507 228.9515629733352
0.25 0.25 0.25 0.25
43.66537008265423
45.0
434.4264344982779 111.22104146644517
1
434.4264344982779 161.161128637812
0.25 0.25 0.25 0.25
49.94008717136683
45.0
