88137
94.90192740254969 384.5400841084205
3
84.50831454886804 384.5400841084205
0.25 0.25 0.25 0.25
10.393612853681649
45.0
175.33688291090562 176.09650603941384
3
142.7600855568769 176.09650603941384
0.25 0.25 0.25 0.25
32.57679735402873
45.0
246.92954013149898 129.89862812731158
1
246.92954013149898 139.4879083412168
0.25 0.25 0.25 0.25
9.589280213905232
45.0
128.39389913896392 325.7973426652711
2
132.83783826347957 325.7973426652711
0.25 0.25 0.25 0.25
4.443939124515656
45.0
144.45660367625618 174.86632397971496
3
134.77671315068343 174.86632397971496
0.25 0.25 0.25 0.25
9.679890525572754
45.0
486.34002588512396 194.48655434881542
0
486.34002588512396 192.75147915320636
0.25 0.25 0.25 0.25
1.7350751956090427
45.0
281.4615405010193 229.0842126743194
0
281.4615405010193 218.51326158156627
0.25 0.25 0.25 0.25
10.570951092753123
45.0
175.0244730731331 373.42127423297734
1
175.0244730731331 422.22071010421587
0.25 0.25 0.25 0.25
48.799435871238515
45.0
313.69039008150366 99.60315416972801
2
320.7286512868079 99.60315416972801
0.25 0.25 0.25 0.25
7.038261205304258
45.0
53.559000771425026 183.6873696109687
3
38.70645289329791 183.6873696109687
0.25 0.25 0.25 0.25
14.85254787812712
45.0
56.90599040311602 330.1447918534209
1
56.90599040311602 368.50740132248944
0.25 0.25 0.25 0.25
38.36260946906857
45.0
435.3817599419659 405.94576674145526
3
400.85181366874934 405.94576674145526
0.25 0.25 0.25 0.25
34.52994627321658
45.0
461.9968450183816 488.64504551895556
3
490.40194782694476 488.64504551895556
0.25 0.25 0.25 0.25
47.601207154673666
45.0
441.9991240784264 329.67718246700707
1
441.9991240784264 363.36809230557515
0.25 0.25 0.25 0.25
33.69090983856808
45.0
233.36476080090887 447.40705817939386
1
233.36476080090887 459.63476725162303
0.25 0.25 0.25 0.25
12.227709072229187
45.0
30.75594836331824 3.5109907431282137
2
34.96398316013302 3.5109907431282137
0.25 0.25 0.25 0.25
4.20803479681478
45.0
107.65622487646817 428.3580307151574
1
107.65622487646817 441.2949216829386
0.25 0.25 0.25 0.25
12.936890967781212
45.0
274.5052253075169 5.138863299258503
1
274.5052253075169 15.119167609538295
0.25 0.25 0.25 0.25
20.258030908796798
45.0
92.5881744196081 364.9730756240217
0
92.5881744196081 363.99798697884995
0.25 0.25 0.25 0.25
0.9750886451717788
45.0
155.796988886726 209.33732629638075
2
189.09599701288357 209.33732629638075
0.25 0.25 0.25 0.25
33.299008126157574
45.0
316.5481651190511 307.60820158772253
0
316.5481651190511 264.20713839759435
0.25 0.25 0.25 0.25
43.401063190128156
45.0
418.4300055723916 148.44529163498058
0
418.4300055723916 146.81876589467836
0.25 0.25 0.25 0.25
1.6265257403022204
45.0
94.41266554302625 395.6666042915379
3
83.68948659292397 395.6666042915379
0.25 0.25 0.25 0.25
10.72317895010228
45.0
456.16397639020124 389.87592244686357
2
494.9227731107952 389.87592244686357
0.25 0.25 0.25 0.25
38.75879672059395
45.0
225.88435737165923 317.5084956641859
0
225.88435737165923 293.51830091281215
0.25 0.25 0.25 0.25
23.990194751373732
45.0
394.11978110416527 431.2189779910417
2
419.00686054044115 431.2189779910417
0.25 0.25 0.25 0.25
24.88707943627586
45.0
408.54757637503803 463.49135790112683
2
428.9680746320491 463.49135790112683
0.25 0.25 0.25 0.25
20.420498257011072
45.0
246.0741454167469 288.33142860611196
2
272.55796427237027 288.33142860611196
0.25 0.25 0.25 0.25
26.483818855623376
45.0
465.7979045018441 195.97984991992055
1
465.7979045018441 209.9529608126943
0.25 0.25 0.25 0.25
13.973110892773748
45.0
392.1259868194143 315.10858140183336
0
392.1259868194143 290.99601225635723
0.25 0.25 0.25 0.25
24.11256914547612
45.0
124.31088651066341 188.3992703926616
2
159.49476736027458 188.3992703926616
0.25 0.25 0.25 0.25
35.183880849611164
45.0
438.90668600645716 90.74746793821906
2
451.7353586210714 90.74746793821906
0.25 0.25 0.25 0.25
12.828672614614211
45.0
278.2502135830741 344.4111164100873
0
278.2502135830741 310.18376185697383
0.25 0.25 0.25 0.25
34.22735455311348
45.0
406.57648744761866 186.53450168455385
2
422.4952326909647 186.53450168455385
0.25 0.25 0.25 0.25
15.918745243346045
45.0
361.0926979004058 168.1872193667011
0
361.0926979004058 161.17810144631324
0.25 0.25 0.25 0.25
7.0091179203878635
45.0
69.17465165007192 97.708850091235
2
107.77144493410344 97.708850091235
0.25 0.25 0.25 0.25
38.59679328403151
45.0
341.9281918368817 252.9380645994654
3
329.4858033326191 252.9380645994654
0.25 0.25 0.25 0.25
12.442388504262569
45.0
216.4103252544276 334.8257974044427
3
168.5597142969421 334.8257974044427
0.25 0.25 0.25 0.25
47.850610957485486
45.0
34.61574783387827 287.83781788141874
0
34.61574783387827 249.68059912067096
0.25 0.25 0.25 0.25
38.157218760747774
45.0
90.45123342303555 146.73934190386672
0
90.45123342303555 141.90959555089682
0.25 0.25 0.25 0.25
4.829746352969899
45.0
54.74243098985049 134.94101392090613
0
54.74243098985049 104.15264107624922
0.25 0.25 0.25 0.25
30.7883728446569
45.0
83.07974292741322 363.75996380777895
2
130.24673633946236 363.75996380777895
0.25 0.25 0.25 0.25
47.16699341204914
45.0
89.56844529184431 44.572754534582465
2
115.14811522815705 44.572754534582465
0.25 0.25 0.25 0.25
25.579669936312733
45.0
298.2109878066333 117.86634947054787
0
298.2109878066333 88.18846746119499
0.25 0.25 0.25 0.25
29.677882009352878
45.0
252.90194276557835 16.642777411104774
1
252.90194276557835 13.466613185815582
0.25 0.25 0.25 0.25
30.109390596920356
45.0
37.30077427965548 224.21362114309576
2
74.41052719094267 224.21362114309576
0.25 0.25 0.25 0.25
37.109752911287195
45.0
99.78811527158655 469.6943583491325
0
99.78811527158655 486.6402715682133
0.25 0.25 0.25 0.25
43.66537008265423
45.0
34.905737127343286 161.161128637812
0
34.905737127343286 111.22104146644517
0.25 0.25 0.25 0.25
49.94008717136683
45.0
