88137
354.7422487445908 189.32178889063204
2
365.13586159827247 189.32178889063204
0.25 0.25 0.25 0.25
10.393612853681649
45.0
426.07054376824505 404.13408751761483
3
393.49374641421633 404.13408751761483
0.25 0.25 0.25 0.25
32.57679735402873
45.0
246.92954013149898 34.00582598825929
3
237.34025991759376 34.00582598825929
0.25 0.25 0.25 0.25
9.589280213905232
45.0
163.94541213508913 423.5640034046161
2
168.38935125960478 423.5640034046161
0.25 0.25 0.25 0.25
4.443939124515656
45.0
367.0940857644296 320.0646818633063
2
376.7739762900024 320.0646818633063
0.25 0.25 0.25 0.25
9.679890525572754
45.0
448.1683715817247 187.5462535663792
2
449.9034467773338 187.5462535663792
0.25 0.25 0.25 0.25
1.7350751956090427
45.0
387.17105142855075 165.65850611780067
0
387.17105142855075 155.08755502504755
0.25 0.25 0.25 0.25
10.570951092753123
45.0
419.02165242932574 324.6218383617388
0
419.02165242932574 275.8224024905003
0.25 0.25 0.25 0.25
48.799435871238515
45.0
67.35124789585484 106.64141537503227
2
74.38950910115909 106.64141537503227
0.25 0.25 0.25 0.25
7.038261205304258
45.0
380.31505409022157 5.456795073443201
2
395.16760196834866 5.456795073443201
0.25 0.25 0.25 0.25
14.85254787812712
45.0
406.01747702992407 362.9543323940306
3
367.6548675608555 362.9543323940306
0.25 0.25 0.25 0.25
38.36260946906857
45.0
186.15727297593253 455.9344481656784
2
220.6872192491491 455.9344481656784
0.25 0.25 0.25 0.25
34.52994627321658
45.0
270.84271689598074 345.4667743030815
1
270.84271689598074 393.06798145775514
0.25 0.25 0.25 0.25
47.601207154673666
45.0
48.435501172651776 276.75919462721833
2
82.12641101121986 276.75919462721833
0.25 0.25 0.25 0.25
33.69090983856808
45.0
270.0478880175964 173.53396058150173
2
282.27559708982557 173.53396058150173
0.25 0.25 0.25 0.25
12.227709072229187
45.0
51.796122347392135 84.85773998998218
1
51.796122347392135 89.06577478679696
0.25 0.25 0.25 0.25
4.20803479681478
45.0
86.39713964025003 299.9672589614372
2
99.33403060803124 299.9672589614372
0.25 0.25 0.25 0.25
12.936890967781212
45.0
362.89383441166103 146.9450796608361
3
342.63580350286423 146.9450796608361
0.25 0.25 0.25 0.25
20.258030908796798
45.0
79.91202203237495 369.84851884988046
1
79.91202203237495 370.8236074950522
0.25 0.25 0.25 0.25
0.9750886451717788
45.0
189.09599701288357 42.842285665592925
0
189.09599701288357 9.543277539435351
0.25 0.25 0.25 0.25
33.299008126157574
45.0
358.17368168212715 394.4103279679789
3
314.77261849199897 394.4103279679789
0.25 0.25 0.25 0.25
43.401063190128156
45.0
400.5382224290673 156.57792033649164
0
400.5382224290673 154.95139459618943
0.25 0.25 0.25 0.25
1.6265257403022204
45.0
366.6840293113721 127.58713053898056
3
355.9608503612698 127.58713053898056
0.25 0.25 0.25 0.25
10.72317895010228
45.0
163.97677113930203 234.8407355644877
2
202.73556785989598 234.8407355644877
0.25 0.25 0.25 0.25
38.75879672059395
45.0
181.9489534016942 101.59674290182227
2
205.93914815306795 101.59674290182227
0.25 0.25 0.25 0.25
23.990194751373732
45.0
369.2327016678894 3.6218050253867133
1
369.2327016678894 21.26527441088915
0.25 0.25 0.25 0.25
24.88707943627586
45.0
388.127078118027 320.54787010204956
3
367.70657986101594 320.54787010204956
0.25 0.25 0.25 0.25
20.420498257011072
45.0
124.69931856198042 394.2667040286055
2
151.1831374176038 394.2667040286055
0.25 0.25 0.25 0.25
26.483818855623376
45.0
38.69545110556823 237.8991825982418
1
38.69545110556823 251.87229349101554
0.25 0.25 0.25 0.25
13.973110892773748
45.0
270.29804514391986 311.81821638054583
0
270.29804514391986 287.7056472350697
0.25 0.25 0.25 0.25
24.11256914547612
45.0
242.3792581963355 258.76703209188395
0
242.3792581963355 223.58315124227278
0.25 0.25 0.25 0.25
35.183880849611164
45.0
349.1059777041576 129.2334857820617
1
349.1059777041576 142.06215839667593
0.25 0.25 0.25 0.25
12.828672614614211
45.0
380.9322772424145 351.8178343697967
3
346.70492268930104 351.8178343697967
0.25 0.25 0.25 0.25
34.22735455311348
45.0
247.38903501415814 495.0905934485251
0
247.38903501415814 479.17184820517906
0.25 0.25 0.25 0.25
15.918745243346045
45.0
484.70670785106176 238.27839857057975
0
484.70670785106176 231.2692806501919
0.25 0.25 0.25 0.25
7.0091179203878635
45.0
339.3522046382925 172.4687028969856
0
339.3522046382925 133.87190961295408
0.25 0.25 0.25 0.25
38.59679328403151
45.0
354.37058034114426 389.80433814635364
2
366.81296884540683 389.80433814635364
0.25 0.25 0.25 0.25
12.442388504262569
45.0
352.9341761282028 435.3898494266092
0
352.9341761282028 387.5392384691237
0.25 0.25 0.25 0.25
47.850610957485486
45.0
118.01312720911284 33.24455664567953
2
156.17034596986062 33.24455664567953
0.25 0.25 0.25 0.25
38.157218760747774
45.0
10.973439989332299 141.90959555089682
0
10.973439989332299 137.07984919792693
0.25 0.25 0.25 0.25
4.829746352969899
45.0
314.7180431460323 272.8665742705126
1
314.7180431460323 303.65494711516953
0.25 0.25 0.25 0.25
30.7883728446569
45.0
435.75718460512724 259.9328386367124
2
482.92417801717636 259.9328386367124
0.25 0.25 0.25 0.25
47.16699341204914
45.0
89.48924426234478 83.32559514698116
1
89.48924426234478 108.9052650832939
0.25 0.25 0.25 0.25
25.579669936312733
45.0
69.83592004980781 355.28940554537087
2
99.5138020591607 355.28940554537087
0.25 0.25 0.25 0.25
29.677882009352878
45.0
433.5582863471006 414.4549654726975
2
463.66767694402097 414.4549654726975
0.25 0.25 0.25 0.25
30.109390596920356
45.0
39.26410288440996 109.77415505848899
1
39.26410288440996 146.88390796977617
0.25 0.25 0.25 0.25
37.109752911287195
45.0
147.75699725528816 120.3713976878986
3
104.09162717263393 120.3713976878986
0.25 0.25 0.25 0.25
43.66537008265423
45.0
264.7347859008577 460.80165166601296
2
314.6748730722245 460.80165166601296
0.25 0.25 0.25 0.25
49.94008717136683
45.0
