88137
240.41250735409272 290.9975684252857
1
240.41250735409272 301.39118127896734
0.25 0.25 0.25 0.25
10.393612853681649
45.0
77.60649084881945 107.21395217195446
0
77.60649084881945 74.63715481792573
0.25 0.25 0.25 0.25
32.57679735402873
45.0
304.46522141493034 254.55927090807955
1
304.46522141493034 264.1485511219848
0.25 0.25 0.25 0.25
9.589280213905232
45.0
12.851481901556912 205.8109863033481
3
8.407542777041257 205.8109863033481
0.25 0.25 0.25 0.25
4.443939124515656
45.0
134.77671315068343 155.50654292856947
2
144.45660367625618 155.50654292856947
0.25 0.25 0.25 0.25
9.679890525572754
45.0
474.19449951586057 187.5462535663792
1
474.19449951586057 189.28132876198825
0.25 0.25 0.25 0.25
1.7350751956090427
45.0
323.74534487203186 133.9456528395413
0
323.74534487203186 123.37470174678819
0.25 0.25 0.25 0.25
10.570951092753123
45.0
44.184552987050466 480.1804181533071
2
92.98398885828898 480.1804181533071
0.25 0.25 0.25 0.25
48.799435871238515
45.0
482.6086590088057 78.48837055381526
0
482.6086590088057 71.450109348511
0.25 0.25 0.25 0.25
7.038261205304258
45.0
80.11393013171906 113.36358795157378
2
94.96647800984618 113.36358795157378
0.25 0.25 0.25 0.25
14.85254787812712
45.0
403.4453232257067 64.17867937415829
2
441.8079326947753 64.17867937415829
0.25 0.25 0.25 0.25
38.36260946906857
45.0
391.96850869195123 129.7061965557226
2
426.4984549651678 129.7061965557226
0.25 0.25 0.25 0.25
34.52994627321658
45.0
156.81884799237602 273.72356845952925
0
156.81884799237602 226.1223613048556
0.25 0.25 0.25 0.25
47.601207154673666
45.0
475.6900339169945 85.34103075285222
0
475.6900339169945 51.650120914284145
0.25 0.25 0.25 0.25
33.69090983856808
45.0
399.8039670322159 320.2664694482518
2
412.03167610444507 320.2664694482518
0.25 0.25 0.25 0.25
12.227709072229187
45.0
81.25236592509562 118.52201836450047
0
81.25236592509562 114.31398356768568
0.25 0.25 0.25 0.25
4.20803479681478
45.0
99.33403060803124 467.168703618501
3
86.39713964025003 467.168703618501
0.25 0.25 0.25 0.25
12.936890967781212
45.0
497.34356530428164 369.78341965760086
3
482.39840378692156 369.78341965760086
0.25 0.25 0.25 0.25
20.258030908796798
45.0
94.53835170995166 354.24710052713243
3
93.56326306477987 354.24710052713243
0.25 0.25 0.25 0.25
0.9750886451717788
45.0
256.7237694804718 8.513521324162255
1
256.7237694804718 24.78548680199532
0.25 0.25 0.25 0.25
33.299008126157574
45.0
115.68692015517843 254.83007325689144
2
159.08798334530658 254.83007325689144
0.25 0.25 0.25 0.25
43.401063190128156
45.0
389.1525422469518 140.3126629334695
2
390.779067987254 140.3126629334695
0.25 0.25 0.25 0.25
1.6265257403022204
45.0
109.32773450891708 497.10160620743915
2
120.05091345901936 497.10160620743915
0.25 0.25 0.25 0.25
10.72317895010228
45.0
223.61119606663746 36.4708414796699
3
184.8523993460435 36.4708414796699
0.25 0.25 0.25 0.25
38.75879672059395
45.0
174.36077384399738 114.31500986054132
1
174.36077384399738 138.30520461191506
0.25 0.25 0.25 0.25
23.990194751373732
45.0
195.0231456139583 141.1838490433032
3
170.13606617768244 141.1838490433032
0.25 0.25 0.25 0.25
24.88707943627586
45.0
387.2474410548515 483.9118561581379
0
387.2474410548515 463.49135790112683
0.25 0.25 0.25 0.25
20.420498257011072
45.0
199.4916242191887 155.91233432799504
0
199.4916242191887 129.42851547237166
0.25 0.25 0.25 0.25
26.483818855623376
45.0
312.09368468133255 84.19496277773058
1
312.09368468133255 98.16807367050433
0.25 0.25 0.25 0.25
13.973110892773748
45.0
78.66258792822468 57.96462081578734
3
54.550018782748566 57.96462081578734
0.25 0.25 0.25 0.25
24.11256914547612
45.0
192.34404113583707 103.18017248255202
1
192.34404113583707 138.3640533321632
0.25 0.25 0.25 0.25
35.183880849611164
45.0
426.07801339184294 65.09012270899065
2
438.90668600645716 65.09012270899065
0.25 0.25 0.25 0.25
12.828672614614211
45.0
440.5242320323088 354.94941057160094
1
440.5242320323088 389.1767651247144
0.25 0.25 0.25 0.25
34.22735455311348
45.0
390.6577422042726 259.19036512913556
2
406.57648744761866 259.19036512913556
0.25 0.25 0.25 0.25
15.918745243346045
45.0
213.90122157226105 266.3148702521312
1
213.90122157226105 273.323988172519
0.25 0.25 0.25 0.25
7.0091179203878635
45.0
201.00290133814866 56.67832304489105
2
239.59969462218018 56.67832304489105
0.25 0.25 0.25 0.25
38.59679328403151
45.0
483.87836910344237 140.9565680611023
0
483.87836910344237 128.51417955683974
0.25 0.25 0.25 0.25
12.442388504262569
45.0
405.6476171928838 334.8257974044427
0
405.6476171928838 286.9751864469572
0.25 0.25 0.25 0.25
47.850610957485486
45.0
149.08740411612158 203.61106813936522
0
149.08740411612158 165.45384937861743
0.25 0.25 0.25 0.25
38.157218760747774
45.0
71.13224801115598 16.33619037367957
3
66.30250165818609 16.33619037367957
0.25 0.25 0.25 0.25
4.829746352969899
45.0
116.31917667916424 80.57759599169222
0
116.31917667916424 49.789223147035315
0.25 0.25 0.25 0.25
30.7883728446569
45.0
48.928098961765926 165.59885181261416
1
48.928098961765926 212.76584522466328
0.25 0.25 0.25 0.25
47.16699341204914
45.0
473.26349433653525 198.0507741524589
2
498.84316427284796 198.0507741524589
0.25 0.25 0.25 0.25
25.579669936312733
45.0
437.5524095354 356.97976267909814
3
407.87452752604713 356.97976267909814
0.25 0.25 0.25 0.25
29.677882009352878
45.0
446.0041512652179 384.3455748757771
2
476.1135418621383 384.3455748757771
0.25 0.25 0.25 0.25
30.109390596920356
45.0
480.6544806103475 330.4693439214577
3
482.23576647836535 330.4693439214577
0.25 0.25 0.25 0.25
37.109752911287195
45.0
205.86947530699302 268.31342115494203
0
205.86947530699302 224.6480510722878
0.25 0.25 0.25 0.25
43.66537008265423
45.0
284.6061729841774 38.59922004765531
1
284.6061729841774 88.53930721902213
0.25 0.25 0.25 0.25
49.94008717136683
45.0
