88137
105.29554025623133 363.7528584010572
2
115.68915310991298 363.7528584010572
0.25 0.25 0.25 0.25
10.393612853681649
45.0
110.18328820284817 208.67330339344255
2
142.7600855568769 208.67330339344255
0.25 0.25 0.25 0.25
32.57679735402873
45.0
227.75097970368853 120.30934791340636
1
227.75097970368853 129.89862812731158
0.25 0.25 0.25 0.25
9.589280213905232
45.0
106.17420351638566 325.7973426652711
2
110.61814264090131 325.7973426652711
0.25 0.25 0.25 0.25
4.443939124515656
45.0
134.77671315068343 174.86632397971496
3
125.09682262511068 174.86632397971496
0.25 0.25 0.25 0.25
9.679890525572754
45.0
482.86987549390585 196.22162954442447
2
484.6049506895149 196.22162954442447
0.25 0.25 0.25 0.25
1.7350751956090427
45.0
270.8905894082661 207.94231048881315
1
270.8905894082661 218.51326158156627
0.25 0.25 0.25 0.25
10.570951092753123
45.0
126.22503720189458 373.42127423297734
3
77.42560133065606 373.42127423297734
0.25 0.25 0.25 0.25
48.799435871238515
45.0
320.7286512868079 113.67967658033652
0
320.7286512868079 106.64141537503227
0.25 0.25 0.25 0.25
7.038261205304258
45.0
68.41154864955215 124.27717809846018
1
68.41154864955215 139.1297259765873
0.25 0.25 0.25 0.25
14.85254787812712
45.0
58.1818380040897 330.1447918534209
3
19.819228535021125 330.1447918534209
0.25 0.25 0.25 0.25
38.36260946906857
45.0
461.02840123838433 405.94576674145526
0
461.02840123838433 371.4158204682387
0.25 0.25 0.25 0.25
34.52994627321658
45.0
461.9968450183816 441.0438383642819
1
461.9968450183816 488.64504551895556
0.25 0.25 0.25 0.25
47.601207154673666
45.0
408.30821423985833 397.0590021441432
0
408.30821423985833 363.36809230557515
0.25 0.25 0.25 0.25
33.69090983856808
45.0
257.8201789453672 459.63476725162303
3
245.59246987313804 459.63476725162303
0.25 0.25 0.25 0.25
12.227709072229187
45.0
47.588087550577356 0.6970440536865663
3
43.38005275376258 0.6970440536865663
0.25 0.25 0.25 0.25
4.20803479681478
45.0
68.84555197312454 454.2318126507198
2
81.78244294090575 454.2318126507198
0.25 0.25 0.25 0.25
12.936890967781212
45.0
254.24719439872013 75.89326033592869
2
274.5052253075169 75.89326033592869
0.25 0.25 0.25 0.25
20.258030908796798
45.0
92.5881744196081 365.94816426919346
1
92.5881744196081 366.9232529143652
0.25 0.25 0.25 0.25
0.9750886451717788
45.0
55.89996450825329 142.73931004406563
3
22.600956382095717 142.73931004406563
0.25 0.25 0.25 0.25
33.299008126157574
45.0
273.1471019289229 220.8060752074662
0
273.1471019289229 177.40501201733804
0.25 0.25 0.25 0.25
43.401063190128156
45.0
415.1769540917872 146.81876589467836
2
416.8034798320894 146.81876589467836
0.25 0.25 0.25 0.25
1.6265257403022204
45.0
105.13584449312853 395.6666042915379
3
94.41266554302625 395.6666042915379
0.25 0.25 0.25 0.25
10.72317895010228
45.0
456.16397639020124 428.63471916745755
3
417.40517966960726 428.63471916745755
0.25 0.25 0.25 0.25
38.75879672059395
45.0
225.88435737165923 293.51830091281215
1
225.88435737165923 317.5084956641859
0.25 0.25 0.25 0.25
23.990194751373732
45.0
344.3456222316135 356.55773968221405
1
344.3456222316135 381.44481911848993
0.25 0.25 0.25 0.25
24.88707943627586
45.0
449.38857288906013 443.0708596441158
1
449.38857288906013 463.49135790112683
0.25 0.25 0.25 0.25
20.420498257011072
45.0
246.0741454167469 261.8476097504886
3
219.5903265611235 261.8476097504886
0.25 0.25 0.25 0.25
26.483818855623376
45.0
437.8516827162965 182.0067390271468
2
451.8247936090703 182.0067390271468
0.25 0.25 0.25 0.25
13.973110892773748
45.0
368.0134176739382 315.10858140183336
0
368.0134176739382 290.99601225635723
0.25 0.25 0.25 0.25
24.11256914547612
45.0
124.31088651066341 153.21538954305043
2
159.49476736027458 153.21538954305043
0.25 0.25 0.25 0.25
35.183880849611164
45.0
477.3927038502998 65.09012270899065
3
464.5640312356856 65.09012270899065
0.25 0.25 0.25 0.25
12.828672614614211
45.0
244.02285902996064 412.8658255163142
2
278.2502135830741 412.8658255163142
0.25 0.25 0.25 0.25
34.22735455311348
45.0
390.6577422042726 186.53450168455385
2
406.57648744761866 186.53450168455385
0.25 0.25 0.25 0.25
15.918745243346045
45.0
389.12916958195717 147.1598656055375
1
389.12916958195717 154.16898352592537
0.25 0.25 0.25 0.25
7.0091179203878635
45.0
30.57785836604041 97.708850091235
2
8.018934917991103 97.708850091235
0.25 0.25 0.25 0.25
38.59679328403151
45.0
329.4858033326191 277.82284160799054
2
341.9281918368817 277.82284160799054
0.25 0.25 0.25 0.25
12.442388504262569
45.0
72.85849238197113 430.52701931941374
2
120.70910333945662 430.52701931941374
0.25 0.25 0.25 0.25
47.850610957485486
45.0
187.24462287686939 249.68059912067096
3
149.0874041161216 249.68059912067096
0.25 0.25 0.25 0.25
38.157218760747774
45.0
95.28097977600544 146.73934190386672
2
100.11072612897533 146.73934190386672
0.25 0.25 0.25 0.25
4.829746352969899
45.0
116.3191766791643 42.575895386935414
3
85.5308038345074 42.575895386935414
0.25 0.25 0.25 0.25
30.7883728446569
45.0
177.41372975151148 316.5929703957298
0
177.41372975151148 269.4259769836807
0.25 0.25 0.25 0.25
47.16699341204914
45.0
38.40910541921885 18.993084598269732
1
38.40910541921885 44.572754534582465
0.25 0.25 0.25 0.25
25.579669936312733
45.0
298.2109878066333 88.18846746119499
0
298.2109878066333 58.51058545184211
0.25 0.25 0.25 0.25
29.677882009352878
45.0
252.90194276557835 46.75216800802513
3
222.792552168658 46.75216800802513
0.25 0.25 0.25 0.25
30.109390596920356
45.0
0.19102136836828265 372.6526327882446
0
0.19102136836828265 335.5428798769574
0.25 0.25 0.25 0.25
37.109752911287195
45.0
99.78811527158655 486.6402715682133
0
99.78811527158655 442.97490148555903
0.25 0.25 0.25 0.25
43.66537008265423
45.0
15.03435004402354 161.161128637812
0
15.03435004402354 111.22104146644517
0.25 0.25 0.25 0.25
49.94008717136683
45.0
