95706
241.20314682368405 350.29841961884165
0
241.20314682368405 192.95159656570593
0.25 0.25 0.25 0.25
157.34682305313572
45.0
424.8452462609413 231.62777530079745
3
325.21120675390586 231.62777530079745
0.25 0.25 0.25 0.25
99.63403950703544
45.0
314.05401553000365 231.24612565834207
1
314.05401553000365 340.472370373668
0.25 0.25 0.25 0.25
109.22624471532595
45.0
212.29300987821904 428.5914932045101
2
220.27438584201352 428.5914932045101
0.25 0.25 0.25 0.25
7.981375963794468
45.0
274.67134329682733 354.91982563682274
1
274.67134329682733 360.99114974085677
0.25 0.25 0.25 0.25
6.0713241040340264
45.0
131.3506611931518 288.87023068808446
0
131.3506611931518 258.8977403492703
0.25 0.25 0.25 0.25
29.97249033881415
45.0
194.22267340334713 256.68247736465844
1
194.22267340334713 285.31497978244175
0.25 0.25 0.25 0.25
28.632502417783307
45.0
18.930640646887078 113.26262863677536
2
10.285416985886425 113.26262863677536
0.25 0.25 0.25 0.25
29.216057632773502
45.0
260.6933181959927 80.82930841876686
3
252.3234481827148 80.82930841876686
0.25 0.25 0.25 0.25
8.369870013277875
45.0
320.53055364660395 236.04505874704793
3
317.9669031661574 236.04505874704793
0.25 0.25 0.25 0.25
2.5636504804465607
45.0
5.206370375124454 374.4637498441322
1
5.206370375124454 380.7016288512267
0.25 0.25 0.25 0.25
6.23787900709446
45.0
18.257475159414142 172.4359064284246
2
52.03323893097471 172.4359064284246
0.25 0.25 0.25 0.25
33.77576377156057
45.0
456.2809324220512 334.34144898041785
0
456.2809324220512 306.7974145709717
0.25 0.25 0.25 0.25
27.544034409446194
45.0
28.829444195138194 4.428146307711643
1
28.829444195138194 36.835695165665484
0.25 0.25 0.25 0.25
32.40754885795384
45.0
490.6230461353841 218.49123996310078
0
490.6230461353841 173.95866409980772
0.25 0.25 0.25 0.25
44.53257586329305
45.0
104.54629721536844 110.1921732078946
0
104.54629721536844 70.72223574500791
0.25 0.25 0.25 0.25
39.46993746288669
45.0
162.35899806933625 418.8148454306596
2
205.67008158596724 418.8148454306596
0.25 0.25 0.25 0.25
43.31108351663098
45.0
347.32493797488155 94.53884396062855
2
370.52134816815794 94.53884396062855
0.25 0.25 0.25 0.25
23.196410193276368
45.0
458.6102383538582 11.654341501104113
1
458.6102383538582 61.463686222822105
0.25 0.25 0.25 0.25
49.80934472171799
45.0
11.654567092483376 216.44212067981107
1
11.654567092483376 264.1127037445772
0.25 0.25 0.25 0.25
47.670583064766106
45.0
44.49841561258898 31.341001285086037
3
15.737561984602834 31.341001285086037
0.25 0.25 0.25 0.25
28.760853627986144
45.0
297.06712650088286 76.99566420966403
2
320.84908740289427 76.99566420966403
0.25 0.25 0.25 0.25
23.781960902011413
45.0
13.445470424588763 218.2925914904146
2
26.841387803402597 218.2925914904146
0.25 0.25 0.25 0.25
40.28685822799136
45.0
407.7290391027029 175.97289618683732
0
407.7290391027029 131.48176952870736
0.25 0.25 0.25 0.25
44.49112665812996
45.0
498.5253694099182 343.1490918277676
1
498.5253694099182 358.6749533269118
0.25 0.25 0.25 0.25
15.525861499144156
45.0
153.32671803312482 203.33043437911593
2
165.64919302203907 203.33043437911593
0.25 0.25 0.25 0.25
12.322474988914239
45.0
352.67308393345877 432.12470636979384
1
352.67308393345877 447.7815168165941
0.25 0.25 0.25 0.25
15.656810446800234
45.0
87.1122622996267 276.3356987013638
0
87.1122622996267 244.16050311547932
0.25 0.25 0.25 0.25
32.1751955858845
45.0
250.9807795478556 148.6972018731555
3
233.09697802878605 148.6972018731555
0.25 0.25 0.25 0.25
17.883801519069554
45.0
60.76707884383797 368.43693701582464
1
60.76707884383797 404.3068073275165
0.25 0.25 0.25 0.25
35.869870311691834
45.0
108.25625340164648 39.81809001075044
1
108.25625340164648 62.37886636121884
0.25 0.25 0.25 0.25
22.5607763504684
45.0
98.41232593696873 110.03665434048764
0
98.41232593696873 64.94762540204218
0.25 0.25 0.25 0.25
45.08902893844547
45.0
347.0398974289025 37.000795537335634
1
347.0398974289025 57.02724323081252
0.25 0.25 0.25 0.25
20.02644769347689
45.0
193.01206278018134 345.92143404406744
1
193.01206278018134 382.53276373344147
0.25 0.25 0.25 0.25
36.61132968937404
45.0
268.31803850589154 218.1979242510991
1
268.31803850589154 220.15898871390635
0.25 0.25 0.25 0.25
1.9610644628072438
45.0
200.53639216691096 498.52853200566886
2
218.08975903684268 498.52853200566886
0.25 0.25 0.25 0.25
17.553366869931736
45.0
367.65925970892977 25.697368726653174
1
367.65925970892977 69.53107258882704
0.25 0.25 0.25 0.25
43.83370386217387
45.0
308.55171719306065 310.10453120190573
2
309.9572695334486 310.10453120190573
0.25 0.25 0.25 0.25
1.405552340387961
45.0
478.4122182586601 139.17196767282343
1
478.4122182586601 173.37317712169462
0.25 0.25 0.25 0.25
34.20120944887119
45.0
108.30926616073687 364.8180134461409
0
108.30926616073687 341.7442414946746
0.25 0.25 0.25 0.25
23.0737719514663
45.0
335.3336589660639 242.11313427345124
0
335.3336589660639 218.69641321373854
0.25 0.25 0.25 0.25
23.416721059712714
45.0
279.2082094543966 175.55862186413535
1
279.2082094543966 193.24929302543546
0.25 0.25 0.25 0.25
17.690671161300127
45.0
374.68118469315766 336.97017134304525
0
374.68118469315766 294.1049391033457
0.25 0.25 0.25 0.25
42.86523223969956
45.0
112.11528352202072 84.04673042509941
0
112.11528352202072 41.51478859069166
0.25 0.25 0.25 0.25
42.53194183440775
45.0
396.5929377195638 499.0154931202869
0
396.5929377195638 472.71729507573264
0.25 0.25 0.25 0.25
28.26721180398045
45.0
114.80288475465417 262.8222403171797
3
107.79481357917633 262.8222403171797
0.25 0.25 0.25 0.25
7.008071175477842
45.0
257.1034658316266 137.13348086886376
3
215.15718198140067 137.13348086886376
0.25 0.25 0.25 0.25
41.94628385022592
45.0
492.4093648185186 496.586820779292
3
470.46424974696185 496.586820779292
0.25 0.25 0.25 0.25
37.12638543451951
45.0
