70455
271.94507143717755 373.23950649160975
0
271.94507143717755 279.39223913235605
0.25 0.25 0.25 0.25
93.8472673592537
45.0
414.02503803600337 53.29592362321904
1
414.02503803600337 187.28787047047766
0.25 0.25 0.25 0.25
133.99194684725862
45.0
297.9302453130766 416.6844675406103
3
159.59139732222036 416.6844675406103
0.25 0.25 0.25 0.25
138.33884799085627
45.0
405.0581503459658 237.96998534604464
3
436.35980737890054 237.96998534604464
0.25 0.25 0.25 0.25
158.5820422751336
45.0
121.67055178490992 402.69437533706866
2
11.296735831332114 402.69437533706866
0.25 0.25 0.25 0.25
132.96728761624203
45.0
440.3340423274567 368.2147119545025
0
440.3340423274567 466.01641984957814
0.25 0.25 0.25 0.25
165.7688681959194
45.0
410.6758710475532 295.2230651945496
3
453.40401317601777 295.2230651945496
0.25 0.25 0.25 0.25
135.92011577642904
45.0
314.6279145178926 237.94656498859865
2
433.07392891529423 237.94656498859865
0.25 0.25 0.25 0.25
118.44601439740165
45.0
98.90680527300529 347.28027604487636
2
22.741754024812266 347.28027604487636
0.25 0.25 0.25 0.25
121.64855929781756
45.0
306.6964108796862 256.65211302626994
2
464.2169480279183 256.65211302626994
0.25 0.25 0.25 0.25
157.5205371482321
45.0
253.52669950511824 414.7047108833839
0
253.52669950511824 262.49209136558056
0.25 0.25 0.25 0.25
152.21261951780332
45.0
135.8173560542992 32.151071086355444
1
135.8173560542992 175.36566748044285
0.25 0.25 0.25 0.25
143.2145963940874
45.0
319.6867976217532 23.164259584129184
1
319.6867976217532 165.26894606906706
0.25 0.25 0.25 0.25
142.10468648493787
45.0
483.90145139881884 15.268914067638605
3
359.02358342986486 15.268914067638605
0.25 0.25 0.25 0.25
157.07496517131625
45.0
394.45602724246544 220.93565651422432
3
234.69031371876866 220.93565651422432
0.25 0.25 0.25 0.25
159.76571352369677
45.0
162.926885950906 286.0016565078905
1
162.926885950906 412.92797022966084
0.25 0.25 0.25 0.25
126.92631372177033
45.0
203.98937138744554 103.61335852084972
1
203.98937138744554 52.791682486309355
0.25 0.25 0.25 0.25
156.40504100715907
45.0
242.08439531199238 354.2439511026223
0
242.08439531199238 485.32530934873023
0.25 0.25 0.25 0.25
160.43073954864744
45.0
78.64132572688608 484.3103032823069
2
166.83467136811828 484.3103032823069
0.25 0.25 0.25 0.25
88.1933456412322
45.0
294.0884182767707 497.25391995710487
0
294.0884182767707 363.7760640795909
0.25 0.25 0.25 0.25
133.47785587751395
45.0
51.887001236992944 363.56505891154006
0
51.887001236992944 198.31454178328474
0.25 0.25 0.25 0.25
165.25051712825532
45.0
107.40976627599082 75.6927100390767
1
107.40976627599082 238.9941595076764
0.25 0.25 0.25 0.25
163.30144946859969
45.0
327.5320757419357 38.77825803974923
3
192.89213161592838 38.77825803974923
0.25 0.25 0.25 0.25
134.63994412600735
45.0
453.0298331967965 144.9634807169616
1
453.0298331967965 291.83273868219743
0.25 0.25 0.25 0.25
146.86925796523582
45.0
166.88449824518943 323.2704309511839
2
5.826119153261402 323.2704309511839
0.25 0.25 0.25 0.25
172.71061739845084
45.0
490.4366849172782 334.5222463836804
3
405.6283432326122 334.5222463836804
0.25 0.25 0.25 0.25
103.93497185010955
45.0
372.5449858690389 207.06090284546556
1
372.5449858690389 363.6456742886645
0.25 0.25 0.25 0.25
156.58477144319895
45.0
393.8494328661591 262.1700539047988
3
292.29899665255243 262.1700539047988
0.25 0.25 0.25 0.25
101.55043621360666
45.0
63.59885692942967 416.2099851065767
0
63.59885692942967 308.0365381208735
0.25 0.25 0.25 0.25
108.17344698570318
45.0
376.4297250085067 255.82956590639247
0
376.4297250085067 134.76859947696346
0.25 0.25 0.25 0.25
121.06096642942903
45.0
264.1317723907072 82.61743737952975
1
264.1317723907072 58.74406916438164
0.25 0.25 0.25 0.25
141.3615065439114
45.0
65.01011154530657 498.6138187680151
0
65.01011154530657 409.23334600573776
0.25 0.25 0.25 0.25
89.38047276227736
45.0
291.1853511746343 262.3774254345651
2
451.9393678632755 262.3774254345651
0.25 0.25 0.25 0.25
160.75401668864114
45.0
454.03575305695085 108.97764020421117
0
454.03575305695085 15.762356347724477
0.25 0.25 0.25 0.25
93.21528385648669
45.0
84.57695297475934 52.401486543879344
1
84.57695297475934 86.59713236335014
0.25 0.25 0.25 0.25
138.99861890722948
45.0
133.4462896389433 367.2058099843475
2
299.9577490758026 367.2058099843475
0.25 0.25 0.25 0.25
166.5114594368593
45.0
489.13580946006374 437.43010167207467
3
315.7741722360523 437.43010167207467
0.25 0.25 0.25 0.25
173.36163722401142
45.0
452.9028740822156 293.10293525888846
1
452.9028740822156 432.2740125061822
0.25 0.25 0.25 0.25
139.17107724729377
45.0
237.10501414678598 272.8266616934171
1
237.10501414678598 438.97061603367433
0.25 0.25 0.25 0.25
166.14395434025718
45.0
486.94170219286707 256.87279716412
1
486.94170219286707 393.66058219071124
0.25 0.25 0.25 0.25
136.78778502659125
45.0
69.04051880048772 253.32181417540156
2
85.58320357988413 253.32181417540156
0.25 0.25 0.25 0.25
154.62372238037185
45.0
58.50980022194048 295.6266077658463
2
84.96645854085085 295.6266077658463
0.25 0.25 0.25 0.25
143.47625876279133
45.0
476.66450961162604 24.95910163986153
1
476.66450961162604 91.44700515274036
0.25 0.25 0.25 0.25
116.40610679260189
45.0
167.58932333356032 105.27115554583332
3
24.57662495658252 105.27115554583332
0.25 0.25 0.25 0.25
143.0126983769778
45.0
278.244512492663 379.5325753498042
3
181.82574686482604 379.5325753498042
0.25 0.25 0.25 0.25
96.41876562783692
45.0
187.2592211962874 314.1331745096524
0
187.2592211962874 197.67973392437392
0.25 0.25 0.25 0.25
116.45344058527847
45.0
144.08263350196677 325.4366370958734
2
241.18807053984185 325.4366370958734
0.25 0.25 0.25 0.25
97.10543703787508
45.0
16.94865444529256 319.3876519151214
2
154.76834611598892 319.3876519151214
0.25 0.25 0.25 0.25
171.71700056128148
45.0
