70455
478.83306743685205 345.2186914306292
3
427.31966520389426 345.2186914306292
0.25 0.25 0.25 0.25
93.8472673592537
45.0
226.2970880736514 455.2717641649949
2
360.28903492091 455.2717641649949
0.25 0.25 0.25 0.25
133.99194684725862
45.0
42.003578796648185 275.00977241367104
2
180.34242678750445 275.00977241367104
0.25 0.25 0.25 0.25
138.33884799085627
45.0
9.121426902698033 445.05977397037657
2
149.46061537243557 445.05977397037657
0.25 0.25 0.25 0.25
158.5820422751336
45.0
479.4275853663639 338.9560744071323
3
346.46029775012187 338.9560744071323
0.25 0.25 0.25 0.25
132.96728761624203
45.0
62.35935308478514 294.8607608291751
2
228.12822128070454 294.8607608291751
0.25 0.25 0.25 0.25
165.7688681959194
45.0
45.64366584673064 159.30294941812053
2
181.56378162315968 159.30294941812053
0.25 0.25 0.25 0.25
135.92011577642904
45.0
314.6279145178926 169.82336302439307
1
314.6279145178926 288.26937742179473
0.25 0.25 0.25 0.25
118.44601439740165
45.0
117.57878770517026 44.47692746603592
2
4.0697715926472995 44.47692746603592
0.25 0.25 0.25 0.25
121.64855929781756
45.0
378.26251482384964 469.0494272851097
0
378.26251482384964 373.43003556665826
0.25 0.25 0.25 0.25
157.5205371482321
45.0
384.5033727543647 128.65743056320616
3
463.284007727832 128.65743056320616
0.25 0.25 0.25 0.25
152.21261951780332
45.0
296.3286078865748 29.64889632774367
3
153.11401149248738 29.64889632774367
0.25 0.25 0.25 0.25
143.2145963940874
45.0
319.6867976217532 17.897064978694345
3
177.58211113681534 17.897064978694345
0.25 0.25 0.25 0.25
142.10468648493787
45.0
144.39840928644617 199.35626007578009
2
301.4733744577624 199.35626007578009
0.25 0.25 0.25 0.25
157.07496517131625
45.0
286.01254571014107 61.1699429905276
1
286.01254571014107 98.59577053316917
0.25 0.25 0.25 0.25
159.76571352369677
45.0
456.294172883783 32.149029064349804
3
329.3678591620127 32.149029064349804
0.25 0.25 0.25 0.25
126.92631372177033
45.0
454.89632573425865 270.766477450514
3
298.4912847270996 270.766477450514
0.25 0.25 0.25 0.25
156.40504100715907
45.0
44.238093055229626 324.89456980008276
2
204.66883260387706 324.89456980008276
0.25 0.25 0.25 0.25
160.43073954864744
45.0
127.61856350202403 339.30300543522867
2
215.81190914325623 339.30300543522867
0.25 0.25 0.25 0.25
88.1933456412322
45.0
106.34514935577113 167.96752126775561
2
239.82300523328507 167.96752126775561
0.25 0.25 0.25 0.25
133.47785587751395
45.0
43.39010400652484 445.6937322688003
2
208.64062113478016 445.6937322688003
0.25 0.25 0.25 0.25
165.25051712825532
45.0
494.58657477839586 67.4174362411211
3
342.11197575300446 67.4174362411211
0.25 0.25 0.25 0.25
163.30144946859969
45.0
135.37174049797974 442.69809041777125
0
135.37174049797974 422.6619654562214
0.25 0.25 0.25 0.25
134.63994412600735
45.0
12.422059301089064 29.990583004924872
1
12.422059301089064 176.8598409701607
0.25 0.25 0.25 0.25
146.86925796523582
45.0
214.80044094241725 467.7552472596602
2
387.5110583408681 467.7552472596602
0.25 0.25 0.25 0.25
172.71061739845084
45.0
465.20115006935976 2.5182040145666633
3
361.2661782192502 2.5182040145666633
0.25 0.25 0.25 0.25
103.93497185010955
45.0
493.52772855065143 242.662931607052
3
336.94295710745246 242.662931607052
0.25 0.25 0.25 0.25
156.58477144319895
45.0
285.99489635695454 316.12383910470805
3
184.4444601433479 316.12383910470805
0.25 0.25 0.25 0.25
101.55043621360666
45.0
424.3904237417436 416.2099851065767
3
316.21697675604037 416.2099851065767
0.25 0.25 0.25 0.25
108.17344698570318
45.0
313.4051878793711 107.3533333818946
3
192.3442214499421 107.3533333818946
0.25 0.25 0.25 0.25
121.06096642942903
45.0
301.31425378493844 223.97894392344114
0
301.31425378493844 82.61743737952975
0.25 0.25 0.25 0.25
141.3615065439114
45.0
495.09767574174424 18.081855726730083
3
415.5218514959784 18.081855726730083
0.25 0.25 0.25 0.25
89.38047276227736
45.0
291.1853511746343 219.88462463135832
1
291.1853511746343 380.63864131999946
0.25 0.25 0.25 0.25
160.75401668864114
45.0
454.03575305695085 119.9319665225418
3
452.7489630865624 119.9319665225418
0.25 0.25 0.25 0.25
93.21528385648669
45.0
166.41061719030594 496.40701091496146
2
305.4092360975354 496.40701091496146
0.25 0.25 0.25 0.25
138.99861890722948
45.0
199.57662923477523 466.28273057879306
2
366.0880886716345 466.28273057879306
0.25 0.25 0.25 0.25
166.5114594368593
45.0
436.28364226825795 296.1862705680397
3
390.35472050773063 296.1862705680397
0.25 0.25 0.25 0.25
173.36163722401142
45.0
287.92933756597813 124.41029648299283
3
148.75826031868436 124.41029648299283
0.25 0.25 0.25 0.25
139.17107724729377
45.0
240.24128810524283 219.3326534104407
3
74.09733376498565 219.3326534104407
0.25 0.25 0.25 0.25
166.14395434025718
45.0
60.20943791349791 247.79283812838364
1
60.20943791349791 384.5806231549749
0.25 0.25 0.25 0.25
136.78778502659125
45.0
240.20692596025597 98.69809179502971
1
240.20692596025597 253.32181417540156
0.25 0.25 0.25 0.25
154.62372238037185
45.0
371.9189760664335 452.1043005472553
3
484.6047651707752 452.1043005472553
0.25 0.25 0.25 0.25
143.47625876279133
45.0
58.69504357463558 353.0812374918995
2
57.71106321796631 353.0812374918995
0.25 0.25 0.25 0.25
116.40610679260189
45.0
403.37258153550624 391.2965522997889
0
403.37258153550624 465.69074932323326
0.25 0.25 0.25 0.25
143.0126983769778
45.0
300.2680812743586 126.08862218792412
1
300.2680812743586 222.50738781576104
0.25 0.25 0.25 0.25
96.41876562783692
45.0
118.88674587851519 266.0522092421461
3
2.433305293236714 266.0522092421461
0.25 0.25 0.25 0.25
116.45344058527847
45.0
435.398944615592 131.22576302012322
1
435.398944615592 228.3312000579983
0.25 0.25 0.25 0.25
97.10543703787508
45.0
13.353348922396265 56.76464125077342
1
13.353348922396265 228.4816418120549
0.25 0.25 0.25 0.25
171.71700056128148
45.0
