70455
132.65138345550952 467.08677385086344
2
226.4986508147632 467.08677385086344
0.25 0.25 0.25 0.25
93.8472673592537
45.0
12.049197494227457 435.513358747236
0
12.049197494227457 430.49469440550536
0.25 0.25 0.25 0.25
133.99194684725862
45.0
191.2194613862265 199.92705255082706
3
52.88061339537023 199.92705255082706
0.25 0.25 0.25 0.25
138.33884799085627
45.0
484.86755372809887 493.5675203195749
0
484.86755372809887 334.98547804444127
0.25 0.25 0.25 0.25
158.5820422751336
45.0
445.85274219096107 464.3383370466893
0
445.85274219096107 331.3710494304472
0.25 0.25 0.25 0.25
132.96728761624203
45.0
130.34346923355267 300.2475516536588
0
130.34346923355267 134.47868345773938
0.25 0.25 0.25 0.25
165.7688681959194
45.0
94.20285541172734 25.17635592330521
2
41.7172603647017 25.17635592330521
0.25 0.25 0.25 0.25
135.92011577642904
45.0
382.4659271106892 434.0918595159176
0
382.4659271106892 447.46212608668077
0.25 0.25 0.25 0.25
118.44601439740165
45.0
410.2294319315391 198.82019112959938
3
288.5808726337216 198.82019112959938
0.25 0.25 0.25 0.25
121.64855929781756
45.0
196.94285665847167 366.40566724748464
3
39.42231951023956 366.40566724748464
0.25 0.25 0.25 0.25
157.5205371482321
45.0
448.2112115600353 40.15264985107342
3
295.99859204223196 40.15264985107342
0.25 0.25 0.25 0.25
152.21261951780332
45.0
7.397240339788198 24.644546810520126
1
7.397240339788198 167.85914320460753
0.25 0.25 0.25 0.25
143.2145963940874
45.0
243.4647537125632 154.73455685819715
3
101.36006722762534 154.73455685819715
0.25 0.25 0.25 0.25
142.10468648493787
45.0
44.87365308723258 57.24346129475009
2
112.20131208408367 57.24346129475009
0.25 0.25 0.25 0.25
157.07496517131625
45.0
157.73603791071037 13.907062225127845
2
2.0296756129864093 13.907062225127845
0.25 0.25 0.25 0.25
159.76571352369677
45.0
389.60072937459086 17.72473578660737
1
389.60072937459086 144.6510495083777
0.25 0.25 0.25 0.25
126.92631372177033
45.0
293.8633462084688 114.36143644335493
1
293.8633462084688 42.04360456380414
0.25 0.25 0.25 0.25
156.40504100715907
45.0
41.361521077187206 175.23231896762152
1
41.361521077187206 335.66305851626896
0.25 0.25 0.25 0.25
160.43073954864744
45.0
274.1320568380428 162.91631415276424
3
185.93871119681057 162.91631415276424
0.25 0.25 0.25 0.25
88.1933456412322
45.0
239.82300523328507 307.94889163339707
2
373.300861110799 307.94889163339707
0.25 0.25 0.25 0.25
133.47785587751395
45.0
113.36351589126238 420.203040577396
0
113.36351589126238 254.95252344914067
0.25 0.25 0.25 0.25
165.25051712825532
45.0
299.9583454148161 442.67821535307985
2
463.2597948834158 442.67821535307985
0.25 0.25 0.25 0.25
163.30144946859969
45.0
286.87015921777083 307.62118322032416
0
286.87015921777083 172.9812390943168
0.25 0.25 0.25 0.25
134.63994412600735
45.0
393.6556796559853 473.2320315860662
3
459.47506237877883 473.2320315860662
0.25 0.25 0.25 0.25
146.86925796523582
45.0
267.06770686223024 395.2278384782502
0
267.06770686223024 222.51722107979936
0.25 0.25 0.25 0.25
172.71061739845084
45.0
326.9289062304211 477.80693673488554
0
326.9289062304211 418.25809141500486
0.25 0.25 0.25 0.25
103.93497185010955
45.0
468.6383859714316 495.34110315264365
3
312.05361452823263 495.34110315264365
0.25 0.25 0.25 0.25
156.58477144319895
45.0
471.37124354649177 231.16132963266568
3
369.8208073328851 231.16132963266568
0.25 0.25 0.25 0.25
101.55043621360666
45.0
99.87008278463401 497.9444549636087
2
208.0435297703372 497.9444549636087
0.25 0.25 0.25 0.25
108.17344698570318
45.0
281.89291931480335 17.804635517033404
1
281.89291931480335 103.25633091239563
0.25 0.25 0.25 0.25
121.06096642942903
45.0
280.37534539969766 407.21826723783374
3
139.01383885578628 407.21826723783374
0.25 0.25 0.25 0.25
141.3615065439114
45.0
326.1413787337011 141.09192771890565
0
326.1413787337011 51.71145495662829
0.25 0.25 0.25 0.25
89.38047276227736
45.0
316.3548157117772 11.82119179358898
3
155.60079902313603 11.82119179358898
0.25 0.25 0.25 0.25
160.75401668864114
45.0
131.91086247371123 263.8834952217356
2
225.1261463301979 263.8834952217356
0.25 0.25 0.25 0.25
93.21528385648669
45.0
54.42166593247015 141.33105081258245
2
193.42028483969963 141.33105081258245
0.25 0.25 0.25 0.25
138.99861890722948
45.0
135.30877639663186 372.79327025741327
2
301.82023583349115 372.79327025741327
0.25 0.25 0.25 0.25
166.5114594368593
45.0
476.45346561232645 304.2382877921323
1
476.45346561232645 477.59992501614374
0.25 0.25 0.25 0.25
173.36163722401142
45.0
210.52195975914697 464.5161504180429
3
71.3508825118532 464.5161504180429
0.25 0.25 0.25 0.25
139.17107724729377
45.0
433.7433511311565 56.324973028640386
3
400.1126945285863 56.324973028640386
0.25 0.25 0.25 0.25
166.14395434025718
45.0
34.092842299232046 375.24935256996764
0
34.092842299232046 487.96286240344114
0.25 0.25 0.25 0.25
136.78778502659125
45.0
322.57298262285894 407.9455365557734
0
322.57298262285894 253.32181417540153
0.25 0.25 0.25 0.25
154.62372238037185
45.0
224.10890596410295 439.1028665286376
3
80.63264720131161 439.1028665286376
0.25 0.25 0.25 0.25
143.47625876279133
45.0
338.1782379365872 305.4262763584825
0
338.1782379365872 189.0201695658806
0.25 0.25 0.25 0.25
116.40610679260189
45.0
25.66551359542717 322.67805094625544
1
25.66551359542717 465.69074932323326
0.25 0.25 0.25 0.25
143.0126983769778
45.0
0.00648114620756246 127.35533097395587
0
0.00648114620756246 30.936565346118954
0.25 0.25 0.25 0.25
96.41876562783692
45.0
43.01632539376864 390.003594994399
0
43.01632539376864 493.54296442032256
0.25 0.25 0.25 0.25
116.45344058527847
45.0
222.51098909271977 189.11702226262182
1
222.51098909271977 286.2224593004969
0.25 0.25 0.25 0.25
97.10543703787508
45.0
360.3826555678555 458.386360433071
3
188.66565500657404 458.386360433071
0.25 0.25 0.25 0.25
171.71700056128148
45.0
