70455
132.65138345550952 222.1640386157032
0
132.65138345550952 128.3167712564495
0.25 0.25 0.25 0.25
93.8472673592537
45.0
461.86221782561745 497.5697308164256
3
327.8702709783588 497.5697308164256
0.25 0.25 0.25 0.25
133.99194684725862
45.0
222.84752545023264 385.05640347660415
2
361.1863734410889 385.05640347660415
0.25 0.25 0.25 0.25
138.33884799085627
45.0
374.79325780216357 127.7018455534209
3
216.21121552702996 127.7018455534209
0.25 0.25 0.25 0.25
158.5820422751336
45.0
243.65646788841335 400.6000361167529
0
243.65646788841335 466.43267626700504
0.25 0.25 0.25 0.25
132.96728761624203
45.0
366.9631353542055 207.83263458306678
1
366.9631353542055 373.6015027789862
0.25 0.25 0.25 0.25
165.7688681959194
45.0
346.5281811274633 287.25913455760224
3
210.60806535103427 287.25913455760224
0.25 0.25 0.25 0.25
135.92011577642904
45.0
382.4659271106892 249.63171554190103
3
499.0880584919091 249.63171554190103
0.25 0.25 0.25 0.25
118.44601439740165
45.0
18.472228420626877 463.04565659440766
0
18.472228420626877 415.3057841077748
0.25 0.25 0.25 0.25
121.64855929781756
45.0
488.01606904506406 428.30681267726595
0
488.01606904506406 270.78627552903384
0.25 0.25 0.25 0.25
157.5205371482321
45.0
122.55002625587178 285.5085354530901
1
122.55002625587178 437.7211549708934
0.25 0.25 0.25 0.25
152.21261951780332
45.0
281.5341272069984 113.56570006634374
2
424.74872360108577 113.56570006634374
0.25 0.25 0.25 0.25
143.2145963940874
45.0
253.99914292343323 424.2185782924241
0
253.99914292343323 282.11389180748625
0.25 0.25 0.25 0.25
142.10468648493787
45.0
201.94861825854883 272.48213079287353
1
201.94861825854883 429.5570959641898
0.25 0.25 0.25 0.25
157.07496517131625
45.0
441.7189080078649 145.85865129856882
1
441.7189080078649 13.907062225127959
0.25 0.25 0.25 0.25
159.76571352369677
45.0
356.54664318186843 240.75634368182278
2
483.47295690363876 240.75634368182278
0.25 0.25 0.25 0.25
126.92631372177033
45.0
9.357485058128304 42.04360456380414
1
9.357485058128304 114.36143644335493
0.25 0.25 0.25 0.25
156.40504100715907
45.0
81.65365576334494 260.8319331000383
2
242.08439531199238 260.8319331000383
0.25 0.25 0.25 0.25
160.43073954864744
45.0
127.61856350202414 133.04311620631853
1
127.61856350202414 221.23646184755074
0.25 0.25 0.25 0.25
88.1933456412322
45.0
172.00015821317345 307.94889163339695
2
305.4780140906874 307.94889163339695
0.25 0.25 0.25 0.25
133.47785587751395
45.0
51.887001236992944 75.54851080736995
2
113.36351589126238 75.54851080736995
0.25 0.25 0.25 0.25
165.25051712825532
45.0
54.120659231224295 75.6927100390767
1
54.120659231224295 87.60873942952298
0.25 0.25 0.25 0.25
163.30144946859969
45.0
366.73039952215584 385.1776992998226
0
366.73039952215584 480.18235657417006
0.25 0.25 0.25 0.25
134.63994412600735
45.0
249.99096371825937 4.539451933708108
2
396.8602216834952 4.539451933708108
0.25 0.25 0.25 0.25
146.86925796523582
45.0
214.80044094241725 395.79783973259396
0
214.80044094241725 431.4915428689552
0.25 0.25 0.25 0.25
172.71061739845084
45.0
465.20115006935976 27.75373886248508
3
430.86387808053064 27.75373886248508
0.25 0.25 0.25 0.25
103.93497185010955
45.0
34.486100403421176 424.1370456294708
2
191.07087184662012 424.1370456294708
0.25 0.25 0.25 0.25
156.58477144319895
45.0
197.72865917780473 363.7204901184054
2
299.2790953914114 363.7204901184054
0.25 0.25 0.25 0.25
101.55043621360666
45.0
450.82940087041493 310.4540765918914
3
342.6559538847117 310.4540765918914
0.25 0.25 0.25 0.25
108.17344698570318
45.0
81.28997997348374 376.8905323358215
1
81.28997997348374 497.9514987652505
0.25 0.25 0.25 0.25
121.06096642942903
45.0
280.37534539969766 6.396798201280092
3
139.01383885578628 6.396798201280092
0.25 0.25 0.25 0.25
141.3615065439114
45.0
164.1952328240954 305.81043609248115
1
164.1952328240954 395.1909088547585
0.25 0.25 0.25 0.25
89.38047276227736
45.0
291.1853511746343 333.32922517087127
1
291.1853511746343 494.08324185951244
0.25 0.25 0.25 0.25
160.75401668864114
45.0
318.3414301866846 227.56104648205144
2
411.55671404317127 227.56104648205144
0.25 0.25 0.25 0.25
93.21528385648669
45.0
166.41061719030594 356.6938088572871
2
305.4092360975354 356.6938088572871
0.25 0.25 0.25 0.25
138.99861890722948
45.0
135.3087763966318 370.9307834997246
2
301.8202358334911 370.9307834997246
0.25 0.25 0.25 0.25
166.5114594368593
45.0
83.80126940377659 437.4301016720751
0
83.80126940377659 389.2082611039134
0.25 0.25 0.25 0.25
173.36163722401142
45.0
485.33342647732184 4.601999861725801
3
375.4954962753844 4.601999861725801
0.25 0.25 0.25 0.25
139.17107724729377
45.0
240.24128810524283 53.18869907018353
1
240.24128810524283 112.95525527007365
0.25 0.25 0.25 0.25
166.14395434025718
45.0
239.48272775395046 351.1750773768499
3
102.6949427273592 351.1750773768499
0.25 0.25 0.25 0.25
136.78778502659125
45.0
23.433928806949382 417.21395917418647
0
23.433928806949382 428.16231844544166
0.25 0.25 0.25 0.25
154.62372238037185
45.0
201.98605898473178 299.96041910538554
2
345.4623177475231 299.96041910538554
0.25 0.25 0.25 0.25
143.47625876279133
45.0
364.7370145442366 228.94929647110988
0
364.7370145442366 112.54318967850799
0.25 0.25 0.25 0.25
116.40610679260189
45.0
166.50043469471566 106.36004418467797
1
166.50043469471566 249.37274256165577
0.25 0.25 0.25 0.25
143.0126983769778
45.0
228.643393831097 486.96960651469647
0
228.643393831097 416.6116278574666
0.25 0.25 0.25 0.25
96.41876562783692
45.0
392.37664714960414 232.96713430858864
3
275.92320656432565 232.96713430858864
0.25 0.25 0.25 0.25
116.45344058527847
45.0
126.69658126340408 120.95721484599596
0
126.69658126340408 23.851777808120886
0.25 0.25 0.25 0.25
97.10543703787508
45.0
154.76834611598892 256.3673565041007
2
326.4853466772704 256.3673565041007
0.25 0.25 0.25 0.25
171.71700056128148
45.0
