70455
414.19318553327065 345.2186914306293
1
414.19318553327065 439.065958789883
0.25 0.25 0.25 0.25
93.8472673592537
45.0
217.97671911955516 237.22753130496997
0
217.97671911955516 103.23558445771135
0.25 0.25 0.25 0.25
133.99194684725862
45.0
127.96333325821422 401.5220286696956
0
127.96333325821422 263.18318067883934
0.25 0.25 0.25 0.25
138.33884799085627
45.0
497.9263569556375 251.02878857358328
3
339.3443146805039 251.02878857358328
0.25 0.25 0.25 0.25
158.5820422751336
45.0
11.296735831332086 129.1747751278995
1
11.296735831332086 262.1420627441415
0.25 0.25 0.25 0.25
132.96728761624203
45.0
451.10762397642407 207.83263458306678
0
451.10762397642407 42.06376638714738
0.25 0.25 0.25 0.25
165.7688681959194
45.0
187.3948290596918 73.73554548830191
1
187.3948290596918 62.184570288127134
0.25 0.25 0.25 0.25
135.92011577642904
45.0
223.34638963214718 156.24111826856495
1
223.34638963214718 274.6871326659666
0.25 0.25 0.25 0.25
118.44601439740165
45.0
232.96443336030302 423.825062187468
2
354.61299265812056 423.825062187468
0.25 0.25 0.25 0.25
121.64855929781756
45.0
189.83306247488116 51.364592951021166
1
189.83306247488116 208.88513009925327
0.25 0.25 0.25 0.25
157.5205371482321
45.0
189.81886069944767 498.57100622343603
0
189.81886069944767 346.3583867056327
0.25 0.25 0.25 0.25
152.21261951780332
45.0
120.80430750262857 466.7992097858412
0
120.80430750262857 389.98619382007143
0.25 0.25 0.25 0.25
143.2145963940874
45.0
435.4555110795163 287.3810864129212
1
435.4555110795163 429.4857728978591
0.25 0.25 0.25 0.25
142.10468648493787
45.0
201.9486182585481 344.99450615526257
3
44.873653087231844 344.99450615526257
0.25 0.25 0.25 0.25
157.07496517131625
45.0
209.05826990208294 292.03277041470227
1
209.05826990208294 451.79848393839904
0.25 0.25 0.25 0.25
159.76571352369677
45.0
101.28484685425559 79.3667748832579
2
228.21116057602592 79.3667748832579
0.25 0.25 0.25 0.25
126.92631372177033
45.0
449.9350135051684 209.19672349346843
1
449.9350135051684 365.6017645006275
0.25 0.25 0.25 0.25
156.40504100715907
45.0
461.46767500112753 466.49063922696826
3
378.101585450225 466.49063922696826
0.25 0.25 0.25 0.25
160.43073954864744
45.0
313.34816470413705 252.53590799210156
3
225.15481906290483 252.53590799210156
0.25 0.25 0.25 0.25
88.1933456412322
45.0
441.1237081309105 36.6575035529508
3
425.3984359915755 36.6575035529508
0.25 0.25 0.25 0.25
133.47785587751395
45.0
242.6282100566526 9.420461497311123
1
242.6282100566526 174.67097862556645
0.25 0.25 0.25 0.25
165.25051712825532
45.0
220.96415662259312 402.29560897627607
0
220.96415662259312 238.9941595076764
0.25 0.25 0.25 0.25
163.30144946859969
45.0
232.09045539614849 423.0989285276612
0
232.09045539614849 442.2611273463315
0.25 0.25 0.25 0.25
134.63994412600735
45.0
78.2775871508453 114.24500027487704
2
225.14684511608112 114.24500027487704
0.25 0.25 0.25 0.25
146.86925796523582
45.0
214.80044094241725 467.7552472596602
2
387.5110583408681 467.7552472596602
0.25 0.25 0.25 0.25
172.71061739845084
45.0
248.2294692282302 295.17252788258503
3
144.29449737812064 295.17252788258503
0.25 0.25 0.25 0.25
103.93497185010955
45.0
267.9707563006101 397.852810562597
0
267.9707563006101 445.562417994204
0.25 0.25 0.25 0.25
156.58477144319895
45.0
120.20684849747214 418.7578399238124
2
221.7572847110788 418.7578399238124
0.25 0.25 0.25 0.25
101.55043621360666
45.0
393.1163696710364 255.15858386353094
3
284.9429226853332 255.15858386353094
0.25 0.25 0.25 0.25
108.17344698570318
45.0
192.3442214499421 287.34183447096024
1
192.3442214499421 408.40280090038925
0.25 0.25 0.25 0.25
121.06096642942903
45.0
164.64808261727705 475.29359443340286
2
306.00958916118844 475.29359443340286
0.25 0.25 0.25 0.25
141.3615065439114
45.0
449.1514507258766 319.8528732434603
1
449.1514507258766 409.23334600573764
0.25 0.25 0.25 0.25
89.38047276227736
45.0
349.6057810160256 210.27604291428784
3
188.85176432738447 210.27604291428784
0.25 0.25 0.25 0.25
160.75401668864114
45.0
54.51970523926215 69.1957216798347
1
54.51970523926215 24.019562176651988
0.25 0.25 0.25 0.25
93.21528385648669
45.0
444.4078550047649 276.37938905955093
3
305.4092360975354 276.37938905955093
0.25 0.25 0.25 0.25
138.99861890722948
45.0
29.340196282538386 31.389160974096228
1
29.340196282538386 135.12229846276307
0.25 0.25 0.25 0.25
166.5114594368593
45.0
49.39054447616638 397.26027832800605
0
49.39054447616638 429.3780844479825
0.25 0.25 0.25 0.25
173.36163722401142
45.0
200.3631788565718 366.7912108060615
0
200.3631788565718 494.0377119466448
0.25 0.25 0.25 0.25
139.17107724729377
45.0
251.91802699861503 398.0217035845253
0
251.91802699861503 435.8343420752175
0.25 0.25 0.25 0.25
166.14395434025718
45.0
152.21808615580878 68.26823673866016
1
152.21808615580878 205.05602176525142
0.25 0.25 0.25 0.25
136.78778502659125
45.0
147.73247835281884 387.72875466610515
2
6.891244027553 387.72875466610515
0.25 0.25 0.25 0.25
154.62372238037185
45.0
71.96502452223316 152.13741388068465
1
71.96502452223316 295.613672643476
0.25 0.25 0.25 0.25
143.47625876279133
45.0
111.81259678993433 448.3911597587337
0
111.81259678993433 435.2027334486644
0.25 0.25 0.25 0.25
116.40610679260189
45.0
452.5258314486713 111.80448737890123
3
404.4614701743509 111.80448737890123
0.25 0.25 0.25 0.25
143.0126983769778
45.0
13.782293793727632 295.3987840450544
0
13.782293793727632 198.98001841721748
0.25 0.25 0.25 0.25
96.41876562783692
45.0
463.38045704787703 136.80520377357595
3
346.92701646259854 136.80520377357595
0.25 0.25 0.25 0.25
116.45344058527847
45.0
60.39678874791062 149.82199991937483
1
60.39678874791062 246.9274369572499
0.25 0.25 0.25 0.25
97.10543703787508
45.0
437.5983405031742 175.5563660458857
0
437.5983405031742 3.8393654846042296
0.25 0.25 0.25 0.25
171.71700056128148
45.0
