70455
304.26501238896833 120.905089869521
2
398.112279748222 120.905089869521
0.25 0.25 0.25 0.25
93.8472673592537
45.0
255.93469620028978 497.5697308164256
2
389.9266430475484 497.5697308164256
0.25 0.25 0.25 0.25
133.99194684725862
45.0
53.830170531479894 306.6378364776772
0
53.830170531479894 168.29898848682092
0.25 0.25 0.25 0.25
138.33884799085627
45.0
423.3010041513619 348.0442812719799
3
418.1169535735045 348.0442812719799
0.25 0.25 0.25 0.25
158.5820422751336
45.0
110.68918027217128 400.6000361167529
2
22.278107344070747 400.6000361167529
0.25 0.25 0.25 0.25
132.96728761624203
45.0
35.42539896236673 42.06376638714738
2
201.19426715828612 42.06376638714738
0.25 0.25 0.25 0.25
165.7688681959194
45.0
482.44829690389236 287.25913455760224
3
381.6315873196786 287.25913455760224
0.25 0.25 0.25 0.25
135.92011577642904
45.0
198.00578313667268 368.0777299393027
3
79.55976873927102 368.0777299393027
0.25 0.25 0.25 0.25
118.44601439740165
45.0
113.30926210098481 293.65722480995726
2
234.95782139880237 293.65722480995726
0.25 0.25 0.25 0.25
121.64855929781756
45.0
330.49553189683195 311.52889013687735
1
330.49553189683195 469.04942728510946
0.25 0.25 0.25 0.25
157.5205371482321
45.0
116.38687615511162 105.64098647569665
1
116.38687615511162 257.85360599349997
0.25 0.25 0.25 0.25
152.21261951780332
45.0
148.10966197526383 313.5759143573067
0
148.10966197526383 170.3613179632193
0.25 0.25 0.25 0.25
143.2145963940874
45.0
35.47742465187747 281.0376595268303
2
177.58211113681534 281.0376595268303
0.25 0.25 0.25 0.25
142.10468648493787
45.0
211.7260682832976 214.9319218207711
0
211.7260682832976 57.856956649454844
0.25 0.25 0.25 0.25
157.07496517131625
45.0
80.78176210265207 305.6243648222656
2
78.98395142104471 305.6243648222656
0.25 0.25 0.25 0.25
159.76571352369677
45.0
405.0112391487535 378.46471515286623
0
405.0112391487535 494.60897112536344
0.25 0.25 0.25 0.25
126.92631372177033
45.0
478.5726080796055 19.52614939324144
3
365.0223509132354 19.52614939324144
0.25 0.25 0.25 0.25
156.40504100715907
45.0
242.08439531199238 260.8319331000383
1
242.08439531199238 421.2626726486858
0.25 0.25 0.25 0.25
160.43073954864744
45.0
127.61856350202414 249.60346430505604
3
39.425217860791946 249.60346430505604
0.25 0.25 0.25 0.25
88.1933456412322
45.0
373.300861110799 40.99317987836906
1
373.300861110799 92.48467599914488
0.25 0.25 0.25 0.25
133.47785587751395
45.0
51.887001236992944 98.19890355135348
2
217.13751836524827 98.19890355135348
0.25 0.25 0.25 0.25
165.25051712825532
45.0
292.67354289437696 87.60873942952298
1
292.67354289437696 250.91018889812267
0.25 0.25 0.25 0.25
163.30144946859969
45.0
174.57006427819988 18.7421330781994
1
174.57006427819988 153.38207720420675
0.25 0.25 0.25 0.25
134.63994412600735
45.0
456.27052035126894 445.14722582941545
3
309.4012623860331 445.14722582941545
0.25 0.25 0.25 0.25
146.86925796523582
45.0
130.62079385448442 86.07030807205354
1
130.62079385448442 258.78092547050437
0.25 0.25 0.25 0.25
172.71061739845084
45.0
119.058962530202 339.5586544128137
2
222.99393438031154 339.5586544128137
0.25 0.25 0.25 0.25
103.93497185010955
45.0
251.5622431874264 110.96750274307286
3
94.97747174422744 110.96750274307286
0.25 0.25 0.25 0.25
156.58477144319895
45.0
400.829531605018 465.27092633201204
3
497.62003218137534 465.27092633201204
0.25 0.25 0.25 0.25
101.55043621360666
45.0
450.82940087041493 418.6275235775946
3
342.6559538847117 418.6275235775946
0.25 0.25 0.25 0.25
108.17344698570318
45.0
492.5025836090936 107.35333338189461
3
371.4416171796646 107.35333338189461
0.25 0.25 0.25 0.25
121.06096642942903
45.0
432.2063061362294 16.86625239390031
3
426.43218731985917 16.86625239390031
0.25 0.25 0.25 0.25
141.3615065439114
45.0
449.15145072587654 395.1909088547585
3
461.4680765118461 395.1909088547585
0.25 0.25 0.25 0.25
89.38047276227736
45.0
165.90723435414625 404.2810249071774
2
326.6612510427874 404.2810249071774
0.25 0.25 0.25 0.25
160.75401668864114
45.0
318.3414301866846 306.36253423551517
3
225.1261463301979 306.36253423551517
0.25 0.25 0.25 0.25
93.21528385648669
45.0
305.4092360975354 190.68552230066393
0
305.4092360975354 51.68690339343445
0.25 0.25 0.25 0.25
138.99861890722948
45.0
300.8889924546469 36.04537786831753
2
467.4004518915062 36.04537786831753
0.25 0.25 0.25 0.25
166.5114594368593
45.0
476.45346561232617 90.7068272240524
3
303.09182838831475 90.7068272240524
0.25 0.25 0.25 0.25
173.36163722401142
45.0
206.99127198273433 143.77307710901957
1
206.99127198273433 282.94415435631333
0.25 0.25 0.25 0.25
139.17107724729377
45.0
258.1905749155287 53.18869907018353
1
258.1905749155287 112.95525527007365
0.25 0.25 0.25 0.25
166.14395434025718
45.0
350.15391716627585 16.702772889062487
2
486.94170219286707 16.702772889062487
0.25 0.25 0.25 0.25
136.78778502659125
45.0
23.433928806949382 355.9046527276728
0
23.433928806949382 201.28093034730094
0.25 0.25 0.25 0.25
154.62372238037185
45.0
80.63264720131161 126.13454584344922
1
80.63264720131161 269.61080460624055
0.25 0.25 0.25 0.25
143.47625876279133
45.0
286.0446650779577 160.1981508119251
2
402.4507718705596 160.1981508119251
0.25 0.25 0.25 0.25
116.40610679260189
45.0
309.51313307169346 463.51297204554396
2
452.5258314486713 463.51297204554396
0.25 0.25 0.25 0.25
143.0126983769778
45.0
253.45043430808755 294.1320752590226
1
253.45043430808755 390.55084088685953
0.25 0.25 0.25 0.25
96.41876562783692
45.0
374.7164716798389 184.765662765019
1
374.7164716798389 301.2191033502975
0.25 0.25 0.25 0.25
116.45344058527847
45.0
67.51429281234613 170.35909626762927
2
164.6197298502212 170.35909626762927
0.25 0.25 0.25 0.25
97.10543703787508
45.0
43.65535229008509 56.76464125077342
2
128.0616482711964 56.76464125077342
0.25 0.25 0.25 0.25
171.71700056128148
45.0
