62553
373.0375979644837 331.32726253318015
1
373.0375979644837 451.1336391868905
0.25 0.25 0.25 0.25
119.80637665371036
45.0
304.27897729251816 218.18934716594805
1
304.27897729251816 357.5282323364919
0.25 0.25 0.25 0.25
139.33888517054385
45.0
248.08769694104362 319.90681160875897
2
408.0352164008333 319.90681160875897
0.25 0.25 0.25 0.25
159.94751945978967
45.0
263.3268375555092 53.11728870171396
3
110.15490609506332 53.11728870171396
0.25 0.25 0.25 0.25
153.17193146044588
45.0
439.3445630932272 320.99199408958316
3
338.0347287431275 320.99199408958316
0.25 0.25 0.25 0.25
101.30983435009968
45.0
115.74131782417476 43.32978812252372
1
115.74131782417476 72.88890964229608
0.25 0.25 0.25 0.25
116.21869776481981
45.0
146.34986624420367 313.60559463640436
1
146.34986624420367 412.48408291416445
0.25 0.25 0.25 0.25
98.87848827776008
45.0
104.90980434607147 349.19341402194146
1
104.90980434607147 469.3336036641804
0.25 0.25 0.25 0.25
120.1401896422389
45.0
134.3546227494516 273.572855016198
2
236.13991051701225 273.572855016198
0.25 0.25 0.25 0.25
101.78528776756063
45.0
147.08435005027314 149.34077565940214
1
147.08435005027314 252.81548365272758
0.25 0.25 0.25 0.25
103.47470799332544
45.0
377.1623201534172 172.5263182817025
1
377.1623201534172 1.4649975891823601
0.25 0.25 0.25 0.25
173.99131587088485
45.0
195.9895923184128 194.426620112914
3
74.56818730506885 194.426620112914
0.25 0.25 0.25 0.25
121.42140501334394
45.0
463.1796304114399 434.6090598039127
0
463.1796304114399 334.9902472931525
0.25 0.25 0.25 0.25
99.61881251076024
45.0
289.7778018281547 382.54793391400153
3
140.04750911319877 382.54793391400153
0.25 0.25 0.25 0.25
149.7302927149559
45.0
466.2777107211725 322.52319506515755
0
466.2777107211725 169.32887420883563
0.25 0.25 0.25 0.25
153.19432085632192
45.0
275.64945579239077 398.12576895337816
0
275.64945579239077 258.2866505630427
0.25 0.25 0.25 0.25
139.83911839033547
45.0
313.66076952475487 25.20572363871824
1
313.66076952475487 108.99374340643391
0.25 0.25 0.25 0.25
134.19946704515215
45.0
211.53393846601492 33.05176928884367
3
44.27201649551188 33.05176928884367
0.25 0.25 0.25 0.25
167.26192197050304
45.0
72.329817299757 121.74825522030176
2
216.43809239065297 121.74825522030176
0.25 0.25 0.25 0.25
144.10827509089597
45.0
78.89380810387752 477.25466118637917
2
78.59854986204255 477.25466118637917
0.25 0.25 0.25 0.25
157.49235796592006
45.0
178.0921086871177 10.027611586023312
1
178.0921086871177 106.77402784310817
0.25 0.25 0.25 0.25
116.80163942913148
45.0
240.07476711371552 73.30008501449134
2
406.11975672163646 73.30008501449134
0.25 0.25 0.25 0.25
166.04498960792094
45.0
485.86523051486824 43.69363957833957
1
485.86523051486824 132.58621764258933
0.25 0.25 0.25 0.25
88.89257806424976
45.0
137.2415207872857 243.23542355967788
0
137.2415207872857 110.38894683299418
0.25 0.25 0.25 0.25
132.8464767266837
45.0
127.61352089748243 305.49445258975754
2
12.371689268570549 305.49445258975754
0.25 0.25 0.25 0.25
139.98521016605298
45.0
359.331954118143 32.709846132602024
1
359.331954118143 140.86549782209312
0.25 0.25 0.25 0.25
173.57534395469514
45.0
453.72917681118804 242.88618703857904
3
349.445254707048 242.88618703857904
0.25 0.25 0.25 0.25
104.28392210414003
45.0
370.36570412346305 364.57784996829264
0
370.36570412346305 235.3357901664023
0.25 0.25 0.25 0.25
129.24205980189035
45.0
332.5229092075549 370.2313930579878
0
332.5229092075549 496.5988164685433
0.25 0.25 0.25 0.25
133.1697904734689
45.0
199.1150059413249 42.99271537023381
1
199.1150059413249 50.79889327902673
0.25 0.25 0.25 0.25
93.79160864926054
45.0
166.84197094399462 194.79859325196782
0
166.84197094399462 42.06908495657137
0.25 0.25 0.25 0.25
152.72950829539644
45.0
354.51591591274564 446.4488924883037
3
489.3397283852412 446.4488924883037
0.25 0.25 0.25 0.25
156.14435570201317
45.0
266.36578294919184 34.0325662537775
3
154.23031797707722 34.0325662537775
0.25 0.25 0.25 0.25
112.1354649721146
45.0
259.37247228691365 14.701043229986311
1
259.37247228691365 113.37985625338744
0.25 0.25 0.25 0.25
98.67881302340113
45.0
49.65324437844595 4.039192492441316
1
49.65324437844595 94.78099215984514
0.25 0.25 0.25 0.25
98.82018465228646
45.0
146.26327691449342 88.87379246142467
3
0.7343672349057329 88.87379246142467
0.25 0.25 0.25 0.25
145.52890967958768
45.0
246.82667476416083 168.17392808941725
3
100.73312167771235 168.17392808941725
0.25 0.25 0.25 0.25
146.09355308644848
45.0
409.1340943550679 468.54675543698863
0
409.1340943550679 370.9510694269498
0.25 0.25 0.25 0.25
97.59568601003883
45.0
373.83306126348714 306.01065595023897
3
256.15670490304126 306.01065595023897
0.25 0.25 0.25 0.25
117.67635636044591
45.0
82.33445374389133 160.91101870418288
2
171.02925112992057 160.91101870418288
0.25 0.25 0.25 0.25
88.69479738602924
45.0
182.19384786931903 354.3017710217898
0
182.19384786931903 183.59398339967277
0.25 0.25 0.25 0.25
170.70778762211705
45.0
48.6843027261981 19.223871049289755
2
178.21762839284418 19.223871049289755
0.25 0.25 0.25 0.25
129.53332566664608
45.0
420.2797703369947 426.13062124804264
3
257.5300108199561 426.13062124804264
0.25 0.25 0.25 0.25
162.74975951703863
45.0
105.96950589362928 43.60366658451392
1
105.96950589362928 180.51923753756626
0.25 0.25 0.25 0.25
136.91557095305234
45.0
37.75130244856507 67.90409908567415
2
50.31943504193876 67.90409908567415
0.25 0.25 0.25 0.25
88.07073749050383
45.0
129.39859210112718 351.7456289584451
0
129.39859210112718 253.40546071408554
0.25 0.25 0.25 0.25
98.34016824435955
45.0
228.36330041414212 109.89950175658385
2
322.9270817220005 109.89950175658385
0.25 0.25 0.25 0.25
94.56378130785836
45.0
434.68830268896147 339.5431610766626
1
434.68830268896147 448.92093340552526
0.25 0.25 0.25 0.25
109.37777232886266
45.0
