62553
267.5432720743852 28.09186742795093
1
267.5432720743852 91.71450922575943
0.25 0.25 0.25 0.25
119.80637665371036
45.0
113.73767821911349 478.5050786867712
0
113.73767821911349 382.156036142685
0.25 0.25 0.25 0.25
139.33888517054385
45.0
432.01726413937706 40.30311055208239
3
408.0352164008333 40.30311055208239
0.25 0.25 0.25 0.25
159.94751945978967
45.0
20.421603843534967 172.25816298185305
0
20.421603843534967 19.08623152140717
0.25 0.25 0.25 0.25
153.17193146044588
45.0
54.10626515627449 185.55717766091522
2
155.41609950637417 185.55717766091522
0.25 0.25 0.25 0.25
101.30983435009968
45.0
348.1787133538144 189.1076074071159
2
464.3974111186342 189.1076074071159
0.25 0.25 0.25 0.25
116.21869776481981
45.0
73.83734475611482 488.63742880807547
2
172.7158330338749 488.63742880807547
0.25 0.25 0.25 0.25
98.87848827776008
45.0
174.24905780049517 108.91303473746366
3
54.108868158256286 108.91303473746366
0.25 0.25 0.25 0.25
120.1401896422389
45.0
458.50422618030586 459.29055287571293
0
458.50422618030586 357.5052651081523
0.25 0.25 0.25 0.25
101.78528776756063
45.0
266.81448192302867 22.861560393994438
3
163.33977392970323 22.861560393994438
0.25 0.25 0.25 0.25
103.47470799332544
45.0
159.22310905722335 346.51763415258733
0
159.22310905722335 172.5263182817025
0.25 0.25 0.25 0.25
173.99131587088485
45.0
439.74619264155535 469.9379247403026
3
318.3247876282114 469.9379247403026
0.25 0.25 0.25 0.25
121.42140501334394
45.0
64.70438036839901 434.6090598039127
2
164.32319287915925 434.6090598039127
0.25 0.25 0.25 0.25
99.61881251076024
45.0
207.5251253214044 414.21557866546937
3
57.794832606448495 414.21557866546937
0.25 0.25 0.25 0.25
149.7302927149559
45.0
74.13932670986168 169.32887420883563
2
227.3336475661836 169.32887420883563
0.25 0.25 0.25 0.25
153.19432085632192
45.0
402.4199648916348 398.12576895337816
3
262.58084650129933 398.12576895337816
0.25 0.25 0.25 0.25
139.83911839033547
45.0
357.33656570100584 256.1852161288681
0
357.33656570100584 121.98574908371594
0.25 0.25 0.25 0.25
134.19946704515215
45.0
286.6802956224759 200.3136912593467
1
286.6802956224759 367.57561322984975
0.25 0.25 0.25 0.25
167.26192197050304
45.0
71.77845779113898 328.0924213249298
2
72.329817299757 328.0924213249298
0.25 0.25 0.25 0.25
144.10827509089597
45.0
393.5832657938827 169.91514390205782
3
448.92437624019726 169.91514390205782
0.25 0.25 0.25 0.25
157.49235796592006
45.0
172.31280960027672 491.6062990073142
0
172.31280960027672 391.59206156355435
0.25 0.25 0.25 0.25
116.80163942913148
45.0
70.29971515332016 250.53526167983554
2
95.74527445460078 250.53526167983554
0.25 0.25 0.25 0.25
166.04498960792094
45.0
330.2617156796215 45.19893848591019
1
330.2617156796215 43.69363957833957
0.25 0.25 0.25 0.25
88.89257806424976
45.0
2.9078050391424313 243.23542355967788
2
135.75428176582614 243.23542355967788
0.25 0.25 0.25 0.25
132.8464767266837
45.0
452.43084860435863 34.78655425523584
3
407.5839412295884 34.78655425523584
0.25 0.25 0.25 0.25
139.98521016605298
45.0
425.64063819899104 123.3810626309554
3
400.7840178463138 123.3810626309554
0.25 0.25 0.25 0.25
173.57534395469514
45.0
190.57983583499143 487.1012676904012
3
86.2959137308514 487.1012676904012
0.25 0.25 0.25 0.25
104.28392210414003
45.0
111.88158451968232 364.57784996829264
0
111.88158451968232 235.3357901664023
0.25 0.25 0.25 0.25
129.24205980189035
45.0
463.2395567830572 499.0519593665099
3
330.0697663095883 499.0519593665099
0.25 0.25 0.25 0.25
133.1697904734689
45.0
354.99052809798013 238.3821105775478
2
448.78213674724066 238.3821105775478
0.25 0.25 0.25 0.25
93.79160864926054
45.0
97.73541287621958 430.6358320894642
2
54.99409541917686 430.6358320894642
0.25 0.25 0.25 0.25
152.72950829539644
45.0
333.195372683228 446.4488924883037
0
333.195372683228 290.30453678629056
0.25 0.25 0.25 0.25
156.14435570201317
45.0
51.602242469089006 181.01917894142025
0
51.602242469089006 68.88371396930565
0.25 0.25 0.25 0.25
112.1354649721146
45.0
246.16060252092495 225.27053904277727
2
344.8394155443261 225.27053904277727
0.25 0.25 0.25 0.25
98.67881302340113
45.0
456.7321364647272 399.31993110158714
3
444.44767888298634 399.31993110158714
0.25 0.25 0.25 0.25
98.82018465228646
45.0
310.4945543511947 379.93161182060004
0
310.4945543511947 234.40270214101236
0.25 0.25 0.25 0.25
145.52890967958768
45.0
347.61048464033064 393.54541265123726
0
347.61048464033064 460.3610342623142
0.25 0.25 0.25 0.25
146.09355308644848
45.0
189.89958243537848 444.5036155373771
0
189.89958243537848 457.90069845258404
0.25 0.25 0.25 0.25
97.59568601003883
45.0
96.87236417829644 306.01065595023897
0
96.87236417829644 188.3342995897931
0.25 0.25 0.25 0.25
117.67635636044591
45.0
348.418845901979 40.835804821554106
2
437.11364328800823 40.835804821554106
0.25 0.25 0.25 0.25
88.69479738602924
45.0
183.4684531076174 378.54849675449213
2
354.17624072973445 378.54849675449213
0.25 0.25 0.25 0.25
170.70778762211705
45.0
80.84902294044798 407.823848049228
0
80.84902294044798 462.64282628412593
0.25 0.25 0.25 0.25
129.53332566664608
45.0
257.5300108199561 239.87941883323572
3
94.78025130291746 239.87941883323572
0.25 0.25 0.25 0.25
162.74975951703863
45.0
429.55021695142864 138.92823420893262
1
429.55021695142864 275.84380516198496
0.25 0.25 0.25 0.25
136.91557095305234
45.0
6.5294148441070945 155.974836576178
2
81.54132264639674 155.974836576178
0.25 0.25 0.25 0.25
88.07073749050383
45.0
378.90056667707506 270.00377827049
1
378.90056667707506 368.34394651484956
0.25 0.25 0.25 0.25
98.34016824435955
45.0
39.23573779842536 213.9934365534331
2
55.328043509433 213.9934365534331
0.25 0.25 0.25 0.25
94.56378130785836
45.0
471.53397402241194 97.96792823878808
3
419.0882536487254 97.96792823878808
0.25 0.25 0.25 0.25
109.37777232886266
45.0
