18404
259.60433930986824 440.0524356879638
2
419.3941173814111 440.0524356879638
0.25 0.25 0.25 0.25
159.78977807154283
45.0
192.13899024732456 2.937409223681584
1
192.13899024732456 175.78065339872995
0.25 0.25 0.25 0.25
172.84324417504837
45.0
372.17952637660983 85.38141014735072
1
372.17952637660983 55.25353006268875
0.25 0.25 0.25 0.25
140.63494021003947
45.0
120.3388129651674 216.73298483486855
0
120.3388129651674 127.79622014246856
0.25 0.25 0.25 0.25
88.93676469239999
45.0
19.220941840714403 250.4934506252754
2
108.30567954482858 250.4934506252754
0.25 0.25 0.25 0.25
89.08473770411418
45.0
423.824434964527 460.3183123573179
0
423.824434964527 354.2592470751803
0.25 0.25 0.25 0.25
106.05906528213755
45.0
410.09967386905123 400.41270656200527
3
449.84151016235364 400.41270656200527
0.25 0.25 0.25 0.25
140.05881596859518
45.0
331.2261497204151 269.7118270473442
2
430.5047109976431 269.7118270473442
0.25 0.25 0.25 0.25
99.27856127722798
45.0
408.67190557833123 245.03262607240538
0
408.67190557833123 132.50399943023314
0.25 0.25 0.25 0.25
112.52862664217224
45.0
118.68633964773619 239.55325671141105
2
256.89688474714757 239.55325671141105
0.25 0.25 0.25 0.25
138.21054509941138
45.0
179.00731847989306 194.46612835806792
3
11.969673441249256 194.46612835806792
0.25 0.25 0.25 0.25
167.0376450386438
45.0
4.2764265272499244 451.2715736894286
0
4.2764265272499244 326.2098772534554
0.25 0.25 0.25 0.25
125.06169643597318
45.0
358.5392441202416 211.297995601801
1
358.5392441202416 348.75190978425996
0.25 0.25 0.25 0.25
137.45391418245896
45.0
407.603411995211 38.59318642274877
1
407.603411995211 204.96450926905385
0.25 0.25 0.25 0.25
166.37132284630508
45.0
396.83175483587695 205.99041505389835
2
491.3864857631441 205.99041505389835
0.25 0.25 0.25 0.25
94.55473092726713
45.0
289.1677815324074 101.47416149480091
3
194.43966387996318 101.47416149480091
0.25 0.25 0.25 0.25
94.72811765244421
45.0
334.1459443748371 268.71260768011496
2
482.11413971018226 268.71260768011496
0.25 0.25 0.25 0.25
147.96819533534517
45.0
105.49506952194929 65.47769454948207
2
35.814101954977275 65.47769454948207
0.25 0.25 0.25 0.25
141.30917147692656
45.0
44.22000905644296 52.17836561327118
1
44.22000905644296 180.2445354988511
0.25 0.25 0.25 0.25
128.0661698855799
45.0
29.211578623857406 197.28830104850832
1
29.211578623857406 318.06095735458086
0.25 0.25 0.25 0.25
120.77265630607255
45.0
291.85060201513807 418.4180440652202
3
143.77488546871976 418.4180440652202
0.25 0.25 0.25 0.25
148.0757165464183
45.0
81.14160311114563 235.730901859725
2
90.85806498655023 235.730901859725
0.25 0.25 0.25 0.25
171.99966809769586
45.0
72.0763585222067 267.8018278185765
1
72.0763585222067 409.45049385027846
0.25 0.25 0.25 0.25
141.64866603170194
45.0
402.59608942143086 201.99067444532966
1
402.59608942143086 345.6247620491615
0.25 0.25 0.25 0.25
143.63408760383186
45.0
311.3962143062719 431.2884402868709
0
311.3962143062719 421.36781540776394
0.25 0.25 0.25 0.25
147.3437443053651
45.0
464.2842310556017 461.7282153151971
0
464.2842310556017 341.16107748942284
0.25 0.25 0.25 0.25
120.56713782577424
45.0
251.22341385219772 433.00931796402347
3
136.6926753316223 433.00931796402347
0.25 0.25 0.25 0.25
114.53073852057543
45.0
302.1145014451409 6.704322061302435
2
430.9810452658537 6.704322061302435
0.25 0.25 0.25 0.25
128.86654382071282
45.0
247.31542987419718 243.0642986547749
0
247.31542987419718 70.20726637043009
0.25 0.25 0.25 0.25
172.8570322843448
45.0
236.63186834386943 360.5371312494929
3
234.47913156885386 360.5371312494929
0.25 0.25 0.25 0.25
2.1527367750155735
45.0
434.32052228813967 208.33878806271304
1
434.32052228813967 253.47576314276793
0.25 0.25 0.25 0.25
45.1369750800549
45.0
295.27013910776213 69.74837687230655
3
270.9087390426213 69.74837687230655
0.25 0.25 0.25 0.25
24.361400065140828
45.0
127.37904562513518 364.9270891557501
3
109.46738236664294 364.9270891557501
0.25 0.25 0.25 0.25
17.911663258492233
45.0
12.83513359333601 68.06194116032006
2
28.049553895849748 68.06194116032006
0.25 0.25 0.25 0.25
40.88468748918576
45.0
155.0766399336187 270.21476763010605
2
193.1459411840957 270.21476763010605
0.25 0.25 0.25 0.25
38.069301250477
45.0
43.034941546574345 227.24067073718064
1
43.034941546574345 234.81455094547522
0.25 0.25 0.25 0.25
7.57388020829457
45.0
417.3112988046822 492.87704245992427
0
417.3112988046822 465.1278621914721
0.25 0.25 0.25 0.25
27.74918026845215
45.0
497.7271986952576 208.87351786075885
3
487.6125495040741 208.87351786075885
0.25 0.25 0.25 0.25
14.660251800668355
45.0
460.7898553018845 477.885677917659
0
460.7898553018845 482.9364296342055
0.25 0.25 0.25 0.25
39.17789244813554
45.0
292.2358966929911 326.96110298189586
1
292.2358966929911 340.89807561457746
0.25 0.25 0.25 0.25
13.936972632681593
45.0
421.43491069937676 472.71169231671325
1
421.43491069937676 482.4884993504836
0.25 0.25 0.25 0.25
9.776807033770375
45.0
231.58849085182868 433.1023870783869
0
231.58849085182868 383.7843188490068
0.25 0.25 0.25 0.25
49.31806822938012
45.0
54.23036528890782 293.8174660066014
0
54.23036528890782 271.075064705994
0.25 0.25 0.25 0.25
22.7424013006074
45.0
263.8665896074575 286.09343735178356
2
284.9742391534674 286.09343735178356
0.25 0.25 0.25 0.25
21.10764954600988
45.0
182.20344611873992 9.030065376905029
3
133.43406966992987 9.030065376905029
0.25 0.25 0.25 0.25
48.76937644881004
45.0
46.31661087695002 482.45357042552257
3
21.702094900178555 482.45357042552257
0.25 0.25 0.25 0.25
24.614515976771468
45.0
351.68043617573676 434.3063048574719
3
312.0399056491698 434.3063048574719
0.25 0.25 0.25 0.25
39.64053052656695
45.0
428.8253235333444 166.2038277630466
2
430.66697079349365 166.2038277630466
0.25 0.25 0.25 0.25
1.8416472601492595
45.0
