18404
496.661232311468 481.3137672587068
3
343.54898961698916 481.3137672587068
0.25 0.25 0.25 0.25
159.78977807154283
45.0
190.6069631530624 274.50496747319806
3
17.763718978014026 274.50496747319806
0.25 0.25 0.25 0.25
172.84324417504837
45.0
143.69397887437674 367.6342475422151
0
143.69397887437674 491.7308122477454
0.25 0.25 0.25 0.25
140.63494021003947
45.0
35.83912803603258 17.163867066468555
1
35.83912803603258 106.10063175886854
0.25 0.25 0.25 0.25
88.93676469239999
45.0
49.7959106086556 428.6629260335037
2
39.28882709545857 428.6629260335037
0.25 0.25 0.25 0.25
89.08473770411418
45.0
197.40771636768477 282.095144617645
3
91.34865108554722 282.095144617645
0.25 0.25 0.25 0.25
106.05906528213755
45.0
309.78269419375835 159.4716510644821
0
309.78269419375835 19.41283509588692
0.25 0.25 0.25 0.25
140.05881596859518
45.0
338.4405369481353 276.92621427506435
0
338.4405369481353 177.64765299783636
0.25 0.25 0.25 0.25
99.27856127722798
45.0
266.4998542747022 430.1391337806281
3
153.97122763252997 430.1391337806281
0.25 0.25 0.25 0.25
112.52862664217224
45.0
330.0550612383183 207.60456289094338
2
468.26560633772965 207.60456289094338
0.25 0.25 0.25 0.25
138.21054509941138
45.0
155.06797159739455 196.69199858993085
1
155.06797159739455 363.72964362857465
0.25 0.25 0.25 0.25
167.0376450386438
45.0
245.84696634469643 299.09860492641053
2
370.9086627806696 299.09860492641053
0.25 0.25 0.25 0.25
125.06169643597318
45.0
328.7303267920533 149.48928286491662
0
328.7303267920533 12.035368682457658
0.25 0.25 0.25 0.25
137.45391418245896
45.0
257.8818793900093 376.65202088186794
0
257.8818793900093 210.28069803556286
0.25 0.25 0.25 0.25
166.37132284630508
45.0
436.9337950358155 56.9829933993026
1
436.9337950358155 151.53772432656973
0.25 0.25 0.25 0.25
94.55473092726713
45.0
279.2009243822579 48.75533801924303
1
279.2009243822579 143.48345567168724
0.25 0.25 0.25 0.25
94.72811765244421
45.0
446.33677236276606 435.3510016491947
0
446.33677236276606 287.3828063138495
0.25 0.25 0.25 0.25
147.96819533534517
45.0
257.64004066038984 369.7676368263633
0
257.64004066038984 488.92319169671015
0.25 0.25 0.25 0.25
141.30917147692656
45.0
236.44168979935625 179.42461507324927
3
108.37551991377634 179.42461507324927
0.25 0.25 0.25 0.25
128.0661698855799
45.0
38.42592047898171 78.07576111505628
2
159.19857678505426 78.07576111505628
0.25 0.25 0.25 0.25
120.77265630607255
45.0
107.24486964379156 396.9762235634332
2
40.830846902626746 396.9762235634332
0.25 0.25 0.25 0.25
148.0757165464183
45.0
198.86171591189594 299.72691903207505
3
26.862047814200082 299.72691903207505
0.25 0.25 0.25 0.25
171.99966809769586
45.0
352.86963957289913 426.3691694064512
0
352.86963957289913 431.98216456184684
0.25 0.25 0.25 0.25
141.64866603170194
45.0
288.3812824636134 351.0633752759845
1
288.3812824636134 494.6974628798164
0.25 0.25 0.25 0.25
143.63408760383186
45.0
130.63501860982345 179.80544068973134
1
130.63501860982345 327.14918499509645
0.25 0.25 0.25 0.25
147.3437443053651
45.0
187.68705801024714 497.19111270900316
0
187.68705801024714 376.6239748832289
0.25 0.25 0.25 0.25
120.56713782577424
45.0
92.36880170952855 452.45994351540116
2
22.16193681104687 452.45994351540116
0.25 0.25 0.25 0.25
114.53073852057543
45.0
461.9133958315563 348.96295883513346
3
409.22006034773096 348.96295883513346
0.25 0.25 0.25 0.25
128.86654382071282
45.0
369.82831185104453 139.79195961998343
1
369.82831185104453 312.6489919043282
0.25 0.25 0.25 0.25
172.8570322843448
45.0
223.715447693776 382.0644989996486
3
221.56271091876044 382.0644989996486
0.25 0.25 0.25 0.25
2.1527367750155735
45.0
152.46015375257414 475.7023863769026
3
107.32317867251925 475.7023863769026
0.25 0.25 0.25 0.25
45.1369750800549
45.0
368.3543393031847 3.3358233231159318
2
392.71573936832556 3.3358233231159318
0.25 0.25 0.25 0.25
24.361400065140828
45.0
270.6723516930731 472.3970687067035
0
270.6723516930731 454.4854054482113
0.25 0.25 0.25 0.25
17.911663258492233
45.0
399.56482125554965 299.9002462423517
2
440.4495087447354 299.9002462423517
0.25 0.25 0.25 0.25
40.88468748918576
45.0
155.0766399336187 349.092219865124
0
155.0766399336187 311.022918614647
0.25 0.25 0.25 0.25
38.069301250477
45.0
164.2170248792875 121.2063478210565
3
156.6431446709929 121.2063478210565
0.25 0.25 0.25 0.25
7.57388020829457
45.0
445.0604790731344 409.6295016545678
0
445.0604790731344 381.8803213861156
0.25 0.25 0.25 0.25
27.74918026845215
45.0
443.6317941020691 384.796539468779
0
443.6317941020691 370.13628766811064
0.25 0.25 0.25 0.25
14.660251800668355
45.0
87.70063897201305 365.4027522897989
2
126.87853142014859 365.4027522897989
0.25 0.25 0.25 0.25
39.17789244813554
45.0
166.80314299885669 145.78045875703503
1
166.80314299885669 159.71743138971664
0.25 0.25 0.25 0.25
13.936972632681593
45.0
411.6581036656064 439.29704437935357
3
401.88129663183605 439.29704437935357
0.25 0.25 0.25 0.25
9.776807033770375
45.0
15.001850295071904 418.9434082334728
2
64.31991852445202 418.9434082334728
0.25 0.25 0.25 0.25
49.31806822938012
45.0
54.23036528890782 161.03056000554668
1
54.23036528890782 183.7729613061541
0.25 0.25 0.25 0.25
22.7424013006074
45.0
158.32834187740804 180.5551896217341
2
179.43599142341793 180.5551896217341
0.25 0.25 0.25 0.25
21.10764954600988
45.0
232.56403649553974 186.04744041833516
2
281.3334129443498 186.04744041833516
0.25 0.25 0.25 0.25
48.76937644881004
45.0
95.54564283049297 123.71417394613381
2
120.16015880726444 123.71417394613381
0.25 0.25 0.25 0.25
24.614515976771468
45.0
470.6020277554377 1.7395309347646446
3
430.9614972288707 1.7395309347646446
0.25 0.25 0.25 0.25
39.64053052656695
45.0
450.92509065513565 151.47064968185242
0
450.92509065513565 149.62900242170315
0.25 0.25 0.25 0.25
1.8416472601492595
45.0
