96415
77.07791927985913 408.1662247331459
2
41.576040945544406 408.1662247331459
0.25 0.25 0.25 0.25
118.65396022540354
45.0
318.30166471532846 367.0136866250407
3
168.35536716388012 367.0136866250407
0.25 0.25 0.25 0.25
149.94629755144834
45.0
472.4496779242945 167.62657367970337
3
363.9231431642247 167.62657367970337
0.25 0.25 0.25 0.25
163.6271789114807
45.0
397.9700634671392 470.04155923714507
3
226.13144253531715 470.04155923714507
0.25 0.25 0.25 0.25
171.83862093182205
45.0
403.15618383240314 91.30573118443499
1
403.15618383240314 254.11872909585406
0.25 0.25 0.25 0.25
162.81299791141907
45.0
286.2497945880854 425.3448467038936
0
286.2497945880854 285.86564979878443
0.25 0.25 0.25 0.25
139.47919690510918
45.0
458.6160033678319 31.493932146451087
3
357.6520234342015 31.493932146451087
0.25 0.25 0.25 0.25
100.9639799336304
45.0
231.78281386965818 96.02756570788384
3
107.16899257944104 96.02756570788384
0.25 0.25 0.25 0.25
124.61382129021715
45.0
102.42837619862132 109.79302536767432
2
234.18012087996414 109.79302536767432
0.25 0.25 0.25 0.25
131.7517446813428
45.0
322.9878974426449 20.782032899304113
3
232.6647268044093 20.782032899304113
0.25 0.25 0.25 0.25
90.32317063823561
45.0
43.141707474940546 178.82500678917964
0
43.141707474940546 62.61547510004317
0.25 0.25 0.25 0.25
116.20953168913647
45.0
212.68481389201042 146.04223692891173
1
212.68481389201042 5.46695832491298
0.25 0.25 0.25 0.25
151.5091952538247
45.0
393.78093302115246 63.51432444512983
3
437.94799857277405 63.51432444512983
0.25 0.25 0.25 0.25
168.2710684060735
45.0
183.54495854296442 79.32281031780838
1
183.54495854296442 51.766009295442814
0.25 0.25 0.25 0.25
131.0888196132512
45.0
250.9854915305176 312.2260507416229
0
250.9854915305176 152.40931956060444
0.25 0.25 0.25 0.25
159.81673118101844
45.0
365.1039273518868 260.9774225743711
0
365.1039273518868 121.13872219009514
0.25 0.25 0.25 0.25
139.83870038427594
45.0
98.41940666984192 224.41920169638792
0
98.41940666984192 88.25760937411837
0.25 0.25 0.25 0.25
136.16159232226954
45.0
260.3510394085059 271.6624328767424
1
260.3510394085059 368.9552092378797
0.25 0.25 0.25 0.25
97.29277636113734
45.0
35.794428130008725 364.50523578374606
2
129.19377865599006 364.50523578374606
0.25 0.25 0.25 0.25
93.39935052598133
45.0
422.1075041065594 152.32597120885532
3
439.890736869017 152.32597120885532
0.25 0.25 0.25 0.25
138.0017590244235
45.0
138.1297266676047 313.9875492090299
3
100.53079403217271 313.9875492090299
0.25 0.25 0.25 0.25
37.598932635431986
45.0
398.5797418223449 94.00987097217515
2
432.2294108220937 94.00987097217515
0.25 0.25 0.25 0.25
33.649668999748805
45.0
480.67476763605293 192.1886775457842
0
480.67476763605293 168.63984378908543
0.25 0.25 0.25 0.25
23.548833756698766
45.0
286.519347596579 332.8881831797313
3
262.017533015332 332.8881831797313
0.25 0.25 0.25 0.25
24.501814581247032
45.0
407.2588036536688 143.08362689802237
0
407.2588036536688 118.39530666617277
0.25 0.25 0.25 0.25
24.688320231849602
45.0
297.38860584480506 328.45740581240784
1
297.38860584480506 343.1937869208408
0.25 0.25 0.25 0.25
14.736381108432939
45.0
21.054683992664312 185.03814550146183
0
21.054683992664312 157.57444435548047
0.25 0.25 0.25 0.25
27.463701145981357
45.0
250.56015635635958 454.6684306484319
0
250.56015635635958 450.54731547699294
0.25 0.25 0.25 0.25
4.1211151714389995
45.0
392.1967638526046 175.22029853427293
2
401.8871463501595 175.22029853427293
0.25 0.25 0.25 0.25
9.690382497554918
45.0
128.33007097261003 312.1886469367962
3
97.89287891204282 312.1886469367962
0.25 0.25 0.25 0.25
30.437192060567213
45.0
153.79893696015063 354.8555902358986
2
167.70702257361836 354.8555902358986
0.25 0.25 0.25 0.25
13.908085613467735
45.0
326.63315144714693 80.12224853457772
3
301.8778777847274 80.12224853457772
0.25 0.25 0.25 0.25
24.755273662419548
45.0
355.5047334400174 274.98708363032506
1
355.5047334400174 297.8592767066478
0.25 0.25 0.25 0.25
22.87219307632271
45.0
432.44988802932784 115.82296035971544
1
432.44988802932784 121.54719425243798
0.25 0.25 0.25 0.25
5.7242338927225305
45.0
24.520110014284953 345.009274361911
2
70.8192343237387 345.009274361911
0.25 0.25 0.25 0.25
46.299124309453745
45.0
101.27615596353778 352.3966128271054
0
101.27615596353778 326.1220030352373
0.25 0.25 0.25 0.25
26.27460979186809
45.0
170.6861077804234 156.94999571840907
1
170.6861077804234 174.48833771500415
0.25 0.25 0.25 0.25
17.53834199659507
45.0
28.613608773966234 90.93411924453744
0
28.613608773966234 43.53267839530184
0.25 0.25 0.25 0.25
47.4014408492356
45.0
56.19166745804651 39.33779682686044
2
77.88806306741553 39.33779682686044
0.25 0.25 0.25 0.25
21.696395609369024
45.0
178.72643071375236 267.115196269501
0
178.72643071375236 251.5753689672214
0.25 0.25 0.25 0.25
15.539827302279585
45.0
410.1425926693969 249.21649189519198
2
459.47453588664905 249.21649189519198
0.25 0.25 0.25 0.25
49.33194321725214
45.0
321.50858203504566 58.11229224538464
0
321.50858203504566 43.79517467272669
0.25 0.25 0.25 0.25
14.317117572657946
45.0
151.83045947064815 487.26670328070395
3
119.26174461915843 487.26670328070395
0.25 0.25 0.25 0.25
32.56871485148972
45.0
494.86877669725163 393.0000496736955
0
494.86877669725163 377.17428890084676
0.25 0.25 0.25 0.25
15.825760772848751
45.0
418.59896200331787 279.33866990922263
3
414.4310133409348 279.33866990922263
0.25 0.25 0.25 0.25
4.1679486623830915
45.0
373.9954393516761 180.92851914731838
0
373.9954393516761 167.64574235159037
0.25 0.25 0.25 0.25
13.282776795728001
45.0
83.02312041137316 429.7196664776205
0
83.02312041137316 396.9673821469381
0.25 0.25 0.25 0.25
32.752284330682336
45.0
258.4615142535576 371.19344093091865
1
258.4615142535576 397.8487097882372
0.25 0.25 0.25 0.25
26.655268857318546
45.0
