10532
3.562715696430267 134.5797508567154
0
3.562715696430267 105.50208746187815
0.25 0.25 0.25 0.25
29.077663394837266
45.0
408.57820457689223 289.92423168321307
2
432.74324801283046 289.92423168321307
0.25 0.25 0.25 0.25
24.165043435938205
45.0
201.0051031548224 478.18282312098427
0
201.0051031548224 435.1679026962676
0.25 0.25 0.25 0.25
43.01492042471663
45.0
486.9465998289086 402.7807992804768
1
486.9465998289086 416.0744067479155
0.25 0.25 0.25 0.25
13.293607467438662
45.0
221.93721809223118 349.11819246830146
3
186.12108819468887 349.11819246830146
0.25 0.25 0.25 0.25
35.81612989754232
45.0
2.5384481568471102 318.37700575059955
0
2.5384481568471102 271.8444604051603
0.25 0.25 0.25 0.25
46.532545345439225
45.0
334.0926221090026 289.5114354672953
0
334.0926221090026 250.90358099918714
0.25 0.25 0.25 0.25
38.607854468108165
45.0
283.777557708551 212.5096388653966
3
249.57604662217716 212.5096388653966
0.25 0.25 0.25 0.25
34.20151108637385
45.0
107.23380763396719 328.9089070881044
0
107.23380763396719 325.1002197183586
0.25 0.25 0.25 0.25
3.80868736974585
45.0
407.5210697000912 452.8018265895985
1
407.5210697000912 479.8296560087614
0.25 0.25 0.25 0.25
27.027829419162885
45.0
27.771677540553263 174.15805490023217
3
10.195111360361665 174.15805490023217
0.25 0.25 0.25 0.25
17.576566180191598
45.0
444.3955282733953 151.83225092703674
3
435.0456423124775 151.83225092703674
0.25 0.25 0.25 0.25
9.349885960917764
45.0
414.9698721419827 356.49391324657824
1
414.9698721419827 373.71036001686116
0.25 0.25 0.25 0.25
17.21644677028294
45.0
123.15842760922868 326.2376271152216
1
123.15842760922868 364.92669919090326
0.25 0.25 0.25 0.25
38.68907207568171
45.0
311.54060654170434 199.52345734170623
0
311.54060654170434 150.87804457301996
0.25 0.25 0.25 0.25
48.64541276868628
45.0
161.66826029255344 57.34708793262426
1
161.66826029255344 61.98297779921621
0.25 0.25 0.25 0.25
4.635889866591947
45.0
330.0069674343432 137.8531020924949
0
330.0069674343432 125.40720060961738
0.25 0.25 0.25 0.25
12.445901482877531
45.0
415.22150666728817 61.22735045372027
1
415.22150666728817 90.24749656092035
0.25 0.25 0.25 0.25
29.020146107200084
45.0
84.14166376911727 289.17632990269135
0
84.14166376911727 254.52128128800848
0.25 0.25 0.25 0.25
34.655048614682855
45.0
291.38020811110266 407.5234400657269
2
294.6243107127294 407.5234400657269
0.25 0.25 0.25 0.25
3.2441026016267696
45.0
7.297088411893476 43.817850638350265
0
7.297088411893476 21.66134822455906
0.25 0.25 0.25 0.25
22.156502413791205
45.0
81.58826806781465 359.02616922589795
1
81.58826806781465 396.3566575639021
0.25 0.25 0.25 0.25
37.330488338004145
45.0
252.37680677201791 318.3551203862361
0
252.37680677201791 316.3215751170794
0.25 0.25 0.25 0.25
2.033545269156689
45.0
178.33399990381196 402.0131802347874
3
155.18590316071018 402.0131802347874
0.25 0.25 0.25 0.25
23.14809674310178
45.0
69.22029132970763 27.065764146865888
3
24.393107289142947 27.065764146865888
0.25 0.25 0.25 0.25
44.82718404056469
45.0
425.4708040640375 401.1795591207232
1
425.4708040640375 406.90107514083957
0.25 0.25 0.25 0.25
5.721516020116391
45.0
419.20791007445564 29.022620313515205
1
419.20791007445564 15.70745166264436
0.25 0.25 0.25 0.25
44.730071976159564
45.0
333.94755697984436 446.57700311571324
2
362.28694127139465 446.57700311571324
0.25 0.25 0.25 0.25
28.339384291550267
45.0
153.01490901936145 6.039528369185156
3
124.2201546057021 6.039528369185156
0.25 0.25 0.25 0.25
28.79475441365935
45.0
240.8290581013003 112.47729995471832
0
240.8290581013003 67.75277863430921
0.25 0.25 0.25 0.25
44.72452132040912
45.0
162.72516285976374 136.55825601880508
1
162.72516285976374 158.97127667499322
0.25 0.25 0.25 0.25
22.41302065618813
45.0
477.06332055394535 199.22982324623297
2
488.24451798027644 199.22982324623297
0.25 0.25 0.25 0.25
11.181197426331119
45.0
322.64348719086274 11.401246821471567
1
322.64348719086274 26.03695524832615
0.25 0.25 0.25 0.25
37.43820206979772
45.0
236.630972273969 434.5931527840358
2
285.1116592576044 434.5931527840358
0.25 0.25 0.25 0.25
48.48068698363539
45.0
117.3552395886868 112.64552177190714
2
129.40877914783124 112.64552177190714
0.25 0.25 0.25 0.25
12.053539559144433
45.0
140.84086395044415 409.61967252614977
2
174.7996076054991 409.61967252614977
0.25 0.25 0.25 0.25
33.95874365505496
45.0
99.55989878770583 223.3929970183539
1
99.55989878770583 231.37675157484807
0.25 0.25 0.25 0.25
7.983754556494177
45.0
358.4539602095052 247.74935782974575
3
332.0423608364586 247.74935782974575
0.25 0.25 0.25 0.25
26.411599373046613
45.0
323.0930515296497 71.81168448379816
3
294.6066971816862 71.81168448379816
0.25 0.25 0.25 0.25
28.486354347963545
45.0
174.64476126629475 176.78018850327874
1
174.64476126629475 183.6805148339318
0.25 0.25 0.25 0.25
6.900326330653056
45.0
476.25534140660807 87.88270849512642
1
476.25534140660807 89.34773069756052
0.25 0.25 0.25 0.25
1.465022202434102
45.0
53.029719689050054 267.70466019753997
0
53.029719689050054 239.57803507996766
0.25 0.25 0.25 0.25
28.126625117572317
45.0
23.41314997632077 378.57927275288586
2
43.271114270379854 378.57927275288586
0.25 0.25 0.25 0.25
19.857964294059084
45.0
64.83412063243841 439.28893593123826
2
113.59349935737625 439.28893593123826
0.25 0.25 0.25 0.25
48.75937872493783
45.0
147.13861677888434 42.740694928451035
3
132.1823243260594 42.740694928451035
0.25 0.25 0.25 0.25
14.956292452824943
45.0
377.25468348517126 441.14146051853345
2
406.11530784877806 441.14146051853345
0.25 0.25 0.25 0.25
28.860624363606806
45.0
226.99280830348047 109.09220436660087
0
226.99280830348047 63.672645290063365
0.25 0.25 0.25 0.25
45.4195590765375
45.0
101.22772566399772 364.5046103932576
0
101.22772566399772 357.1362210792144
0.25 0.25 0.25 0.25
7.3683893140432
45.0
