42857
182.0683633883607 473.04527913008985
182.0683633883607 11.207500680042472
0.05616127627846818 0.3285819921521272 0.23571652519015182 0.37954020637925273
38.16222154995262
45.0
438.17878893976916 251.39740040025026
438.17878893976916 301.1105292201822
0.32702194186643524 0.2900074558422088 0.3580779704156505 0.02489263187570545
49.713128819931896
45.0
78.35736656921848 270.2383838510361
90.63866335061658 270.2383838510361
0.15690166714178047 0.0689138709373179 0.3920908330371713 0.3820936288837303
12.2812967813981
45.0
223.18239701376143 138.8628535081362
223.18239701376143 123.99954545310739
0.3704995103134713 0.32773269830190144 0.2939400775102761 0.007827713874351138
14.863308055028812
45.0
73.41744839835391 22.081554100521743
73.41744839835391 25.71158552191912
0.26297942753407105 0.3800887565447566 0.29302881457803726 0.06390300134313506
3.630031421397378
45.0
417.5363893295435 168.6378452811236
417.5363893295435 209.16020632999494
0.19827551454350165 0.24036875123178272 0.3531776732382955 0.20817806098642017
40.522361048871346
45.0
7.814690433481019 66.63828354111908
7.814690433481019 34.691699088291486
0.46139983142963364 0.1577957894489712 0.11796648246873682 0.26283789665265833
31.946584452827594
45.0
64.78144886585183 305.7483620565727
64.78144886585183 293.07210415477874
0.4319590292406877 0.14829128804530076 0.2393586721644332 0.18039101054957837
12.676257901793992
45.0
297.814382386304 247.0640285235174
320.62129901556403 247.0640285235174
0.0034814705815073934 0.019371955337585123 0.4311949832947891 0.5459515907861183
22.806916629260083
45.0
151.51912253241653 139.25006343949008
174.87938316409935 139.25006343949008
0.07118743054335135 0.21304613818440774 0.47051120215505543 0.24525522911718534
23.360260631682824
45.0
435.5431403154427 144.97207067007977
441.3976319621598 144.97207067007977
0.25409719269490066 0.0530247880543666 0.255736477912022 0.4371415413387108
5.854491646717042
45.0
275.93956259010537 244.79954586801585
275.93956259010537 277.4297825214962
0.3018658410082221 0.12077932965479085 0.22984525629977032 0.3475095730372167
32.63023665348034
45.0
376.38666648595904 438.9122890337166
415.8787316416037 438.9122890337166
0.2246662564368242 0.05911799835645862 0.3449126051123877 0.3713031400943294
39.49206515564466
45.0
248.04327998935435 497.8391423940809
248.04327998935435 3.8710996307124805
0.14344267196269958 0.3460709157866216 0.42322813521206565 0.08725827703861323
6.031957236631586
45.0
283.4508326144764 477.42295716589064
283.4508326144764 3.4555105152643364
0.28683099077650165 0.20689739857955805 0.3355376393940584 0.1707339712498819
26.03255334937369
45.0
61.124538318804525 396.93750323443044
61.124538318804525 351.7162057186364
0.500961657225271 0.009838402099228018 0.4349870159061864 0.05421292476931474
45.22129751579405
45.0
20.384421294664627 368.7425646989991
20.384421294664627 385.0429079387423
0.050335646705091025 0.45499614342719646 0.38016616379296736 0.11450204607474522
16.300343239743192
45.0
269.1905306484084 231.33321798895304
269.1905306484084 281.2210206021151
0.2258430597886338 0.2609551153275771 0.2351875965449599 0.2780142283388292
49.887802613162066
45.0
266.09376871683094 324.059343142108
312.18753214526777 324.059343142108
0.05783763917984987 0.23027883316049189 0.42009175560138723 0.291791772058271
46.093763428436816
45.0
54.816442350983124 423.2605399901871
54.816442350983124 385.09989847682624
0.44920306634809254 0.17572390625706583 0.35540815070591353 0.01966487668892812
38.160641513360886
45.0
429.65244609536427 464.0335996285015
382.03150680648486 464.0335996285015
0.00035311356063007904 0.19630662649670955 0.10182496504157912 0.7015152949010812
47.62093928887942
45.0
190.42450199429078 43.92252764779694
190.42450199429078 67.78441727815678
0.34289708486679155 0.09459055021991873 0.29963272454357776 0.26287964036971195
23.86188963035984
45.0
404.6762941155922 319.6027323952811
404.6762941155922 353.81528082237804
0.0622486264827492 0.3834248713128653 0.17741499365043353 0.37691150855395206
34.2125484270969
45.0
110.13755270907171 382.5666517933486
110.13755270907171 428.06741237623396
0.2429439386490757 0.1792654695842059 0.37830289699231484 0.19948769477440362
45.500760582885356
45.0
325.52063557402033 217.07629757090646
325.52063557402033 177.19451444090717
0.5172959405027446 0.2659965719063369 0.0359456074623158 0.18076188012860278
39.8817831299993
45.0
12.44867504307797 270.4811636038305
12.44867504307797 304.38626098953495
0.16614292657022287 0.4285409965099913 0.1526211232618388 0.25269495365794703
33.905097385704444
45.0
259.9364576015397 293.64391258888577
259.9364576015397 325.04825079805977
0.23018405120517282 0.15475080492697244 0.16514182297711147 0.44992332089074333
31.404338209174014
45.0
209.7269788435584 319.1607263335797
209.7269788435584 361.1188132457431
0.2291374821827056 0.5007034857267884 0.1015772110987457 0.1685818209917604
41.95808691216343
45.0
323.8839563462682 103.08760000343645
323.8839563462682 106.12197410421936
0.07779065790589322 0.2888001423519498 0.23285033471190567 0.40055886503025134
3.0343741007829106
45.0
58.0272005849865 411.70870487763574
58.0272005849865 431.32972317496444
0.2373554498910882 0.216088705231349 0.23480146598548896 0.3117543788920737
19.62101829732869
45.0
309.72352430224527 366.14643696423883
347.24475520189725 366.14643696423883
0.12739861429671398 0.015043395586183572 0.3966273776105892 0.4609306125065131
37.52123089965196
45.0
329.91755988776083 117.97350001374792
329.91755988776083 161.11810928249852
0.06479143090437525 0.35915189942897674 0.3318039491952592 0.24425272047138882
43.14460926875059
45.0
187.74814142719504 192.19787226175626
187.74814142719504 230.1928480614043
0.31364886676831827 0.1742628948928851 0.5023211236166361 0.009767114722160646
37.99497579964804
45.0
99.80581405469344 437.9147540336807
99.80581405469344 464.0985847228985
0.2812196685869136 0.27973685448994906 0.13800788335612496 0.30103559356701237
26.183830689217796
45.0
454.2870803307861 144.5308808465261
454.2870803307861 113.07650863569503
0.5010459535780949 0.22042299900415463 0.2549701131339193 0.0235609342838313
31.45437221083105
45.0
267.4799292379964 356.6000317901065
298.43407902235424 356.6000317901065
0.22389394076525443 0.07917463074719648 0.07001399493447069 0.6269174335530784
30.954149784357888
45.0
418.5577993270305 32.01258952268245
418.5577993270305 482.02889201928593
0.3634670384903163 0.2625525987614542 0.27929970677979593 0.09468065596843372
49.9836975033965
45.0
192.22253224795168 265.65543005114176
192.22253224795168 282.8180584556142
0.20152690739165496 0.32940073489755084 0.09440728672454268 0.37466507098625157
17.162628404472457
45.0
321.5815304606014 354.1684996578049
321.5815304606014 396.63833195389776
0.08567764368284907 0.3983202388299108 0.2953226187663093 0.22067949872093093
42.46983229609287
45.0
66.14097186995326 368.1537792783894
66.14097186995326 392.7058797024711
0.0014213637862003764 0.5478968642042868 0.33424708133439557 0.11643469067511712
24.552100424081747
45.0
43.679406851758706 400.44408414279167
43.679406851758706 353.0761841277529
0.3809051327870061 0.11026013505701739 0.24017907750016088 0.2686556546558156
47.367900015038764
45.0
157.4579506625732 156.74354499895745
157.4579506625732 163.52062884717276
0.10256666261739875 0.3636397549403822 0.5263280686760876 0.0074655137661314595
6.77708384821531
45.0
201.69568484119685 439.9673263582797
201.69568484119685 484.3862928714438
0.3036956945574277 0.36598955445822795 0.3268802175398182 0.003434533444526366
44.4189665131641
45.0
392.98561820241804 134.5309305713808
409.63975206644005 134.5309305713808
0.006968678039051327 0.33230011181764196 0.19377523239805125 0.4669559777452555
16.654133864022008
45.0
407.13373431888334 191.60113046892383
407.13373431888334 148.4068012282758
0.37581725562628737 0.24915503155230107 0.3326324915395738 0.04239522128183773
43.19432924064803
45.0
361.6151785789036 360.5008105441852
361.6151785789036 385.97735301390145
0.11703668067363034 0.2549949082421364 0.22821406734972435 0.39975434373450897
25.476542469716275
45.0
194.76018273942321 239.77622432316264
221.66543283750144 239.77622432316264
0.05788522161214105 0.1905004090638617 0.31850339002260175 0.4331109793013955
26.90525009807824
45.0
383.73441342715313 189.78570505514094
383.73441342715313 192.71697472020418
0.2174184061994132 0.29486064413392976 0.1468673940851514 0.34085355558150565
2.931269665063252
45.0
