95882
493.87680975413434 125.63961729498749
3
374.3796061157666 125.63961729498749
0.25 0.25 0.25 0.25
119.49720363836775
45.0
476.35851755942235 376.1255742802631
1
476.35851755942235 484.1944180117098
0.25 0.25 0.25 0.25
108.06884373144669
45.0
332.75243658788963 119.48874323705778
2
473.90186124714205 119.48874323705778
0.25 0.25 0.25 0.25
141.1494246592524
45.0
497.25325400610603 468.9898642561652
0
497.25325400610603 345.65118774190177
0.25 0.25 0.25 0.25
123.33867651426347
45.0
259.31798933855237 245.02118335595958
1
259.31798933855237 359.10330511233593
0.25 0.25 0.25 0.25
114.08212175637634
45.0
441.7993030424533 367.47550000685385
0
441.7993030424533 270.4271038884389
0.25 0.25 0.25 0.25
97.0483961184149
45.0
349.5792244784237 245.1724681990519
0
349.5792244784237 70.65285036716017
0.25 0.25 0.25 0.25
174.51961783189174
45.0
250.69803985482582 477.3299637871912
2
385.6286261677351 477.3299637871912
0.25 0.25 0.25 0.25
134.93058631290927
45.0
454.73172535169147 484.0300296030922
3
430.3106036515875 484.0300296030922
0.25 0.25 0.25 0.25
114.95767099672109
45.0
3.6140963895617233 119.5758382658521
1
3.6140963895617233 239.4353129454555
0.25 0.25 0.25 0.25
119.85947467960341
45.0
102.62248266646658 286.58771026304856
0
102.62248266646658 183.77641177168783
0.25 0.25 0.25 0.25
102.81129849136072
45.0
377.8565306734512 331.22053075014065
2
479.11663058422766 331.22053075014065
0.25 0.25 0.25 0.25
101.26009991077647
45.0
172.22383991074855 269.9965885676932
2
309.28054105041116 269.9965885676932
0.25 0.25 0.25 0.25
137.0567011396626
45.0
227.72167407155507 232.358931247167
3
104.04887586175778 232.358931247167
0.25 0.25 0.25 0.25
123.67279820979729
45.0
305.3875505298298 95.90215056893902
1
305.3875505298298 252.61779879160517
0.25 0.25 0.25 0.25
156.71564822266615
45.0
22.37097190638937 494.0195864644893
2
127.54531809871706 494.0195864644893
0.25 0.25 0.25 0.25
105.17434619232769
45.0
264.99607533610646 245.87517175775218
1
264.99607533610646 396.1256305914667
0.25 0.25 0.25 0.25
150.2504588337145
45.0
97.70460261632242 187.23187542159678
2
198.82102028826205 187.23187542159678
0.25 0.25 0.25 0.25
101.11641767193963
45.0
11.447625076592715 484.95836006700887
2
116.20199242674789 484.95836006700887
0.25 0.25 0.25 0.25
127.64961750334061
45.0
110.27212441537233 216.56769480163996
0
110.27212441537233 96.49406020897845
0.25 0.25 0.25 0.25
120.0736345926615
45.0
413.32285631773243 410.3058143434869
0
413.32285631773243 462.5045946497943
0.25 0.25 0.25 0.25
127.18959100671881
45.0
183.70217966561881 68.67764922999766
3
12.479543811890494 68.67764922999766
0.25 0.25 0.25 0.25
171.22263585372832
45.0
297.89818694173994 56.17730546967397
1
297.89818694173994 174.00634764779383
0.25 0.25 0.25 0.25
117.82904217811986
45.0
85.05127434320661 220.45439462844854
2
79.60418812859496 220.45439462844854
0.25 0.25 0.25 0.25
164.65546247180157
45.0
226.0091281317945 415.95101169387385
0
226.0091281317945 421.67881868568406
0.25 0.25 0.25 0.25
162.37016962044214
45.0
289.2138676197698 351.6248491864635
0
289.2138676197698 492.44778889888283
0.25 0.25 0.25 0.25
155.92736191465366
45.0
175.0696025428969 416.86910749429444
0
175.0696025428969 430.85663250217647
0.25 0.25 0.25 0.25
152.27426000352906
45.0
455.8831464080788 413.7346259006565
3
355.1701353093608 413.7346259006565
0.25 0.25 0.25 0.25
100.71301109871804
45.0
385.7337132424768 88.1771738268838
1
385.7337132424768 32.04249560057178
0.25 0.25 0.25 0.25
120.21966942745559
45.0
22.642054732553447 408.6408640259574
2
85.75565371296216 408.6408640259574
0.25 0.25 0.25 0.25
108.3977084455156
45.0
439.0427363226212 252.6077761912454
3
429.4784186230903 252.6077761912454
0.25 0.25 0.25 0.25
131.47884505428854
45.0
382.18994866777473 222.4120720449337
2
481.5101413221422 222.4120720449337
0.25 0.25 0.25 0.25
99.32019265436745
45.0
288.6267331345216 29.12627930468227
2
397.59086847263495 29.12627930468227
0.25 0.25 0.25 0.25
108.96413533811335
45.0
13.187745568859384 368.03220361644577
2
104.30851507808393 368.03220361644577
0.25 0.25 0.25 0.25
91.12076950922454
45.0
275.312060107517 384.3124897182381
0
275.312060107517 228.58086669391446
0.25 0.25 0.25 0.25
155.73162302432365
45.0
264.16725753577674 168.55577187103094
3
170.76919791352398 168.55577187103094
0.25 0.25 0.25 0.25
93.39805962225276
45.0
481.23620079929674 7.792314162954028
3
343.8806091304273 7.792314162954028
0.25 0.25 0.25 0.25
174.88319007027602
45.0
116.09146214789546 323.0937384377194
2
210.296487476869 323.0937384377194
0.25 0.25 0.25 0.25
94.20502532897355
45.0
186.2400711015423 259.67285424658075
2
290.8327274301457 259.67285424658075
0.25 0.25 0.25 0.25
104.59265632860343
45.0
269.15188085408397 187.19563810312496
3
263.7969435961948 187.19563810312496
0.25 0.25 0.25 0.25
5.354937257889148
45.0
469.70253242727347 186.98523815094774
0
469.70253242727347 162.86653085116527
0.25 0.25 0.25 0.25
24.11870729978247
45.0
49.70721924137709 16.474426290278878
0
49.70721924137709 13.800195302706681
0.25 0.25 0.25 0.25
2.674230987572196
45.0
473.9926077252358 319.6433643426546
1
473.9926077252358 325.91003472423444
0.25 0.25 0.25 0.25
6.266670381579847
45.0
260.24854408966075 247.91804241881215
1
260.24854408966075 262.1548562932441
0.25 0.25 0.25 0.25
14.236813874431958
45.0
76.52456308601586 214.83159073287118
0
76.52456308601586 207.87450393040382
0.25 0.25 0.25 0.25
6.957086802467366
45.0
140.70932263284465 81.75617055581844
1
140.70932263284465 117.72413400681886
0.25 0.25 0.25 0.25
35.967963451000415
45.0
52.37241745208016 164.63167412699795
2
98.60210757175376 164.63167412699795
0.25 0.25 0.25 0.25
46.229690119673606
45.0
210.47923103308938 272.5639538586406
1
210.47923103308938 287.81248379563976
0.25 0.25 0.25 0.25
15.24852993699916
45.0
