55230
299.230843409896 161.7311773168431
1
299.230843409896 316.11455750260393
0.25 0.25 0.25 0.25
154.38338018576084
45.0
387.47188340043414 339.0050212045006
1
387.47188340043414 446.62925186777375
0.25 0.25 0.25 0.25
107.62423066327311
45.0
268.09935187325686 326.3288607622202
3
96.51931435275051 326.3288607622202
0.25 0.25 0.25 0.25
171.58003752050635
45.0
196.53009322347683 474.83554448926554
2
312.7557881094781 474.83554448926554
0.25 0.25 0.25 0.25
116.22569488600126
45.0
340.4681984121787 341.53060988348557
0
340.4681984121787 206.20725737669136
0.25 0.25 0.25 0.25
135.32335250679424
45.0
206.71456514249098 113.65676965922898
0
206.71456514249098 21.31384634858216
0.25 0.25 0.25 0.25
92.34292331064682
45.0
437.5098310007388 141.2876754494462
1
437.5098310007388 312.78870883638524
0.25 0.25 0.25 0.25
171.50103338693904
45.0
326.6508927710504 395.6889568611143
0
326.6508927710504 444.56825939721773
0.25 0.25 0.25 0.25
159.74278374166795
45.0
392.0377091633858 201.058466310183
3
497.07576179242636 201.058466310183
0.25 0.25 0.25 0.25
110.88652904418784
45.0
149.95192144970343 298.6326690905423
3
46.77301636170179 298.6326690905423
0.25 0.25 0.25 0.25
103.17890508800164
45.0
435.85319677120424 409.9031138617763
3
309.7424323793847 409.9031138617763
0.25 0.25 0.25 0.25
126.11076439181954
45.0
270.3192165905162 380.61708027139923
0
270.3192165905162 290.8064291978883
0.25 0.25 0.25 0.25
89.81065107351095
45.0
488.4861420632195 94.91075023795275
3
367.1699121461661 94.91075023795275
0.25 0.25 0.25 0.25
121.31622991705345
45.0
329.0345386039056 13.91292161341238
1
329.0345386039056 131.2642918152052
0.25 0.25 0.25 0.25
145.1772134286176
45.0
315.6929515518751 379.38096294865034
2
433.77544898603264 379.38096294865034
0.25 0.25 0.25 0.25
118.08249743415752
45.0
123.78950439539071 269.66711255956693
2
259.09012372615405 269.66711255956693
0.25 0.25 0.25 0.25
135.30061933076334
45.0
32.97761282364519 212.09274379470767
2
140.64758122778565 212.09274379470767
0.25 0.25 0.25 0.25
173.62519405143084
45.0
115.62342368760014 37.097492192616244
1
115.62342368760014 94.29891603453368
0.25 0.25 0.25 0.25
131.39640822714992
45.0
273.8838724750274 297.42687938633526
2
373.7439388415944 297.42687938633526
0.25 0.25 0.25 0.25
99.86006636656703
45.0
347.980867335451 209.6377680825667
2
451.77846159131786 209.6377680825667
0.25 0.25 0.25 0.25
103.79759425586683
45.0
216.2716328272619 8.856549846158586
3
167.03601753534087 8.856549846158586
0.25 0.25 0.25 0.25
49.23561529192103
45.0
265.99669952493855 83.55326753107187
2
277.6572342757326 83.55326753107187
0.25 0.25 0.25 0.25
11.660534750794065
45.0
288.14089050184407 263.54873481667926
0
288.14089050184407 238.2696237138556
0.25 0.25 0.25 0.25
25.27911110282367
45.0
254.93400043311254 283.71247059656037
2
298.12643627000296 283.71247059656037
0.25 0.25 0.25 0.25
43.19243583689042
45.0
348.87879954823995 453.18361904451285
3
315.7289102378413 453.18361904451285
0.25 0.25 0.25 0.25
33.14988931039865
45.0
107.21735692556211 259.2294951829306
3
95.98800979654658 259.2294951829306
0.25 0.25 0.25 0.25
11.229347129015538
45.0
340.3460824400943 78.11171315611307
3
302.62861063388334 78.11171315611307
0.25 0.25 0.25 0.25
37.71747180621094
45.0
137.62923886414637 377.21177114703073
2
159.66654099588877 377.21177114703073
0.25 0.25 0.25 0.25
22.037302131742393
45.0
499.66701302881893 420.8460898206373
0
499.66701302881893 396.0540614693167
0.25 0.25 0.25 0.25
24.792028351320607
45.0
457.9300417394327 66.97662224302414
3
428.3960724657471 66.97662224302414
0.25 0.25 0.25 0.25
29.53396927368555
45.0
334.2045582688916 174.08518191727018
2
341.2787225312004 174.08518191727018
0.25 0.25 0.25 0.25
7.074164262308768
45.0
310.85048680777044 429.8250076528563
3
269.175009750339 429.8250076528563
0.25 0.25 0.25 0.25
41.67547705743148
45.0
475.9768686650289 472.18920886158537
2
493.35957327581565 472.18920886158537
0.25 0.25 0.25 0.25
17.382704610786725
45.0
394.60519810974534 469.6424474506184
2
420.3566315289102 469.6424474506184
0.25 0.25 0.25 0.25
25.751433419164847
45.0
80.95081028708626 289.8354314496718
0
80.95081028708626 243.97053346312896
0.25 0.25 0.25 0.25
45.86489798654282
45.0
71.77784480228445 332.1402784483908
3
32.46435494628668 332.1402784483908
0.25 0.25 0.25 0.25
39.313489855997766
45.0
234.78886873179857 353.0599279344433
3
226.94009725226834 353.0599279344433
0.25 0.25 0.25 0.25
7.848771479530237
45.0
301.18379397400304 473.01329879176
2
330.3884148929546 473.01329879176
0.25 0.25 0.25 0.25
29.204620918951534
45.0
462.7184561150409 113.73408794598657
1
462.7184561150409 153.7116337704973
0.25 0.25 0.25 0.25
39.97754582451072
45.0
443.27960692811735 55.59244203090862
1
443.27960692811735 81.65175915494456
0.25 0.25 0.25 0.25
26.059317124035935
45.0
354.91080925664386 91.76160786757396
0
354.91080925664386 82.23745518962886
0.25 0.25 0.25 0.25
9.524152677945091
45.0
361.1972844165887 468.0360341521339
3
329.98629269125723 468.0360341521339
0.25 0.25 0.25 0.25
31.210991725331443
45.0
133.09788910451744 290.32882721960823
1
133.09788910451744 331.3198991838285
0.25 0.25 0.25 0.25
40.99107196422027
45.0
282.28431660217734 260.9394523540335
1
282.28431660217734 301.2909211118939
0.25 0.25 0.25 0.25
40.35146875786039
45.0
320.13452680773446 490.5981090619782
2
351.57576789424957 490.5981090619782
0.25 0.25 0.25 0.25
31.44124108651512
45.0
425.92419305751747 319.068578142839
2
429.79141275585283 319.068578142839
0.25 0.25 0.25 0.25
3.867219698335372
45.0
40.21022834912585 343.9410255230017
2
65.17455546864971 343.9410255230017
0.25 0.25 0.25 0.25
24.964327119523865
45.0
278.0533228568325 113.81246147178572
1
278.0533228568325 126.39664243510047
0.25 0.25 0.25 0.25
12.58418096331475
45.0
