55230
479.6699999337993 308.4029056553305
0
479.6699999337993 154.0195254695697
0.25 0.25 0.25 0.25
154.38338018576084
45.0
356.089959369892 231.3807905412275
2
463.7141900331651 231.3807905412275
0.25 0.25 0.25 0.25
107.62423066327311
45.0
388.7405730857304 105.27188964790699
1
388.7405730857304 276.85192716841334
0.25 0.25 0.25 0.25
171.58003752050635
45.0
430.6296351805411 404.64110357727577
3
314.4039402945398 404.64110357727577
0.25 0.25 0.25 0.25
116.22569488600126
45.0
69.82149339859023 258.9437898291318
2
205.14484590538447 258.9437898291318
0.25 0.25 0.25 0.25
135.32335250679424
45.0
235.96886278467753 239.94276716624324
2
328.31178609532435 239.94276716624324
0.25 0.25 0.25 0.25
92.34292331064682
45.0
65.50156390522642 310.25254029351845
0
65.50156390522642 138.7515069065794
0.25 0.25 0.25 0.25
171.50103338693904
45.0
409.737487871035 172.15079739436555
3
430.51972838729705 172.15079739436555
0.25 0.25 0.25 0.25
159.74278374166795
45.0
59.37812203082224 470.32442376187225
2
51.5084070133656 470.32442376187225
0.25 0.25 0.25 0.25
110.88652904418784
45.0
358.1308515423525 114.08295126146419
0
358.1308515423525 10.904046173462547
0.25 0.25 0.25 0.25
103.17890508800164
45.0
420.2638085678635 292.6784646045131
3
453.62542704031694 292.6784646045131
0.25 0.25 0.25 0.25
126.11076439181954
45.0
316.8760426160678 80.51901328753506
2
406.68669368957876 80.51901328753506
0.25 0.25 0.25 0.25
89.81065107351095
45.0
337.69975148259357 180.62745752249006
3
216.38352156554012 180.62745752249006
0.25 0.25 0.25 0.25
121.31622991705345
45.0
235.43382111024155 481.92554989991163
0
235.43382111024155 372.89723667147075
0.25 0.25 0.25 0.25
145.1772134286176
45.0
385.3995766723922 266.3715447488771
3
496.5179258934503 266.3715447488771
0.25 0.25 0.25 0.25
118.08249743415752
45.0
423.90003301836725 489.24093874035634
0
423.90003301836725 353.94031940959303
0.25 0.25 0.25 0.25
135.30061933076334
45.0
279.1421477877219 440.7101757889046
2
452.7673418391528 440.7101757889046
0.25 0.25 0.25 0.25
173.62519405143084
45.0
64.4521578704009 299.8903086469161
0
64.4521578704009 168.49390041976616
0.25 0.25 0.25 0.25
131.39640822714992
45.0
22.89765395601421 197.56681301976823
2
76.96241241055282 197.56681301976823
0.25 0.25 0.25 0.25
99.86006636656703
45.0
112.53996968518716 143.81611638536816
0
112.53996968518716 40.018522129501335
0.25 0.25 0.25 0.25
103.79759425586683
45.0
242.13659896160684 267.8969149366055
0
242.13659896160684 218.6612996446845
0.25 0.25 0.25 0.25
49.23561529192103
45.0
107.14041250047148 130.19540653424815
0
107.14041250047148 118.53487178345408
0.25 0.25 0.25 0.25
11.660534750794065
45.0
136.4662238849021 10.757623788442594
1
136.4662238849021 14.521487314381076
0.25 0.25 0.25 0.25
25.27911110282367
45.0
168.54912875933172 161.35983927538481
3
125.35669292244131 161.35983927538481
0.25 0.25 0.25 0.25
43.19243583689042
45.0
453.8317881674767 154.83461525092514
3
420.68189885707807 154.83461525092514
0.25 0.25 0.25 0.25
33.14988931039865
45.0
365.49234089291946 270.4588423119461
1
365.49234089291946 281.68818944096165
0.25 0.25 0.25 0.25
11.229347129015538
45.0
132.41299037052397 96.48345192380839
3
94.69551856431303 96.48345192380839
0.25 0.25 0.25 0.25
37.71747180621094
45.0
225.7784473911159 24.614937039152295
3
203.7411452593735 24.614937039152295
0.25 0.25 0.25 0.25
22.037302131742393
45.0
251.74672951561297 430.4017400714391
2
276.53875786693357 430.4017400714391
0.25 0.25 0.25 0.25
24.792028351320607
45.0
44.45447190783489 401.4119308306358
0
44.45447190783489 371.87796155695025
0.25 0.25 0.25 0.25
29.53396927368555
45.0
362.50121531812675 216.5301674911227
1
362.50121531812675 223.60433175343147
0.25 0.25 0.25 0.25
7.074164262308768
45.0
189.04378850305199 346.47405353799337
3
147.36831144562052 346.47405353799337
0.25 0.25 0.25 0.25
41.67547705743148
45.0
332.81338061631703 176.68323047821093
1
332.81338061631703 194.06593508899766
0.25 0.25 0.25 0.25
17.382704610786725
45.0
253.48654071680525 427.3518188727221
2
279.2379741359701 427.3518188727221
0.25 0.25 0.25 0.25
25.751433419164847
45.0
65.67163937648425 143.2129817861013
3
19.80674138994143 143.2129817861013
0.25 0.25 0.25 0.25
45.86489798654282
45.0
386.28576365026663 331.201066447685
0
386.28576365026663 291.8875765916872
0.25 0.25 0.25 0.25
39.313489855997766
45.0
187.6962398546172 337.36238497538284
3
179.84746837508698 337.36238497538284
0.25 0.25 0.25 0.25
7.848771479530237
45.0
49.27165705341544 232.33344268450003
2
78.47627797236697 232.33344268450003
0.25 0.25 0.25 0.25
29.204620918951534
45.0
137.50608563985176 206.0862786500992
1
137.50608563985176 246.0638244746099
0.25 0.25 0.25 0.25
39.97754582451072
45.0
104.5084843156501 240.80599562012094
0
104.5084843156501 214.746678496085
0.25 0.25 0.25 0.25
26.059317124035935
45.0
316.8141985448635 263.1963560705857
1
316.8141985448635 272.7205087485308
0.25 0.25 0.25 0.25
9.524152677945091
45.0
236.35331751526292 31.082149997493683
3
205.14232578993148 31.082149997493683
0.25 0.25 0.25 0.25
31.210991725331443
45.0
473.2056641119931 381.7425970666295
3
432.2145921477728 381.7425970666295
0.25 0.25 0.25 0.25
40.99107196422027
45.0
112.44365202991663 133.78851627806046
0
112.44365202991663 93.43704752020007
0.25 0.25 0.25 0.25
40.35146875786039
45.0
82.4818925484785 459.1568679754631
0
82.4818925484785 427.715626888948
0.25 0.25 0.25 0.25
31.44124108651512
45.0
461.92643569075705 330.6702372378451
1
461.92643569075705 334.53745693618043
0.25 0.25 0.25 0.25
3.867219698335372
45.0
264.8891724248406 169.19073568633462
2
289.85349954436447 169.19073568633462
0.25 0.25 0.25 0.25
24.964327119523865
45.0
112.05628700592462 403.2486236280247
1
112.05628700592462 415.8328045913394
0.25 0.25 0.25 0.25
12.58418096331475
45.0
