55230
332.27056216292954 309.13061508771284
1
332.27056216292954 463.5139952734737
0.25 0.25 0.25 0.25
154.38338018576084
45.0
400.9503419720812 123.75655987795439
1
400.9503419720812 231.3807905412275
0.25 0.25 0.25 0.25
107.62423066327311
45.0
356.54002724237137 477.9121898119579
0
356.54002724237137 350.50777266753573
0.25 0.25 0.25 0.25
171.58003752050635
45.0
104.46758527545381 130.45611687871911
1
104.46758527545381 246.68181176472038
0.25 0.25 0.25 0.25
116.22569488600126
45.0
336.14856412179245 206.20725737669133
2
471.47191662858665 206.20725737669133
0.25 0.25 0.25 0.25
135.32335250679424
45.0
143.6259394740307 406.45769600828453
1
143.6259394740307 498.80061931893135
0.25 0.25 0.25 0.25
92.34292331064682
45.0
65.50156390522642 346.7453929326034
0
65.50156390522642 175.24435954566437
0.25 0.25 0.25 0.25
171.50103338693904
45.0
249.99470412936705 473.2507440306075
0
249.99470412936705 367.00647222772454
0.25 0.25 0.25 0.25
159.74278374166795
45.0
49.48716841105622 90.17193726599517
2
61.39936063313162 90.17193726599517
0.25 0.25 0.25 0.25
110.88652904418784
45.0
54.584768809654065 298.6326690905423
1
54.584768809654065 401.811574178544
0.25 0.25 0.25 0.25
103.17890508800164
45.0
438.0360388369762 58.229166089986734
3
311.9252744451567 58.229166089986734
0.25 0.25 0.25 0.25
126.11076439181954
45.0
341.0417189988269 380.61708027139923
2
430.85237007233786 380.61708027139923
0.25 0.25 0.25 0.25
89.81065107351095
45.0
55.719098932139275 212.7913928922428
0
55.719098932139275 91.47516297518936
0.25 0.25 0.25 0.25
121.31622991705345
45.0
345.27503260422884 191.57112304267642
2
490.45224603284646 191.57112304267642
0.25 0.25 0.25 0.25
145.1772134286176
45.0
205.0129104983954 434.7209834753902
0
205.0129104983954 316.6384860412327
0.25 0.25 0.25 0.25
118.08249743415752
45.0
206.1944590414973 248.1489900402796
2
341.49507837226065 248.1489900402796
0.25 0.25 0.25 0.25
135.30061933076334
45.0
452.7673418391528 267.08498173747375
0
452.7673418391528 93.45978768604292
0.25 0.25 0.25 0.25
173.62519405143084
45.0
327.2449743247007 21.010260992886572
3
195.8485660975508 21.010260992886572
0.25 0.25 0.25 0.25
131.39640822714992
45.0
222.61778668914826 401.5935851796339
2
322.4778530557153 401.5935851796339
0.25 0.25 0.25 0.25
99.86006636656703
45.0
282.1592156382524 25.803129567697184
1
282.1592156382524 129.600723823564
0.25 0.25 0.25 0.25
103.79759425586683
45.0
439.07906012929095 141.2757015603422
3
389.84344483736993 141.2757015603422
0.25 0.25 0.25 0.25
49.23561529192103
45.0
25.516669244913018 141.8559412850422
2
37.17720399570708 141.8559412850422
0.25 0.25 0.25 0.25
11.660534750794065
45.0
85.90800167925477 483.6601541550841
3
60.6288905764311 483.6601541550841
0.25 0.25 0.25 0.25
25.27911110282367
45.0
442.7189487086545 400.14182660419056
2
485.91138454554493 400.14182660419056
0.25 0.25 0.25 0.25
43.19243583689042
45.0
280.9690973493342 287.4341724925197
3
247.81920803893559 287.4341724925197
0.25 0.25 0.25 0.25
33.14988931039865
45.0
253.1988696027641 225.54145379588397
1
253.1988696027641 236.7708009248995
0.25 0.25 0.25 0.25
11.229347129015538
45.0
132.41299037052397 322.788282761074
2
170.1304621767349 322.788282761074
0.25 0.25 0.25 0.25
37.71747180621094
45.0
137.62923886414632 156.83874982960666
2
159.6665409958887 156.83874982960666
0.25 0.25 0.25 0.25
22.037302131742393
45.0
3.8264460024069322 380.81768336879793
2
28.61847435372754 380.81768336879793
0.25 0.25 0.25 0.25
24.792028351320607
45.0
251.19225682363378 391.8502842535653
3
221.65828754994823 391.8502842535653
0.25 0.25 0.25 0.25
29.53396927368555
45.0
327.13039400658283 280.1976458519016
3
320.05622974427405 280.1976458519016
0.25 0.25 0.25 0.25
7.074164262308768
45.0
397.4211737902093 221.44762236569898
1
397.4211737902093 263.12309942313044
0.25 0.25 0.25 0.25
41.67547705743148
45.0
454.49231289182416 194.06593508899766
0
454.49231289182416 176.68323047821093
0.25 0.25 0.25 0.25
17.382704610786725
45.0
235.79069424732677 298.59465177689776
0
235.79069424732677 272.8432183577329
0.25 0.25 0.25 0.25
25.751433419164847
45.0
469.42796555142763 260.5433443888421
1
469.42796555142763 306.40824237538493
0.25 0.25 0.25 0.25
45.86489798654282
45.0
229.03180422627554 354.29101470433284
1
229.03180422627554 393.6045045603306
0.25 0.25 0.25 0.25
39.313489855997766
45.0
85.66221062072415 313.81607053679215
2
93.5109821002544 313.81607053679215
0.25 0.25 0.25 0.25
7.848771479530237
45.0
155.1606893792453 203.12882176554848
3
125.95606846029376 203.12882176554848
0.25 0.25 0.25 0.25
29.204620918951534
45.0
462.7184561150409 193.68917959500797
3
497.30399806044835 193.68917959500797
0.25 0.25 0.25 0.25
39.97754582451072
45.0
391.16097268004546 423.22121548837254
0
391.16097268004546 397.1618983643366
0.25 0.25 0.25 0.25
26.059317124035935
45.0
354.91080925664386 167.95482929113473
1
354.91080925664386 177.47898196907983
0.25 0.25 0.25 0.25
9.524152677945091
45.0
142.7203423392686 499.2470258774653
0
142.7203423392686 468.0360341521339
0.25 0.25 0.25 0.25
31.210991725331443
45.0
59.678271422870495 233.1234823966746
0
59.678271422870495 192.13241043245432
0.25 0.25 0.25 0.25
40.99107196422027
45.0
193.14658954563743 375.89732882522287
3
152.79512078777702 375.89732882522287
0.25 0.25 0.25 0.25
40.35146875786039
45.0
51.04065146196338 364.8331447159178
2
82.4818925484785 364.8331447159178
0.25 0.25 0.25 0.25
31.44124108651512
45.0
430.98867810407415 245.59140387446712
0
430.98867810407415 241.72418417613176
0.25 0.25 0.25 0.25
3.867219698335372
45.0
314.81782666388835 19.404772969191455
3
289.85349954436447 19.404772969191455
0.25 0.25 0.25 0.25
24.964327119523865
45.0
38.95388455385239 370.23611903231006
3
26.36970359053764 370.23611903231006
0.25 0.25 0.25 0.25
12.58418096331475
45.0
