78946
457.09434877473075 65.41283204655997
3
363.5146723862142 65.41283204655997
0.25 0.25 0.25 0.25
93.57967638851656
45.0
71.6972582817581 284.25573381811574
0
71.6972582817581 194.3081213503864
0.25 0.25 0.25 0.25
89.94761246772934
45.0
299.4142482820867 356.8201220898951
0
299.4142482820867 261.39746038213445
0.25 0.25 0.25 0.25
95.42266170776062
45.0
287.20128767977394 430.14650454790115
3
249.73870006013226 430.14650454790115
0.25 0.25 0.25 0.25
37.462587619641695
45.0
183.6478191405037 19.58409099939071
1
183.6478191405037 27.105831273936978
0.25 0.25 0.25 0.25
46.68992227332769
45.0
93.41904552566591 257.3579784461791
3
77.94373153196193 257.3579784461791
0.25 0.25 0.25 0.25
15.475313993703981
45.0
404.0599793379771 374.7107356539858
2
408.4621369747798 374.7107356539858
0.25 0.25 0.25 0.25
4.4021576368027056
45.0
428.0727708608618 189.23023518005468
2
460.7046891712024 189.23023518005468
0.25 0.25 0.25 0.25
32.63191831034059
45.0
444.52705086518364 480.6805207028951
2
448.2061238626877 480.6805207028951
0.25 0.25 0.25 0.25
3.679072997504057
45.0
254.3624691933461 329.4600336372513
2
281.7850259439648 329.4600336372513
0.25 0.25 0.25 0.25
27.422556750618703
45.0
7.600248226620774 80.46483659883887
2
35.404564782451075 80.46483659883887
0.25 0.25 0.25 0.25
27.8043165558303
45.0
210.62848758310207 333.1498764121352
3
176.05667663327816 333.1498764121352
0.25 0.25 0.25 0.25
34.57181094982391
45.0
187.19430444502342 318.3997489754294
2
209.856316844052 318.3997489754294
0.25 0.25 0.25 0.25
22.662012399028587
45.0
123.99140515372395 428.8858763724576
3
93.50610980316424 428.8858763724576
0.25 0.25 0.25 0.25
30.485295350559703
45.0
38.28222323315947 344.7470965323762
0
38.28222323315947 326.3137813734664
0.25 0.25 0.25 0.25
18.433315158909807
45.0
117.55184244225703 285.524918461736
1
117.55184244225703 334.8673338011049
0.25 0.25 0.25 0.25
49.342415339368955
45.0
260.46574698917914 265.42624723019355
0
260.46574698917914 258.9425452424139
0.25 0.25 0.25 0.25
6.4837019877796
45.0
238.83804675704755 361.4659583973662
2
265.3492309111032 361.4659583973662
0.25 0.25 0.25 0.25
26.511184154055638
45.0
205.5568847990691 155.53867503812012
1
205.5568847990691 171.50993845132587
0.25 0.25 0.25 0.25
15.971263413205762
45.0
465.20932094225907 84.02215066608854
0
465.20932094225907 68.3050287297819
0.25 0.25 0.25 0.25
15.717121936306643
45.0
289.59771809985915 438.88209273667775
0
289.59771809985915 428.03772741338696
0.25 0.25 0.25 0.25
10.844365323290766
45.0
87.48198979517718 170.79943021279553
1
87.48198979517718 201.0726521211531
0.25 0.25 0.25 0.25
30.273221908357588
45.0
208.69541322408764 96.7641465532498
3
200.0643888802918 96.7641465532498
0.25 0.25 0.25 0.25
8.63102434379583
45.0
438.95818875741645 335.031853082794
3
406.2571169665048 335.031853082794
0.25 0.25 0.25 0.25
32.70107179091167
45.0
350.1861634210906 363.19583022360933
3
309.63369287765806 363.19583022360933
0.25 0.25 0.25 0.25
40.55247054343254
45.0
442.3691214983995 188.87969994550735
2
470.8735544371466 188.87969994550735
0.25 0.25 0.25 0.25
28.50443293874706
45.0
271.1089697886662 492.96174265693884
3
245.79762706749108 492.96174265693884
0.25 0.25 0.25 0.25
25.311342721175105
45.0
376.0582078945647 118.16502239057263
3
343.0964089772052 118.16502239057263
0.25 0.25 0.25 0.25
32.96179891735948
45.0
70.47218963460841 323.0072298386109
0
70.47218963460841 288.7877755606011
0.25 0.25 0.25 0.25
34.21945427800978
45.0
383.91965303769047 350.136211948462
3
369.85822102301404 350.136211948462
0.25 0.25 0.25 0.25
14.0614320146764
45.0
177.28367420943124 79.88750562954556
0
177.28367420943124 64.88264869294026
0.25 0.25 0.25 0.25
15.004856936605288
45.0
81.92254665118611 493.7725616838438
0
81.92254665118611 466.26917642614285
0.25 0.25 0.25 0.25
27.503385257700945
45.0
127.00157463755971 343.02420559805904
2
163.97657044796338 343.02420559805904
0.25 0.25 0.25 0.25
36.97499581040366
45.0
26.955977797755267 113.05911880141112
0
26.955977797755267 74.02092196569131
0.25 0.25 0.25 0.25
39.0381968357198
45.0
353.74578862841315 431.36881436343367
3
316.21843595427185 431.36881436343367
0.25 0.25 0.25 0.25
37.5273526741413
45.0
151.74509316247227 448.74223797214927
1
151.74509316247227 496.1493855376557
0.25 0.25 0.25 0.25
47.40714756550645
45.0
205.05117209351195 118.61356887227019
0
205.05117209351195 91.99205081430455
0.25 0.25 0.25 0.25
26.62151805796565
45.0
310.08121425384974 301.8298725192007
1
310.08121425384974 302.9232081189423
0.25 0.25 0.25 0.25
1.0933355997415628
45.0
189.53202724255505 464.19956122216047
3
168.27412513168653 464.19956122216047
0.25 0.25 0.25 0.25
21.257902110868503
45.0
61.91082204114949 263.29333208267326
0
61.91082204114949 214.34867626490782
0.25 0.25 0.25 0.25
48.94465581776544
45.0
491.12337654459213 441.60055309247184
3
458.3507416431197 441.60055309247184
0.25 0.25 0.25 0.25
32.77263490147242
45.0
140.5588875836975 282.1679191930988
1
140.5588875836975 306.963394649032
0.25 0.25 0.25 0.25
24.795475455933204
45.0
105.75228459627456 188.09523052285277
1
105.75228459627456 210.16961569723213
0.25 0.25 0.25 0.25
22.07438517437935
45.0
294.69395529315693 293.41750765066473
3
271.036300194091 293.41750765066473
0.25 0.25 0.25 0.25
23.657655099065945
45.0
189.70842140504584 455.48587995880905
1
189.70842140504584 467.3318527117908
0.25 0.25 0.25 0.25
11.845972752981776
45.0
401.8868658643896 28.614209141900457
3
382.7779659666893 28.614209141900457
0.25 0.25 0.25 0.25
19.108899897700315
45.0
445.8816826091688 301.40557323213307
2
477.3077687734509 301.40557323213307
0.25 0.25 0.25 0.25
31.42608616428209
45.0
137.78793101684295 347.15183394016714
1
137.78793101684295 348.9194109102948
0.25 0.25 0.25 0.25
1.7675769701276822
45.0
