74578
409.014396539994 361.9403748678518
1
409.014396539994 482.0953919025186
0.25 0.25 0.25 0.25
120.1550170346668
45.0
381.64028220592604 26.910696460700876
3
458.52251693988455 26.910696460700876
0.25 0.25 0.25 0.25
159.83720085418938
45.0
173.3783531966235 195.9120679525015
1
173.3783531966235 311.6078125100556
0.25 0.25 0.25 0.25
115.69574455755414
45.0
105.65860108118778 69.17973183654485
1
105.65860108118778 189.60129398552306
0.25 0.25 0.25 0.25
120.42156214897821
45.0
372.635398558617 327.83179592854424
3
486.9858246038526 327.83179592854424
0.25 0.25 0.25 0.25
140.3787768375304
45.0
115.07830743724867 251.54549906503325
2
207.98190042885392 251.54549906503325
0.25 0.25 0.25 0.25
92.90359299160525
45.0
488.9917853530509 280.6530524344996
0
488.9917853530509 150.18103704643715
0.25 0.25 0.25 0.25
130.47201538806246
45.0
492.9275398105799 175.79366988325066
1
492.9275398105799 346.72680544172533
0.25 0.25 0.25 0.25
170.93313555847467
45.0
77.88927169882383 123.1508723287831
2
204.00879149454613 123.1508723287831
0.25 0.25 0.25 0.25
126.1195197957223
45.0
324.00232102937025 141.59940833106043
2
455.4479063369756 141.59940833106043
0.25 0.25 0.25 0.25
131.4455853076054
45.0
483.19687249926255 327.4965678988783
0
483.19687249926255 200.41272392637242
0.25 0.25 0.25 0.25
127.08384397250589
45.0
270.99077664561446 431.530827336054
0
270.99077664561446 290.19548612755534
0.25 0.25 0.25 0.25
141.33534120849868
45.0
283.3026250024189 481.1656912117487
0
283.3026250024189 414.91548235088214
0.25 0.25 0.25 0.25
103.91882643736913
45.0
62.43946348542761 282.06084621017914
0
62.43946348542761 125.63164696177921
0.25 0.25 0.25 0.25
156.42919924839993
45.0
223.71385584733773 248.711653498215
3
104.49514787573742 248.711653498215
0.25 0.25 0.25 0.25
119.21870797160031
45.0
9.694966402357181 108.3748678616912
1
9.694966402357181 213.07905075929216
0.25 0.25 0.25 0.25
104.70418289760096
45.0
323.5850049479882 240.31503774729228
1
323.5850049479882 410.70915085566264
0.25 0.25 0.25 0.25
170.39411310837036
45.0
5.40659737784506 87.02832892480728
2
133.7940180459991 87.02832892480728
0.25 0.25 0.25 0.25
139.20061542384417
45.0
392.7509084943973 279.3697354856421
0
392.7509084943973 164.03221753744182
0.25 0.25 0.25 0.25
115.33751794820026
45.0
144.04764203895974 488.7175614192756
0
144.04764203895974 403.24860460928465
0.25 0.25 0.25 0.25
108.03383397143973
45.0
433.19281496266876 380.014728278422
0
433.19281496266876 464.04854572270676
0.25 0.25 0.25 0.25
155.9367259988712
45.0
488.585391191142 81.49192043732333
3
342.52213803983216 81.49192043732333
0.25 0.25 0.25 0.25
146.0632531513098
45.0
276.7823201635466 289.9669483112675
2
447.18303573810385 289.9669483112675
0.25 0.25 0.25 0.25
170.40071557455724
45.0
426.2394871255947 167.95657207766862
0
426.2394871255947 41.56872473844808
0.25 0.25 0.25 0.25
126.38784733922053
45.0
66.039447267821 320.68944558664805
0
66.039447267821 214.50884730049845
0.25 0.25 0.25 0.25
106.1805982861496
45.0
332.1277752466093 219.573344049339
2
427.73645901317445 219.573344049339
0.25 0.25 0.25 0.25
95.60868376656512
45.0
271.91541436036425 10.626605118003255
1
271.91541436036425 88.72317184613559
0.25 0.25 0.25 0.25
99.34977696413884
45.0
373.0861179024599 431.9320301508967
0
373.0861179024599 463.8666646664393
0.25 0.25 0.25 0.25
104.20130518266403
45.0
70.45309058609581 41.221687346739344
2
215.66932639736874 41.221687346739344
0.25 0.25 0.25 0.25
145.21623581127292
45.0
336.31020182430905 227.68702710422517
2
449.478911328761 227.68702710422517
0.25 0.25 0.25 0.25
113.16870950445193
45.0
252.17472237015264 107.43576050845206
1
252.17472237015264 12.635693971521249
0.25 0.25 0.25 0.25
120.07145447997331
45.0
122.7647675830857 445.52171511992117
2
24.798637952192507 445.52171511992117
0.25 0.25 0.25 0.25
147.5634055352782
45.0
484.28255793305254 257.0329219059216
0
484.28255793305254 116.12556934993518
0.25 0.25 0.25 0.25
140.90735255598645
45.0
400.71158795113763 262.1890855506682
2
498.7032477249893 262.1890855506682
0.25 0.25 0.25 0.25
97.99165977385164
45.0
369.8064995794183 356.09580848979425
0
369.8064995794183 245.32073824537392
0.25 0.25 0.25 0.25
110.77507024442033
45.0
94.28742179741107 19.131581301547385
2
21.055802993852353 19.131581301547385
0.25 0.25 0.25 0.25
115.34322479126342
45.0
344.1184883071285 436.05686839334203
3
172.7869767425804 436.05686839334203
0.25 0.25 0.25 0.25
171.33151156454807
45.0
94.77983741144996 370.12911018359296
0
94.77983741144996 233.9578723134683
0.25 0.25 0.25 0.25
136.17123787012466
45.0
380.6316895269656 164.65276474740676
1
380.6316895269656 290.447064360131
0.25 0.25 0.25 0.25
125.79429961272422
45.0
126.07601187438277 422.5087244593591
2
175.23516882699488 422.5087244593591
0.25 0.25 0.25 0.25
49.1591569526121
45.0
247.347238518866 203.8832949190236
1
247.347238518866 205.51589085043392
0.25 0.25 0.25 0.25
1.6325959314103078
45.0
345.5659824414379 96.7449493184034
2
367.1456720786175 96.7449493184034
0.25 0.25 0.25 0.25
21.579689637179598
45.0
332.78346965554 113.09606742857484
0
332.78346965554 89.93132790809024
0.25 0.25 0.25 0.25
23.164739520484606
45.0
466.19317308761936 219.40432649899884
2
497.9403024216041 219.40432649899884
0.25 0.25 0.25 0.25
31.74712933398476
45.0
446.1647455809798 413.38224788357127
0
446.1647455809798 371.2169330276615
0.25 0.25 0.25 0.25
42.16531485590971
45.0
148.21190550026904 290.83453865905824
0
148.21190550026904 258.43293847541406
0.25 0.25 0.25 0.25
32.40160018364416
45.0
230.64670116025312 332.0091276985177
0
230.64670116025312 323.2200792974697
0.25 0.25 0.25 0.25
8.789048401048033
45.0
34.79333481881483 294.1406154793982
3
13.754358907271126 294.1406154793982
0.25 0.25 0.25 0.25
21.0389759115437
45.0
