74578
71.60567159867321 397.7495910628146
2
191.76068863334 397.7495910628146
0.25 0.25 0.25 0.25
120.1550170346668
45.0
102.94267537241095 448.53092745660194
2
262.7798762266003 448.53092745660194
0.25 0.25 0.25 0.25
159.83720085418938
45.0
487.62377162712164 460.4758995891896
3
396.68048381532424 460.4758995891896
0.25 0.25 0.25 0.25
115.69574455755414
45.0
328.8610909820957 409.3663108345694
2
449.28265313107386 409.3663108345694
0.25 0.25 0.25 0.25
120.42156214897821
45.0
478.31705112157294 304.6678397099589
3
381.3041720408967 304.6678397099589
0.25 0.25 0.25 0.25
140.3787768375304
45.0
481.54717804269546 415.413162140586
3
425.5492289656993 415.413162140586
0.25 0.25 0.25 0.25
92.90359299160525
45.0
424.31232236338633 110.76299372968776
1
424.31232236338633 19.709021658374695
0.25 0.25 0.25 0.25
130.47201538806246
45.0
430.2760201368761 140.4737878828507
3
259.3428845784015 140.4737878828507
0.25 0.25 0.25 0.25
170.93313555847467
45.0
483.11630618332583 276.1388672218407
1
483.11630618332583 402.258387017563
0.25 0.25 0.25 0.25
126.1195197957223
45.0
121.89911735428899 381.2421168713473
0
121.89911735428899 487.3122978210473
0.25 0.25 0.25 0.25
131.4455853076054
45.0
422.7960356469447 257.9103966235101
3
295.7121916744388 257.9103966235101
0.25 0.25 0.25 0.25
127.08384397250589
45.0
161.6132700586436 407.3742130731573
3
20.277928850144917 407.3742130731573
0.25 0.25 0.25 0.25
141.33534120849868
45.0
87.36130313396201 273.3280383370104
0
87.36130313396201 169.40921189964126
0.25 0.25 0.25 0.25
103.91882643736913
45.0
341.71827175302826 187.2267515350207
0
341.71827175302826 30.79755228662077
0.25 0.25 0.25 0.25
156.42919924839993
45.0
423.0866703705543 387.46266217980735
3
457.69462165784535 387.46266217980735
0.25 0.25 0.25 0.25
119.21870797160031
45.0
73.76816660408019 71.95356383126341
1
73.76816660408019 176.65774672886437
0.25 0.25 0.25 0.25
104.70418289760096
45.0
277.0560489780114 226.13794427737454
0
277.0560489780114 55.74383116900418
0.25 0.25 0.25 0.25
170.39411310837036
45.0
258.62109669514257 432.9562854790885
3
119.4204812712984 432.9562854790885
0.25 0.25 0.25 0.25
139.20061542384417
45.0
221.9743427804062 279.3697354856421
2
337.31186072860646 279.3697354856421
0.25 0.25 0.25 0.25
115.33751794820026
45.0
116.35214778191714 297.962913694575
2
224.38598175335687 297.962913694575
0.25 0.25 0.25 0.25
108.03383397143973
45.0
88.97223900459625 464.04854572270676
0
88.97223900459625 380.014728278422
0.25 0.25 0.25 0.25
155.9367259988712
45.0
364.9649100990008 294.88348976613906
3
488.9718367496894 294.88348976613906
0.25 0.25 0.25 0.25
146.0632531513098
45.0
92.81094314583618 128.3998647409005
2
77.58977242872106 128.3998647409005
0.25 0.25 0.25 0.25
170.40071557455724
45.0
194.59697085674372 2.8423901166088825
1
194.59697085674372 129.2302374558294
0.25 0.25 0.25 0.25
126.38784733922053
45.0
393.5456807504621 320.68944558664805
0
393.5456807504621 214.50884730049845
0.25 0.25 0.25 0.25
106.1805982861496
45.0
479.4319804453909 250.68771568561888
3
424.959335788044 250.68771568561888
0.25 0.25 0.25 0.25
95.60868376656512
45.0
198.57455883067158 481.3665685042513
0
198.57455883067158 382.0167915401124
0.25 0.25 0.25 0.25
99.34977696413884
45.0
23.54390129881287 410.0941798536397
0
23.54390129881287 305.89287467097563
0.25 0.25 0.25 0.25
104.20130518266403
45.0
153.02134398064774 490.1023038616212
0
153.02134398064774 344.8860680503483
0.25 0.25 0.25 0.25
145.21623581127292
45.0
412.4421402486263 398.4692894929268
0
412.4421402486263 488.36200100262124
0.25 0.25 0.25 0.25
113.16870950445193
45.0
310.5405478688335 96.85150828994736
2
430.61200234880687 96.85150828994736
0.25 0.25 0.25 0.25
120.07145447997331
45.0
171.49665687752156 439.8587180917481
3
23.933251342243352 439.8587180917481
0.25 0.25 0.25 0.25
147.5634055352782
45.0
61.5605002650932 43.460877334423
2
79.34685229089325 43.460877334423
0.25 0.25 0.25 0.25
140.90735255598645
45.0
129.41351544108767 279.8471362785856
2
227.4051752149393 279.8471362785856
0.25 0.25 0.25 0.25
97.99165977385164
45.0
375.855235179852 428.402786621799
2
486.63030542427236 428.402786621799
0.25 0.25 0.25 0.25
110.77507024442033
45.0
251.7422525763792 288.983209432596
2
367.0854773676426 288.983209432596
0.25 0.25 0.25 0.25
115.34322479126342
45.0
284.7432542917343 152.76907927964015
3
113.41174272718621 152.76907927964015
0.25 0.25 0.25 0.25
171.33151156454807
45.0
415.8020797316947 497.8348143392019
3
279.63084186157005 497.8348143392019
0.25 0.25 0.25 0.25
136.17123787012466
45.0
254.83738991424138 219.08453099255962
1
254.83738991424138 344.87883060528384
0.25 0.25 0.25 0.25
125.79429961272422
45.0
10.940837021400498 242.68895759666893
1
10.940837021400498 291.84811454928104
0.25 0.25 0.25 0.25
49.1591569526121
45.0
346.9355903348956 221.84185016453714
3
345.3029944034853 221.84185016453714
0.25 0.25 0.25 0.25
1.6325959314103078
45.0
287.57929372650847 427.77457056583546
2
309.1589833636881 427.77457056583546
0.25 0.25 0.25 0.25
21.579689637179598
45.0
250.25121897573717 1.1885704453138786
3
227.08647945525257 1.1885704453138786
0.25 0.25 0.25 0.25
23.164739520484606
45.0
259.8714064372381 478.9633708076267
2
291.6185357712228 478.9633708076267
0.25 0.25 0.25 0.25
31.74712933398476
45.0
403.99943072507006 21.926857638550274
3
361.8341158691603 21.926857638550274
0.25 0.25 0.25 0.25
42.16531485590971
45.0
175.80409633617262 3.669742699230085
1
175.80409633617262 36.07134288287425
0.25 0.25 0.25 0.25
32.40160018364416
45.0
261.5400092984368 472.6339021152863
3
252.75096089738878 472.6339021152863
0.25 0.25 0.25 0.25
8.789048401048033
45.0
249.8814841886987 463.2625173361753
1
249.8814841886987 484.301493247719
0.25 0.25 0.25 0.25
21.0389759115437
45.0
