74578
451.64968612932955 443.335528179853
3
331.49466909466275 443.335528179853
0.25 0.25 0.25 0.25
120.1550170346668
45.0
458.52251693988455 411.6241112270036
3
298.68531608569515 411.6241112270036
0.25 0.25 0.25 0.25
159.83720085418938
45.0
396.68048381532424 187.82270945609412
1
396.68048381532424 303.51845401364824
0.25 0.25 0.25 0.25
115.69574455755414
45.0
299.33516884651476 72.31993776134343
1
299.33516884651476 48.101624387634786
0.25 0.25 0.25 0.25
120.42156214897821
45.0
74.52928274626899 168.51417721449397
0
74.52928274626899 28.13540037696356
0.25 0.25 0.25 0.25
140.3787768375304
45.0
381.67018315038376 322.50956914898075
0
381.67018315038376 229.6059761573755
0.25 0.25 0.25 0.25
92.90359299160525
45.0
488.9917853530509 497.82096010612486
3
380.53619925888665 497.82096010612486
0.25 0.25 0.25 0.25
130.47201538806246
45.0
467.3287264597319 482.3400589998
3
361.73813798179344 482.3400589998
0.25 0.25 0.25 0.25
170.93313555847467
45.0
12.40561463378502 219.3830535952701
1
12.40561463378502 345.5025733909924
0.25 0.25 0.25 0.25
126.1195197957223
45.0
333.2256055086567 407.431394974285
2
464.6711908162621 407.431394974285
0.25 0.25 0.25 0.25
131.4455853076054
45.0
168.62834770193297 224.56889306341608
1
168.62834770193297 351.652737035922
0.25 0.25 0.25 0.25
127.08384397250589
45.0
30.930540390654187 146.0087537371785
1
30.930540390654187 287.34409494567717
0.25 0.25 0.25 0.25
141.33534120849868
45.0
22.630741070284188 247.785740647024
2
126.54956750765332 247.785740647024
0.25 0.25 0.25 0.25
103.91882643736913
45.0
317.57811546977047 220.80634176421978
2
474.0073147181704 220.80634176421978
0.25 0.25 0.25 0.25
156.42919924839993
45.0
303.867962398954 447.0682936213949
3
184.64925442735367 447.0682936213949
0.25 0.25 0.25 0.25
119.21870797160031
45.0
125.01967424553993 289.20081383754905
1
125.01967424553993 393.90499673515
0.25 0.25 0.25 0.25
104.70418289760096
45.0
211.76161169687757 285.04439504773654
2
382.1557248052479 285.04439504773654
0.25 0.25 0.25 0.25
170.39411310837036
45.0
437.3819804240783 344.94705412142594
3
423.41740415207755 344.94705412142594
0.25 0.25 0.25 0.25
139.20061542384417
45.0
162.07587259799683 412.6553722035594
2
277.4133905461971 412.6553722035594
0.25 0.25 0.25 0.25
115.33751794820026
45.0
19.377180446565006 405.6310786481482
0
19.377180446565006 486.335087380412
0.25 0.25 0.25 0.25
108.03383397143973
45.0
480.4197890202372 152.17509372496434
1
480.4197890202372 308.11181972383554
0.25 0.25 0.25 0.25
155.9367259988712
45.0
488.9718367496894 272.4407177069704
3
364.9649100990008 272.4407177069704
0.25 0.25 0.25 0.25
146.0632531513098
45.0
77.58977242872106 231.58769997342745
0
77.58977242872106 61.18698439887021
0.25 0.25 0.25 0.25
170.40071557455724
45.0
299.85163978637416 13.945168830373163
1
299.85163978637416 140.3330161695937
0.25 0.25 0.25 0.25
126.38784733922053
45.0
164.30055866809718 338.1208130234904
0
164.30055866809718 231.94021473734082
0.25 0.25 0.25 0.25
106.1805982861496
45.0
332.1277752466093 366.87754924812054
3
236.51909148004418 366.87754924812054
0.25 0.25 0.25 0.25
95.60868376656512
45.0
19.63168617344067 306.9294168502479
2
79.71809079069817 306.9294168502479
0.25 0.25 0.25 0.25
99.34977696413884
45.0
147.92040801086017 201.6915694883116
3
43.71910282819614 201.6915694883116
0.25 0.25 0.25 0.25
104.20130518266403
45.0
137.4111276418981 90.76263938347046
1
137.4111276418981 235.97887519474338
0.25 0.25 0.25 0.25
145.21623581127292
45.0
474.38915024692176 262.02458199371733
0
474.38915024692176 148.85587248926538
0.25 0.25 0.25 0.25
113.16870950445193
45.0
109.82600306910035 96.85150828994736
1
109.82600306910035 23.21994619002595
0.25 0.25 0.25 0.25
120.07145447997331
45.0
286.1162236658523 30.112340232860902
1
286.1162236658523 177.6757457681391
0.25 0.25 0.25 0.25
147.5634055352782
45.0
75.20903237318805 2.5152810101384375
1
75.20903237318805 138.392071545848
0.25 0.25 0.25 0.25
140.90735255598645
45.0
66.5698041066156 348.2696268874913
2
164.56146388046724 348.2696268874913
0.25 0.25 0.25 0.25
97.99165977385164
45.0
40.50565664637412 14.697494355882355
2
70.26941359804621 14.697494355882355
0.25 0.25 0.25 0.25
110.77507024442033
45.0
364.1390499284597 249.64389140235028
3
248.7958251371963 249.64389140235028
0.25 0.25 0.25 0.25
115.34322479126342
45.0
169.87604638651504 152.76907927964015
1
169.87604638651504 324.1005908441882
0.25 0.25 0.25 0.25
171.33151156454807
45.0
462.60341464082217 370.2267146479313
0
462.60341464082217 493.60204748194406
0.25 0.25 0.25 0.25
136.17123787012466
45.0
248.48299301244765 206.37573718897215
0
248.48299301244765 80.58143757624794
0.25 0.25 0.25 0.25
125.79429961272422
45.0
256.7366217844611 291.84811454928104
0
256.7366217844611 242.68895759666893
0.25 0.25 0.25 0.25
49.1591569526121
45.0
337.1400147464337 202.25069898761328
2
338.772610677844 202.25069898761328
0.25 0.25 0.25 0.25
1.6325959314103078
45.0
373.898052275227 168.81829491968008
2
395.4777419124066 168.81829491968008
0.25 0.25 0.25 0.25
21.579689637179598
45.0
157.59226089379877 137.7998666775937
1
157.59226089379877 160.96460619807831
0.25 0.25 0.25 0.25
23.164739520484606
45.0
196.3771477692686 140.07107718455646
0
196.3771477692686 108.3239478505717
0.25 0.25 0.25 0.25
31.74712933398476
45.0
59.819032689936876 453.85916231829015
3
17.653717834027162 453.85916231829015
0.25 0.25 0.25 0.25
42.16531485590971
45.0
337.8120972543935 380.6998538115306
3
305.41049707074933 380.6998538115306
0.25 0.25 0.25 0.25
32.40160018364416
45.0
235.1728640952927 430.68656547318534
3
226.38381569424467 430.68656547318534
0.25 0.25 0.25 0.25
8.789048401048033
45.0
418.1932914810485 410.50362719456234
0
418.1932914810485 389.4646512830186
0.25 0.25 0.25 0.25
21.0389759115437
45.0
