74578
9.789481713327973 436.5094547854802
0
9.789481713327973 443.335528179853
0.25 0.25 0.25 0.25
120.1550170346668
45.0
180.82628647687298 387.5618930439433
2
340.66348733106236 387.5618930439433
0.25 0.25 0.25 0.25
159.83720085418938
45.0
66.10249441489229 233.69856775613528
0
66.10249441489229 118.00282319858114
0.25 0.25 0.25 0.25
115.69574455755414
45.0
95.11954735673277 192.7414999103216
0
95.11954735673277 72.3199377613434
0.25 0.25 0.25 0.25
120.42156214897821
45.0
495.66561325886016 291.54439191473716
0
495.66561325886016 151.16561507720675
0.25 0.25 0.25 0.25
140.3787768375304
45.0
496.5132990496468 229.6059761573755
0
496.5132990496468 136.70238316577024
0.25 0.25 0.25 0.25
92.90359299160525
45.0
76.67239930369863 66.98687062518809
2
207.14441469176109 66.98687062518809
0.25 0.25 0.25 0.25
130.47201538806246
45.0
216.40381577416676 346.72680544172533
2
387.33695133264143 346.72680544172533
0.25 0.25 0.25 0.25
170.93313555847467
45.0
3.449456268006685 93.26353379954779
1
3.449456268006685 32.85598599617451
0.25 0.25 0.25 0.25
126.1195197957223
45.0
464.6711908162621 92.97554189823114
1
464.6711908162621 224.42112720583654
0.25 0.25 0.25 0.25
131.4455853076054
45.0
323.0362764080436 156.68263885410155
2
450.12012038054945 156.68263885410155
0.25 0.25 0.25 0.25
127.08384397250589
45.0
302.94861126714227 276.6914834051679
2
444.28395247564094 276.6914834051679
0.25 0.25 0.25 0.25
141.33534120849868
45.0
87.3613031339619 375.72721797719083
0
87.3613031339619 271.8083915398217
0.25 0.25 0.25 0.25
103.91882643736913
45.0
213.1342867850297 92.05205673258013
2
369.5634860334296 92.05205673258013
0.25 0.25 0.25 0.25
156.42919924839993
45.0
411.44428543064794 281.59924942259715
1
411.44428543064794 400.8179573941975
0.25 0.25 0.25 0.25
119.21870797160031
45.0
77.97784526953035 393.90499673515
2
26.72633762807061 393.90499673515
0.25 0.25 0.25 0.25
104.70418289760096
45.0
277.0560489780114 55.74383116900418
3
106.66193586964104 55.74383116900418
0.25 0.25 0.25 0.25
170.39411310837036
45.0
423.41740415207755 180.15074666449095
3
437.3819804240783 180.15074666449095
0.25 0.25 0.25 0.25
139.20061542384417
45.0
106.63682483220589 279.3697354856421
0
106.63682483220589 164.03221753744182
0.25 0.25 0.25 0.25
115.33751794820026
45.0
235.44484838944447 134.53809120905038
0
235.44484838944447 26.504257237610645
0.25 0.25 0.25 0.25
108.03383397143973
45.0
416.04014501346444 315.63508427164925
1
416.04014501346444 471.5718102705205
0.25 0.25 0.25 0.25
155.9367259988712
45.0
488.585391191142 148.82023661482927
3
365.3513556575482 148.82023661482927
0.25 0.25 0.25 0.25
146.0632531513098
45.0
263.2116587203934 401.9884155479847
3
92.81094314583618 401.9884155479847
0.25 0.25 0.25 0.25
170.40071557455724
45.0
194.59697085674372 101.33989979508321
1
194.59697085674372 25.047947544137315
0.25 0.25 0.25 0.25
126.38784733922053
45.0
270.4811569542468 338.1208130234904
1
270.4811569542468 444.30141130964
0.25 0.25 0.25 0.25
106.1805982861496
45.0
140.91040771347906 155.07903191905376
3
45.30172394691394 155.07903191905376
0.25 0.25 0.25 0.25
95.60868376656512
45.0
417.03079402999606 406.27919381438676
3
317.6810170658572 406.27919381438676
0.25 0.25 0.25 0.25
99.34977696413884
45.0
435.2743712584837 68.89929423304014
1
435.2743712584837 35.30201094962389
0.25 0.25 0.25 0.25
104.20130518266403
45.0
411.32994858553354 328.3724173714379
1
411.32994858553354 473.5886531827108
0.25 0.25 0.25 0.25
145.21623581127292
45.0
412.4421402486263 262.02458199371733
1
412.4421402486263 375.1932914981693
0.25 0.25 0.25 0.25
113.16870950445193
45.0
310.5405478688335 263.3628551499726
0
310.5405478688335 143.29140066999926
0.25 0.25 0.25 0.25
120.07145447997331
45.0
105.60897938362666 297.95830958464296
1
105.60897938362666 445.52171511992117
0.25 0.25 0.25 0.25
147.5634055352782
45.0
79.34685229089325 425.2373386780978
2
220.2542048468797 425.2373386780978
0.25 0.25 0.25 0.25
140.90735255598645
45.0
109.33011317960415 230.19456485215616
3
11.338453405752517 230.19456485215616
0.25 0.25 0.25 0.25
97.99165977385164
45.0
483.6059376240555 17.721862156099263
1
483.6059376240555 128.4969324005196
0.25 0.25 0.25 0.25
110.77507024442033
45.0
59.14482611522317 249.64389140235028
0
59.14482611522317 134.30066661108685
0.25 0.25 0.25 0.25
115.34322479126342
45.0
344.11848830712916 467.44303302144795
3
484.55000012832284 467.44303302144795
0.25 0.25 0.25 0.25
171.33151156454807
45.0
175.6842066579314 404.2321445209469
2
311.85544452805607 404.2321445209469
0.25 0.25 0.25 0.25
136.17123787012466
45.0
128.899905825725 457.9643364144206
3
3.105606213000783 457.9643364144206
0.25 0.25 0.25 0.25
125.79429961272422
45.0
497.4675934524785 95.2114867388326
3
448.30843649986645 95.2114867388326
0.25 0.25 0.25 0.25
49.1591569526121
45.0
343.67039847207496 216.94406237030617
0
343.67039847207496 215.31146643889585
0.25 0.25 0.25 0.25
1.6325959314103078
45.0
481.7965004611251 39.340157096602496
0
481.7965004611251 17.760467459422898
0.25 0.25 0.25 0.25
21.579689637179598
45.0
111.26278185282956 207.29408523904752
0
111.26278185282956 184.12934571856292
0.25 0.25 0.25 0.25
23.164739520484606
45.0
355.11279443919227 267.05959452049547
3
323.36566510520754 267.05959452049547
0.25 0.25 0.25 0.25
31.74712933398476
45.0
59.819032689936904 178.62056052035567
3
17.65371783402719 178.62056052035567
0.25 0.25 0.25 0.25
42.16531485590971
45.0
83.40870513298071 380.6998538115306
0
83.40870513298071 348.2982536278864
0.25 0.25 0.25 0.25
32.40160018364416
45.0
287.9071545015809 439.4756138742334
1
287.9071545015809 448.2646622752814
0.25 0.25 0.25 0.25
8.789048401048033
45.0
228.842508277155 452.5815790176498
3
207.8035323656113 452.5815790176498
0.25 0.25 0.25 0.25
21.0389759115437
45.0
