97595
496.09462267406144 474.81516935748897
0
496.09462267406144 309.1041384583717
0.25 0.25 0.25 0.25
165.71103089911725
45.0
58.12532415747273 238.34280609406022
2
89.7374683767566 238.34280609406022
0.25 0.25 0.25 0.25
147.86279253422933
45.0
395.7997090913871 231.61483818392026
3
297.4136506560662 231.61483818392026
0.25 0.25 0.25 0.25
98.38605843532093
45.0
404.7784936690078 54.320593429484745
3
284.206807085506 54.320593429484745
0.25 0.25 0.25 0.25
120.57168658350179
45.0
77.8149052876157 338.9760283245549
2
176.10098545530784 338.9760283245549
0.25 0.25 0.25 0.25
98.28608016769213
45.0
19.63502999166826 365.16996933012996
2
115.49944344538062 365.16996933012996
0.25 0.25 0.25 0.25
95.86441345371236
45.0
396.0828520164778 83.65806257643065
3
467.12182626458366 83.65806257643065
0.25 0.25 0.25 0.25
136.79532171893857
45.0
424.76996807414616 392.76907909173076
0
424.76996807414616 224.264450189809
0.25 0.25 0.25 0.25
168.50462890192176
45.0
125.51265639153509 437.1785145854206
0
125.51265639153509 289.9305346094442
0.25 0.25 0.25 0.25
147.24797997597642
45.0
28.390687938894075 134.45391838064572
1
28.390687938894075 22.734903699411205
0.25 0.25 0.25 0.25
157.18882208005692
45.0
37.27958598961078 53.126337540660586
2
76.73651676848003 53.126337540660586
0.25 0.25 0.25 0.25
114.01610275809081
45.0
210.6337019309387 80.38015301020437
3
58.581074996724716 80.38015301020437
0.25 0.25 0.25 0.25
152.052626934214
45.0
303.4571194096691 177.93966445188477
0
303.4571194096691 56.01762982555286
0.25 0.25 0.25 0.25
121.92203462633192
45.0
279.7896442189292 363.85889102307334
0
279.7896442189292 269.45651877140426
0.25 0.25 0.25 0.25
94.40237225166908
45.0
336.6506938129566 101.82217814656697
3
249.04298530512946 101.82217814656697
0.25 0.25 0.25 0.25
87.60770850782716
45.0
30.60411250183148 351.25576213154295
2
169.58962192934445 351.25576213154295
0.25 0.25 0.25 0.25
138.98550942751297
45.0
330.0929902344171 216.37571203878542
2
478.69792454790183 216.37571203878542
0.25 0.25 0.25 0.25
148.60493431348476
45.0
483.47822908995715 416.6319856423213
0
483.47822908995715 289.96302613906494
0.25 0.25 0.25 0.25
126.66895950325639
45.0
271.1253342416578 341.59471521347916
0
271.1253342416578 175.10375542531693
0.25 0.25 0.25 0.25
166.4909597881622
45.0
135.27935785318869 438.8985345348525
0
135.27935785318869 460.80877524828816
0.25 0.25 0.25 0.25
100.29269021685931
45.0
129.88181320449198 83.47780729843879
1
129.88181320449198 52.38422749417737
0.25 0.25 0.25 0.25
135.86203479261616
45.0
204.26547742048143 117.2335539080468
1
204.26547742048143 20.60564231528498
0.25 0.25 0.25 0.25
137.83919622333178
45.0
352.0207642253994 190.26203675157282
3
193.86827257090061 190.26203675157282
0.25 0.25 0.25 0.25
158.1524916544988
45.0
424.95500552256215 252.6310829818174
1
424.95500552256215 402.56690749950235
0.25 0.25 0.25 0.25
149.93582451768495
45.0
187.86453945866006 322.75880272853396
2
360.08798586620446 322.75880272853396
0.25 0.25 0.25 0.25
172.2234464075444
45.0
302.9191034927203 433.4335980027929
0
302.9191034927203 472.4628676958928
0.25 0.25 0.25 0.25
94.10353430131426
45.0
352.0217911990442 13.845223031013873
3
253.82190722592551 13.845223031013873
0.25 0.25 0.25 0.25
98.19988397311863
45.0
316.64296378504224 91.80313870183824
1
316.64296378504224 229.22319254318919
0.25 0.25 0.25 0.25
137.42005384135095
45.0
313.7825758779243 274.73482362202276
3
208.83439804242573 274.73482362202276
0.25 0.25 0.25 0.25
104.94817783549854
45.0
444.51246241245724 438.9876628019489
0
444.51246241245724 329.1833866610099
0.25 0.25 0.25 0.25
109.80427614093904
45.0
417.63454673213494 69.87807763593754
1
417.63454673213494 78.86345721292976
0.25 0.25 0.25 0.25
148.7415348488673
45.0
390.67406347004646 342.9898456540751
2
479.76571991106465 342.9898456540751
0.25 0.25 0.25 0.25
89.09165644101816
45.0
79.64576389086227 368.0554036276647
2
89.09666488760013 368.0554036276647
0.25 0.25 0.25 0.25
168.7424287784624
45.0
284.3860872337148 129.70430112822942
2
372.6825507980778 129.70430112822942
0.25 0.25 0.25 0.25
88.29646356436298
45.0
81.41213822762859 433.6828393214383
0
81.41213822762859 293.0428381055042
0.25 0.25 0.25 0.25
140.6400012159341
45.0
163.4229012664156 260.30343839140477
0
163.4229012664156 120.88675416880287
0.25 0.25 0.25 0.25
139.4166842226019
45.0
485.5049237479742 145.4386671620081
3
311.04196451345695 145.4386671620081
0.25 0.25 0.25 0.25
174.46295923451723
45.0
248.2995673583261 161.7234376480458
3
103.93048146635003 161.7234376480458
0.25 0.25 0.25 0.25
144.36908589197608
45.0
447.5011015428939 400.89676199252335
3
354.74856661644156 400.89676199252335
0.25 0.25 0.25 0.25
92.75253492645231
45.0
192.66996067556613 138.01929964635212
3
79.47524871489958 138.01929964635212
0.25 0.25 0.25 0.25
113.19471196066655
45.0
77.17967270664624 465.77504119908804
0
77.17967270664624 398.0058036732959
0.25 0.25 0.25 0.25
136.2191551276161
45.0
457.1494872218958 270.0215501714519
1
457.1494872218958 404.56522445187375
0.25 0.25 0.25 0.25
134.54367428042184
45.0
242.4273720627961 333.31983622004105
1
242.4273720627961 483.35703916210224
0.25 0.25 0.25 0.25
150.03720294206119
45.0
245.82795347660974 452.6241921793722
3
72.60232640540698 452.6241921793722
0.25 0.25 0.25 0.25
173.22562707120275
45.0
294.75227583071984 374.1196151139254
2
446.7860250281225 374.1196151139254
0.25 0.25 0.25 0.25
152.03374919740264
45.0
151.93179978328362 392.69688097462006
2
309.7037741919238 392.69688097462006
0.25 0.25 0.25 0.25
157.77197440864018
45.0
19.520450963940107 414.1839855520619
2
123.17284072733764 414.1839855520619
0.25 0.25 0.25 0.25
142.69329169127775
45.0
359.6428910410066 477.87392074801596
0
359.6428910410066 392.79145807144056
0.25 0.25 0.25 0.25
129.33462118054348
45.0
