97595
273.04544572197966 428.94465251511724
0
273.04544572197966 263.233621616
0.25 0.25 0.25 0.25
165.71103089911725
45.0
264.93520707478353 473.63621041328895
0
264.93520707478353 325.7734178790596
0.25 0.25 0.25 0.25
147.86279253422933
45.0
84.50211813863359 18.703305666487722
2
13.883940296687342 18.703305666487722
0.25 0.25 0.25 0.25
98.38605843532093
45.0
226.66426842359056 350.2709600836547
0
226.66426842359056 229.6992735001529
0.25 0.25 0.25 0.25
120.57168658350179
45.0
163.51089690300853 78.39618446763548
1
163.51089690300853 176.6822646353276
0.25 0.25 0.25 0.25
98.28608016769213
45.0
200.29697985067332 116.04991581742956
1
200.29697985067332 211.91432927114192
0.25 0.25 0.25 0.25
95.86441345371236
45.0
9.858676439501778 399.68145398173783
2
126.93664527943679 399.68145398173783
0.25 0.25 0.25 0.25
136.79532171893857
45.0
238.22077412201003 178.91144808321764
2
406.7254030239318 178.91144808321764
0.25 0.25 0.25 0.25
168.50462890192176
45.0
28.16664276763953 492.2189150658922
0
28.16664276763953 360.5331049581314
0.25 0.25 0.25 0.25
147.24797997597642
45.0
269.2713384964457 395.1820406250863
3
112.08251641638878 395.1820406250863
0.25 0.25 0.25 0.25
157.18882208005692
45.0
164.60769470375317 245.5772147672037
2
278.623797461844 245.5772147672037
0.25 0.25 0.25 0.25
114.01610275809081
45.0
427.0547174046508 375.77772779243764
3
275.00209047043677 375.77772779243764
0.25 0.25 0.25 0.25
152.052626934214
45.0
89.32586809945357 408.2433660108213
0
89.32586809945357 286.3213313844894
0.25 0.25 0.25 0.25
121.92203462633192
45.0
38.517837965976696 475.81144598969195
0
38.517837965976696 429.78618175863903
0.25 0.25 0.25 0.25
94.40237225166908
45.0
263.88203563412986 402.4861621665192
0
263.88203563412986 314.878453658692
0.25 0.25 0.25 0.25
87.60770850782716
45.0
223.74381173625204 320.0486903890794
1
223.74381173625204 459.0341998165924
0.25 0.25 0.25 0.25
138.98550942751297
45.0
413.7969314253314 40.59961639379077
3
265.19199711184666 40.59961639379077
0.25 0.25 0.25 0.25
148.60493431348476
45.0
409.7083627016349 470.05073088047334
3
283.0394031983785 470.05073088047334
0.25 0.25 0.25 0.25
126.66895950325639
45.0
283.77622949398005 156.82392287998059
1
283.77622949398005 9.667036908181615
0.25 0.25 0.25 0.25
166.4909597881622
45.0
141.133162190375 129.23975737849503
0
141.133162190375 28.947067161635715
0.25 0.25 0.25 0.25
100.29269021685931
45.0
167.8123350937342 366.2371114461158
0
167.8123350937342 230.37507665349966
0.25 0.25 0.25 0.25
135.86203479261616
45.0
444.8182434304674 396.3342950252245
3
417.3425603462008 396.3342950252245
0.25 0.25 0.25 0.25
137.83919622333178
45.0
494.724085555579 491.8749957541388
3
347.1234227899222 491.8749957541388
0.25 0.25 0.25 0.25
158.1524916544988
45.0
324.5699526286719 95.50782803104644
2
474.5057771463569 95.50782803104644
0.25 0.25 0.25 0.25
149.93582451768495
45.0
182.34448527744794 44.99326680397809
1
182.34448527744794 127.23017960356631
0.25 0.25 0.25 0.25
172.2234464075444
45.0
432.16151510849136 84.7356328485796
3
473.73495059019433 84.7356328485796
0.25 0.25 0.25 0.25
94.10353430131426
45.0
396.21819436572173 31.846383299827494
3
298.0183103926031 31.846383299827494
0.25 0.25 0.25 0.25
98.19988397311863
45.0
393.69848993143376 466.00367711534784
3
256.2784360900828 466.00367711534784
0.25 0.25 0.25 0.25
137.42005384135095
45.0
327.8757333861224 108.33562518048336
0
327.8757333861224 3.387447344984821
0.25 0.25 0.25 0.25
104.94817783549854
45.0
91.57660452654278 438.9876628019489
2
18.227671614396257 438.9876628019489
0.25 0.25 0.25 0.25
109.80427614093904
45.0
259.7451497800314 451.8544359786255
0
259.7451497800314 399.4040291725072
0.25 0.25 0.25 0.25
148.7415348488673
45.0
281.590627880228 251.53543043843487
3
192.49897143920984 251.53543043843487
0.25 0.25 0.25 0.25
89.09165644101816
45.0
114.00581022914906 368.0554036276644
2
282.74823900761146 368.0554036276644
0.25 0.25 0.25 0.25
168.7424287784624
45.0
97.53866781574412 304.21746706861404
1
97.53866781574412 392.513930632977
0.25 0.25 0.25 0.25
88.29646356436298
45.0
207.4922257748837 198.96281135495383
3
66.85222455894962 198.96281135495383
0.25 0.25 0.25 0.25
140.6400012159341
45.0
134.2571123965113 101.88612215513393
2
5.159571826090598 101.88612215513393
0.25 0.25 0.25 0.25
139.4166842226019
45.0
102.44931226573274 120.1425423742152
1
102.44931226573274 54.32041686030203
0.25 0.25 0.25 0.25
174.46295923451723
45.0
354.1355797966512 418.7108057005005
0
354.1355797966512 274.34171980852443
0.25 0.25 0.25 0.25
144.36908589197608
45.0
415.58221918936795 267.58845868412016
0
415.58221918936795 174.83592375766784
0.25 0.25 0.25 0.25
92.75253492645231
45.0
175.27808519891198 175.52411493835046
0
175.27808519891198 62.32940297768391
0.25 0.25 0.25 0.25
113.19471196066655
45.0
216.5774150267083 292.6257335421226
1
216.5774150267083 428.8448886697387
0.25 0.25 0.25 0.25
136.2191551276161
45.0
430.19089012207405 404.56522445187375
3
295.6472158416522 404.56522445187375
0.25 0.25 0.25 0.25
134.54367428042184
45.0
192.16695146836787 334.0638950612647
3
42.129748526306685 334.0638950612647
0.25 0.25 0.25 0.25
150.03720294206119
45.0
234.49516530978204 373.9166673249391
0
234.49516530978204 452.8577056038581
0.25 0.25 0.25 0.25
173.22562707120275
45.0
470.3472854618883 344.11081776068124
3
377.6189653407091 344.11081776068124
0.25 0.25 0.25 0.25
152.03374919740264
45.0
307.37128795608714 400.82796354025413
2
465.1432623647273 400.82796354025413
0.25 0.25 0.25 0.25
157.77197440864018
45.0
457.9229494872751 273.7846101828957
3
399.38375882144715 273.7846101828957
0.25 0.25 0.25 0.25
142.69329169127775
45.0
31.619709791224068 140.47748290138554
0
31.619709791224068 11.142861720842063
0.25 0.25 0.25 0.25
129.33462118054348
45.0
