97595
218.35383237007562 97.52259071688269
1
218.35383237007562 68.18844018223456
0.25 0.25 0.25 0.25
165.71103089911725
45.0
455.5421489244261 230.63820451825237
1
455.5421489244261 378.5009970524817
0.25 0.25 0.25 0.25
147.86279253422933
45.0
407.4281740379711 390.9803437215867
1
407.4281740379711 489.3664021569076
0.25 0.25 0.25 0.25
98.38605843532093
45.0
376.1941644939184 314.844452751669
0
376.1941644939184 194.2727661681672
0.25 0.25 0.25 0.25
120.57168658350179
45.0
131.3473436000678 488.67970346148263
0
131.3473436000678 390.3936232937905
0.25 0.25 0.25 0.25
98.28608016769213
45.0
374.88950087160083 211.91432927114192
1
374.88950087160083 307.7787427248543
0.25 0.25 0.25 0.25
95.86441345371236
45.0
462.6773895637475 95.57000710993793
1
462.6773895637475 41.225314609000634
0.25 0.25 0.25 0.25
136.79532171893857
45.0
87.76071027030287 32.46236600435685
2
256.2653391722246 32.46236600435685
0.25 0.25 0.25 0.25
168.50462890192176
45.0
266.3293171843132 50.474975137962986
3
119.08133720833678 50.474975137962986
0.25 0.25 0.25 0.25
147.24797997597642
45.0
369.5930930568443 80.80439646497246
3
473.21808486309874 80.80439646497246
0.25 0.25 0.25 0.25
157.18882208005692
45.0
379.3278942638836 131.5611120091129
1
379.3278942638836 245.5772147672037
0.25 0.25 0.25 0.25
114.01610275809081
45.0
210.63370193093874 168.06439140492034
2
362.68632886515275 168.06439140492034
0.25 0.25 0.25 0.25
152.052626934214
45.0
89.32586809945357 17.853539142480898
2
32.59616652687835 17.853539142480898
0.25 0.25 0.25 0.25
121.92203462633192
45.0
38.517837965976696 3.7995847313464424
2
55.88453428569238 3.7995847313464424
0.25 0.25 0.25 0.25
94.40237225166908
45.0
436.97963242848743 159.47529529434496
1
436.97963242848743 247.08300380217213
0.25 0.25 0.25 0.25
87.60770850782716
45.0
247.41558456110533 42.07767153405348
2
386.4010939886183 42.07767153405348
0.25 0.25 0.25 0.25
138.98550942751297
45.0
305.42653730623994 189.20455070727553
2
454.0314716197247 189.20455070727553
0.25 0.25 0.25 0.25
148.60493431348476
45.0
436.4117147537369 343.381771377217
3
309.7427552504805 343.381771377217
0.25 0.25 0.25 0.25
126.66895950325639
45.0
118.3395109768447 491.91432499835867
2
284.8304707650069 491.91432499835867
0.25 0.25 0.25 0.25
166.4909597881622
45.0
40.84047197351569 129.23975737849497
1
40.84047197351569 229.53244759535428
0.25 0.25 0.25 0.25
100.29269021685931
45.0
103.91173449149812 313.07306251696497
2
31.950300301118034 313.07306251696497
0.25 0.25 0.25 0.25
135.86203479261616
45.0
106.53854146285971 258.4950988018927
2
31.30065476047207 258.4950988018927
0.25 0.25 0.25 0.25
137.83919622333178
45.0
188.9709311354234 33.6675292823648
2
347.1234227899222 33.6675292823648
0.25 0.25 0.25 0.25
158.1524916544988
45.0
324.5699526286719 345.82870544262164
1
324.5699526286719 495.7645299603066
0.25 0.25 0.25 0.25
149.93582451768495
45.0
321.2272532397259 232.77226912057782
0
321.2272532397259 60.54882271303342
0.25 0.25 0.25 0.25
172.2234464075444
45.0
338.05798080717705 272.9427014512081
0
338.05798080717705 178.83916714989385
0.25 0.25 0.25 0.25
94.10353430131426
45.0
21.419818742060897 66.35350067329114
2
119.61970271517953 66.35350067329114
0.25 0.25 0.25 0.25
98.19988397311863
45.0
294.33805920062605 427.94405400480457
3
156.91800535927507 427.94405400480457
0.25 0.25 0.25 0.25
137.42005384135095
45.0
91.91697795587174 416.40526399700934
2
13.031199879626797 416.40526399700934
0.25 0.25 0.25 0.25
104.94817783549854
45.0
18.227671614396314 97.81331964758306
2
128.03194775533535 97.81331964758306
0.25 0.25 0.25 0.25
109.80427614093904
45.0
335.2209896154378 493.0451799206967
2
483.96252446430515 493.0451799206967
0.25 0.25 0.25 0.25
148.7415348488673
45.0
451.1344027967176 73.35211755639853
1
451.1344027967176 15.739538884619634
0.25 0.25 0.25 0.25
89.09165644101816
45.0
79.64576389086221 294.45973881541073
2
248.3881926693246 294.45973881541073
0.25 0.25 0.25 0.25
168.7424287784624
45.0
9.242204251381082 225.5613143175638
0
9.242204251381082 137.26485075320085
0.25 0.25 0.25 0.25
88.29646356436298
45.0
207.4922257748837 495.76280527528337
0
207.4922257748837 363.59719350878254
0.25 0.25 0.25 0.25
140.6400012159341
45.0
273.6737966191132 380.71949060033774
0
273.6737966191132 479.86382517706033
0.25 0.25 0.25 0.25
139.4166842226019
45.0
276.91227150025 469.0684608432497
3
102.44931226573274 469.0684608432497
0.25 0.25 0.25 0.25
174.46295923451723
45.0
209.76649390467512 418.7108057005005
3
65.39740801269903 418.7108057005005
0.25 0.25 0.25 0.25
144.36908589197608
45.0
137.324614410011 474.43182072749835
2
230.07714933646332 474.43182072749835
0.25 0.25 0.25 0.25
92.75253492645231
45.0
80.83578088424446 164.06002094364925
0
80.83578088424446 50.8653089829827
0.25 0.25 0.25 0.25
113.19471196066655
45.0
328.29920548375605 298.71680107502914
3
192.08005035613996 298.71680107502914
0.25 0.25 0.25 0.25
136.2191551276161
45.0
102.9092615241832 133.60947266981373
1
102.9092615241832 0.9342016106081132
0.25 0.25 0.25 0.25
134.54367428042184
45.0
357.7214397054486 133.76627152477522
1
357.7214397054486 16.270931417285965
0.25 0.25 0.25 0.25
150.03720294206119
45.0
72.60232640540693 468.43476954170876
2
100.62330066579582 468.43476954170876
0.25 0.25 0.25 0.25
173.22562707120275
45.0
441.85520972252766 279.87457337886264
0
441.85520972252766 127.84082418146
0.25 0.25 0.25 0.25
152.03374919740264
45.0
8.172660861193208 19.119806137507453
1
8.172660861193208 176.89178054614763
0.25 0.25 0.25 0.25
157.77197440864018
45.0
26.402199930274605 441.9757645956046
0
26.402199930274605 299.2824729043268
0.25 0.25 0.25 0.25
142.69329169127775
45.0
31.619709791224068 269.812104081929
1
31.619709791224068 399.1467252624725
0.25 0.25 0.25 0.25
129.33462118054348
45.0
