96608
81.2707465533663 277.55408788866316
0
81.2707465533663 180.66971562581506
0.25 0.25 0.25 0.25
96.88437226284809
45.0
52.25193249058232 226.97844101153566
0
52.25193249058232 102.53968270352944
0.25 0.25 0.25 0.25
124.43875830800623
45.0
100.43170052225912 27.59878664358098
2
65.02149223545507 27.59878664358098
0.25 0.25 0.25 0.25
165.4531927577142
45.0
10.266920097886043 222.38091855728945
0
10.266920097886043 95.91651812342883
0.25 0.25 0.25 0.25
126.46440043386062
45.0
473.00434541499897 378.70524393580047
3
371.33618427655324 378.70524393580047
0.25 0.25 0.25 0.25
101.66816113844574
45.0
169.73575920006658 366.0126911605223
0
169.73575920006658 216.6055317766656
0.25 0.25 0.25 0.25
149.4071593838567
45.0
218.38450537595736 123.3757078580337
2
375.9392887819695 123.3757078580337
0.25 0.25 0.25 0.25
157.55478340601212
45.0
40.042011640030324 240.85122866175772
1
40.042011640030324 367.115164929483
0.25 0.25 0.25 0.25
126.2639362677253
45.0
412.0858960283979 383.9895477759783
0
412.0858960283979 277.7894742691987
0.25 0.25 0.25 0.25
106.20007350677957
45.0
22.01273830399947 138.11174451374063
1
22.01273830399947 17.532271993042684
0.25 0.25 0.25 0.25
155.64401650678332
45.0
167.0175802779524 462.66949884848714
0
167.0175802779524 426.0590147636939
0.25 0.25 0.25 0.25
111.271486387819
45.0
283.2150601795895 423.9245151052028
3
126.36251389708423 423.9245151052028
0.25 0.25 0.25 0.25
156.85254628250527
45.0
418.85993361820147 403.55551457356387
3
442.32241848725573 403.55551457356387
0.25 0.25 0.25 0.25
138.81764789454283
45.0
481.42927778007936 130.45807386616758
3
363.7959749973296 130.45807386616758
0.25 0.25 0.25 0.25
117.63330278274972
45.0
414.38233265443546 132.98439527506994
3
443.4440200482496 132.98439527506994
0.25 0.25 0.25 0.25
142.1736472973149
45.0
296.44335367346275 242.61885021072703
2
410.06251869764174 242.61885021072703
0.25 0.25 0.25 0.25
113.61916502417898
45.0
261.1639566431469 102.02542893083324
1
261.1639566431469 238.32081300063706
0.25 0.25 0.25 0.25
136.29538406980382
45.0
355.83809186949077 309.5289605616164
1
355.83809186949077 415.3127445425639
0.25 0.25 0.25 0.25
105.78378398094755
45.0
224.99906549329353 450.57902746893114
0
224.99906549329353 381.3548554194115
0.25 0.25 0.25 0.25
168.06611711165732
45.0
280.70649590052335 185.16457785245825
3
133.400788096861 185.16457785245825
0.25 0.25 0.25 0.25
147.30570780366236
45.0
233.38846131918916 211.0906351686238
2
244.6718132043053 211.0906351686238
0.25 0.25 0.25 0.25
11.283351885116138
45.0
182.9472030417756 22.557455586006512
1
182.9472030417756 70.05540736873616
0.25 0.25 0.25 0.25
47.49795178272964
45.0
276.8065762044613 435.0878906191017
2
317.48216040299656 435.0878906191017
0.25 0.25 0.25 0.25
40.67558419853525
45.0
46.91135293982123 37.1908160843641
1
46.91135293982123 70.49686049399801
0.25 0.25 0.25 0.25
33.30604440963391
45.0
391.90674992948277 426.8106152987069
2
418.7087953946741 426.8106152987069
0.25 0.25 0.25 0.25
26.80204546519132
45.0
186.68569798094393 368.0806094678933
2
218.2079168955321 368.0806094678933
0.25 0.25 0.25 0.25
31.522218914588162
45.0
73.18300819686479 13.368983906088843
1
73.18300819686479 48.67981465657936
0.25 0.25 0.25 0.25
35.31083075049052
45.0
472.4703918162977 346.84132609446107
0
472.4703918162977 321.2217347898578
0.25 0.25 0.25 0.25
25.619591304603272
45.0
167.1668363441994 28.8441536502768
2
214.6293331370171 28.8441536502768
0.25 0.25 0.25 0.25
47.462496792817724
45.0
224.56601040200727 244.4733005702471
3
180.09806545423143 244.4733005702471
0.25 0.25 0.25 0.25
44.46794494777584
45.0
369.3013650179298 234.27252317189402
1
369.3013650179298 250.31141489851726
0.25 0.25 0.25 0.25
16.038891726623223
45.0
392.8454650508579 326.5226290252051
3
355.27598153632533 326.5226290252051
0.25 0.25 0.25 0.25
37.5694835145326
45.0
295.12700020354384 233.91100896161743
3
287.6888677563519 233.91100896161743
0.25 0.25 0.25 0.25
7.4381324471919585
45.0
193.9578915426208 301.371804661815
2
242.05074839416142 301.371804661815
0.25 0.25 0.25 0.25
48.09285685154059
45.0
317.62306164096003 454.93805372605283
1
317.62306164096003 463.06065813560156
0.25 0.25 0.25 0.25
8.122604409548723
45.0
173.44895184047374 400.3703624879139
3
166.01501480475014 400.3703624879139
0.25 0.25 0.25 0.25
7.4339370357236145
45.0
20.98830346039246 193.44639702524194
1
20.98830346039246 232.9637459223745
0.25 0.25 0.25 0.25
39.51734889713256
45.0
429.3734375876737 411.71968162540713
1
429.3734375876737 433.7107989536788
0.25 0.25 0.25 0.25
21.99111732827168
45.0
139.64439281191608 78.02530937445545
3
107.48144294482171 78.02530937445545
0.25 0.25 0.25 0.25
32.162949867094376
45.0
32.50297621462833 421.2538771417303
0
32.50297621462833 390.5495778603799
0.25 0.25 0.25 0.25
30.704299281350394
45.0
73.91203296108935 283.5443215825394
3
29.09136529215806 283.5443215825394
0.25 0.25 0.25 0.25
44.82066766893129
45.0
3.980400800254941 17.08776991781049
2
45.50554187057592 17.08776991781049
0.25 0.25 0.25 0.25
41.52514107032098
45.0
219.0166179207232 13.676121120739296
1
219.0166179207232 51.84501561573168
0.25 0.25 0.25 0.25
38.16889449499239
45.0
40.497364584156074 395.4854476128237
2
82.4411616776317 395.4854476128237
0.25 0.25 0.25 0.25
41.943797093475624
45.0
11.559293395185286 193.1770072988949
1
11.559293395185286 205.903488852105
0.25 0.25 0.25 0.25
12.726481553210117
45.0
162.5297616749903 37.77526534421555
1
162.5297616749903 64.7751841022079
0.25 0.25 0.25 0.25
26.999918757992354
45.0
259.97131765819387 77.8299317041737
0
259.97131765819387 74.81614665385413
0.25 0.25 0.25 0.25
3.013785050319573
45.0
461.46368181898424 69.46302992557071
3
442.2528111192032 69.46302992557071
0.25 0.25 0.25 0.25
19.210870699781026
45.0
