96608
337.42301986954516 400.6365179512735
0
337.42301986954516 303.7521456884254
0.25 0.25 0.25 0.25
96.88437226284809
45.0
427.5433665976419 102.53968270352944
1
427.5433665976419 21.899075604476792
0.25 0.25 0.25 0.25
124.43875830800623
45.0
230.47468499316926 145.13524956784806
2
395.92787775088345 145.13524956784806
0.25 0.25 0.25 0.25
165.4531927577142
45.0
401.375324870353 271.761479707268
0
401.375324870353 145.29707927340735
0.25 0.25 0.25 0.25
126.46440043386062
45.0
205.30955978520655 208.73214442782364
0
205.30955978520655 107.0639832893779
0.25 0.25 0.25 0.25
101.66816113844574
45.0
485.5998063452232 274.31245978652845
1
485.5998063452232 423.71961917038516
0.25 0.25 0.25 0.25
149.4071593838567
45.0
350.70421339839413 246.4051585179178
3
193.149429992382 246.4051585179178
0.25 0.25 0.25 0.25
157.55478340601212
45.0
156.1944577659533 264.2045164091435
3
29.93052149822799 264.2045164091435
0.25 0.25 0.25 0.25
126.2639362677253
45.0
269.31388345126345 109.58866569462356
1
269.31388345126345 215.78873920140313
0.25 0.25 0.25 0.25
106.20007350677957
45.0
355.4111956688673 359.89166197982394
3
488.9447878243494 359.89166197982394
0.25 0.25 0.25 0.25
155.64401650678332
45.0
389.3398516611426 204.95941947842687
1
389.3398516611426 316.23090586624585
0.25 0.25 0.25 0.25
111.271486387819
45.0
146.16413452948404 325.95669112766586
2
10.688411753021228 325.95669112766586
0.25 0.25 0.25 0.25
156.85254628250527
45.0
164.6871226981701 179.9084724644202
3
25.86947480362727 179.9084724644202
0.25 0.25 0.25 0.25
138.81764789454283
45.0
128.2955167385756 222.44183448208153
0
128.2955167385756 104.80853169933181
0.25 0.25 0.25 0.25
117.63330278274972
45.0
296.485903832139 151.36289931955983
0
296.485903832139 9.189252022244943
0.25 0.25 0.25 0.25
142.1736472973149
45.0
250.5416443021163 98.23864486180992
1
250.5416443021163 211.8578098859889
0.25 0.25 0.25 0.25
113.61916502417898
45.0
443.39165222432393 124.63302769740122
1
443.39165222432393 260.92841176720503
0.25 0.25 0.25 0.25
136.29538406980382
45.0
212.0002593550745 55.76833555269842
3
106.21647537412694 55.76833555269842
0.25 0.25 0.25 0.25
105.78378398094755
45.0
409.85858794483886 97.65338790572861
1
409.85858794483886 70.41272920592871
0.25 0.25 0.25 0.25
168.06611711165732
45.0
76.18482895807438 332.4702856561206
2
223.49053676173673 332.4702856561206
0.25 0.25 0.25 0.25
147.30570780366236
45.0
7.721423616866469 290.07409836443674
0
7.721423616866469 278.7907464793206
0.25 0.25 0.25 0.25
11.283351885116138
45.0
204.6654489080948 27.483508759400877
1
204.6654489080948 74.98146054213052
0.25 0.25 0.25 0.25
47.49795178272964
45.0
170.62484997942647 109.68321703081962
2
211.30043417796173 109.68321703081962
0.25 0.25 0.25 0.25
40.67558419853525
45.0
246.74761939762465 329.9943401325918
0
246.74761939762465 296.6882957229579
0.25 0.25 0.25 0.25
33.30604440963391
45.0
286.4687044882213 492.7832483057191
0
286.4687044882213 465.98120284052777
0.25 0.25 0.25 0.25
26.80204546519132
45.0
214.39214264188092 187.65830124718562
0
214.39214264188092 156.13608233259745
0.25 0.25 0.25 0.25
31.522218914588162
45.0
37.87217744637427 377.7740303972594
2
73.18300819686479 377.7740303972594
0.25 0.25 0.25 0.25
35.31083075049052
45.0
446.85080051169444 322.05767391033044
3
421.2312092070912 322.05767391033044
0.25 0.25 0.25 0.25
25.619591304603272
45.0
167.1668363441994 398.3183174850827
2
214.6293331370171 398.3183174850827
0.25 0.25 0.25 0.25
47.462496792817724
45.0
309.04932897130277 89.36425457798805
2
353.5172739190786 89.36425457798805
0.25 0.25 0.25 0.25
44.46794494777584
45.0
385.340256744553 73.88360590566174
1
385.340256744553 89.92249763228496
0.25 0.25 0.25 0.25
16.038891726623223
45.0
2.7745750131519316 297.78253582946905
0
2.7745750131519316 260.2130523149365
0.25 0.25 0.25 0.25
37.5694835145326
45.0
376.94645712265526 323.1685983279208
0
376.94645712265526 315.73046588072884
0.25 0.25 0.25 0.25
7.4381324471919585
45.0
218.9778323565394 50.95752652175963
1
218.9778323565394 99.05038337330022
0.25 0.25 0.25 0.25
48.09285685154059
45.0
163.2935778595342 268.8933963492904
0
163.2935778595342 260.7707919397417
0.25 0.25 0.25 0.25
8.122604409548723
45.0
277.52407034060417 303.72918102350707
0
277.52407034060417 296.29524398778346
0.25 0.25 0.25 0.25
7.4339370357236145
45.0
30.59532300842637 134.7586717235048
2
70.11267190555893 134.7586717235048
0.25 0.25 0.25 0.25
39.51734889713256
45.0
363.40008560285867 72.08489959656987
3
341.408968274587 72.08489959656987
0.25 0.25 0.25 0.25
21.99111732827168
45.0
345.748409314574 367.49185817830477
2
377.9113591816684 367.49185817830477
0.25 0.25 0.25 0.25
32.162949867094376
45.0
172.78259633681702 127.45276061278955
1
172.78259633681702 158.15705989413993
0.25 0.25 0.25 0.25
30.704299281350394
45.0
104.7873893465088 104.26165090681425
2
149.6080570154401 104.26165090681425
0.25 0.25 0.25 0.25
44.82066766893129
45.0
34.14812595776932 183.1883341990944
2
7.3770151125516605 183.1883341990944
0.25 0.25 0.25 0.25
41.52514107032098
45.0
162.6723270292007 32.10151650445077
3
124.5034325342083 32.10151650445077
0.25 0.25 0.25 0.25
38.16889449499239
45.0
334.1039442384854 436.73936401327387
2
376.047741331961 436.73936401327387
0.25 0.25 0.25 0.25
41.943797093475624
45.0
87.918182714446 434.9801568098873
3
75.19170116123588 434.9801568098873
0.25 0.25 0.25 0.25
12.726481553210117
45.0
297.5293554649521 152.22717191601362
3
270.52943670695976 152.22717191601362
0.25 0.25 0.25 0.25
26.999918757992354
45.0
275.04024290979186 77.8299317041737
2
278.05402796011145 77.8299317041737
0.25 0.25 0.25 0.25
3.013785050319573
45.0
384.62019901986014 88.67390062535173
3
365.4093283200791 88.67390062535173
0.25 0.25 0.25 0.25
19.210870699781026
45.0
