96608
140.23873519555804 210.2833135738682
3
43.35436293270995 210.2833135738682
0.25 0.25 0.25 0.25
96.88437226284809
45.0
436.52323366954226 89.06988209567892
1
436.52323366954226 213.50864040368515
0.25 0.25 0.25 0.25
124.43875830800623
45.0
230.47468499316926 193.05197940129517
2
395.92787775088345 193.05197940129517
0.25 0.25 0.25 0.25
165.4531927577142
45.0
392.55668814546584 295.1918866490381
1
392.55668814546584 421.65628708289876
0.25 0.25 0.25 0.25
126.46440043386062
45.0
35.336460277229705 225.413755812281
1
35.336460277229705 327.08191695072674
0.25 0.25 0.25 0.25
101.66816113844574
45.0
146.0221345543348 357.3094811130295
0
146.0221345543348 493.2833595031138
0.25 0.25 0.25 0.25
149.4071593838567
45.0
247.8207295563093 322.6835602564337
3
90.26594615029717 322.6835602564337
0.25 0.25 0.25 0.25
157.55478340601212
45.0
434.67926300546367 377.22665507128534
0
434.67926300546367 250.96271880356005
0.25 0.25 0.25 0.25
126.2639362677253
45.0
180.9152065732958 374.78469632852665
2
287.11528008007537 374.78469632852665
0.25 0.25 0.25 0.25
106.20007350677957
45.0
68.75716748036587 48.60362896625759
2
224.40118398714918 48.60362896625759
0.25 0.25 0.25 0.25
155.64401650678332
45.0
51.19526002657271 468.4430088099709
2
162.4667464143917 468.4430088099709
0.25 0.25 0.25 0.25
111.271486387819
45.0
146.16413452948404 320.73497504252396
2
303.0166808119893 320.73497504252396
0.25 0.25 0.25 0.25
156.85254628250527
45.0
416.61062954551403 347.0856543755508
0
416.61062954551403 208.26800648100797
0.25 0.25 0.25 0.25
138.81764789454283
45.0
481.42927778007936 104.5746790060773
1
481.42927778007936 222.20798178882703
0.25 0.25 0.25 0.25
117.63330278274972
45.0
282.13249707575187 274.3986709416919
1
282.13249707575187 416.5723182390068
0.25 0.25 0.25 0.25
142.1736472973149
45.0
455.9642280689882 348.04946012777873
0
455.9642280689882 234.43029510359975
0.25 0.25 0.25 0.25
113.61916502417898
45.0
192.15295661332198 31.266854210339062
3
55.85757254351816 31.266854210339062
0.25 0.25 0.25 0.25
136.29538406980382
45.0
76.54078846011701 309.5289605616164
2
182.32457244106456 309.5289605616164
0.25 0.25 0.25 0.25
105.78378398094755
45.0
405.2818896036159 324.4964237069937
0
405.2818896036159 156.4303065953364
0.25 0.25 0.25 0.25
168.06611711165732
45.0
365.7322944529127 193.55864317697842
1
365.7322944529127 340.8643509806408
0.25 0.25 0.25 0.25
147.30570780366236
45.0
481.6222027917441 213.45841869045339
3
470.33885090662795 213.45841869045339
0.25 0.25 0.25 0.25
11.283351885116138
45.0
254.70641325350218 207.46323759156957
2
302.2043650362318 207.46323759156957
0.25 0.25 0.25 0.25
47.49795178272964
45.0
472.24354433255473 109.68321703081962
3
487.08087146891 109.68321703081962
0.25 0.25 0.25 0.25
40.67558419853525
45.0
219.53700233725 337.76388348205217
1
219.53700233725 371.06992789168606
0.25 0.25 0.25 0.25
33.30604440963391
45.0
278.1443867003003 230.87197925444661
2
304.9464321654916 230.87197925444661
0.25 0.25 0.25 0.25
26.80204546519132
45.0
498.0921128731744 465.5972906923446
3
470.3856682122374 465.5972906923446
0.25 0.25 0.25 0.25
31.522218914588162
45.0
472.8988854385259 127.87433909587321
3
491.7902838109836 127.87433909587321
0.25 0.25 0.25 0.25
35.31083075049052
45.0
421.2312092070912 450.15563043334674
0
421.2312092070912 424.5360391287435
0.25 0.25 0.25 0.25
25.619591304603272
45.0
306.26675937182466 164.29340087182197
1
306.26675937182466 211.7558976646397
0.25 0.25 0.25 0.25
47.462496792817724
45.0
246.27122155093883 266.37930500421874
0
246.27122155093883 221.9113600564429
0.25 0.25 0.25 0.25
44.46794494777584
45.0
417.4180401977994 362.5836569848797
1
417.4180401977994 378.62254871150293
0.25 0.25 0.25 0.25
16.038891726623223
45.0
115.48302555674974 335.3400027549776
2
153.05250907128234 335.3400027549776
0.25 0.25 0.25 0.25
37.5694835145326
45.0
213.3075432844324 293.416068539153
2
220.74567573162435 293.416068539153
0.25 0.25 0.25 0.25
7.4381324471919585
45.0
112.84212477110562 41.00753263940712
1
112.84212477110562 89.1003894909477
0.25 0.25 0.25 0.25
48.09285685154059
45.0
268.88743518366766 374.4872536734239
2
277.0100395932164 374.4872536734239
0.25 0.25 0.25 0.25
8.122604409548723
45.0
366.7313147692874 488.1205819762321
0
366.7313147692874 480.6866449405085
0.25 0.25 0.25 0.25
7.4339370357236145
45.0
240.2483450657754 423.44639157511887
1
240.2483450657754 462.9637404722514
0.25 0.25 0.25 0.25
39.51734889713256
45.0
384.2979035583785 412.3513797484194
0
384.2979035583785 390.3602624201477
0.25 0.25 0.25 0.25
21.99111732827168
45.0
407.12575492868825 272.81858504350816
1
407.12575492868825 304.98153491060253
0.25 0.25 0.25 0.25
32.162949867094376
45.0
493.06746543488435 350.57415160425353
3
476.22823528376523 350.57415160425353
0.25 0.25 0.25 0.25
30.704299281350394
45.0
418.53206302902777 16.25504081646781
1
418.53206302902777 28.56562685246348
0.25 0.25 0.25 0.25
44.82066766893129
45.0
426.0250401280581 224.7134752694154
1
426.0250401280581 266.2386163397364
0.25 0.25 0.25 0.25
41.52514107032098
45.0
287.7456637805103 112.96531834532108
3
249.5767692855179 112.96531834532108
0.25 0.25 0.25 0.25
38.16889449499239
45.0
305.46240763183926 143.1327843589446
2
347.40620472531486 143.1327843589446
0.25 0.25 0.25 0.25
41.943797093475624
45.0
268.4233007754372 412.30206455159106
3
255.6968192222271 412.30206455159106
0.25 0.25 0.25 0.25
12.726481553210117
45.0
325.5322801772272 422.22635949593723
0
325.5322801772272 395.22644073794487
0.25 0.25 0.25 0.25
26.999918757992354
45.0
250.92996250723513 192.35376361631734
1
250.92996250723513 195.3675486666369
0.25 0.25 0.25 0.25
3.013785050319573
45.0
460.658111770505 180.27828917158263
0
460.658111770505 161.0674184718016
0.25 0.25 0.25 0.25
19.210870699781026
45.0
