52893
121.2887936938209 174.8661536182668
1
121.2887936938209 323.06842309219655
0.25 0.25 0.25 0.25
148.20226947392976
45.0
56.47051444118159 7.7876850203401204
2
97.01044839228175 7.7876850203401204
0.25 0.25 0.25 0.25
153.48096283346334
45.0
29.282784808663905 315.49625912159235
1
29.282784808663905 481.5803806619457
0.25 0.25 0.25 0.25
166.08412154035335
45.0
14.907664329736349 260.16309896418363
2
126.74974194562367 260.16309896418363
0.25 0.25 0.25 0.25
141.65740627536002
45.0
296.8082841920875 402.20844937918855
3
167.85888034501045 402.20844937918855
0.25 0.25 0.25 0.25
128.94940384707706
45.0
434.3717421884271 137.1384393452368
1
434.3717421884271 228.75020889758832
0.25 0.25 0.25 0.25
91.61176955235152
45.0
341.6137167573994 73.52062248218425
1
341.6137167573994 95.73276919458667
0.25 0.25 0.25 0.25
169.25339167677092
45.0
371.5944169092167 460.8495302994021
0
371.5944169092167 345.3769127725729
0.25 0.25 0.25 0.25
115.47261752682921
45.0
285.99153654409815 159.53892634450958
2
409.8189126813818 159.53892634450958
0.25 0.25 0.25 0.25
123.82737613728366
45.0
487.30626412165634 70.62232649818748
1
487.30626412165634 197.47319594129448
0.25 0.25 0.25 0.25
126.850869443107
45.0
338.38816483872915 464.9563003579656
0
338.38816483872915 388.01930498100444
0.25 0.25 0.25 0.25
147.02439466102996
45.0
443.98916858898974 418.48719556568653
0
443.98916858898974 300.2856316352332
0.25 0.25 0.25 0.25
118.20156393045335
45.0
188.24272663547745 380.2350788936359
2
349.70025887669885 380.2350788936359
0.25 0.25 0.25 0.25
161.4575322412214
45.0
478.5855853859582 170.5267142699706
3
360.4078948777883 170.5267142699706
0.25 0.25 0.25 0.25
118.17769050816995
45.0
403.84062767385933 253.4928446074989
1
403.84062767385933 400.2668488797118
0.25 0.25 0.25 0.25
146.7740042722129
45.0
201.47878984799053 138.38886664826657
0
201.47878984799053 45.958596533652496
0.25 0.25 0.25 0.25
92.43027011461407
45.0
409.5180994607829 90.21706788839674
3
279.14259608645796 90.21706788839674
0.25 0.25 0.25 0.25
130.37550337432492
45.0
153.24566606543283 370.60825682761765
0
153.24566606543283 484.33778441736627
0.25 0.25 0.25 0.25
145.05395875501603
45.0
346.09448895640674 107.55768128810756
2
435.2912326969649 107.55768128810756
0.25 0.25 0.25 0.25
89.1967437405582
45.0
84.93772625623876 460.1267596040267
0
84.93772625623876 436.19896262686586
0.25 0.25 0.25 0.25
103.67427776910742
45.0
121.80468941159609 370.0014746853476
2
219.43906118142002 370.0014746853476
0.25 0.25 0.25 0.25
97.63437176982393
45.0
322.0814336274974 72.98655845144015
1
322.0814336274974 86.33622972423655
0.25 0.25 0.25 0.25
159.3227881756767
45.0
338.23267426299986 436.74822511646335
0
338.23267426299986 417.388452624813
0.25 0.25 0.25 0.25
145.8633222587236
45.0
117.11826136368325 14.101722086221969
3
18.691043539289637 14.101722086221969
0.25 0.25 0.25 0.25
98.42721782439361
45.0
377.87626405177065 27.655053810074364
2
484.84723248681416 27.655053810074364
0.25 0.25 0.25 0.25
106.97096843504353
45.0
379.012327837929 260.2884194878679
1
379.012327837929 397.17844456219973
0.25 0.25 0.25 0.25
136.89002507433185
45.0
202.87533465580051 143.62224279718018
2
327.61071884044543 143.62224279718018
0.25 0.25 0.25 0.25
124.73538418464491
45.0
370.9707608060763 126.24556993639163
2
486.6918931960199 126.24556993639163
0.25 0.25 0.25 0.25
115.72113238994362
45.0
260.1590623086888 26.086978740003303
3
140.47737972840173 26.086978740003303
0.25 0.25 0.25 0.25
119.68168258028712
45.0
363.71059033099 371.16772436779706
3
255.57612410355665 371.16772436779706
0.25 0.25 0.25 0.25
108.13446622743332
45.0
378.7543229746891 107.70096919323748
1
378.7543229746891 238.41144533139618
0.25 0.25 0.25 0.25
130.7104761381587
45.0
275.9524220383613 435.70301244438315
2
379.8492489714453 435.70301244438315
0.25 0.25 0.25 0.25
103.89682693308403
45.0
92.77900872793765 284.9033079920989
0
92.77900872793765 155.93060889829152
0.25 0.25 0.25 0.25
128.9726990938074
45.0
419.56637144023705 74.48515409498259
1
419.56637144023705 247.70187778577508
0.25 0.25 0.25 0.25
173.2167236907925
45.0
313.97518915350855 332.9699464723499
0
313.97518915350855 237.3971177139519
0.25 0.25 0.25 0.25
95.57282875839797
45.0
238.45471429474344 230.54212958470816
3
114.53904348883842 230.54212958470816
0.25 0.25 0.25 0.25
123.91567080590501
45.0
343.96506442879814 394.0960826891537
0
343.96506442879814 474.9615353440636
0.25 0.25 0.25 0.25
130.94238196678265
45.0
378.3508523781263 134.95773345528244
3
232.7425859422222 134.95773345528244
0.25 0.25 0.25 0.25
145.6082664359041
45.0
186.72751349082336 38.77727318325117
1
186.72751349082336 207.962762929039
0.25 0.25 0.25 0.25
169.18548974578783
45.0
477.2556124504823 267.97603138301554
1
477.2556124504823 408.1258671830392
0.25 0.25 0.25 0.25
140.14983580002362
45.0
477.6822924053989 345.46880067040127
3
331.45214065614806 345.46880067040127
0.25 0.25 0.25 0.25
146.23015174925087
45.0
435.51992370683547 286.2487953175192
3
287.2139555654729 286.2487953175192
0.25 0.25 0.25 0.25
148.3059681413626
45.0
479.49004555735235 424.3754831374431
3
412.9199455803139 424.3754831374431
0.25 0.25 0.25 0.25
107.5900088623338
45.0
372.87622598879 497.3422747343433
0
372.87622598879 386.66803624225815
0.25 0.25 0.25 0.25
115.98968902339854
45.0
14.192275315593122 479.61624819860265
2
143.88361223577206 479.61624819860265
0.25 0.25 0.25 0.25
158.07588755136518
45.0
140.03721478545074 50.09139450202454
1
140.03721478545074 82.81440442264233
0.25 0.25 0.25 0.25
132.90579892466687
45.0
69.70211331303727 366.00961400860797
0
69.70211331303727 216.18201965352122
0.25 0.25 0.25 0.25
149.82759435508675
45.0
317.8311436318466 296.2744648198338
3
178.26455835283207 296.2744648198338
0.25 0.25 0.25 0.25
139.56658527901453
45.0
