52893
305.4456736891557 471.2706925661263
3
157.24340421522592 471.2706925661263
0.25 0.25 0.25 0.25
148.20226947392976
45.0
176.12467139150178 245.13035401800025
3
22.64370855803844 245.13035401800025
0.25 0.25 0.25 0.25
153.48096283346334
45.0
472.464850570276 13.17671320123452
3
306.38072902992263 13.17671320123452
0.25 0.25 0.25 0.25
166.08412154035335
45.0
465.07435137325604 448.12393241261645
3
323.416945097896 448.12393241261645
0.25 0.25 0.25 0.25
141.65740627536002
45.0
318.9119850072923 15.360237837957357
1
318.9119850072923 113.58916600911971
0.25 0.25 0.25 0.25
128.94940384707706
45.0
191.45171452630012 404.2442829264247
0
191.45171452630012 312.6325133740732
0.25 0.25 0.25 0.25
91.61176955235152
45.0
341.6137167573994 289.33506434083154
1
341.6137167573994 458.5884560176024
0.25 0.25 0.25 0.25
169.25339167677092
45.0
11.788937715174342 497.81503234330563
2
127.26155524200355 497.81503234330563
0.25 0.25 0.25 0.25
115.47261752682921
45.0
143.4021786033529 363.91355090981745
0
143.4021786033529 240.08617477253378
0.25 0.25 0.25 0.25
123.82737613728366
45.0
151.17452242690337 153.4655012983145
2
278.02539187001037 153.4655012983145
0.25 0.25 0.25 0.25
126.850869443107
45.0
191.36788855097112 376.2734309513552
0
191.36788855097112 229.2490362903252
0.25 0.25 0.25 0.25
147.02439466102996
45.0
198.1594539103761 182.0840677047799
0
198.1594539103761 63.88250377432655
0.25 0.25 0.25 0.25
118.20156393045335
45.0
287.1906457713558 234.3402435185782
2
448.6481780125772 234.3402435185782
0.25 0.25 0.25 0.25
161.4575322412214
45.0
124.05251386144835 65.82866674636927
1
124.05251386144835 52.34902376180068
0.25 0.25 0.25 0.25
118.17769050816995
45.0
128.41932960401175 106.71884033528602
2
275.19333387622464 106.71884033528602
0.25 0.25 0.25 0.25
146.7740042722129
45.0
151.5093193497109 171.85480916977616
0
151.5093193497109 79.42453905516209
0.25 0.25 0.25 0.25
92.43027011461407
45.0
71.70673182297105 40.15843548592818
2
58.66877155135387 40.15843548592818
0.25 0.25 0.25 0.25
130.37550337432492
45.0
298.29962482044886 370.03924823257466
0
298.29962482044886 484.90679301240925
0.25 0.25 0.25 0.25
145.05395875501603
45.0
278.2827172275007 356.31209365592235
0
278.2827172275007 267.11534991536416
0.25 0.25 0.25 0.25
89.1967437405582
45.0
463.6223849762573 131.73018462365894
0
463.6223849762573 28.055906854551523
0.25 0.25 0.25 0.25
103.67427776910742
45.0
266.75162578494144 3.120269907812599
2
364.38599755476537 3.120269907812599
0.25 0.25 0.25 0.25
97.63437176982393
45.0
84.69068461573568 178.04339595140254
1
84.69068461573568 337.36618412707924
0.25 0.25 0.25 0.25
159.3227881756767
45.0
359.2759300740652 227.75513542454433
3
494.8607476672112 227.75513542454433
0.25 0.25 0.25 0.25
145.8633222587236
45.0
146.7077485973699 14.101722086222026
3
48.280530772976306 14.101722086222026
0.25 0.25 0.25 0.25
98.42721782439361
45.0
124.53017785761999 149.02559897540436
3
17.55920942257646 149.02559897540436
0.25 0.25 0.25 0.25
106.97096843504353
45.0
21.692628729911064 127.22055246452635
2
115.19739634442078 127.22055246452635
0.25 0.25 0.25 0.25
136.89002507433185
45.0
80.2568769939964 393.09301116647
0
80.2568769939964 482.17160464888514
0.25 0.25 0.25 0.25
124.73538418464491
45.0
50.42357724420566 209.22595295537658
0
50.42357724420566 93.50482056543296
0.25 0.25 0.25 0.25
115.72113238994362
45.0
12.837761655292155 68.63351809770651
2
106.84392092499496 68.63351809770651
0.25 0.25 0.25 0.25
119.68168258028712
45.0
95.6170785318434 19.97452173239705
1
95.6170785318434 88.15994449503627
0.25 0.25 0.25 0.25
108.13446622743332
45.0
117.33337069837171 499.8323976077136
0
117.33337069837171 369.45712625412773
0.25 0.25 0.25 0.25
130.7104761381587
45.0
204.56344329621857 357.7664737827027
2
308.4602702293026 357.7664737827027
0.25 0.25 0.25 0.25
103.89682693308403
45.0
124.56060147839668 6.6700110379461535
1
124.56060147839668 135.64271013175355
0.25 0.25 0.25 0.25
128.9726990938074
45.0
207.0493056046896 43.41587233928226
1
207.0493056046896 129.80085135151023
0.25 0.25 0.25 0.25
173.2167236907925
45.0
218.40236039511058 49.321368561242025
1
218.40236039511058 144.89419731964
0.25 0.25 0.25 0.25
95.57282875839797
45.0
98.59376391193182 0.06005507841805979
2
25.321906893973193 0.06005507841805979
0.25 0.25 0.25 0.25
123.91567080590501
45.0
308.1007939305378 84.6722630213273
1
308.1007939305378 215.61464498810994
0.25 0.25 0.25 0.25
130.94238196678265
45.0
466.18552366004405 406.9164012757619
0
466.18552366004405 261.3081348398578
0.25 0.25 0.25 0.25
145.6082664359041
45.0
290.6030787970862 284.48076783359767
1
290.6030787970862 453.6662575793855
0.25 0.25 0.25 0.25
169.18548974578783
45.0
18.90380625074232 381.68292778202283
0
18.90380625074232 241.5330919819992
0.25 0.25 0.25 0.25
140.14983580002362
45.0
256.05517564116536 345.4688006704012
3
109.8250238919145 345.4688006704012
0.25 0.25 0.25 0.25
146.23015174925087
45.0
420.43524796859197 124.78847193382057
3
431.2587838900454 124.78847193382057
0.25 0.25 0.25 0.25
148.3059681413626
45.0
169.2402671156973 436.8957312827895
3
61.65025825336349 436.8957312827895
0.25 0.25 0.25 0.25
107.5900088623338
45.0
250.9794203387897 226.7711460082726
2
366.96910936218825 226.7711460082726
0.25 0.25 0.25 0.25
115.98968902339854
45.0
220.37097408282844 108.47793492812471
1
220.37097408282844 266.5538224794899
0.25 0.25 0.25 0.25
158.07588755136518
45.0
76.79082338811571 348.62600227197606
0
76.79082338811571 215.7202033473092
0.25 0.25 0.25 0.25
132.90579892466687
45.0
271.7709810519965 414.8027744942151
3
121.94338669690976 414.8027744942151
0.25 0.25 0.25 0.25
149.82759435508675
45.0
123.90251525209521 248.8434917284124
2
263.46910053110975 248.8434917284124
0.25 0.25 0.25 0.25
139.56658527901453
45.0
