64313
71.37885705672392 72.90131274404331
2
229.64596360852997 72.90131274404331
0.25 0.25 0.25 0.25
158.26710655180605
45.0
23.43751522793366 355.18721459076664
2
82.81276130594176 355.18721459076664
0.25 0.25 0.25 0.25
106.25027653387542
45.0
468.942706477251 270.8447339121327
3
364.4163114596779 270.8447339121327
0.25 0.25 0.25 0.25
166.64098206307108
45.0
351.7826944524902 100.15530881370239
3
498.4005515098757 100.15530881370239
0.25 0.25 0.25 0.25
149.8167540376341
45.0
313.13739422352637 499.95212931296555
3
181.71329959936688 499.95212931296555
0.25 0.25 0.25 0.25
131.4240946241595
45.0
43.90269787786701 470.0648121665913
0
43.90269787786701 355.3704623058985
0.25 0.25 0.25 0.25
174.56472552751018
45.0
53.74377698095179 243.56450026256164
0
53.74377698095179 94.78679801145023
0.25 0.25 0.25 0.25
148.7777022511114
45.0
464.1758388180906 238.60928723605386
0
464.1758388180906 96.22740758989022
0.25 0.25 0.25 0.25
142.38187964616364
45.0
385.2001379955716 490.1442945932058
0
385.2001379955716 410.60072727417355
0.25 0.25 0.25 0.25
99.25497813262064
45.0
55.43549042577936 170.39958708279605
1
55.43549042577936 264.6760592424441
0.25 0.25 0.25 0.25
94.27647215964808
45.0
291.22337726278295 257.9430834305439
2
308.5255912962727 257.9430834305439
0.25 0.25 0.25 0.25
17.30221403348976
45.0
425.93236357737425 21.46673039849044
1
425.93236357737425 26.760976651225576
0.25 0.25 0.25 0.25
48.22770704971602
45.0
277.61391701541714 283.5811857242794
3
259.0548362497321 283.5811857242794
0.25 0.25 0.25 0.25
18.55908076568506
45.0
259.38043759690044 208.41766381569272
1
259.38043759690044 226.6256125376101
0.25 0.25 0.25 0.25
18.20794872191736
45.0
401.7375162603842 199.86084567209608
0
401.7375162603842 150.68738771544616
0.25 0.25 0.25 0.25
49.173457956649905
45.0
91.41434709587256 263.97635411082257
2
92.48142727564533 263.97635411082257
0.25 0.25 0.25 0.25
1.067080179772767
45.0
269.9702641842786 255.57040620572326
1
269.9702641842786 276.9737643806119
0.25 0.25 0.25 0.25
21.40335817488863
45.0
270.08363155960166 310.8639425758967
0
270.08363155960166 304.3411781001985
0.25 0.25 0.25 0.25
6.522764475698223
45.0
175.67258440294393 310.7722577610362
0
175.67258440294393 309.5007760882549
0.25 0.25 0.25 0.25
1.2714816727813272
45.0
225.45200000147346 275.8928450798325
3
221.3944032078303 275.8928450798325
0.25 0.25 0.25 0.25
4.057596793643175
45.0
59.570491128258894 356.3524645809579
3
52.6365241440854 356.3524645809579
0.25 0.25 0.25 0.25
6.933966984173495
45.0
166.14922380359098 175.35747269838504
3
147.51723253845955 175.35747269838504
0.25 0.25 0.25 0.25
18.631991265131443
45.0
238.4237097049118 10.988551322767492
1
238.4237097049118 16.228637097084736
0.25 0.25 0.25 0.25
27.217188419852228
45.0
412.5143112924548 320.653233767952
3
400.8872262423714 320.653233767952
0.25 0.25 0.25 0.25
11.627085050083409
45.0
340.96727907570295 430.4274387881682
0
340.96727907570295 417.4365109551119
0.25 0.25 0.25 0.25
12.990927833056338
45.0
322.9623684853141 420.79906795288815
2
344.301760785211 420.79906795288815
0.25 0.25 0.25 0.25
21.339392299896932
45.0
465.4984179651483 325.6754224799353
2
492.7456479627694 325.6754224799353
0.25 0.25 0.25 0.25
27.24722999762113
45.0
349.21512946501116 241.60457545763387
1
349.21512946501116 284.74100212318865
0.25 0.25 0.25 0.25
43.13642666555479
45.0
339.92646166194663 166.8316646348435
2
365.75976818310096 166.8316646348435
0.25 0.25 0.25 0.25
25.83330652115435
45.0
119.910344569075 146.53682172823994
0
119.910344569075 109.45950780571013
0.25 0.25 0.25 0.25
37.07731392252981
45.0
365.9459924075424 297.7249399027048
2
390.4015723145551 297.7249399027048
0.25 0.25 0.25 0.25
24.45557990701271
45.0
255.35905123840644 388.1956566718414
2
289.7047440864857 388.1956566718414
0.25 0.25 0.25 0.25
34.34569284807923
45.0
200.6768896542108 21.66782015081108
3
151.22309131583447 21.66782015081108
0.25 0.25 0.25 0.25
49.453798338376345
45.0
237.89994136936366 64.38053188195303
2
272.7380370386105 64.38053188195303
0.25 0.25 0.25 0.25
34.83809566924684
45.0
212.05442702013448 410.6829748167794
0
212.05442702013448 374.80576944951235
0.25 0.25 0.25 0.25
35.877205367267045
45.0
69.8937016508174 184.43518152157804
2
111.17676972536343 184.43518152157804
0.25 0.25 0.25 0.25
41.28306807454602
45.0
41.13800709002539 492.8843206433569
2
82.36713332554962 492.8843206433569
0.25 0.25 0.25 0.25
41.22912623552423
45.0
308.0176685298002 394.74433432614296
0
308.0176685298002 352.37567079738966
0.25 0.25 0.25 0.25
42.3686635287533
45.0
242.47997935053866 389.15671394278155
0
242.47997935053866 373.60847181281486
0.25 0.25 0.25 0.25
15.548242129966683
45.0
417.78112729526026 436.7564467116056
0
417.78112729526026 405.04247132274133
0.25 0.25 0.25 0.25
31.713975388864256
45.0
401.0799666930618 252.69933949516684
1
401.0799666930618 290.9908217368989
0.25 0.25 0.25 0.25
38.29148224173207
45.0
496.73794578783156 468.67073128037885
1
496.73794578783156 499.63264163317695
0.25 0.25 0.25 0.25
30.96191035279811
45.0
407.78450216776935 194.0439645847785
3
366.5239452666814 194.0439645847785
0.25 0.25 0.25 0.25
41.26055690108797
45.0
244.2479466337798 353.11415201799804
2
283.6124602844759 353.11415201799804
0.25 0.25 0.25 0.25
39.36451365069609
45.0
129.55392799966745 366.88442748073186
3
98.36376967783411 366.88442748073186
0.25 0.25 0.25 0.25
31.190158321833334
45.0
83.7185548923741 489.33992749345106
3
55.62078264396392 489.33992749345106
0.25 0.25 0.25 0.25
28.09777224841018
45.0
221.8275471073032 332.8350134667151
0
221.8275471073032 286.77288301724036
0.25 0.25 0.25 0.25
46.062130449474736
45.0
175.8014602550141 356.1572245671748
2
177.50834775157557 356.1572245671748
0.25 0.25 0.25 0.25
1.7068874965614766
45.0
