64313
495.7828160229783 186.16051518609024
1
495.7828160229783 344.4276217378963
0.25 0.25 0.25 0.25
158.26710655180605
45.0
82.81276130594176 326.0619558076071
1
82.81276130594176 432.3122323414825
0.25 0.25 0.25 0.25
106.25027653387542
45.0
469.09681409882455 62.591337835582976
3
364.26220383810437 62.591337835582976
0.25 0.25 0.25 0.25
166.64098206307108
45.0
150.04976517116881 298.68934111477523
0
150.04976517116881 148.87258707714113
0.25 0.25 0.25 0.25
149.8167540376341
45.0
161.16622727983574 25.744249183672395
1
161.16622727983574 105.6798454404871
0.25 0.25 0.25 0.25
131.4240946241595
45.0
313.2441297354993 101.01771758100028
2
487.8088552630095 101.01771758100028
0.25 0.25 0.25 0.25
174.56472552751018
45.0
499.923116265714 95.43481999744091
1
499.923116265714 53.342882253670496
0.25 0.25 0.25 0.25
148.7777022511114
45.0
393.4422815357458 49.481314533128
3
251.06040188958215 49.481314533128
0.25 0.25 0.25 0.25
142.38187964616364
45.0
278.4949411891573 184.92914152155026
3
179.23996305653668 184.92914152155026
0.25 0.25 0.25 0.25
99.25497813262064
45.0
321.670398212813 18.15335723650017
3
227.3939260531649 18.15335723650017
0.25 0.25 0.25 0.25
94.27647215964808
45.0
152.80566499486497 154.1297992296054
0
152.80566499486497 136.82758519611565
0.25 0.25 0.25 0.25
17.30221403348976
45.0
136.56612127907823 249.8234176030344
1
136.56612127907823 298.0511246527504
0.25 0.25 0.25 0.25
48.22770704971602
45.0
259.0548362497321 475.1507643218149
2
277.61391701541714 475.1507643218149
0.25 0.25 0.25 0.25
18.55908076568506
45.0
186.54864270923093 208.41766381569272
3
168.34069398731356 208.41766381569272
0.25 0.25 0.25 0.25
18.20794872191736
45.0
205.04368443378462 199.86084567209605
0
205.04368443378462 150.68738771544614
0.25 0.25 0.25 0.25
49.173457956649905
45.0
98.88390835428197 254.3726324928678
2
99.95098853405474 254.3726324928678
0.25 0.25 0.25 0.25
1.067080179772767
45.0
462.6004877582764 423.37922117094723
1
462.6004877582764 444.78257934583587
0.25 0.25 0.25 0.25
21.40335817488863
45.0
289.6519249866964 343.4777649543879
2
296.1746894623946 343.4777649543879
0.25 0.25 0.25 0.25
6.522764475698223
45.0
185.8444377851946 318.40114779772404
0
185.8444377851946 317.12966612494273
0.25 0.25 0.25 0.25
1.2714816727813272
45.0
184.87603206504176 259.6624579052597
3
180.81843527139858 259.6624579052597
0.25 0.25 0.25 0.25
4.057596793643175
45.0
9.769178713476059 328.616596644264
0
9.769178713476059 321.6826296600905
0.25 0.25 0.25 0.25
6.933966984173495
45.0
54.35727621280233 48.22642248319228
3
35.725284947670886 48.22642248319228
0.25 0.25 0.25 0.25
18.631991265131443
45.0
156.77214444535514 310.37762394114196
3
129.55495602550292 310.37762394114196
0.25 0.25 0.25 0.25
27.217188419852228
45.0
412.5143112924548 460.1782543689527
2
424.1413963425382 460.1782543689527
0.25 0.25 0.25 0.25
11.627085050083409
45.0
379.94006257487194 495.3820779534499
2
392.9309904079283 495.3820779534499
0.25 0.25 0.25 0.25
12.990927833056338
45.0
322.96236848531413 378.1202833530943
3
301.6229761854172 378.1202833530943
0.25 0.25 0.25 0.25
21.339392299896932
45.0
247.52057798417943 489.15880246566195
0
247.52057798417943 483.59396753671695
0.25 0.25 0.25 0.25
27.24722999762113
45.0
47.260142806127696 60.35041120124961
2
90.39656947168248 60.35041120124961
0.25 0.25 0.25 0.25
43.13642666555479
45.0
365.75976818310096 220.66793318247176
1
365.75976818310096 246.5012397036261
0.25 0.25 0.25 0.25
25.83330652115435
45.0
45.75571672401537 75.92706180693892
1
45.75571672401537 113.00437572946873
0.25 0.25 0.25 0.25
37.07731392252981
45.0
488.2238919426059 20.197598888460416
1
488.2238919426059 4.257981018552293
0.25 0.25 0.25 0.25
24.45557990701271
45.0
298.14694173656346 165.31033630312857
3
263.8012488884842 165.31033630312857
0.25 0.25 0.25 0.25
34.34569284807923
45.0
46.59210203767091 335.4328014502962
0
46.59210203767091 285.97900311191984
0.25 0.25 0.25 0.25
49.453798338376345
45.0
237.89994136936366 74.97185079503433
1
237.89994136936366 109.80994646428117
0.25 0.25 0.25 0.25
34.83809566924684
45.0
321.54190320539396 16.03371577684196
1
321.54190320539396 51.910921144109004
0.25 0.25 0.25 0.25
35.877205367267045
45.0
276.3090420235475 269.67856729842816
1
276.3090420235475 310.9616353729742
0.25 0.25 0.25 0.25
41.28306807454602
45.0
371.1532552652169 163.05131075916296
0
371.1532552652169 121.82218452363873
0.25 0.25 0.25 0.25
41.22912623552423
45.0
477.4923226448134 113.67962801889666
0
477.4923226448134 71.31096449014336
0.25 0.25 0.25 0.25
42.3686635287533
45.0
118.09404231080511 389.15671394278155
3
102.54580018083843 389.15671394278155
0.25 0.25 0.25 0.25
15.548242129966683
45.0
322.63920112866754 341.24572556634473
1
322.63920112866754 372.959700955209
0.25 0.25 0.25 0.25
31.713975388864256
45.0
173.29226693291923 91.92400068042178
0
173.29226693291923 53.632518438689715
0.25 0.25 0.25 0.25
38.29148224173207
45.0
496.73794578783156 159.05162775239785
3
465.77603543503346 159.05162775239785
0.25 0.25 0.25 0.25
30.96191035279811
45.0
55.828258118087085 317.8256352880424
3
14.567701216999112 317.8256352880424
0.25 0.25 0.25 0.25
41.26055690108797
45.0
424.9487854280538 79.895498139659
0
424.9487854280538 40.53098448896291
0.25 0.25 0.25 0.25
39.36451365069609
45.0
67.17361135600078 366.88442748073186
1
67.17361135600078 398.0745858025652
0.25 0.25 0.25 0.25
31.190158321833334
45.0
168.01187163760466 236.4599772577593
3
139.91409938919446 236.4599772577593
0.25 0.25 0.25 0.25
28.09777224841018
45.0
423.0422791853432 35.66203012908284
3
376.98014873586845 35.66203012908284
0.25 0.25 0.25 0.25
46.062130449474736
45.0
175.8014602550141 362.9847745534207
1
175.8014602550141 364.6916620499822
0.25 0.25 0.25 0.25
1.7068874965614766
45.0
