38660
286.9427188832633 64.5183443110685
3
192.24990209240525 64.5183443110685
0.25 0.25 0.25 0.25
94.69281679085806
45.0
34.34208281024998 24.505502580056685
2
147.19401614849954 24.505502580056685
0.25 0.25 0.25 0.25
112.85193333824957
45.0
210.22216396658553 469.8819940270878
0
210.22216396658553 373.24210604936445
0.25 0.25 0.25 0.25
96.63988797772333
45.0
450.0366867625586 265.6399919030947
0
450.0366867625586 108.87150216725107
0.25 0.25 0.25 0.25
156.76848973584364
45.0
16.252256171205175 233.40151773585816
0
16.252256171205175 124.79125214873528
0.25 0.25 0.25 0.25
108.61026558712288
45.0
54.70200894095501 43.56426674562505
1
54.70200894095501 51.37451092477386
0.25 0.25 0.25 0.25
94.9387776703989
45.0
235.4768610537286 495.9911868116826
0
235.4768610537286 375.10255874901696
0.25 0.25 0.25 0.25
120.88862806266565
45.0
254.84298323337657 3.6377113930901714
1
254.84298323337657 140.27014647076726
0.25 0.25 0.25 0.25
143.90785786385743
45.0
444.3133588613298 30.190046370140806
1
444.3133588613298 130.39515018616942
0.25 0.25 0.25 0.25
160.58519655631022
45.0
0.06500591400649114 494.6159621578321
2
90.95011957390425 494.6159621578321
0.25 0.25 0.25 0.25
91.01512548791074
45.0
77.33248910919825 360.725608216507
2
30.70440045386013 360.725608216507
0.25 0.25 0.25 0.25
108.03688956305838
45.0
379.6750286679048 312.42417591529454
3
278.6819411728842 312.42417591529454
0.25 0.25 0.25 0.25
100.99308749502062
45.0
116.39772131665029 399.13707990791374
2
209.96622198537602 399.13707990791374
0.25 0.25 0.25 0.25
93.56850066872573
45.0
3.690708679793943 38.996934798994516
1
3.690708679793943 71.34240926815045
0.25 0.25 0.25 0.25
110.33934406714496
45.0
276.94432638218535 457.0215915307343
2
402.54892982072 457.0215915307343
0.25 0.25 0.25 0.25
125.60460343853465
45.0
354.7767877851612 329.2189035775864
0
354.7767877851612 233.08568926396129
0.25 0.25 0.25 0.25
96.1332143136251
45.0
374.9553628136546 209.65555180114035
3
226.1680746268649 209.65555180114035
0.25 0.25 0.25 0.25
148.78728818678968
45.0
474.11228488126096 329.4401508375348
0
474.11228488126096 188.85665155265153
0.25 0.25 0.25 0.25
140.5834992848833
45.0
176.71268440190715 290.9284725773057
0
176.71268440190715 183.99401495653035
0.25 0.25 0.25 0.25
106.93445762077533
45.0
306.8021295247426 20.547077437340278
2
422.3800336584318 20.547077437340278
0.25 0.25 0.25 0.25
115.57790413368916
45.0
333.0828931788104 311.84877091278577
1
333.0828931788104 405.1952310881454
0.25 0.25 0.25 0.25
93.34646017535967
45.0
210.62484236998569 329.06030662260827
1
210.62484236998569 440.99974457103986
0.25 0.25 0.25 0.25
111.9394379484316
45.0
477.4087550790796 435.18968265642934
3
364.80749558769 435.18968265642934
0.25 0.25 0.25 0.25
112.60125949138954
45.0
336.6957278752485 461.9189382324456
3
198.97054138362418 461.9189382324456
0.25 0.25 0.25 0.25
137.72518649162433
45.0
279.53701803772844 224.13774129427532
2
427.72993115159284 224.13774129427532
0.25 0.25 0.25 0.25
148.1929131138644
45.0
407.4664668763595 393.99424081419806
3
492.75686408750516 393.99424081419806
0.25 0.25 0.25 0.25
99.77666903613532
45.0
384.183491565165 461.54802101849464
0
384.183491565165 353.864469940409
0.25 0.25 0.25 0.25
107.68355107808566
45.0
258.2332957197955 439.84130469357467
0
258.2332957197955 435.43035701007364
0.25 0.25 0.25 0.25
124.7283382963517
45.0
77.73094922290967 378.3813218378116
0
77.73094922290967 279.36523217770787
0.25 0.25 0.25 0.25
99.0160896601037
45.0
430.3025976594686 213.65106091474013
0
430.3025976594686 89.14510914010307
0.25 0.25 0.25 0.25
124.50595177463705
45.0
18.8438999002052 449.9571775018069
0
18.8438999002052 420.7998211687253
0.25 0.25 0.25 0.25
129.2430013294678
45.0
57.81924617644407 250.1447812662791
2
75.23583532085974 250.1447812662791
0.25 0.25 0.25 0.25
133.0550814973038
45.0
495.64580770974374 456.6607464484498
0
495.64580770974374 353.1831743023151
0.25 0.25 0.25 0.25
103.4775721461347
45.0
176.36553253752834 156.35593263718556
0
176.36553253752834 36.988966122190845
0.25 0.25 0.25 0.25
119.36696651499471
45.0
263.8135768729485 184.78029323939836
0
263.8135768729485 78.56026108495719
0.25 0.25 0.25 0.25
106.22003215444117
45.0
72.54948133669063 299.0695601820355
0
72.54948133669063 124.32366747562492
0.25 0.25 0.25 0.25
174.7458927064106
45.0
193.22934549535273 407.6281430567931
0
193.22934549535273 483.5335994790021
0.25 0.25 0.25 0.25
108.8382574642048
45.0
210.45478448899576 375.40471880603553
2
310.5982620859416 375.40471880603553
0.25 0.25 0.25 0.25
100.14347759694584
45.0
214.12664722435898 248.80523782379237
0
214.12664722435898 133.7784197677928
0.25 0.25 0.25 0.25
115.02681805599958
45.0
120.78668569826658 31.134330265542133
1
120.78668569826658 71.79219307704969
0.25 0.25 0.25 0.25
40.657862811507556
45.0
153.940485516004 263.1079045733698
2
182.91874858955248 263.1079045733698
0.25 0.25 0.25 0.25
28.978263073548472
45.0
142.75834147355732 496.6755089082283
0
142.75834147355732 493.40351123326025
0.25 0.25 0.25 0.25
3.2719976749681026
45.0
119.88470959401194 230.7902537700184
1
119.88470959401194 253.0469848257393
0.25 0.25 0.25 0.25
22.25673105572089
45.0
472.04957317922106 222.66037292276687
3
491.24334020515323 222.66037292276687
0.25 0.25 0.25 0.25
36.70708661562569
45.0
210.6068218311848 103.92287723110248
0
210.6068218311848 99.0051357093516
0.25 0.25 0.25 0.25
4.917741521750868
45.0
37.72166946305367 354.1550827779071
2
42.53931966034536 354.1550827779071
0.25 0.25 0.25 0.25
4.817650197291689
45.0
410.92774820045975 314.33091269631626
3
392.9689780699088 314.33091269631626
0.25 0.25 0.25 0.25
17.95877013055092
45.0
425.62166785188714 86.36914230234294
1
425.62166785188714 94.05258614032635
0.25 0.25 0.25 0.25
7.683443837983411
45.0
