38660
281.2141818618851 83.24630457120911
2
375.90699865274314 83.24630457120911
0.25 0.25 0.25 0.25
94.69281679085806
45.0
257.2115170717603 363.06130259480545
1
257.2115170717603 475.91323593305503
0.25 0.25 0.25 0.25
112.85193333824957
45.0
432.9395874542222 377.4055787399411
3
470.4205245680545 377.4055787399411
0.25 0.25 0.25 0.25
96.63988797772333
45.0
79.65784402991045 31.305316021595615
1
79.65784402991045 188.07380575743926
0.25 0.25 0.25 0.25
156.76848973584364
45.0
192.38535090601053 182.45971788908705
1
192.38535090601053 291.0699834762099
0.25 0.25 0.25 0.25
108.61026558712288
45.0
52.808106572689894 424.84395268474645
2
42.13067109770901 424.84395268474645
0.25 0.25 0.25 0.25
94.9387776703989
45.0
323.4745136177195 360.90448355901054
0
323.4745136177195 240.0158554963449
0.25 0.25 0.25 0.25
120.88862806266565
45.0
118.29013041652115 306.2430194756307
0
118.29013041652115 162.3351616117733
0.25 0.25 0.25 0.25
143.90785786385743
45.0
307.4938893503274 305.61026065023515
0
307.4938893503274 145.02506409392493
0.25 0.25 0.25 0.25
160.58519655631022
45.0
453.84424115852914 142.4899162575433
0
453.84424115852914 51.47479076963256
0.25 0.25 0.25 0.25
91.01512548791074
45.0
348.7422561002643 308.0247065183978
3
240.70536653720592 308.0247065183978
0.25 0.25 0.25 0.25
108.03688956305838
45.0
75.6360340561671 495.5205240448704
0
75.6360340561671 394.52743654984977
0.25 0.25 0.25 0.25
100.99308749502062
45.0
22.829220647924558 97.95893079169798
2
70.73928002080117 97.95893079169798
0.25 0.25 0.25 0.25
93.56850066872573
45.0
362.4923544640099 363.06906360473414
0
362.4923544640099 252.72971953758918
0.25 0.25 0.25 0.25
110.33934406714496
45.0
281.7811538904626 70.53412619857593
3
156.17655045192794 70.53412619857593
0.25 0.25 0.25 0.25
125.60460343853465
45.0
373.5742883712884 247.58038230416423
3
277.4410740576633 247.58038230416423
0.25 0.25 0.25 0.25
96.1332143136251
45.0
351.72429707697256 12.359791085937843
1
351.72429707697256 136.42749710085184
0.25 0.25 0.25 0.25
148.78728818678968
45.0
40.47519724082093 264.7248563136325
2
181.05869652570422 264.7248563136325
0.25 0.25 0.25 0.25
140.5834992848833
45.0
422.33629443818916 360.273048785059
3
315.4018368174138 360.273048785059
0.25 0.25 0.25 0.25
106.93445762077533
45.0
75.10721260360909 90.00531922043061
2
190.68511673729824 90.00531922043061
0.25 0.25 0.25 0.25
115.57790413368916
45.0
493.13746085896105 474.6472468075387
3
413.5160789656793 474.6472468075387
0.25 0.25 0.25 0.25
93.34646017535967
45.0
330.01922185430163 202.21098560240796
3
218.07978390587004 202.21098560240796
0.25 0.25 0.25 0.25
111.9394379484316
45.0
27.003717113521432 124.20857502727246
1
27.003717113521432 236.809834518662
0.25 0.25 0.25 0.25
112.60125949138954
45.0
133.09274400925946 298.5543833429356
1
133.09274400925946 436.2795698345599
0.25 0.25 0.25 0.25
137.72518649162433
45.0
56.64332132976256 149.43695770017382
2
204.83623444362695 149.43695770017382
0.25 0.25 0.25 0.25
148.1929131138644
45.0
395.213504690017 493.7709098503335
2
494.9901737261523 493.7709098503335
0.25 0.25 0.25 0.25
99.77666903613532
45.0
185.08230412249236 292.23683652810496
3
77.3987530444067 292.23683652810496
0.25 0.25 0.25 0.25
107.68355107808566
45.0
356.7152212452172 442.0145983227611
2
481.4435595415689 442.0145983227611
0.25 0.25 0.25 0.25
124.7283382963517
45.0
298.6552026195792 497.07561829584125
0
298.6552026195792 398.05952863573754
0.25 0.25 0.25 0.25
99.0160896601037
45.0
422.3978260536617 408.8786979584452
3
297.8918742790246 408.8786979584452
0.25 0.25 0.25 0.25
124.50595177463705
45.0
366.09585203936433 386.8558105329829
2
495.33885336883213 386.8558105329829
0.25 0.25 0.25 0.25
129.2430013294678
45.0
323.9294091710517 11.791604187885753
3
190.8743276737479 11.791604187885753
0.25 0.25 0.25 0.25
133.0550814973038
45.0
186.0626835092462 8.824328640470554
2
289.5402556553809 8.824328640470554
0.25 0.25 0.25 0.25
103.4775721461347
45.0
444.3378963224279 82.37800039280387
1
444.3378963224279 36.988966122190845
0.25 0.25 0.25 0.25
119.36696651499471
45.0
7.3538019540366975 177.89951383395453
0
7.3538019540366975 71.67948167951336
0.25 0.25 0.25 0.25
106.22003215444117
45.0
121.02483757515415 89.90634096538224
2
295.77073028156474 89.90634096538224
0.25 0.25 0.25 0.25
174.7458927064106
45.0
275.05207678398017 395.1510248369541
3
166.21381931977538 395.1510248369541
0.25 0.25 0.25 0.25
108.8382574642048
45.0
287.39305155681666 219.71704289780598
3
187.24957395987082 219.71704289780598
0.25 0.25 0.25 0.25
100.14347759694584
45.0
488.72437638436503 140.81930939221348
0
488.72437638436503 25.792491336213885
0.25 0.25 0.25 0.25
115.02681805599958
45.0
250.5249963689184 104.68533365242808
0
250.5249963689184 64.02747084092053
0.25 0.25 0.25 0.25
40.657862811507556
45.0
153.940485516004 244.2616231763061
1
153.940485516004 273.2398862498546
0.25 0.25 0.25 0.25
28.978263073548472
45.0
172.20632054827027 477.04352285841986
2
175.47831822323838 477.04352285841986
0.25 0.25 0.25 0.25
3.2719976749681026
45.0
119.88470959401194 192.08763628867842
1
119.88470959401194 214.3443673443993
0.25 0.25 0.25 0.25
22.25673105572089
45.0
454.5362535895275 112.53911307588987
2
491.24334020515323 112.53911307588987
0.25 0.25 0.25 0.25
36.70708661562569
45.0
112.25199139616763 128.51158483985682
3
107.33424987441676 128.51158483985682
0.25 0.25 0.25 0.25
4.917741521750868
45.0
3.9981180820118407 421.6021855399909
0
3.9981180820118407 416.7845353426992
0.25 0.25 0.25 0.25
4.817650197291689
45.0
183.1548638141495 182.82352364825766
3
165.19609368359858 182.82352364825766
0.25 0.25 0.25 0.25
17.95877013055092
45.0
205.57302792490879 124.78636149226003
3
197.88958408692537 124.78636149226003
0.25 0.25 0.25 0.25
7.683443837983411
45.0
