47500
124.04520194498318 383.93905069739094
2
263.0469770875725 383.93905069739094
0.25 0.25 0.25 0.25
139.0017751425893
45.0
416.9765739990532 376.0450773846585
0
416.9765739990532 453.77193882632696
0.25 0.25 0.25 0.25
170.1829837890146
45.0
484.4799869537238 431.1552211273888
3
381.30802488899803 431.1552211273888
0.25 0.25 0.25 0.25
134.21198815727814
45.0
304.45923045751897 486.2495416013917
2
323.6964455826529 486.2495416013917
0.25 0.25 0.25 0.25
19.23721512513395
45.0
256.8074091320966 65.1862351857092
0
256.8074091320966 54.66828174461438
0.25 0.25 0.25 0.25
10.517953441094813
45.0
318.0450458430381 288.2410416339062
3
279.5414154358409 288.2410416339062
0.25 0.25 0.25 0.25
38.50363040719717
45.0
298.99320468163233 328.0280281841388
2
316.28525161858204 328.0280281841388
0.25 0.25 0.25 0.25
17.292046936949724
45.0
150.53530344432346 322.556372682087
2
187.17639395273306 322.556372682087
0.25 0.25 0.25 0.25
36.64109050840961
45.0
349.89967773494084 113.58194882979038
1
349.89967773494084 122.28684214217955
0.25 0.25 0.25 0.25
8.704893312389167
45.0
349.54379034301155 86.64079970759984
1
349.54379034301155 91.61859803689855
0.25 0.25 0.25 0.25
4.977798329298711
45.0
281.24384442868336 127.30300400222947
1
281.24384442868336 177.02242264640898
0.25 0.25 0.25 0.25
49.719418644179505
45.0
352.61877043905025 191.80680673377435
1
352.61877043905025 202.0269076010424
0.25 0.25 0.25 0.25
10.220100867268044
45.0
319.2759864885852 165.6678323320407
3
299.5764824309203 165.6678323320407
0.25 0.25 0.25 0.25
19.699504057664914
45.0
220.0923878595387 485.7785208572052
0
220.0923878595387 455.71383939696096
0.25 0.25 0.25 0.25
30.06468146024424
45.0
442.7337206669939 35.84570795892665
3
405.94979926100746 35.84570795892665
0.25 0.25 0.25 0.25
36.78392140598643
45.0
33.625131704631784 282.0184349814614
0
33.625131704631784 262.0108887776988
0.25 0.25 0.25 0.25
20.007546203762576
45.0
314.11500498394963 285.885878358578
2
326.9911379854893 285.885878358578
0.25 0.25 0.25 0.25
12.87613300153964
45.0
400.18593139621555 330.83019546687024
3
360.34800964717715 330.83019546687024
0.25 0.25 0.25 0.25
39.83792174903842
45.0
308.89476183126743 93.8165017359967
2
343.04910945866806 93.8165017359967
0.25 0.25 0.25 0.25
34.15434762740061
45.0
90.29392641916743 91.35144385554509
2
109.0118375577704 91.35144385554509
0.25 0.25 0.25 0.25
18.71791113860298
45.0
377.2858841353249 35.32501064183575
0
377.2858841353249 25.020047514738764
0.25 0.25 0.25 0.25
10.30496312709699
45.0
456.0435909216436 348.4025515033288
0
456.0435909216436 306.66030821393133
0.25 0.25 0.25 0.25
41.74224328939752
45.0
196.76071687767566 422.679354675562
3
191.99689191669233 422.679354675562
0.25 0.25 0.25 0.25
4.763824960983315
45.0
497.92362826033406 30.741171641048723
1
497.92362826033406 68.94591431778142
0.25 0.25 0.25 0.25
38.20474267673269
45.0
122.97193219631632 342.4194477402183
3
106.49079481840573 342.4194477402183
0.25 0.25 0.25 0.25
16.481137377910578
45.0
144.7962877018441 8.98836565633448
3
120.63860759063765 8.98836565633448
0.25 0.25 0.25 0.25
24.15768011120646
45.0
244.60830978111755 411.9419912789965
2
283.94105606368646 411.9419912789965
0.25 0.25 0.25 0.25
39.33274628256889
45.0
352.5716534026047 397.20572176776614
2
378.52779001264486 397.20572176776614
0.25 0.25 0.25 0.25
25.956136610040176
45.0
8.95591181919849 451.7216343597358
1
8.95591181919849 483.77983667384774
0.25 0.25 0.25 0.25
32.058202314111966
45.0
201.04947356076514 34.1665777150219
1
201.04947356076514 50.46647418667865
0.25 0.25 0.25 0.25
16.29989647165675
45.0
194.8196458745328 383.3064003496628
1
194.8196458745328 432.5679090435992
0.25 0.25 0.25 0.25
49.26150869393636
45.0
430.2830540259355 126.61619432421605
2
453.06530964837907 126.61619432421605
0.25 0.25 0.25 0.25
22.782255622443582
45.0
417.03188705660756 117.39820023621247
0
417.03188705660756 74.41316920256745
0.25 0.25 0.25 0.25
42.98503103364503
45.0
393.06055045302026 216.61385139445042
1
393.06055045302026 246.49930262513598
0.25 0.25 0.25 0.25
29.88545123068557
45.0
419.4701670249666 54.85403347573859
3
406.6204643242032 54.85403347573859
0.25 0.25 0.25 0.25
12.849702700763348
45.0
126.48343935240013 296.1970622826792
0
126.48343935240013 288.43312223506405
0.25 0.25 0.25 0.25
7.76394004761517
45.0
435.8016140893581 124.76865487524013
2
443.2840135113054 124.76865487524013
0.25 0.25 0.25 0.25
7.482399421947273
45.0
34.85801344443516 333.7987406293463
0
34.85801344443516 289.586193189416
0.25 0.25 0.25 0.25
44.21254743993032
45.0
288.6910834293801 110.000724782545
1
288.6910834293801 115.9476743470303
0.25 0.25 0.25 0.25
5.946949564485293
45.0
149.9024590145993 339.45952353858706
2
180.34226602930582 339.45952353858706
0.25 0.25 0.25 0.25
30.439807014706528
45.0
352.6868807746753 174.68981615457636
1
352.6868807746753 174.71020677544135
0.25 0.25 0.25 0.25
0.020390620864996212
45.0
51.73404789344809 22.90638616112156
3
39.3908156866532 22.90638616112156
0.25 0.25 0.25 0.25
12.343232206794896
45.0
460.89841609981704 34.76203108015994
1
460.89841609981704 7.640285258979375
0.25 0.25 0.25 0.25
42.40231633913932
45.0
279.0612025601682 138.56792200854437
0
279.0612025601682 96.92453770433133
0.25 0.25 0.25 0.25
41.64338430421304
45.0
154.86043550038306 378.3529821298857
3
149.81545773510035 378.3529821298857
0.25 0.25 0.25 0.25
5.044977765282699
45.0
306.3642328990519 96.58507178538161
2
318.78993886996204 96.58507178538161
0.25 0.25 0.25 0.25
12.425705970910151
45.0
218.57412778762972 190.53551745112884
1
218.57412778762972 238.32137932671452
0.25 0.25 0.25 0.25
47.785861875585695
45.0
49.46934211949725 259.6004192835691
0
49.46934211949725 209.95817521414975
0.25 0.25 0.25 0.25
49.64224406941937
45.0
