47500
346.9352714865346 334.0278078268558
0
346.9352714865346 195.02603268426648
0.25 0.25 0.25 0.25
139.0017751425893
45.0
183.49988200777597 6.516695661545896
3
13.316898218761366 6.516695661545896
0.25 0.25 0.25 0.25
170.1829837890146
45.0
458.12034223537955 196.88768299354126
3
407.6676696073423 196.88768299354126
0.25 0.25 0.25 0.25
134.21198815727814
45.0
496.49619520189276 274.64017522491815
3
477.2589800767588 274.64017522491815
0.25 0.25 0.25 0.25
19.23721512513395
45.0
477.6844313950872 271.38827492932484
1
477.6844313950872 281.9062283704196
0.25 0.25 0.25 0.25
10.517953441094813
45.0
318.0450458430381 403.7519328554978
0
318.0450458430381 365.2483024483006
0.25 0.25 0.25 0.25
38.50363040719717
45.0
441.6260912641221 328.0280281841388
0
441.6260912641221 310.7359812471891
0.25 0.25 0.25 0.25
17.292046936949724
45.0
289.1577826565918 468.28764054039607
0
289.1577826565918 431.64655003198646
0.25 0.25 0.25 0.25
36.64109050840961
45.0
454.35839748361093 261.5651351404063
2
463.0632907960001 261.5651351404063
0.25 0.25 0.25 0.25
8.704893312389167
45.0
498.8777402219728 31.88501808531407
0
498.8777402219728 26.90721975601536
0.25 0.25 0.25 0.25
4.977798329298711
45.0
325.35163595645287 331.79230569535747
1
325.35163595645287 381.51172433953695
0.25 0.25 0.25 0.25
49.719418644179505
45.0
45.965163384403766 232.6872102028466
3
35.74506251713572 232.6872102028466
0.25 0.25 0.25 0.25
10.220100867268044
45.0
496.5715230075694 402.0618810240196
3
483.7289729347657 402.0618810240196
0.25 0.25 0.25 0.25
19.699504057664914
45.0
58.355257094599736 265.8385156489007
0
58.355257094599736 235.77383418865645
0.25 0.25 0.25 0.25
30.06468146024424
45.0
182.59294323477553 449.17939235726305
1
182.59294323477553 485.9633137632495
0.25 0.25 0.25 0.25
36.78392140598643
45.0
426.54843098190736 1.9127881287852873
3
406.5408847781448 1.9127881287852873
0.25 0.25 0.25 0.25
20.007546203762576
45.0
312.47713797140074 260.1336123554987
0
312.47713797140074 247.25747935395907
0.25 0.25 0.25 0.25
12.87613300153964
45.0
201.43485111340038 87.75070869860008
0
201.43485111340038 47.91278694956166
0.25 0.25 0.25 0.25
39.83792174903842
45.0
66.80306207013942 291.4052409707921
2
100.95740969754003 291.4052409707921
0.25 0.25 0.25 0.25
34.15434762740061
45.0
397.7312142908574 278.5305552415748
3
379.0133031522544 278.5305552415748
0.25 0.25 0.25 0.25
18.71791113860298
45.0
212.4064741017732 313.5590150734543
0
212.4064741017732 303.2540519463573
0.25 0.25 0.25 0.25
10.30496312709699
45.0
165.66172684140136 96.13525282140358
1
165.66172684140136 137.8774961108011
0.25 0.25 0.25 0.25
41.74224328939752
45.0
125.30334246292576 470.317604285395
0
125.30334246292576 465.5537793244117
0.25 0.25 0.25 0.25
4.763824960983315
45.0
234.6431730025372 406.1119080034253
0
234.6431730025372 367.9071653266926
0.25 0.25 0.25 0.25
38.20474267673269
45.0
470.34901340846426 84.07062974619387
3
453.8678760305537 84.07062974619387
0.25 0.25 0.25 0.25
16.481137377910578
45.0
144.7962877018441 260.1002822089346
2
168.95396781305055 260.1002822089346
0.25 0.25 0.25 0.25
24.15768011120646
45.0
497.28613041230847 60.05096411183028
0
497.28613041230847 20.71821782926139
0.25 0.25 0.25 0.25
39.33274628256889
45.0
62.72653235803813 251.69769348323825
0
62.72653235803813 225.74155687319808
0.25 0.25 0.25 0.25
25.956136610040176
45.0
137.18872107564636 124.94388295608694
0
137.18872107564636 92.88568064197497
0.25 0.25 0.25 0.25
32.058202314111966
45.0
124.94845587236992 311.26481773318676
2
141.24835234402667 311.26481773318676
0.25 0.25 0.25 0.25
16.29989647165675
45.0
475.6188719168782 432.5679090435992
3
426.35736322294184 432.5679090435992
0.25 0.25 0.25 0.25
49.26150869393636
45.0
450.6460622608613 263.30972805887757
0
450.6460622608613 240.52747243643398
0.25 0.25 0.25 0.25
22.782255622443582
45.0
422.37227503497644 375.3083864380827
3
379.3872440013314 375.3083864380827
0.25 0.25 0.25 0.25
42.98503103364503
45.0
278.19948600943826 125.90622153046685
0
278.19948600943826 96.02077029978128
0.25 0.25 0.25 0.25
29.88545123068557
45.0
336.3854816605293 131.95224968031866
0
336.3854816605293 119.10254697955531
0.25 0.25 0.25 0.25
12.849702700763348
45.0
87.6637391143243 265.14130209221855
2
95.42767916193947 265.14130209221855
0.25 0.25 0.25 0.25
7.76394004761517
45.0
353.4952204479382 289.38144215807995
2
360.9776198698855 289.38144215807995
0.25 0.25 0.25 0.25
7.482399421947273
45.0
230.41727119514675 64.11418633002651
1
230.41727119514675 108.32673376995683
0.25 0.25 0.25 0.25
44.21254743993032
45.0
163.80514257518894 26.74343087975089
1
163.80514257518894 32.69038044423618
0.25 0.25 0.25 0.25
5.946949564485293
45.0
119.46265199989281 147.57738869671732
0
119.46265199989281 117.13758168201079
0.25 0.25 0.25 0.25
30.439807014706528
45.0
353.19664629629995 174.4859099459265
1
353.19664629629995 174.50630056679148
0.25 0.25 0.25 0.25
0.020390620864996212
45.0
145.75766741527022 208.05486926304508
2
158.10089962206513 208.05486926304508
0.25 0.25 0.25 0.25
12.343232206794896
45.0
206.48451806498122 177.24955061553663
3
164.0822017258419 177.24955061553663
0.25 0.25 0.25 0.25
42.40231633913932
45.0
111.92888864442915 346.78484352960965
2
153.5722729486422 346.78484352960965
0.25 0.25 0.25 0.25
41.64338430421304
45.0
195.22025762264474 454.0276486091259
0
195.22025762264474 448.9826708438432
0.25 0.25 0.25 0.25
5.044977765282699
45.0
219.3842911026809 226.48328345828224
0
219.3842911026809 214.0575774873721
0.25 0.25 0.25 0.25
12.425705970910151
45.0
358.35931410669804 140.46241629067157
1
358.35931410669804 188.24827816625725
0.25 0.25 0.25 0.25
47.785861875585695
45.0
106.61250870037361 351.72978881079496
0
106.61250870037361 302.0875447413756
0.25 0.25 0.25 0.25
49.64224406941937
45.0
