90762
221.25978344477818 495.9995287679316
0
221.25978344477818 462.67087179282134
0.25 0.25 0.25 0.25
33.328656975110256
45.0
175.0858097836998 129.67999988646642
0
175.0858097836998 109.41512478892702
0.25 0.25 0.25 0.25
20.2648750975394
45.0
237.3723447529018 287.46000650662495
2
277.84436838262474 287.46000650662495
0.25 0.25 0.25 0.25
40.47202362972295
45.0
439.4588605870973 314.03481951201377
0
439.4588605870973 288.34775788213915
0.25 0.25 0.25 0.25
25.6870616298746
45.0
313.0586053555469 296.38530922109663
2
325.5586270202738 296.38530922109663
0.25 0.25 0.25 0.25
12.500021664726896
45.0
93.96209605267569 166.4032375872279
2
135.57195185567795 166.4032375872279
0.25 0.25 0.25 0.25
41.60985580300227
45.0
123.24596765308017 476.0956731116101
0
123.24596765308017 475.62580252432656
0.25 0.25 0.25 0.25
0.4698705872835496
45.0
230.85055021155532 359.48750884590595
1
230.85055021155532 392.1157417857187
0.25 0.25 0.25 0.25
32.628232939812705
45.0
149.47912100341344 8.292026702899129
2
153.87667638024266 8.292026702899129
0.25 0.25 0.25 0.25
4.397555376829204
45.0
491.0563816856568 430.9218588523071
2
495.326087947456 430.9218588523071
0.25 0.25 0.25 0.25
4.269706261799206
45.0
390.5574709223143 127.75677730312916
1
390.5574709223143 130.63832105390483
0.25 0.25 0.25 0.25
2.881543750775678
45.0
370.7121667120858 166.54677071540635
3
369.5108051678609 166.54677071540635
0.25 0.25 0.25 0.25
1.2013615442248715
45.0
138.3695561785019 181.78003340874682
2
147.8690488560964 181.78003340874682
0.25 0.25 0.25 0.25
9.499492677594517
45.0
451.8297652799671 346.76102991380253
3
431.65420230809286 346.76102991380253
0.25 0.25 0.25 0.25
20.17556297187425
45.0
338.71562375629605 475.70563031450683
2
386.20423619321423 475.70563031450683
0.25 0.25 0.25 0.25
47.48861243691818
45.0
46.138380533144456 270.8879140935096
3
28.567717926095302 270.8879140935096
0.25 0.25 0.25 0.25
17.570662607049155
45.0
290.6019767247826 71.31626688211048
1
290.6019767247826 110.758096434641
0.25 0.25 0.25 0.25
39.441829552530514
45.0
49.519224412146016 274.58346879368605
1
49.519224412146016 293.6533159834655
0.25 0.25 0.25 0.25
19.069847189779455
45.0
279.24110256209116 319.31440819015114
1
279.24110256209116 332.66562951247903
0.25 0.25 0.25 0.25
13.351221322327866
45.0
393.8019546712728 342.59407379841406
2
440.62405981636283 342.59407379841406
0.25 0.25 0.25 0.25
46.822105145089985
45.0
420.68526482016773 420.9246706541271
2
445.92224359890076 420.9246706541271
0.25 0.25 0.25 0.25
25.236978778733025
45.0
427.7552775115812 415.8636623303248
0
427.7552775115812 367.9412460727899
0.25 0.25 0.25 0.25
47.922416257534906
45.0
189.15870432663905 394.6350120781993
0
189.15870432663905 382.08683689630425
0.25 0.25 0.25 0.25
12.548175181895022
45.0
132.92516223028184 454.20069531972945
3
97.24354440855744 454.20069531972945
0.25 0.25 0.25 0.25
35.6816178217244
45.0
149.6366221229216 168.5965069649111
2
190.62732157539193 168.5965069649111
0.25 0.25 0.25 0.25
40.99069945247031
45.0
380.1601020429419 170.52531589255517
3
352.0078921906096 170.52531589255517
0.25 0.25 0.25 0.25
28.152209852332327
45.0
380.49306791073406 451.5020997460793
2
384.09108722571887 451.5020997460793
0.25 0.25 0.25 0.25
3.598019314984824
45.0
179.47914768437667 234.08585350389814
0
179.47914768437667 222.3535851625737
0.25 0.25 0.25 0.25
11.732268341324431
45.0
193.02212524861685 444.1581288485053
0
193.02212524861685 417.4588212844535
0.25 0.25 0.25 0.25
26.6993075640518
45.0
372.6224495408614 483.68065322128257
3
337.19833028791277 483.68065322128257
0.25 0.25 0.25 0.25
35.424119252948636
45.0
119.86177620912588 88.87356333043772
2
168.03686710941395 88.87356333043772
0.25 0.25 0.25 0.25
48.17509090028807
45.0
221.28142355691506 254.0286362425486
3
175.4665748658083 254.0286362425486
0.25 0.25 0.25 0.25
45.81484869110676
45.0
250.7865965650362 145.2064472331224
2
284.6766744608216 145.2064472331224
0.25 0.25 0.25 0.25
33.89007789578537
45.0
472.0610232601738 495.84304690384084
3
434.865768683501 495.84304690384084
0.25 0.25 0.25 0.25
37.195254576672745
45.0
146.07006947191925 181.87018124386194
0
146.07006947191925 144.96475337149548
0.25 0.25 0.25 0.25
36.90542787236646
45.0
323.21429860885695 444.4448656373283
1
323.21429860885695 467.8134717347733
0.25 0.25 0.25 0.25
23.36860609744502
45.0
7.050319324007191 312.0926522872993
1
7.050319324007191 356.03385956890776
0.25 0.25 0.25 0.25
43.94120728160848
45.0
78.09833346803424 146.69476046826344
2
110.97653094096549 146.69476046826344
0.25 0.25 0.25 0.25
32.878197472931255
45.0
185.4795797681687 284.28653062287964
1
185.4795797681687 321.4253504307551
0.25 0.25 0.25 0.25
37.13881980787547
45.0
59.620399216174874 248.4649814193785
3
42.70030755085733 248.4649814193785
0.25 0.25 0.25 0.25
16.920091665317543
45.0
159.69833298622535 98.43152380675407
1
159.69833298622535 102.2532697890506
0.25 0.25 0.25 0.25
3.8217459822965374
45.0
329.98620321541154 231.2342993344527
3
285.5653938923398 231.2342993344527
0.25 0.25 0.25 0.25
44.42080932307177
45.0
160.7815267448701 187.353227826627
0
160.7815267448701 146.9279460827507
0.25 0.25 0.25 0.25
40.425281743876305
45.0
259.13753075010004 201.10722610566734
3
231.37292277822002 201.10722610566734
0.25 0.25 0.25 0.25
27.764607971880018
45.0
210.3130915173283 331.4283901386891
2
248.24324522040365 331.4283901386891
0.25 0.25 0.25 0.25
37.930153703075355
45.0
282.1862757375175 197.61920172449396
3
277.66227698515877 197.61920172449396
0.25 0.25 0.25 0.25
4.523998752358755
45.0
427.54140062652726 226.75840053438378
0
427.54140062652726 183.31476909941722
0.25 0.25 0.25 0.25
43.44363143496655
45.0
415.45453868833476 343.24277097598497
1
415.45453868833476 379.76350624344263
0.25 0.25 0.25 0.25
36.520735267457695
45.0
