90762
287.9170973949987 195.90132524524716
1
287.9170973949987 229.2299822203574
0.25 0.25 0.25 0.25
33.328656975110256
45.0
499.32381134433024 149.94487498400576
1
499.32381134433024 170.20975008154517
0.25 0.25 0.25 0.25
20.2648750975394
45.0
369.70800969294254 12.715001045010851
2
410.1800333226655 12.715001045010851
0.25 0.25 0.25 0.25
40.47202362972295
45.0
465.14592221697205 350.23797573450645
1
465.14592221697205 375.92503736438107
0.25 0.25 0.25 0.25
25.6870616298746
45.0
225.55845370245868 453.6142574843656
1
225.55845370245868 466.1142791490925
0.25 0.25 0.25 0.25
12.500021664726896
45.0
387.95800812958237 83.25589723078573
2
429.56786393258466 83.25589723078573
0.25 0.25 0.25 0.25
41.60985580300227
45.0
135.4626029224523 499.0011857623624
1
135.4626029224523 499.47105634964595
0.25 0.25 0.25 0.25
0.4698705872835496
45.0
214.4694898116283 162.5642181910974
0
214.4694898116283 129.9359852512847
0.25 0.25 0.25 0.25
32.628232939812705
45.0
246.22533929365622 391.88551258855836
1
246.22533929365622 396.28306796538754
0.25 0.25 0.25 0.25
4.397555376829204
45.0
423.54949307835864 376.9413593667276
0
423.54949307835864 372.6716531049284
0.25 0.25 0.25 0.25
4.269706261799206
45.0
479.88532719636027 10.557322734103366
0
479.88532719636027 7.675778983327688
0.25 0.25 0.25 0.25
2.881543750775678
45.0
411.5584592157317 138.9154551982341
2
412.7598207599566 138.9154551982341
0.25 0.25 0.25 0.25
1.2013615442248715
45.0
242.86397563204144 476.23823019785107
3
233.36448295444694 476.23823019785107
0.25 0.25 0.25 0.25
9.499492677594517
45.0
487.6435458044102 323.9662011574783
3
467.467982832536 323.9662011574783
0.25 0.25 0.25 0.25
20.17556297187425
45.0
198.98892527025976 476.805757248575
2
246.47753770717793 476.805757248575
0.25 0.25 0.25 0.25
47.48861243691818
45.0
450.26362049527484 115.66666326157177
2
467.834283102324 115.66666326157177
0.25 0.25 0.25 0.25
17.570662607049155
45.0
275.53789819738165 333.454812563087
3
236.09606864485113 333.454812563087
0.25 0.25 0.25 0.25
39.441829552530514
45.0
293.7380250038842 408.0723991221423
0
293.7380250038842 389.00255193236285
0.25 0.25 0.25 0.25
19.069847189779455
45.0
280.16859380108855 239.20708025618387
3
266.81737247876066 239.20708025618387
0.25 0.25 0.25 0.25
13.351221322327866
45.0
311.9148932193175 95.1330268340945
1
311.9148932193175 141.95513197918447
0.25 0.25 0.25 0.25
46.822105145089985
45.0
370.21130726270167 263.2241215016384
0
370.21130726270167 237.9871427229054
0.25 0.25 0.25 0.25
25.236978778733025
45.0
195.23613383637257 86.77748993581349
3
147.31371757883767 86.77748993581349
0.25 0.25 0.25 0.25
47.922416257534906
45.0
113.86965323526888 34.59194635484579
2
126.4178284171639 34.59194635484579
0.25 0.25 0.25 0.25
12.548175181895022
45.0
167.6920790602892 26.935982450753798
1
167.6920790602892 8.745635370970604
0.25 0.25 0.25 0.25
35.6816178217244
45.0
456.6795964930875 167.873361825897
3
415.6888970406172 167.873361825897
0.25 0.25 0.25 0.25
40.99069945247031
45.0
84.94791076274416 41.21280824213995
2
113.10012061507649 41.21280824213995
0.25 0.25 0.25 0.25
28.152209852332327
45.0
349.65548346540515 433.36128217440677
2
353.25350278038997 433.36128217440677
0.25 0.25 0.25 0.25
3.598019314984824
45.0
90.36302416608524 15.048972651338879
0
90.36302416608524 3.3167043100144475
0.25 0.25 0.25 0.25
11.732268341324431
45.0
246.42074037672043 58.24220282169697
0
246.42074037672043 31.54289525764517
0.25 0.25 0.25 0.25
26.6993075640518
45.0
87.8911007474708 412.8324147153853
0
87.8911007474708 377.4082954624367
0.25 0.25 0.25 0.25
35.424119252948636
45.0
239.5657758218009 4.200290435911029
2
287.740866722089 4.200290435911029
0.25 0.25 0.25 0.25
48.17509090028807
45.0
53.607668589725506 407.32652472456647
0
53.607668589725506 361.5116760334597
0.25 0.25 0.25 0.25
45.81484869110676
45.0
199.70877764702612 416.8124745480693
0
199.70877764702612 382.92239665228396
0.25 0.25 0.25 0.25
33.89007789578537
45.0
286.08475037680995 156.81388214362173
1
286.08475037680995 194.00913672029446
0.25 0.25 0.25 0.25
37.195254576672745
45.0
303.90195988869004 412.17011216010724
2
340.8073877610565 412.17011216010724
0.25 0.25 0.25 0.25
36.90542787236646
45.0
261.0008538272686 210.7588046628781
2
284.3694599247136 210.7588046628781
0.25 0.25 0.25 0.25
23.36860609744502
45.0
168.71450980242673 368.3209918908174
2
212.65571708403522 368.3209918908174
0.25 0.25 0.25 0.25
43.94120728160848
45.0
97.32245512890333 261.4976850189737
2
130.20065260183458 261.4976850189737
0.25 0.25 0.25 0.25
32.878197472931255
45.0
485.76731158622727 384.21222591887886
1
485.76731158622727 421.3510457267543
0.25 0.25 0.25 0.25
37.13881980787547
45.0
414.1421674127165 445.2587768586411
2
431.06225907803406 445.2587768586411
0.25 0.25 0.25 0.25
16.920091665317543
45.0
182.62880888000456 35.329585573624676
3
178.80706289770802 35.329585573624676
0.25 0.25 0.25 0.25
3.8217459822965374
45.0
136.96408490772737 296.27014262640444
2
181.38489423079915 296.27014262640444
0.25 0.25 0.25 0.25
44.42080932307177
45.0
51.97692557141925 227.7785095705033
3
11.551643827542946 227.7785095705033
0.25 0.25 0.25 0.25
40.425281743876305
45.0
286.90213872198 423.69820289302663
2
314.66674669386003 423.69820289302663
0.25 0.25 0.25 0.25
27.764607971880018
45.0
348.2177026095888 52.10131049712074
1
348.2177026095888 90.0314642001961
0.25 0.25 0.25 0.25
37.930153703075355
45.0
1.69835309127492 202.1432004768527
2
6.222351843633675 202.1432004768527
0.25 0.25 0.25 0.25
4.523998752358755
45.0
124.2324575775306 271.79498596088877
3
80.78882614256405 271.79498596088877
0.25 0.25 0.25 0.25
43.44363143496655
45.0
305.89233288596176 49.844877255877066
1
305.89233288596176 86.36561252333476
0.25 0.25 0.25 0.25
36.520735267457695
45.0
