90762
378.7963328538986 170.7139014809657
0
378.7963328538986 137.38524450585544
0.25 0.25 0.25 0.25
33.328656975110256
45.0
438.52918605171203 231.00437537416346
0
438.52918605171203 210.73950027662406
0.25 0.25 0.25 0.25
20.2648750975394
45.0
358.7884156420707 76.78820616088154
0
358.7884156420707 36.316182531158596
0.25 0.25 0.25 0.25
40.47202362972295
45.0
439.4588605870973 416.78306603151225
2
465.14592221697194 416.78306603151225
0.25 0.25 0.25 0.25
25.6870616298746
45.0
63.05817206100907 96.3849625854664
0
63.05817206100907 83.8849409207395
0.25 0.25 0.25 0.25
12.500021664726896
45.0
322.13646197734704 249.62294919323242
0
322.13646197734704 208.01309339023015
0.25 0.25 0.25 0.25
41.60985580300227
45.0
122.77609706579662 479.38476722259486
1
122.77609706579662 479.8546378098784
0.25 0.25 0.25 0.25
0.4698705872835496
45.0
279.7259556912537 0.5769465079661131
1
279.7259556912537 33.20517944777882
0.25 0.25 0.25 0.25
32.628232939812705
45.0
167.0693425107303 17.08713745655753
2
171.46689788755953 17.08713745655753
0.25 0.25 0.25 0.25
4.397555376829204
45.0
470.51626195815015 453.79607207911374
3
466.2465556963509 453.79607207911374
0.25 0.25 0.25 0.25
4.269706261799206
45.0
387.6759271715386 130.63832105390483
3
384.7943834207629 130.63832105390483
0.25 0.25 0.25 0.25
2.881543750775678
45.0
385.12850524278434 176.1576630692054
1
385.12850524278434 177.35902461343028
0.25 0.25 0.25 0.25
1.2013615442248715
45.0
356.8578877631755 191.27952608634132
3
347.358395085581 191.27952608634132
0.25 0.25 0.25 0.25
9.499492677594517
45.0
451.8297652799671 128.67433281746733
3
431.65420230809286 128.67433281746733
0.25 0.25 0.25 0.25
20.17556297187425
45.0
376.3527016221949 425.47787905287043
1
376.3527016221949 472.9664914897886
0.25 0.25 0.25 0.25
47.48861243691818
45.0
274.5569944247834 7.3279749877723255
1
274.5569944247834 10.242687619276829
0.25 0.25 0.25 0.25
17.570662607049155
45.0
14.509169857068983 362.5438581957252
2
53.9509994095995 362.5438581957252
0.25 0.25 0.25 0.25
39.441829552530514
45.0
125.79861317126382 382.15928179028356
2
144.86846036104328 382.15928179028356
0.25 0.25 0.25 0.25
19.069847189779455
45.0
279.24110256209116 479.5290640580858
3
265.88988123976327 479.5290640580858
0.25 0.25 0.25 0.25
13.351221322327866
45.0
142.95563699271273 342.59407379841406
2
189.7777421378027 342.59407379841406
0.25 0.25 0.25 0.25
46.822105145089985
45.0
496.3962011563668 345.213734317928
3
478.36682006490014 345.213734317928
0.25 0.25 0.25 0.25
25.236978778733025
45.0
283.9880287389765 207.12774901762896
2
331.9104449965114 207.12774901762896
0.25 0.25 0.25 0.25
47.922416257534906
45.0
251.89958023611422 492.4314112847454
3
239.35140505421919 492.4314112847454
0.25 0.25 0.25 0.25
12.548175181895022
45.0
402.2991050955841 133.06613492420996
2
437.98072291730847 133.06613492420996
0.25 0.25 0.25 0.25
35.6816178217244
45.0
149.6366221229216 405.2732853696733
3
108.6459226704513 405.2732853696733
0.25 0.25 0.25 0.25
40.99069945247031
45.0
282.01337972907044 283.1341553018845
0
282.01337972907044 254.98194544955217
0.25 0.25 0.25 0.25
28.152209852332327
45.0
409.27722243061254 458.6981383760489
3
405.67920311562773 458.6981383760489
0.25 0.25 0.25 0.25
3.598019314984824
45.0
226.40822104967444 210.62131682124925
2
238.14048939099888 210.62131682124925
0.25 0.25 0.25 0.25
11.732268341324431
45.0
86.22489499240967 283.96228346419446
2
112.92420255646147 283.96228346419446
0.25 0.25 0.25 0.25
26.6993075640518
45.0
18.381257011375077 445.4711082728201
2
53.80537626432371 445.4711082728201
0.25 0.25 0.25 0.25
35.424119252948636
45.0
61.16167848597695 196.9006540370633
1
61.16167848597695 245.07574493735137
0.25 0.25 0.25 0.25
48.17509090028807
45.0
267.0962722480218 66.67530459519867
2
312.9111209391286 66.67530459519867
0.25 0.25 0.25 0.25
45.81484869110676
45.0
88.11418239281747 464.81495489101405
0
88.11418239281747 430.9248769952287
0.25 0.25 0.25 0.25
33.89007789578537
45.0
123.0630499665902 347.0620285971498
1
123.0630499665902 384.25728317382254
0.25 0.25 0.25 0.25
37.195254576672745
45.0
1.551642017546527 403.3027484780606
2
35.35378585481993 403.3027484780606
0.25 0.25 0.25 0.25
36.90542787236646
45.0
463.4259351935271 462.0807099728916
0
463.4259351935271 438.7121038754466
0.25 0.25 0.25 0.25
23.36860609744502
45.0
260.0497955366632 83.37821324717692
2
303.9910028182717 83.37821324717692
0.25 0.25 0.25 0.25
43.94120728160848
45.0
494.48509938385934 113.81656299533219
0
494.48509938385934 80.93836552240094
0.25 0.25 0.25 0.25
32.878197472931255
45.0
479.8420034185348 455.7417307219922
3
442.7031836106593 455.7417307219922
0.25 0.25 0.25 0.25
37.13881980787547
45.0
245.74140753466793 366.9056230766014
1
245.74140753466793 383.82571474191894
0.25 0.25 0.25 0.25
16.920091665317543
45.0
217.02452272067336 71.67930193067833
1
217.02452272067336 75.50104791297487
0.25 0.25 0.25 0.25
3.8217459822965374
45.0
447.9097501692297 13.61194217332742
1
447.9097501692297 30.80886714974435
0.25 0.25 0.25 0.25
44.42080932307177
45.0
282.057371976499 338.17543484376495
2
322.4826537203753 338.17543484376495
0.25 0.25 0.25 0.25
40.425281743876305
45.0
425.7251785813802 312.16565799318744
3
397.96057060950017 312.16565799318744
0.25 0.25 0.25 0.25
27.764607971880018
45.0
144.87429553039073 9.942993188989064
1
144.87429553039073 47.87314689206442
0.25 0.25 0.25 0.25
37.930153703075355
45.0
196.23029944270127 328.8151655428977
2
200.75429819506002 328.8151655428977
0.25 0.25 0.25 0.25
4.523998752358755
45.0
297.2105063216276 77.34701951038207
3
253.76687488666101 77.34701951038207
0.25 0.25 0.25 0.25
43.44363143496655
45.0
278.43943139336136 401.11208215181136
3
241.91869612590367 401.11208215181136
0.25 0.25 0.25 0.25
36.520735267457695
45.0
