90762
54.476207822534796 362.5446101207985
2
87.80486479764505 362.5446101207985
0.25 0.25 0.25 0.25
33.328656975110256
45.0
439.88156336305155 372.8585010569392
1
439.88156336305155 393.1233761544786
0.25 0.25 0.25 0.25
20.2648750975394
45.0
196.01932443097684 56.42845547136104
2
236.49134806069978 56.42845547136104
0.25 0.25 0.25 0.25
40.47202362972295
45.0
2.7788128792292 317.6256266422332
1
2.7788128792292 343.31268827210783
0.25 0.25 0.25 0.25
25.6870616298746
45.0
36.94200125680609 416.11419249018496
2
49.44202292153298 416.11419249018496
0.25 0.25 0.25 0.25
12.500021664726896
45.0
139.6623340395141 416.1347436548039
0
139.6623340395141 374.5248878518016
0.25 0.25 0.25 0.25
41.60985580300227
45.0
122.77609706579662 489.1339034294081
0
122.77609706579662 488.6640328421246
0.25 0.25 0.25 0.25
0.4698705872835496
45.0
128.06001212638444 162.5642181910974
2
160.68824506619714 162.5642181910974
0.25 0.25 0.25 0.25
32.628232939812705
45.0
356.164223714386 317.12707118246215
3
351.76666833755684 317.12707118246215
0.25 0.25 0.25 0.25
4.397555376829204
45.0
363.77360541316943 436.7172470319168
2
368.04331167496866 436.7172470319168
0.25 0.25 0.25 0.25
4.269706261799206
45.0
459.6022540373505 15.376571022877734
0
459.6022540373505 12.495027272102057
0.25 0.25 0.25 0.25
2.881543750775678
45.0
413.9611823041815 124.49911666753557
0
413.9611823041815 123.29775512331071
0.25 0.25 0.25 0.25
1.2013615442248715
45.0
100.37158546812385 371.74381074431153
2
109.87107814571837 371.74381074431153
0.25 0.25 0.25 0.25
9.499492677594517
45.0
23.60559745130265 171.64472454566587
2
43.7811604231769 171.64472454566587
0.25 0.25 0.25 0.25
20.17556297187425
45.0
341.4547625810143 43.92996766687494
3
293.9661501440961 43.92996766687494
0.25 0.25 0.25 0.25
47.48861243691818
45.0
415.12229528117655 396.7972649743581
3
397.5516326741274 396.7972649743581
0.25 0.25 0.25 0.25
17.570662607049155
45.0
393.8633868549732 136.24566480043438
0
393.8633868549732 96.80383524790386
0.25 0.25 0.25 0.25
39.441829552530514
45.0
125.79861317126388 87.7436278121237
0
125.79861317126388 68.67378062234425
0.25 0.25 0.25 0.25
19.069847189779455
45.0
39.84660999918701 134.6271167689963
2
53.197831321514876 134.6271167689963
0.25 0.25 0.25 0.25
13.351221322327866
45.0
360.3303707650524 359.3298657515243
3
313.5082656199624 359.3298657515243
0.25 0.25 0.25 0.25
46.822105145089985
45.0
76.84671306722657 443.41128430288643
2
102.0836918459596 443.41128430288643
0.25 0.25 0.25 0.25
25.236978778733025
45.0
127.47929714990573 147.44138900981443
2
175.40171340744064 147.44138900981443
0.25 0.25 0.25 0.25
47.922416257534906
45.0
375.50917885863714 72.23647190053087
0
375.50917885863714 59.688296718635854
0.25 0.25 0.25 0.25
12.548175181895022
45.0
309.50384935546964 96.46981611076852
2
345.185467177194 96.46981611076852
0.25 0.25 0.25 0.25
35.6816178217244
45.0
10.441310624798334 340.380432806824
0
10.441310624798334 299.38973335435367
0.25 0.25 0.25 0.25
40.99069945247031
45.0
478.09628628390226 322.7349067654632
3
449.94407643156995 322.7349067654632
0.25 0.25 0.25 0.25
28.152209852332327
45.0
288.4891551106634 422.56722422945234
2
292.0871744256482 422.56722422945234
0.25 0.25 0.25 0.25
3.598019314984824
45.0
325.0083909925739 108.90711938193432
3
313.27612265124947 108.90711938193432
0.25 0.25 0.25 0.25
11.732268341324431
45.0
47.27164282784934 21.855719870458415
2
73.97095039190114 21.855719870458415
0.25 0.25 0.25 0.25
26.6993075640518
45.0
343.9845964355495 456.3811948857723
3
308.5604771826009 456.3811948857723
0.25 0.25 0.25 0.25
35.424119252948636
45.0
311.0946845341879 369.5235278603441
1
311.0946845341879 417.69861876063214
0.25 0.25 0.25 0.25
48.17509090028807
45.0
236.86706335415255 140.36410378227464
2
282.6819120452593 140.36410378227464
0.25 0.25 0.25 0.25
45.81484869110676
45.0
427.5003654993351 467.40488931741527
0
427.5003654993351 498.7050327867994
0.25 0.25 0.25 0.25
33.89007789578537
45.0
160.25830454326294 396.84306293630516
3
123.0630499665902 396.84306293630516
0.25 0.25 0.25 0.25
37.195254576672745
45.0
142.51662202581338 449.07554003247367
1
142.51662202581338 485.9809679048401
0.25 0.25 0.25 0.25
36.90542787236646
45.0
131.4153876391607 69.66446850646213
0
131.4153876391607 46.295862409017104
0.25 0.25 0.25 0.25
23.36860609744502
45.0
147.41897484843716 158.97349548848436
0
147.41897484843716 115.03228820687588
0.25 0.25 0.25 0.25
43.94120728160848
45.0
245.1135954124713 409.72034025171354
2
277.99179288540256 409.72034025171354
0.25 0.25 0.25 0.25
32.878197472931255
45.0
228.5437077437367 55.957342150351685
0
228.5437077437367 18.818522342476214
0.25 0.25 0.25 0.25
37.13881980787547
45.0
230.5359076156148 89.93685188697246
1
230.5359076156148 106.85694355229
0.25 0.25 0.25 0.25
16.920091665317543
45.0
270.52896647282483 54.43831548510735
1
270.52896647282483 58.26006146740389
0.25 0.25 0.25 0.25
3.8217459822965374
45.0
351.6648176460621 126.25933617366269
2
396.08562696913384 126.25933617366269
0.25 0.25 0.25 0.25
44.42080932307177
45.0
18.24159431942558 238.4105531674111
2
22.183687424450724 238.4105531674111
0.25 0.25 0.25 0.25
40.425281743876305
45.0
120.31449089069986 479.2274188367867
0
120.31449089069986 451.46281086490666
0.25 0.25 0.25 0.25
27.764607971880018
45.0
337.91955634659513 454.80669136289964
3
299.9894026435198 454.80669136289964
0.25 0.25 0.25 0.25
37.930153703075355
45.0
70.68562694646516 265.4791830098752
2
75.20962569882391 265.4791830098752
0.25 0.25 0.25 0.25
4.523998752358755
45.0
428.3378776222965 357.88577183505276
2
471.78150905726307 357.88577183505276
0.25 0.25 0.25 0.25
43.44363143496655
45.0
342.41306815341943 228.38085710514198
3
305.89233288596176 228.38085710514198
0.25 0.25 0.25 0.25
36.520735267457695
45.0
