90762
145.49573402812672 137.38524450585535
3
112.16707705301647 137.38524450585535
0.25 0.25 0.25 0.25
33.328656975110256
45.0
379.08693807043335 89.15024969138756
1
379.08693807043335 109.41512478892696
0.25 0.25 0.25 0.25
20.2648750975394
45.0
399.26043927179353 417.43523734224044
3
358.78841564207056 417.43523734224044
0.25 0.25 0.25 0.25
40.47202362972295
45.0
28.465874509103813 266.251503382484
0
28.465874509103813 240.56444175260938
0.25 0.25 0.25 0.25
25.6870616298746
45.0
88.05821539046288 453.6142574843656
0
88.05821539046288 441.11423581963874
0.25 0.25 0.25 0.25
12.500021664726896
45.0
193.21651238450403 41.57367017822107
2
234.8263681875063 41.57367017822107
0.25 0.25 0.25 0.25
41.60985580300227
45.0
124.18570882764728 485.3749387311398
1
124.18570882764728 485.84480931842336
0.25 0.25 0.25 0.25
0.4698705872835496
45.0
30.17531330694632 445.8969865311499
1
30.17531330694632 478.5252194709626
0.25 0.25 0.25 0.25
32.628232939812705
45.0
347.36911296072765 365.5001803275832
1
347.36911296072765 369.8977357044124
0.25 0.25 0.25 0.25
4.397555376829204
45.0
376.5827241985671 419.6384219847199
0
376.5827241985671 415.3687157229207
0.25 0.25 0.25 0.25
4.269706261799206
45.0
439.4314477819208 26.90274602598044
1
439.4314477819208 29.78428977675612
0.25 0.25 0.25 0.25
2.881543750775678
45.0
412.7598207599566 117.29094740218638
1
412.7598207599566 118.49230894641124
0.25 0.25 0.25 0.25
1.2013615442248715
45.0
195.36651224406893 324.246347356339
2
204.86600492166343 324.246347356339
0.25 0.25 0.25 0.25
9.499492677594517
45.0
265.7123531137937 485.3707049324721
0
265.7123531137937 494.45373209565366
0.25 0.25 0.25 0.25
20.17556297187425
45.0
151.50031283334158 3.558644770043216
3
104.01170039642341 3.558644770043216
0.25 0.25 0.25 0.25
47.48861243691818
45.0
362.4103074600291 256.23196411796494
0
362.4103074600291 238.6613015109158
0.25 0.25 0.25 0.25
17.570662607049155
45.0
354.4215573024427 57.36200569537335
1
354.4215573024427 96.80383524790386
0.25 0.25 0.25 0.25
39.441829552530514
45.0
7.690317157192293 401.2291289800631
2
26.76016434697175 401.2291289800631
0.25 0.25 0.25 0.25
19.069847189779455
45.0
120.36804586874737 41.16856751270127
0
120.36804586874737 27.817346190373407
0.25 0.25 0.25 0.25
13.351221322327866
45.0
77.80436749386763 218.86355031625428
3
30.982262348777645 218.86355031625428
0.25 0.25 0.25 0.25
46.822105145089985
45.0
24.101202047705527 216.27847529428914
2
1.135776731027498 216.27847529428914
0.25 0.25 0.25 0.25
25.236978778733025
45.0
441.2189565322801 51.59655649474462
2
489.141372789815 51.59655649474462
0.25 0.25 0.25 0.25
47.922416257534906
45.0
187.28655113021165 247.91092444706126
0
187.28655113021165 235.36274926516623
0.25 0.25 0.25 0.25
12.548175181895022
45.0
487.9119384640916 26.021281459036757
3
452.2303206423672 26.021281459036757
0.25 0.25 0.25 0.25
35.6816178217244
45.0
174.40410843467959 299.38973335435367
1
174.40410843467959 340.380432806824
0.25 0.25 0.25 0.25
40.99069945247031
45.0
365.48744687457304 294.5826969131309
2
393.63965672690534 294.5826969131309
0.25 0.25 0.25 0.25
28.152209852332327
45.0
317.27330963054186 390.18505039458904
3
313.67529031555705 390.18505039458904
0.25 0.25 0.25 0.25
3.598019314984824
45.0
301.54385430992505 120.63938772325876
3
289.81158596860064 120.63938772325876
0.25 0.25 0.25 0.25
11.732268341324431
45.0
246.42074037672043 351.9345860262668
1
246.42074037672043 378.6338935903186
0.25 0.25 0.25 0.25
26.6993075640518
45.0
202.288119423755 271.1359377035908
2
237.71223867670363 271.1359377035908
0.25 0.25 0.25 0.25
35.424119252948636
45.0
399.8547700640837 293.25083583763944
3
351.67967916379564 293.25083583763944
0.25 0.25 0.25 0.25
48.17509090028807
45.0
412.19978691423086 271.9695344376862
3
366.3849382231241 271.9695344376862
0.25 0.25 0.25 0.25
45.81484869110676
45.0
291.94005391619373 176.50659070250654
1
291.94005391619373 210.3966685982919
0.25 0.25 0.25 0.25
33.89007789578537
45.0
495.01559573331775 305.5949004503127
3
467.7891496900095 305.5949004503127
0.25 0.25 0.25 0.25
37.195254576672745
45.0
105.61119415344692 477.11360422279347
2
142.51662202581338 477.11360422279347
0.25 0.25 0.25 0.25
36.90542787236646
45.0
494.68691480171884 140.65298637054303
3
481.94447910083613 140.65298637054303
0.25 0.25 0.25 0.25
23.36860609744502
45.0
325.2865377722613 466.5619464597436
2
369.22774505386974 466.5619464597436
0.25 0.25 0.25 0.25
43.94120728160848
45.0
409.50458277712767 1.5278947644763008
1
409.50458277712767 31.350302708454954
0.25 0.25 0.25 0.25
32.878197472931255
45.0
117.12724832011025 278.79026099760455
0
117.12724832011025 241.65144118972907
0.25 0.25 0.25 0.25
37.13881980787547
45.0
162.85554095434458 479.0989601892762
1
162.85554095434458 496.0190518545938
0.25 0.25 0.25 0.25
16.920091665317543
45.0
266.7072204905283 0.933871732955847
1
266.7072204905283 2.8878742493406904
0.25 0.25 0.25 0.25
3.8217459822965374
45.0
26.443851830933177 184.68632908783974
2
70.86466115400495 184.68632908783974
0.25 0.25 0.25 0.25
44.42080932307177
45.0
462.919693502065 246.69282775910452
1
462.919693502065 287.1181095029808
0.25 0.25 0.25 0.25
40.425281743876305
45.0
203.60831480633993 465.24336521945327
3
175.8437068344599 465.24336521945327
0.25 0.25 0.25 0.25
27.764607971880018
45.0
282.77890662265133 99.61930431518059
2
320.7090603257267 99.61930431518059
0.25 0.25 0.25 0.25
37.930153703075355
45.0
34.49363692759511 242.85918924808146
0
34.49363692759511 238.3351904957227
0.25 0.25 0.25 0.25
4.523998752358755
45.0
136.4293310322687 444.7730347049859
1
136.4293310322687 488.21666613995245
0.25 0.25 0.25 0.25
43.44363143496655
45.0
196.3301270835887 264.9015923725997
1
196.3301270835887 301.42232764005735
0.25 0.25 0.25 0.25
36.520735267457695
45.0
