90762
345.3273851320962 162.71295901682893
3
311.9987281569859 162.71295901682893
0.25 0.25 0.25 0.25
33.328656975110256
45.0
208.5944397582093 481.2039967652056
2
228.8593148557487 481.2039967652056
0.25 0.25 0.25 0.25
20.2648750975394
45.0
86.40384428488184 186.40368630697645
2
126.87586791460478 186.40368630697645
0.25 0.25 0.25 0.25
40.47202362972295
45.0
177.0306185298931 403.4075025593654
1
177.0306185298931 429.09456418924003
0.25 0.25 0.25 0.25
25.6870616298746
45.0
200.5584103730049 271.38526589164286
2
213.0584320377318 271.38526589164286
0.25 0.25 0.25 0.25
12.500021664726896
45.0
237.5532896433971 459.1080601857516
0
237.5532896433971 499.2820840112461
0.25 0.25 0.25 0.25
41.60985580300227
45.0
115.72803825654334 493.480884841101
2
116.1979088438269 493.480884841101
0.25 0.25 0.25 0.25
0.4698705872835496
45.0
209.69753840593688 86.98642419320996
2
242.3257713457496 86.98642419320996
0.25 0.25 0.25 0.25
32.628232939812705
45.0
263.81556080097306 189.59796525441521
0
263.81556080097306 185.200409877586
0.25 0.25 0.25 0.25
4.397555376829204
45.0
495.326087947456 347.053415534133
1
495.326087947456 351.32312179593225
0.25 0.25 0.25 0.25
4.269706261799206
45.0
442.42525843627647 107.58597104769942
0
442.42525843627647 104.70442729692374
0.25 0.25 0.25 0.25
2.881543750775678
45.0
399.5448437734829 148.52634755203314
0
399.5448437734829 147.32498600780826
0.25 0.25 0.25 0.25
1.2013615442248715
45.0
309.36042437520297 362.2703942830424
3
299.86093169760846 362.2703942830424
0.25 0.25 0.25 0.25
9.499492677594517
45.0
229.89857258935052 47.97208092997034
1
229.89857258935052 68.14764390184459
0.25 0.25 0.25 0.25
20.17556297187425
45.0
233.88686431144038 280.27290291739763
1
233.88686431144038 327.7615153543158
0.25 0.25 0.25 0.25
47.48861243691818
45.0
309.6983196388817 221.09063890386665
3
292.12765703183254 221.09063890386665
0.25 0.25 0.25 0.25
17.570662607049155
45.0
487.8111244874352 139.84714206727915
3
448.3692949349047 139.84714206727915
0.25 0.25 0.25 0.25
39.441829552530514
45.0
416.525054274029 408.0723991221423
3
397.45520708424954 408.0723991221423
0.25 0.25 0.25 0.25
19.069847189779455
45.0
399.40209446304215 292.61196554549537
2
412.75331578537003 292.61196554549537
0.25 0.25 0.25 0.25
13.351221322327866
45.0
154.71278583093732 31.9827673623059
2
201.5348909760273 31.9827673623059
0.25 0.25 0.25 0.25
46.822105145089985
45.0
125.04911716263769 496.63560699032627
0
125.04911716263769 478.1274142309407
0.25 0.25 0.25 0.25
25.236978778733025
45.0
428.4774737158141 392.44667263953556
2
476.399889973349 392.44667263953556
0.25 0.25 0.25 0.25
47.922416257534906
45.0
276.9959305999043 495.02041353335954
0
276.9959305999043 482.4722383514645
0.25 0.25 0.25 0.25
12.548175181895022
45.0
168.60678005200623 455.1153963114465
2
204.28839787373062 455.1153963114465
0.25 0.25 0.25 0.25
35.6816178217244
45.0
256.38550733962023 241.31048755979202
1
256.38550733962023 282.30118701226235
0.25 0.25 0.25 0.25
40.99069945247031
45.0
70.48579366728634 266.4304870607986
2
98.63800351961868 266.4304870607986
0.25 0.25 0.25 0.25
28.152209852332327
45.0
484.83562804529356 379.5417134463831
2
488.43364736027837 379.5417134463831
0.25 0.25 0.25 0.25
3.598019314984824
45.0
85.62100095378119 386.60534194111557
2
97.35326929510562 386.60534194111557
0.25 0.25 0.25 0.25
11.732268341324431
45.0
246.42074037672043 271.83666333411134
3
219.72143281266864 271.83666333411134
0.25 0.25 0.25 0.25
26.6993075640518
45.0
477.55641252990574 197.50227350217972
1
477.55641252990574 232.92639275512835
0.25 0.25 0.25 0.25
35.424119252948636
45.0
194.0100422807917 429.3755276666816
1
194.0100422807917 477.55061856696966
0.25 0.25 0.25 0.25
48.17509090028807
45.0
175.4665748658083 379.4525742285972
2
221.28142355691506 379.4525742285972
0.25 0.25 0.25 0.25
45.81484869110676
45.0
376.42254658132504 382.92239665228396
1
376.42254658132504 416.8124745480693
0.25 0.25 0.25 0.25
33.89007789578537
45.0
360.4752595301555 272.67151944380424
0
360.4752595301555 235.4762648671315
0.25 0.25 0.25 0.25
37.195254576672745
45.0
374.159368187317 6.2104055640762965
1
374.159368187317 43.115833436442756
0.25 0.25 0.25 0.25
36.90542787236646
45.0
377.8438843144937 421.07625953988327
2
401.21249041193875 421.07625953988327
0.25 0.25 0.25 0.25
23.36860609744502
45.0
347.9322100998802 169.6212629654791
3
303.99100281827174 169.6212629654791
0.25 0.25 0.25 0.25
43.94120728160848
45.0
316.44003620714085 97.10669765431746
2
349.3182336800721 97.10669765431746
0.25 0.25 0.25 0.25
32.878197472931255
45.0
2.962654083846232 247.14771081500416
1
2.962654083846232 284.28653062287964
0.25 0.25 0.25 0.25
37.13881980787547
45.0
8.86012422022229 180.78461475810826
1
8.86012422022229 197.70470642342582
0.25 0.25 0.25 0.25
16.920091665317543
45.0
220.8462687029699 41.105334072306064
2
224.66801468526643 41.105334072306064
0.25 0.25 0.25 0.25
3.8217459822965374
45.0
92.54327558465559 347.2998023272509
1
92.54327558465559 391.72061165032267
0.25 0.25 0.25 0.25
44.42080932307177
45.0
352.27589186734383 338.42231120522445
2
392.70117361122016 338.42231120522445
0.25 0.25 0.25 0.25
40.425281743876305
45.0
213.33491778417954 90.04879421814718
2
241.09952575605956 90.04879421814718
0.25 0.25 0.25 0.25
27.764607971880018
45.0
144.8742955303907 199.59376170436582
1
144.8742955303907 237.52391540744117
0.25 0.25 0.25 0.25
37.930153703075355
45.0
119.32232065260251 229.2871929910052
3
114.79832190024376 229.2871929910052
0.25 0.25 0.25 0.25
4.523998752358755
45.0
6.894913723138288 293.7686996894456
1
6.894913723138288 337.2123311244122
0.25 0.25 0.25 0.25
43.44363143496655
45.0
196.33012708358868 13.324141988419342
3
159.80939181613098 13.324141988419342
0.25 0.25 0.25 0.25
36.520735267457695
45.0
