90762
78.69812933121409 462.67087179282134
3
45.369472356103834 462.67087179282134
0.25 0.25 0.25 0.25
33.328656975110256
45.0
357.4696856615544 68.88537459384816
0
357.4696856615544 48.62049949630875
0.25 0.25 0.25 0.25
20.2648750975394
45.0
329.2359860632195 336.4911900827944
3
288.76396243349654 336.4911900827944
0.25 0.25 0.25 0.25
40.47202362972295
45.0
305.4659266792661 324.55091410463183
3
279.77886504939147 324.55091410463183
0.25 0.25 0.25 0.25
25.6870616298746
45.0
11.94195792735231 371.38543920945796
2
0.5580637373745851 371.38543920945796
0.25 0.25 0.25 0.25
12.500021664726896
45.0
152.9701173094472 166.40323758722786
2
194.57997311244947 166.40323758722786
0.25 0.25 0.25 0.25
41.60985580300227
45.0
121.36648530394596 495.8302377775187
1
121.36648530394596 496.3001083648022
0.25 0.25 0.25 0.25
0.4698705872835496
45.0
209.69753840593685 227.82068407072282
3
177.06930546612415 227.82068407072282
0.25 0.25 0.25 0.25
32.628232939812705
45.0
255.02045004731465 264.3564066605119
1
255.02045004731465 268.75396203734107
0.25 0.25 0.25 0.25
4.397555376829204
45.0
483.32538074354784 432.4475407701176
0
483.32538074354784 428.17783450831837
0.25 0.25 0.25 0.25
4.269706261799206
45.0
451.0698896886035 78.77053353994263
2
453.9514334393792 78.77053353994263
0.25 0.25 0.25 0.25
2.881543750775678
45.0
397.14212068503315 116.08958585796151
0
397.14212068503315 114.88822431373664
0.25 0.25 0.25 0.25
1.2013615442248715
45.0
138.3695561785019 324.246347356339
3
128.8700635009074 324.246347356339
0.25 0.25 0.25 0.25
9.499492677594517
45.0
386.7657309450391 355.53917850751463
0
386.7657309450391 335.3636155356404
0.25 0.25 0.25 0.25
20.17556297187425
45.0
196.24978644554145 337.0790587625387
3
148.76117400862327 337.0790587625387
0.25 0.25 0.25 0.25
47.48861243691818
45.0
309.6983196388817 344.08527715321065
1
309.6983196388817 361.6559397602598
0.25 0.25 0.25 0.25
17.570662607049155
45.0
433.30521640750374 110.75809643464095
3
393.8633868549732 110.75809643464095
0.25 0.25 0.25 0.25
39.441829552530514
45.0
492.80444303314687 312.723163173245
1
492.80444303314687 331.79301036302445
0.25 0.25 0.25 0.25
19.069847189779455
45.0
386.97836437971165 199.1534162892003
0
386.97836437971165 185.80219496687243
0.25 0.25 0.25 0.25
13.351221322327866
45.0
30.98226234877753 202.53539598955564
2
15.839842796312453 202.53539598955564
0.25 0.25 0.25 0.25
46.822105145089985
45.0
177.79462818215865 379.92986424598234
1
177.79462818215865 405.1668430247154
0.25 0.25 0.25 0.25
25.236978778733025
45.0
428.4774737158141 248.67942386693085
1
428.4774737158141 296.60184012446575
0.25 0.25 0.25 0.25
47.922416257534906
45.0
339.73680650937945 329.30513392011
0
339.73680650937945 316.75695873821496
0.25 0.25 0.25 0.25
12.548175181895022
45.0
489.7413404475257 241.02568938110016
3
454.0597226258013 241.02568938110016
0.25 0.25 0.25 0.25
35.6816178217244
45.0
128.7540008733249 323.29188646473267
1
128.7540008733249 364.282585917203
0.25 0.25 0.25 0.25
40.99069945247031
45.0
225.70896002440583 322.7349067654632
2
253.86116987673816 322.7349067654632
0.25 0.25 0.25 0.25
28.152209852332327
45.0
463.2475121553847 483.8842735809426
2
466.8455314703695 483.8842735809426
0.25 0.25 0.25 0.25
3.598019314984824
45.0
261.60502607364776 167.5684610885565
3
249.87275773232332 167.5684610885565
0.25 0.25 0.25 0.25
11.732268341324431
45.0
100.67025795595293 378.6338935903186
3
73.97095039190114 378.6338935903186
0.25 0.25 0.25 0.25
26.6993075640518
45.0
87.89110074747083 260.2258510906387
1
87.89110074747083 295.6499703435873
0.25 0.25 0.25 0.25
35.424119252948636
45.0
276.06395781603953 43.97480046437704
1
276.06395781603953 92.14989136466511
0.25 0.25 0.25 0.25
48.17509090028807
45.0
236.86706335415255 261.95530744689745
3
191.0522146630458 261.95530744689745
0.25 0.25 0.25 0.25
45.81484869110676
45.0
427.5003654993351 77.91169559021574
0
427.5003654993351 44.021617694430375
0.25 0.25 0.25 0.25
33.89007789578537
45.0
490.74372216315345 491.57117333367654
3
453.5484675864807 491.57117333367654
0.25 0.25 0.25 0.25
37.195254576672745
45.0
340.8073877610565 2.656958117970362
1
340.8073877610565 34.2484697543961
0.25 0.25 0.25 0.25
36.90542787236646
45.0
331.1066721196037 368.6062855831115
3
307.73806602215865 368.6062855831115
0.25 0.25 0.25 0.25
23.36860609744502
45.0
425.1668571861023 81.73884840226216
0
425.1668571861023 37.79764112065369
0.25 0.25 0.25 0.25
43.94120728160848
45.0
176.73292588682799 311.0857478329197
0
176.73292588682799 278.20755035998843
0.25 0.25 0.25 0.25
32.878197472931255
45.0
485.76731158622727 469.9806296622569
0
485.76731158622727 492.88055052986766
0.25 0.25 0.25 0.25
37.13881980787547
45.0
24.980059110412796 39.176576891019835
0
24.980059110412796 22.256485225702292
0.25 0.25 0.25 0.25
16.920091665317543
45.0
201.73753879148722 41.105334072306064
2
205.55928477378376 41.105334072306064
0.25 0.25 0.25 0.25
3.8217459822965374
45.0
3.7016569385120732 36.35413706574855
1
3.7016569385120732 80.77494638882033
0.25 0.25 0.25 0.25
44.42080932307177
45.0
324.32185418164556 297.9970294613481
1
324.32185418164556 338.42231120522445
0.25 0.25 0.25 0.25
40.425281743876305
45.0
230.8988097659008 437.47875724757324
3
203.13420179402078 437.47875724757324
0.25 0.25 0.25 0.25
27.764607971880018
45.0
286.173398923479 483.1490049509905
0
286.173398923479 445.21885124791515
0.25 0.25 0.25 0.25
37.930153703075355
45.0
55.98633811957998 215.71519673392896
1
55.98633811957998 220.2391954862877
0.25 0.25 0.25 0.25
4.523998752358755
45.0
442.1277050685731 380.65596255937874
0
442.1277050685731 337.2123311244122
0.25 0.25 0.25 0.25
43.44363143496655
45.0
278.43943139336136 351.88321068615755
0
278.43943139336136 315.3624754186999
0.25 0.25 0.25 0.25
36.520735267457695
45.0
