90762
187.93112646966793 37.39927358052463
3
154.60246949455768 37.39927358052463
0.25 0.25 0.25 0.25
33.328656975110256
45.0
5.945688782815289 170.20975008154517
0
5.945688782815289 149.94487498400576
0.25 0.25 0.25 0.25
20.2648750975394
45.0
439.7324629015165 392.00523525221865
1
439.7324629015165 432.4772588819416
0.25 0.25 0.25 0.25
40.47202362972295
45.0
48.59531038052 495.6396544862459
3
22.9082487506454 495.6396544862459
0.25 0.25 0.25 0.25
25.6870616298746
45.0
300.55858369082 378.6141274960043
1
300.55858369082 391.1141491607312
0.25 0.25 0.25 0.25
12.500021664726896
45.0
13.469305902561857 457.7445994578062
2
28.140549900440412 457.7445994578062
0.25 0.25 0.25 0.25
41.60985580300227
45.0
130.2940264623334 496.6518328259447
2
130.76389704961693 496.6518328259447
0.25 0.25 0.25 0.25
0.4698705872835496
45.0
377.6106545106919 64.6795193716593
2
410.23888745050465 64.6795193716593
0.25 0.25 0.25 0.25
32.628232939812705
45.0
338.57400220706927 413.8732894727043
0
338.57400220706927 409.4757340958751
0.25 0.25 0.25 0.25
4.397555376829204
45.0
402.2009617693625 347.053415534133
0
402.2009617693625 342.7837092723338
0.25 0.25 0.25 0.25
4.269706261799206
45.0
488.4176915451073 19.201953986430397
2
491.29923529588297 19.201953986430397
0.25 0.25 0.25 0.25
2.881543750775678
45.0
423.5720746579805 117.29094740218638
0
423.5720746579805 116.08958585796151
0.25 0.25 0.25 0.25
1.2013615442248715
45.0
147.8690488560964 485.7637990917709
3
138.3695561785019 485.7637990917709
0.25 0.25 0.25 0.25
9.499492677594517
45.0
427.11685688878754 344.1417641293525
0
427.11685688878754 323.9662011574783
0.25 0.25 0.25 0.25
20.17556297187425
45.0
421.10217523439485 46.66910649159319
3
373.6135627974767 46.66910649159319
0.25 0.25 0.25 0.25
47.48861243691818
45.0
374.0297534342337 10.242687619276825
3
356.4590908271846 10.242687619276825
0.25 0.25 0.25 0.25
17.570662607049155
45.0
330.04380627731314 17.920176142842834
2
369.48563582984366 17.920176142842834
0.25 0.25 0.25 0.25
39.441829552530514
45.0
401.1444199596443 477.5085177391809
2
420.2142671494238 477.5085177391809
0.25 0.25 0.25 0.25
19.069847189779455
45.0
119.95393793315418 239.20708025618387
1
119.95393793315418 252.55830157851173
0.25 0.25 0.25 0.25
13.351221322327866
45.0
109.4840530864924 48.31092168900451
2
156.30615823158237 48.31092168900451
0.25 0.25 0.25 0.25
46.822105145089985
45.0
294.50037092650257 86.5652700505072
1
294.50037092650257 111.80224882924023
0.25 0.25 0.25 0.25
25.236978778733025
45.0
297.4517077596754 134.6999061933484
1
297.4517077596754 182.6223224508833
0.25 0.25 0.25 0.25
47.922416257534906
45.0
164.062353962849 84.78464708242586
1
164.062353962849 97.33282226432088
0.25 0.25 0.25 0.25
12.548175181895022
45.0
332.7652714355694 241.02568938110016
3
297.083653613845 241.02568938110016
0.25 0.25 0.25 0.25
35.6816178217244
45.0
292.7167986832062 242.03363269880612
2
333.70749813567653 242.03363269880612
0.25 0.25 0.25 0.25
40.99069945247031
45.0
112.11755820358212 13.060598389807616
2
140.26976805591445 13.060598389807616
0.25 0.25 0.25 0.25
28.152209852332327
45.0
324.4693482605115 408.1751469695131
2
328.0673675754963 408.1751469695131
0.25 0.25 0.25 0.25
3.598019314984824
45.0
242.88251260330293 214.49753445385426
3
231.1502442619785 214.49753445385426
0.25 0.25 0.25 0.25
11.732268341324431
45.0
166.32281768456505 191.73874064195596
1
166.32281768456505 218.43804820600775
0.25 0.25 0.25 0.25
26.6993075640518
45.0
230.92597252906688 23.167102932950385
1
230.92597252906688 58.59122218589902
0.25 0.25 0.25 0.25
35.424119252948636
45.0
492.1181392292907 92.14989136466511
1
492.1181392292907 140.32498226495318
0.25 0.25 0.25 0.25
48.17509090028807
45.0
83.83687748359478 5.007113495394378
2
129.65172617470154 5.007113495394378
0.25 0.25 0.25 0.25
45.81484869110676
45.0
267.48893343859686 416.8124745480693
3
233.5988555428115 416.8124745480693
0.25 0.25 0.25 0.25
33.89007789578537
45.0
304.7674492797896 375.713536033494
2
341.9627038564624 375.713536033494
0.25 0.25 0.25 0.25
37.195254576672745
45.0
119.37482052685777 153.83211705354213
3
82.46939265449132 153.83211705354213
0.25 0.25 0.25 0.25
36.90542787236646
45.0
284.3694599247136 280.8646229552132
2
307.73806602215865 280.8646229552132
0.25 0.25 0.25 0.25
23.36860609744502
45.0
36.89088795760129 27.149873643658857
2
80.83209523920976 27.149873643658857
0.25 0.25 0.25 0.25
43.94120728160848
45.0
426.10442985821595 261.4976850189737
2
458.9826273311472 261.4976850189737
0.25 0.25 0.25 0.25
32.878197472931255
45.0
31.428030911391637 272.7957664952525
2
68.56685071926711 272.7957664952525
0.25 0.25 0.25 0.25
37.13881980787547
45.0
450.49709926474304 411.418593528006
1
450.49709926474304 428.33868519332356
0.25 0.25 0.25 0.25
16.920091665317543
45.0
228.48976066756296 33.46184210771299
0
228.48976066756296 29.640096125416452
0.25 0.25 0.25 0.25
3.8217459822965374
45.0
85.13996170763147 392.78419211209325
1
85.13996170763147 437.205001435165
0.25 0.25 0.25 0.25
44.42080932307177
45.0
382.06913001431235 176.4743078682597
0
382.06913001431235 136.0490261243834
0.25 0.25 0.25 0.25
40.425281743876305
45.0
203.60831480633993 381.9495413038132
2
231.37292277821996 381.9495413038132
0.25 0.25 0.25 0.25
27.764607971880018
45.0
410.3853714519182 52.10131049712077
1
410.3853714519182 90.03146420019613
0.25 0.25 0.25 0.25
37.930153703075355
45.0
48.065633184671384 188.57120421977646
3
43.54163443231263 188.57120421977646
0.25 0.25 0.25 0.25
4.523998752358755
45.0
38.141671703366725 424.0995939943453
0
38.141671703366725 380.65596255937874
0.25 0.25 0.25 0.25
43.44363143496655
45.0
219.3381086370885 59.71732854649605
2
255.8588439045462 59.71732854649605
0.25 0.25 0.25 0.25
36.520735267457695
45.0
