90762
254.58844041988843 370.68584333162727
0
254.58844041988843 337.357186356517
0.25 0.25 0.25 0.25
33.328656975110256
45.0
377.7345607590938 190.47462517908463
0
377.7345607590938 170.20975008154522
0.25 0.25 0.25 0.25
20.2648750975394
45.0
438.85146620931454 238.67630067977333
1
438.85146620931454 279.1483243094963
0.25 0.25 0.25 0.25
40.47202362972295
45.0
200.9222765946581 236.97363462238994
3
175.2352149647835 236.97363462238994
0.25 0.25 0.25 0.25
25.6870616298746
45.0
225.55845370245868 121.3850059149202
3
213.0584320377318 121.3850059149202
0.25 0.25 0.25 0.25
12.500021664726896
45.0
155.6970387653379 374.45251660223926
0
155.6970387653379 332.84266079923697
0.25 0.25 0.25 0.25
41.60985580300227
45.0
124.65557941493083 476.0956731116101
0
124.65557941493083 475.62580252432656
0.25 0.25 0.25 0.25
0.4698705872835496
45.0
475.4953533301301 228.97457708665505
3
442.8671203903174 228.97457708665505
0.25 0.25 0.25 0.25
32.628232939812705
45.0
153.87667638024266 25.88224821021594
1
153.87667638024266 30.279803587045144
0.25 0.25 0.25 0.25
4.397555376829204
45.0
491.0563816856568 486.42804025569706
1
491.0563816856568 490.6977465174963
0.25 0.25 0.25 0.25
4.269706261799206
45.0
387.6759271715386 168.09838981398863
3
384.7943834207629 168.09838981398863
0.25 0.25 0.25 0.25
2.881543750775678
45.0
363.5039974467365 165.34540917118147
2
364.7053589909614 165.34540917118147
0.25 0.25 0.25 0.25
1.2013615442248715
45.0
242.86397563204144 238.77698947431384
0
242.86397563204144 229.27749679671933
0.25 0.25 0.25 0.25
9.499492677594517
45.0
467.467982832536 229.55214767683862
2
487.6435458044102 229.55214767683862
0.25 0.25 0.25 0.25
20.17556297187425
45.0
433.6928486301324 188.03481686827956
2
481.1814610670506 188.03481686827956
0.25 0.25 0.25 0.25
47.48861243691818
45.0
116.42103096134109 133.23732586862093
2
133.99169356839025 133.23732586862093
0.25 0.25 0.25 0.25
17.570662607049155
45.0
211.71831761972157 47.00922177548103
3
172.27648806719105 47.00922177548103
0.25 0.25 0.25 0.25
39.441829552530514
45.0
68.58907160192547 420.2989761698425
2
87.65891879170492 420.2989761698425
0.25 0.25 0.25 0.25
19.069847189779455
45.0
265.88988123976327 372.7192934794627
2
279.24110256209116 372.7192934794627
0.25 0.25 0.25 0.25
13.351221322327866
45.0
325.26541445818714 202.1277583631441
2
372.08751960327714 202.1277583631441
0.25 0.25 0.25 0.25
46.822105145089985
45.0
276.4709898350359 244.26581920299589
2
301.7079686137689 244.26581920299589
0.25 0.25 0.25 0.25
25.236978778733025
45.0
92.29836370883686 159.20533276009405
0
92.29836370883686 111.28291650255915
0.25 0.25 0.25 0.25
47.922416257534906
45.0
302.09228096369435 419.73136244198935
3
289.5441057817993 419.73136244198935
0.25 0.25 0.25 0.25
12.548175181895022
45.0
188.20939816523776 97.38451710248556
2
223.89101598696215 97.38451710248556
0.25 0.25 0.25 0.25
35.6816178217244
45.0
235.5028860900236 241.31048755979202
3
194.51218663755327 241.31048755979202
0.25 0.25 0.25 0.25
40.99069945247031
45.0
436.4645217476065 463.49595602712475
3
408.3123118952742 463.49595602712475
0.25 0.25 0.25 0.25
28.152209852332327
45.0
380.49306791073406 455.1001190610641
2
384.09108722571887 455.1001190610641
0.25 0.25 0.25 0.25
3.598019314984824
45.0
355.4631728042431 163.69224345595148
1
355.4631728042431 175.42451179727593
0.25 0.25 0.25 0.25
11.732268341324431
45.0
139.62351012051326 470.8574364125572
3
112.92420255646147 470.8574364125572
0.25 0.25 0.25 0.25
26.6993075640518
45.0
17.04286224157356 445.4711082728201
2
52.466981494522194 445.4711082728201
0.25 0.25 0.25 0.25
35.424119252948636
45.0
360.7372307105662 236.67516406552932
2
408.9123216108543 236.67516406552932
0.25 0.25 0.25 0.25
48.17509090028807
45.0
267.0962722480218 429.36135980262685
2
312.9111209391286 429.36135980262685
0.25 0.25 0.25 0.25
45.81484869110676
45.0
318.5667523566069 24.243942245804448
2
352.45683025239225 24.243942245804448
0.25 0.25 0.25 0.25
33.89007789578537
45.0
211.69424122346447 495.84304690384084
3
174.49898664679174 495.84304690384084
0.25 0.25 0.25 0.25
37.195254576672745
45.0
222.98420925174528 76.46781386270328
0
222.98420925174528 39.56238599033682
0.25 0.25 0.25 0.25
36.90542787236646
45.0
299.8456925114119 444.4448656373283
0
299.8456925114119 421.07625953988327
0.25 0.25 0.25 0.25
23.36860609744502
45.0
388.42054621046907 224.21023772408242
3
344.4793389288606 224.21023772408242
0.25 0.25 0.25 0.25
43.94120728160848
45.0
362.97230949213423 50.57442436932407
1
362.97230949213423 83.45262184225533
0.25 0.25 0.25 0.25
32.878197472931255
45.0
408.7415371578388 172.8700711992532
0
408.7415371578388 135.73125139137773
0.25 0.25 0.25 0.25
37.13881980787547
45.0
42.70030755085733 214.62479808874338
2
59.620399216174874 214.62479808874338
0.25 0.25 0.25 0.25
16.920091665317543
45.0
152.05484102163228 56.3923180014922
2
155.87658700392882 56.3923180014922
0.25 0.25 0.25 0.25
3.8217459822965374
45.0
196.72377524619623 413.39922608097334
3
152.30296592312445 413.39922608097334
0.25 0.25 0.25 0.25
44.42080932307177
45.0
39.50568151324119 106.50266433887441
2
79.9309632571175 106.50266433887441
0.25 0.25 0.25 0.25
40.425281743876305
45.0
481.25439452514024 173.3426181337873
0
481.25439452514024 145.5780101619073
0.25 0.25 0.25 0.25
27.764607971880018
45.0
172.38293781425295 47.87314689206439
0
172.38293781425295 9.942993188989036
0.25 0.25 0.25 0.25
37.930153703075355
45.0
209.80229569977752 274.5271805145927
3
205.27829694741877 274.5271805145927
0.25 0.25 0.25 0.25
4.523998752358755
45.0
340.65413775659414 9.540243359551013
3
297.2105063216276 9.540243359551013
0.25 0.25 0.25 0.25
43.44363143496655
45.0
59.31501978861519 437.63281741926903
0
59.31501978861519 401.11208215181136
0.25 0.25 0.25 0.25
36.520735267457695
45.0
