90762
178.82439100323697 470.8121050036501
3
145.49573402812672 470.8121050036501
0.25 0.25 0.25 0.25
33.328656975110256
45.0
460.14643846059096 485.287373260285
0
460.14643846059096 465.0224981627456
0.25 0.25 0.25 0.25
20.2648750975394
45.0
34.13122991208504 105.45963904753074
2
6.340793717637908 105.45963904753074
0.25 0.25 0.25 0.25
40.47202362972295
45.0
125.65649527014378 497.43505805135555
3
99.96943364026919 497.43505805135555
0.25 0.25 0.25 0.25
25.6870616298746
45.0
50.55815039628218 453.6142574843656
1
50.55815039628218 466.1142791490925
0.25 0.25 0.25 0.25
12.500021664726896
45.0
306.10175725152317 332.9150320487994
3
264.4919014485209 332.9150320487994
0.25 0.25 0.25 0.25
41.60985580300227
45.0
120.42674412937886 488.6640328421246
3
119.95687354209531 488.6640328421246
0.25 0.25 0.25 0.25
0.4698705872835496
45.0
67.70938551249179 162.5642181910974
0
67.70938551249179 129.9359852512847
0.25 0.25 0.25 0.25
32.628232939812705
45.0
391.34466672901954 308.33196042880377
2
395.7422221058487 308.33196042880377
0.25 0.25 0.25 0.25
4.397555376829204
45.0
355.234192889571 496.49313469710603
2
359.5038991513702 496.49313469710603
0.25 0.25 0.25 0.25
4.269706261799206
45.0
474.0099727912289 18.25811477365341
3
471.1284290404532 18.25811477365341
0.25 0.25 0.25 0.25
2.881543750775678
45.0
422.37071311375564 125.70047821176044
2
423.5720746579805 125.70047821176044
0.25 0.25 0.25 0.25
1.2013615442248715
45.0
119.37057082331289 333.7458400339335
0
119.37057082331289 324.246347356339
0.25 0.25 0.25 0.25
9.499492677594517
45.0
3.4300344794284 151.4691615737916
2
23.60559745130265 151.4691615737916
0.25 0.25 0.25 0.25
20.17556297187425
45.0
373.6135627974767 43.92996766687494
3
326.1249503605585 43.92996766687494
0.25 0.25 0.25 0.25
47.48861243691818
45.0
467.834283102324 344.08527715321065
2
485.4049457093731 344.08527715321065
0.25 0.25 0.25 0.25
17.570662607049155
45.0
448.3692949349047 294.01298301055647
3
408.9274653823742 294.01298301055647
0.25 0.25 0.25 0.25
39.441829552530514
45.0
11.379530032587162 87.7436278121237
1
11.379530032587162 106.81347500190316
0.25 0.25 0.25 0.25
19.069847189779455
45.0
13.558275290124456 214.73444470296346
3
0.2070539677965897 214.73444470296346
0.25 0.25 0.25 0.25
13.351221322327866
45.0
219.86405532978242 125.21934002607435
0
219.86405532978242 78.39723488098437
0.25 0.25 0.25 0.25
46.822105145089985
45.0
127.32067062469264 493.8852418603525
0
127.32067062469264 468.64826308161946
0.25 0.25 0.25 0.25
25.236978778733025
45.0
127.47929714990573 44.24827602032519
2
175.40171340744064 44.24827602032519
0.25 0.25 0.25 0.25
47.922416257534906
45.0
350.4128284948471 22.043771172950795
0
350.4128284948471 9.495595991055772
0.25 0.25 0.25 0.25
12.548175181895022
45.0
416.5487028206428 10.575037354404685
2
452.2303206423672 10.575037354404685
0.25 0.25 0.25 0.25
35.6816178217244
45.0
51.43201007726864 299.38973335435367
0
51.43201007726864 258.39903390188334
0.25 0.25 0.25 0.25
40.99069945247031
45.0
493.7515038637654 480.19962426821064
0
493.7515038637654 491.64816587945705
0.25 0.25 0.25 0.25
28.152209852332327
45.0
306.4792516855874 454.94939806431563
1
306.4792516855874 458.54741737930044
0.25 0.25 0.25 0.25
3.598019314984824
45.0
242.88251260330293 73.71031435796104
2
254.61478094462737 73.71031435796104
0.25 0.25 0.25 0.25
11.732268341324431
45.0
100.67025795595293 31.542895257645185
1
100.67025795595293 58.242202821696985
0.25 0.25 0.25 0.25
26.6993075640518
45.0
414.8328349414468 260.2258510906387
2
450.2569541943954 260.2258510906387
0.25 0.25 0.25 0.25
35.424119252948636
45.0
118.3943209330356 273.17334605976794
1
118.3943209330356 321.348436960056
0.25 0.25 0.25 0.25
48.17509090028807
45.0
282.6819120452593 88.71013967325916
0
282.6819120452593 42.8952909821524
0.25 0.25 0.25 0.25
45.81484869110676
45.0
359.7202097077644 399.6247335258446
2
393.61028760354975 399.6247335258446
0.25 0.25 0.25 0.25
33.89007789578537
45.0
271.84406827328115 359.6478083596324
1
271.84406827328115 396.84306293630516
0.25 0.25 0.25 0.25
37.195254576672745
45.0
253.23290564291275 485.9809679048401
0
253.23290564291275 477.11360422279347
0.25 0.25 0.25 0.25
36.90542787236646
45.0
8.796248945509408 69.66446850646213
0
8.796248945509408 46.295862409017104
0.25 0.25 0.25 0.25
23.36860609744502
45.0
191.36018213004564 27.149873643658914
2
235.30138941165413 27.149873643658914
0.25 0.25 0.25 0.25
43.94120728160848
45.0
442.38278025005894 475.4767351975761
0
442.38278025005894 491.64506732949263
0.25 0.25 0.25 0.25
32.878197472931255
45.0
339.96016716736307 93.09616195822716
0
339.96016716736307 55.95734215035168
0.25 0.25 0.25 0.25
37.13881980787547
45.0
129.01535762370946 225.29758520951287
1
129.01535762370946 242.21767687483043
0.25 0.25 0.25 0.25
16.920091665317543
45.0
266.7072204905283 27.68609360903161
0
266.7072204905283 23.86434762673507
0.25 0.25 0.25 0.25
3.8217459822965374
45.0
173.98158035377503 51.42390111862441
3
129.56077103070325 51.42390111862441
0.25 0.25 0.25 0.25
44.42080932307177
45.0
179.94272129493078 480.96224363066904
3
139.51743955105448 480.96224363066904
0.25 0.25 0.25 0.25
40.425281743876305
45.0
175.8437068344599 257.1105550617465
2
203.60831480633993 257.1105550617465
0.25 0.25 0.25 0.25
27.764607971880018
45.0
79.31213438723375 341.0162302536736
1
79.31213438723375 378.94638395674895
0.25 0.25 0.25 0.25
37.930153703075355
45.0
79.73362445118266 238.3351904957227
2
84.25762320354141 238.3351904957227
0.25 0.25 0.25 0.25
4.523998752358755
45.0
428.3378776222965 357.88577183505276
0
428.3378776222965 314.4421404000862
0.25 0.25 0.25 0.25
43.44363143496655
45.0
292.3795791720039 301.42232764005735
2
328.90031443946157 301.42232764005735
0.25 0.25 0.25 0.25
36.520735267457695
45.0
