90762
145.3554432814346 495.9995287679316
0
145.3554432814346 470.6718142569581
0.25 0.25 0.25 0.25
33.328656975110256
45.0
499.32381134433024 109.41512478892696
3
480.41131355813036 109.41512478892696
0.25 0.25 0.25 0.25
20.2648750975394
45.0
207.81991517405066 336.4911900827944
2
248.2919388037736 336.4911900827944
0.25 0.25 0.25 0.25
40.47202362972295
45.0
254.09180341951688 298.8638524747572
3
228.4047417896423 298.8638524747572
0.25 0.25 0.25 0.25
25.6870616298746
45.0
61.94204458625989 358.88541754473107
2
74.44206625098678 358.88541754473107
0.25 0.25 0.25 0.25
12.500021664726896
45.0
485.84896373346544 208.01309339023013
3
472.5411804635323 208.01309339023013
0.25 0.25 0.25 0.25
41.60985580300227
45.0
123.71583824036372 498.6494613012199
0
123.71583824036372 498.17959071393636
0.25 0.25 0.25 0.25
0.4698705872835496
45.0
51.328325112564784 129.9359852512847
1
51.328325112564784 162.5642181910974
0.25 0.25 0.25 0.25
32.628232939812705
45.0
268.21311617780225 264.3564066605119
3
263.81556080097306 264.3564066605119
0.25 0.25 0.25 0.25
4.397555376829204
45.0
479.0556744817486 432.4475407701176
1
479.0556744817486 436.7172470319168
0.25 0.25 0.25 0.25
4.269706261799206
45.0
459.7145209409305 84.53362104149399
1
459.7145209409305 87.41516479226966
0.25 0.25 0.25 0.25
2.881543750775678
45.0
397.14212068503315 112.48550122528691
2
398.34348222925803 112.48550122528691
0.25 0.25 0.25 0.25
1.2013615442248715
45.0
119.37057082331289 333.7458400339335
3
109.87107814571837 333.7458400339335
0.25 0.25 0.25 0.25
9.499492677594517
45.0
285.88791608566794 315.1880525637662
1
285.88791608566794 335.3636155356404
0.25 0.25 0.25 0.25
20.17556297187425
45.0
136.1705006128858 147.124609014866
1
136.1705006128858 194.61322145178417
0.25 0.25 0.25 0.25
47.48861243691818
45.0
309.6983196388817 291.3732893320632
2
327.26898224593083 291.3732893320632
0.25 0.25 0.25 0.25
17.570662607049155
45.0
39.99673822286247 307.96724419729355
0
39.99673822286247 268.52541464476303
0.25 0.25 0.25 0.25
39.441829552530514
45.0
392.77647382817634 408.0723991221423
3
373.70662663839687 408.0723991221423
0.25 0.25 0.25 0.25
19.069847189779455
45.0
413.6808070243674 159.09975232221672
3
400.32958570203954 159.09975232221672
0.25 0.25 0.25 0.25
13.351221322327866
45.0
109.48405308649242 389.8238165699156
2
156.3061582315824 389.8238165699156
0.25 0.25 0.25 0.25
46.822105145089985
45.0
76.84671306722652 203.27101279485112
0
76.84671306722652 178.03403401611808
0.25 0.25 0.25 0.25
25.236978778733025
45.0
427.7552775115812 56.989758836791225
2
475.6776937691161 56.989758836791225
0.25 0.25 0.25 0.25
47.922416257534906
45.0
327.1886313274844 354.40148428390006
1
327.1886313274844 366.9496594657951
0.25 0.25 0.25 0.25
12.548175181895022
45.0
474.5770417307499 241.02568938110016
3
438.8954239090255 241.02568938110016
0.25 0.25 0.25 0.25
35.6816178217244
45.0
76.19949638902662 430.7639168204454
2
117.19019584149693 430.7639168204454
0.25 0.25 0.25 0.25
40.99069945247031
45.0
84.94791076274416 266.4304870607986
0
84.94791076274416 238.27827720846628
0.25 0.25 0.25 0.25
28.152209852332327
45.0
484.83562804529356 490.92959121416374
0
484.83562804529356 487.3315718991789
0.25 0.25 0.25 0.25
3.598019314984824
45.0
273.3372944149722 97.17485104060988
3
261.60502607364776 97.17485104060988
0.25 0.25 0.25 0.25
11.732268341324431
45.0
73.97095039190114 432.03250871842226
3
47.27164282784934 432.03250871842226
0.25 0.25 0.25 0.25
26.6993075640518
45.0
300.4358162651626 153.95349333179277
1
300.4358162651626 189.3776125847414
0.25 0.25 0.25 0.25
35.424119252948636
45.0
227.88886691575146 377.92410873216613
3
179.7137760154634 377.92410873216613
0.25 0.25 0.25 0.25
48.17509090028807
45.0
83.83687748359478 463.155600406462
2
129.65172617470154 463.155600406462
0.25 0.25 0.25 0.25
45.81484869110676
45.0
190.26982022883766 57.64861599292573
0
190.26982022883766 23.75853809714036
0.25 0.25 0.25 0.25
33.89007789578537
45.0
286.08475037680995 396.84306293630516
1
286.08475037680995 434.0383175129779
0.25 0.25 0.25 0.25
37.195254576672745
45.0
340.8073877610565 181.87018124386194
2
377.7128156334229 181.87018124386194
0.25 0.25 0.25 0.25
36.90542787236646
45.0
261.0008538272686 228.39464899844137
0
261.0008538272686 205.02604290099634
0.25 0.25 0.25 0.25
23.36860609744502
45.0
486.95072825068075 313.73201713221414
1
486.95072825068075 357.6732244138226
0.25 0.25 0.25 0.25
43.94120728160848
45.0
209.61112335975923 294.375882491905
2
242.48932083269048 294.375882491905
0.25 0.25 0.25 0.25
32.878197472931255
45.0
188.6567531232236 210.00889100712868
0
188.6567531232236 172.8700711992532
0.25 0.25 0.25 0.25
37.13881980787547
45.0
25.780215885539832 208.37749354419532
0
25.780215885539832 191.45740187887776
0.25 0.25 0.25 0.25
16.920091665317543
45.0
213.20277673837683 2.8878742493406904
3
209.3810307560803 2.8878742493406904
0.25 0.25 0.25 0.25
3.8217459822965374
45.0
440.5064362922056 8.06667225732322
1
440.5064362922056 52.48748158039499
0.25 0.25 0.25 0.25
44.42080932307177
45.0
473.5517370989728 378.8475929491008
3
486.02298115715087 378.8475929491008
0.25 0.25 0.25 0.25
40.425281743876305
45.0
203.13420179402078 493.0079731913333
0
203.13420179402078 479.2274188367867
0.25 0.25 0.25 0.25
27.764607971880018
45.0
437.8940137357804 251.33991912748206
0
437.8940137357804 213.40976542440671
0.25 0.25 0.25 0.25
37.930153703075355
45.0
28.842345605427443 193.0952029721352
3
24.31834685306869 193.0952029721352
0.25 0.25 0.25 0.25
4.523998752358755
45.0
253.76687488666101 467.54322542931186
2
297.2105063216276 467.54322542931186
0.25 0.25 0.25 0.25
43.44363143496655
45.0
132.35649032353055 169.27953434886913
2
168.87722559098825 169.27953434886913
0.25 0.25 0.25 0.25
36.520735267457695
45.0
