90762
454.56038227055006 37.25898283383259
3
421.2317252954398 37.25898283383259
0.25 0.25 0.25 0.25
33.328656975110256
45.0
480.41131355813036 32.439000893848785
0
480.41131355813036 12.174125796309387
0.25 0.25 0.25 0.25
20.2648750975394
45.0
207.81991517405058 478.0195339121659
2
248.29193880377352 478.0195339121659
0.25 0.25 0.25 0.25
40.47202362972295
45.0
483.4799545232788 148.332289825729
3
457.7928928934042 148.332289825729
0.25 0.25 0.25 0.25
25.6870616298746
45.0
299.4407230379196 371.38543920945796
1
299.4407230379196 383.88546087418484
0.25 0.25 0.25 0.25
12.500021664726896
45.0
10.742384446671153 41.5736701782211
2
52.35224024967342 41.5736701782211
0.25 0.25 0.25 0.25
41.60985580300227
45.0
135.4626029224523 466.2283907786558
0
135.4626029224523 465.75852019137227
0.25 0.25 0.25 0.25
0.4698705872835496
45.0
296.10701609118075 392.1157417857187
1
296.10701609118075 424.7439747255314
0.25 0.25 0.25 0.25
32.628232939812705
45.0
184.65956401804718 92.85174696417255
3
180.26200864121796 92.85174696417255
0.25 0.25 0.25 0.25
4.397555376829204
45.0
461.1684378530622 448.000683899504
2
465.4381441148614 448.000683899504
0.25 0.25 0.25 0.25
4.269706261799206
45.0
462.5960646917062 93.17825229382103
1
462.5960646917062 96.05979604459671
0.25 0.25 0.25 0.25
2.881543750775678
45.0
368.309443623636 186.96991696722932
2
369.5108051678609 186.96991696722932
0.25 0.25 0.25 0.25
1.2013615442248715
45.0
138.3695561785019 172.2805407311523
3
128.8700635009074 172.2805407311523
0.25 0.25 0.25 0.25
9.499492677594517
45.0
431.65420230809286 23.95202236381455
3
411.47863933621863 23.95202236381455
0.25 0.25 0.25 0.25
20.17556297187425
45.0
328.8640891852767 144.38547019014777
2
376.3527016221949 144.38547019014777
0.25 0.25 0.25 0.25
47.48861243691818
45.0
217.42155857259283 95.18128802301814
0
217.42155857259283 77.61062541596898
0.25 0.25 0.25 0.25
17.570662607049155
45.0
458.7927847732972 386.8509033023547
1
458.7927847732972 426.29273285488523
0.25 0.25 0.25 0.25
39.441829552530514
45.0
83.96970591631016 122.02469127545034
0
83.96970591631016 102.95484408567089
0.25 0.25 0.25 0.25
19.069847189779455
45.0
467.085692313679 185.80219496687243
1
467.085692313679 199.1534162892003
0.25 0.25 0.25 0.25
13.351221322327866
45.0
261.707517359987 202.5353959895556
3
214.885412214897 202.5353959895556
0.25 0.25 0.25 0.25
46.822105145089985
45.0
84.05431075449287 109.05188369926651
1
84.05431075449287 134.28886247799954
0.25 0.25 0.25 0.25
25.236978778733025
45.0
283.9880287389765 32.48433227004557
2
331.9104449965114 32.48433227004557
0.25 0.25 0.25 0.25
47.922416257534906
45.0
151.51417878095396 469.9240631695695
3
138.96600359905892 469.9240631695695
0.25 0.25 0.25 0.25
12.548175181895022
45.0
223.89101598696215 275.7926062111075
1
223.89101598696215 311.4742240328319
0.25 0.25 0.25 0.25
35.6816178217244
45.0
260.2703724017816 373.55000422726266
3
219.27967294931125 373.55000422726266
0.25 0.25 0.25 0.25
40.99069945247031
45.0
182.88409500370463 26.540153073771137
1
182.88409500370463 54.69236292610346
0.25 0.25 0.25 0.25
28.152209852332327
45.0
279.74852709115936 469.49219632100335
0
279.74852709115936 465.89417700601854
0.25 0.25 0.25 0.25
3.598019314984824
45.0
8.237145776814263 316.2117318931691
0
8.237145776814263 304.4794635518447
0.25 0.25 0.25 0.25
11.732268341324431
45.0
367.66333359647103 288.84879551097646
3
340.9640260324192 288.84879551097646
0.25 0.25 0.25 0.25
26.6993075640518
45.0
414.8328349414468 440.13187305089565
2
450.2569541943954 440.13187305089565
0.25 0.25 0.25 0.25
35.424119252948636
45.0
458.23931459433095 152.00189117100263
0
458.23931459433095 103.82680027071456
0.25 0.25 0.25 0.25
48.17509090028807
45.0
145.23736597193903 307.7701561380041
3
99.42251728083227 307.7701561380041
0.25 0.25 0.25 0.25
45.81484869110676
45.0
376.42254658132504 329.2546433078727
0
376.42254658132504 295.36456541208736
0.25 0.25 0.25 0.25
33.89007789578537
45.0
211.69424122346447 90.96712013060485
3
174.49898664679174 90.96712013060485
0.25 0.25 0.25 0.25
37.195254576672745
45.0
152.72680095311833 296.1399123070672
2
189.6322288254848 296.1399123070672
0.25 0.25 0.25 0.25
36.90542787236646
45.0
279.51939773457764 228.39464899844137
2
302.88800383202266 228.39464899844137
0.25 0.25 0.25 0.25
23.36860609744502
45.0
421.71398601508275 215.20183509200237
1
421.71398601508275 259.14304237361085
0.25 0.25 0.25 0.25
43.94120728160848
45.0
461.60690191092806 412.234596571568
2
494.48509938385934 412.234596571568
0.25 0.25 0.25 0.25
32.878197472931255
45.0
148.34075996029318 344.32527129836586
3
111.2019401524177 344.32527129836586
0.25 0.25 0.25 0.25
37.13881980787547
45.0
261.86134242485855 11.583698104932793
1
261.86134242485855 5.336393560384749
0.25 0.25 0.25 0.25
16.920091665317543
45.0
190.27230084459762 94.60977782445755
0
190.27230084459762 90.78803184216102
0.25 0.25 0.25 0.25
3.8217459822965374
45.0
403.48894084615796 476.0805408422326
3
359.0681315230862 476.0805408422326
0.25 0.25 0.25 0.25
44.42080932307177
45.0
313.68981058473776 55.1984626366308
0
313.68981058473776 14.773180892754496
0.25 0.25 0.25 0.25
40.425281743876305
45.0
102.27648589665938 243.60061445673216
1
102.27648589665938 271.3652224286122
0.25 0.25 0.25 0.25
27.764607971880018
45.0
210.3130915173283 389.24453021974256
3
172.38293781425295 389.24453021974256
0.25 0.25 0.25 0.25
37.930153703075355
45.0
191.70630069034252 129.7592204391127
3
187.18230193798377 129.7592204391127
0.25 0.25 0.25 0.25
4.523998752358755
45.0
224.9095478937403 121.58712794111786
3
181.46591645877373 121.58712794111786
0.25 0.25 0.25 0.25
43.44363143496655
45.0
429.3946864669773 197.15982990615424
0
429.3946864669773 160.63909463869655
0.25 0.25 0.25 0.25
36.520735267457695
45.0
