26238
335.69562035702313 465.2633597592785
0
335.69562035702313 373.3842421072686
0.25 0.25 0.25 0.25
161.35239813345294
45.0
79.42847607772137 218.12940043571552
1
79.42847607772137 377.2517480902992
0.25 0.25 0.25 0.25
159.12234765458368
45.0
192.71594543436666 117.16124819868244
1
192.71594543436666 289.4963602153156
0.25 0.25 0.25 0.25
172.33511201663313
45.0
375.94891042269825 31.38332224573537
3
343.3412049072051 31.38332224573537
0.25 0.25 0.25 0.25
32.60770551549314
45.0
416.53269641766906 84.39724148541427
3
396.56832660057063 84.39724148541427
0.25 0.25 0.25 0.25
19.964369817098426
45.0
127.76405573868698 471.4249454516501
3
110.27967275115132 471.4249454516501
0.25 0.25 0.25 0.25
17.484382987535657
45.0
449.3459301132589 166.8020924175849
1
449.3459301132589 181.93959293934597
0.25 0.25 0.25 0.25
15.137500521761066
45.0
115.51394080578602 79.0412710284659
0
115.51394080578602 54.224859108443994
0.25 0.25 0.25 0.25
24.816411920021906
45.0
124.04709814038694 14.951745251939165
1
124.04709814038694 49.30795649968056
0.25 0.25 0.25 0.25
34.35621124774139
45.0
462.6023188446287 193.065685888751
3
496.7222783869838 193.065685888751
0.25 0.25 0.25 0.25
40.67540276838744
45.0
112.13301190266337 28.055191348200122
1
112.13301190266337 0.8862878338016245
0.25 0.25 0.25 0.25
28.941479182001746
45.0
33.88713461205191 165.43673014345106
2
45.051526287129136 165.43673014345106
0.25 0.25 0.25 0.25
11.164391675077223
45.0
127.15559845660812 28.298489889539184
1
127.15559845660812 60.57433687703531
0.25 0.25 0.25 0.25
32.275846987496124
45.0
259.6001542698575 216.81083636353583
1
259.6001542698575 250.94997249693355
0.25 0.25 0.25 0.25
34.13913613339772
45.0
22.527578843246182 495.63137749077174
3
10.797228439787576 495.63137749077174
0.25 0.25 0.25 0.25
11.730350403458607
45.0
446.28610233207235 263.39101318087785
3
400.9973666226356 263.39101318087785
0.25 0.25 0.25 0.25
45.28873570943678
45.0
221.88232668407625 491.6664561829313
0
221.88232668407625 464.1073985115122
0.25 0.25 0.25 0.25
27.55905767141909
45.0
23.731737605624893 489.6407338037022
2
28.862002451316467 489.6407338037022
0.25 0.25 0.25 0.25
5.130264845691573
45.0
98.62600044375571 176.86220931865458
2
135.08082430031084 176.86220931865458
0.25 0.25 0.25 0.25
36.454823856555116
45.0
498.0391153567413 102.82705506814646
1
498.0391153567413 113.53719838044564
0.25 0.25 0.25 0.25
10.710143312299175
45.0
164.9609811687734 403.12123089410744
0
164.9609811687734 380.1727692710663
0.25 0.25 0.25 0.25
22.948461623041155
45.0
449.1835599783297 193.22275315427044
3
433.5712040548389 193.22275315427044
0.25 0.25 0.25 0.25
15.612355923490778
45.0
44.826658114662735 280.42675411428206
0
44.826658114662735 235.5340477339272
0.25 0.25 0.25 0.25
44.892706380354866
45.0
195.7027448989852 334.174031759881
3
162.07592171547873 334.174031759881
0.25 0.25 0.25 0.25
33.626823183506474
45.0
235.59194294876085 42.618106638091966
1
235.59194294876085 52.11650542789551
0.25 0.25 0.25 0.25
9.498398789803547
45.0
497.0039488570234 214.85091913126797
1
497.0039488570234 236.25670676608496
0.25 0.25 0.25 0.25
21.405787634816992
45.0
115.83167506833058 149.1042501113472
1
115.83167506833058 184.3273610530456
0.25 0.25 0.25 0.25
35.2231109416984
45.0
28.03925477584623 59.045742452994354
1
28.03925477584623 84.40790528271162
0.25 0.25 0.25 0.25
25.36216282971727
45.0
457.0472020592719 56.10471490154701
3
429.497846506682 56.10471490154701
0.25 0.25 0.25 0.25
27.549355552589905
45.0
66.92325317911323 267.56236569872493
2
82.93546604020604 267.56236569872493
0.25 0.25 0.25 0.25
16.012212861092806
45.0
392.8755906943419 116.97374456636578
2
412.2448737830366 116.97374456636578
0.25 0.25 0.25 0.25
19.369283088694743
45.0
59.72990532614199 139.40581331062128
2
67.28606653675229 139.40581331062128
0.25 0.25 0.25 0.25
7.556161210610302
45.0
97.00415147932858 251.61571845274483
1
97.00415147932858 297.9168195214205
0.25 0.25 0.25 0.25
46.301101068675685
45.0
274.1924143428332 158.05235486411948
2
311.142517104724 158.05235486411948
0.25 0.25 0.25 0.25
36.950102761890754
45.0
128.6523368403144 43.7258864330762
2
149.34516835806636 43.7258864330762
0.25 0.25 0.25 0.25
20.69283151775195
45.0
295.9740296565745 359.4338208504387
0
295.9740296565745 347.3926017144366
0.25 0.25 0.25 0.25
12.041219136002097
45.0
476.061369968338 140.02942278978196
1
476.061369968338 170.36112779883774
0.25 0.25 0.25 0.25
30.33170500905578
45.0
330.425889080061 423.0554189376957
0
330.425889080061 405.1058431593446
0.25 0.25 0.25 0.25
17.94957577835111
45.0
148.74080890749354 325.4971665131806
2
150.04379638523517 325.4971665131806
0.25 0.25 0.25 0.25
1.3029874777416128
45.0
0.7240778368169885 337.8651192249484
2
45.51243038836921 337.8651192249484
0.25 0.25 0.25 0.25
46.2365082251862
45.0
220.23212673323027 65.30617399708092
1
220.23212673323027 114.93259393236352
0.25 0.25 0.25 0.25
49.6264199352826
45.0
329.64062277248553 189.91103306413206
3
306.53438056861637 189.91103306413206
0.25 0.25 0.25 0.25
23.106242203869183
45.0
373.79313137663985 258.6143587526386
1
373.79313137663985 284.33112921304627
0.25 0.25 0.25 0.25
25.716770460407652
45.0
25.64860626214487 154.71785929920534
2
34.930116296359216 154.71785929920534
0.25 0.25 0.25 0.25
9.281510034214346
45.0
476.03931113567626 482.18914733866006
3
455.5491456565868 482.18914733866006
0.25 0.25 0.25 0.25
20.490165479089445
45.0
184.9873622587698 382.50909688789665
2
219.8606355576468 382.50909688789665
0.25 0.25 0.25 0.25
34.87327329887699
45.0
255.02849616197864 182.2474094205307
1
255.02849616197864 215.70557309296396
0.25 0.25 0.25 0.25
33.45816367243329
45.0
132.50798374668602 271.56408849334184
1
132.50798374668602 300.45135887421475
0.25 0.25 0.25 0.25
28.8872703808729
45.0
