49357
271.8110380652191 240.99629445408135
3
181.65866831617376 240.99629445408135
0.25 0.25 0.25 0.25
90.15236974904535
45.0
244.40834277429116 112.37851954136772
2
377.3430827262449 112.37851954136772
0.25 0.25 0.25 0.25
132.93473995195376
45.0
185.0570785872701 313.94504003183033
3
62.43564255417459 313.94504003183033
0.25 0.25 0.25 0.25
122.6214360330955
45.0
192.22887866649125 210.55934187834237
3
41.1443169332224 210.55934187834237
0.25 0.25 0.25 0.25
151.08456173326886
45.0
334.28390221536506 201.25992627000196
1
334.28390221536506 367.78249706739837
0.25 0.25 0.25 0.25
166.5225707973964
45.0
471.04940092446077 410.9977343154996
0
471.04940092446077 321.06696614566056
0.25 0.25 0.25 0.25
89.93076816983904
45.0
36.3371427231437 324.35574482973004
2
97.70823190940737 324.35574482973004
0.25 0.25 0.25 0.25
134.04537463255107
45.0
289.75052028550505 139.245523914542
1
289.75052028550505 2.391126928666779
0.25 0.25 0.25 0.25
141.63665084320877
45.0
142.41618288606756 284.8137578130529
2
263.4740498437211 284.8137578130529
0.25 0.25 0.25 0.25
121.05786695765354
45.0
434.3328075966476 464.01079475120264
3
339.52041273519495 464.01079475120264
0.25 0.25 0.25 0.25
94.81239486145267
45.0
344.23298435007865 461.43030500828877
0
344.23298435007865 347.91227687822317
0.25 0.25 0.25 0.25
113.5180281300656
45.0
178.63817978964354 102.90363569042353
1
178.63817978964354 20.400275580349074
0.25 0.25 0.25 0.25
123.3039112707726
45.0
379.76402385153034 93.80260483302784
1
379.76402385153034 194.98332567112982
0.25 0.25 0.25 0.25
101.18072083810198
45.0
454.4966526542205 198.14595482633652
1
454.4966526542205 293.5477172695006
0.25 0.25 0.25 0.25
95.40176244316407
45.0
4.761615559011233 487.67211196657615
2
121.85565038993377 487.67211196657615
0.25 0.25 0.25 0.25
117.09403483092254
45.0
18.374141047602507 250.55618592744304
2
136.45984575687623 250.55618592744304
0.25 0.25 0.25 0.25
154.83398680447874
45.0
129.2751826023368 232.42715344348605
1
129.2751826023368 405.4641109559508
0.25 0.25 0.25 0.25
173.03695751246474
45.0
107.52857486478268 70.41525414475652
1
107.52857486478268 52.861291669700734
0.25 0.25 0.25 0.25
123.27654581445725
45.0
115.30213294455586 381.4925814356087
3
19.020812189116782 381.4925814356087
0.25 0.25 0.25 0.25
96.28132075543908
45.0
26.80752664865321 273.8370057558956
0
26.80752664865321 155.91468547101118
0.25 0.25 0.25 0.25
117.92232028488439
45.0
248.61198758686976 421.7332444030709
0
248.61198758686976 455.53255780654683
0.25 0.25 0.25 0.25
122.73419779038228
45.0
36.3607159192494 58.2081228763966
1
36.3607159192494 45.27352454585741
0.25 0.25 0.25 0.25
103.48164742225401
45.0
249.39735581967273 179.44022900136076
3
122.38851219446678 179.44022900136076
0.25 0.25 0.25 0.25
127.00884362520594
45.0
427.675520528217 201.093766211175
1
427.675520528217 363.8760465826575
0.25 0.25 0.25 0.25
162.78228037148253
45.0
147.67780296773282 86.25839858014427
2
248.59693175893395 86.25839858014427
0.25 0.25 0.25 0.25
100.91912879120113
45.0
412.85585672937975 395.3402834567041
0
412.85585672937975 453.8833622956282
0.25 0.25 0.25 0.25
150.77635424766765
45.0
445.64454399527597 138.60271201925974
0
445.64454399527597 29.074994156534032
0.25 0.25 0.25 0.25
109.52771786272571
45.0
368.32871874422875 444.1455986563128
0
368.32871874422875 412.9314030702237
0.25 0.25 0.25 0.25
142.92299827346352
45.0
349.82903093113 241.08626327258287
3
203.1962214929569 241.08626327258287
0.25 0.25 0.25 0.25
146.63280943817307
45.0
375.30722935197355 399.66730515506856
3
278.5896699187174 399.66730515506856
0.25 0.25 0.25 0.25
96.71755943325614
45.0
117.83697613350095 498.9296530175534
3
13.37479148918547 498.9296530175534
0.25 0.25 0.25 0.25
104.46218464431549
45.0
124.76747716205318 217.96398794734262
1
124.76747716205318 348.48739833669975
0.25 0.25 0.25 0.25
130.52341038935714
45.0
211.09073386907124 136.6279079368408
1
211.09073386907124 31.36182227423467
0.25 0.25 0.25 0.25
167.98973021107548
45.0
380.0637122478124 477.2473182080938
3
239.4668515163988 477.2473182080938
0.25 0.25 0.25 0.25
140.5968607314136
45.0
18.835921720598037 484.7402881994785
2
149.39992176399699 484.7402881994785
0.25 0.25 0.25 0.25
130.56400004339895
45.0
7.1368097284481 188.91385770483217
2
160.6653586645306 188.91385770483217
0.25 0.25 0.25 0.25
167.8021683929787
45.0
19.090936220263416 476.23986642585385
2
166.0865793526841 476.23986642585385
0.25 0.25 0.25 0.25
146.9956431324207
45.0
180.29269579121544 401.83063096888054
0
180.29269579121544 440.6833440879602
0.25 0.25 0.25 0.25
157.48602494315926
45.0
41.35059163862098 145.0074466225818
2
175.95949148507256 145.0074466225818
0.25 0.25 0.25 0.25
134.60889984645158
45.0
198.44392464718587 124.21622505033129
0
198.44392464718587 111.74650108365151
0.25 0.25 0.25 0.25
12.469723966679775
45.0
285.07913783140555 18.657022597082587
2
311.4468188715207 18.657022597082587
0.25 0.25 0.25 0.25
26.367681040115137
45.0
220.38905883335266 424.590269481071
0
220.38905883335266 409.97516000919825
0.25 0.25 0.25 0.25
14.615109471872728
45.0
234.0169494959439 344.75739825050744
0
234.0169494959439 302.78222748251403
0.25 0.25 0.25 0.25
41.97517076799341
45.0
299.26352347937615 244.1817174131408
0
299.26352347937615 204.426639750859
0.25 0.25 0.25 0.25
39.7550776622818
45.0
33.35024212026935 351.22630249326386
1
33.35024212026935 385.31369510012456
0.25 0.25 0.25 0.25
34.087392606860696
45.0
98.2744917573194 205.47074984154648
2
106.74073634241029 205.47074984154648
0.25 0.25 0.25 0.25
8.466244585090893
45.0
303.53408365391886 351.9166755969385
3
263.9487225513127 351.9166755969385
0.25 0.25 0.25 0.25
39.58536110260618
45.0
361.53414590550756 89.65537268856224
0
361.53414590550756 64.27242438234123
0.25 0.25 0.25 0.25
25.38294830622101
45.0
