49357
361.9634078142645 159.1678574655371
1
361.9634078142645 249.32022721458247
0.25 0.25 0.25 0.25
90.15236974904535
45.0
154.39587708157012 153.4909603625399
2
287.3306170335239 153.4909603625399
0.25 0.25 0.25 0.25
132.93473995195376
45.0
430.2999506534611 417.5379643296899
3
307.6785146203656 417.5379643296899
0.25 0.25 0.25 0.25
122.6214360330955
45.0
109.94024480004646 361.6439036116112
2
41.1443169332224 361.6439036116112
0.25 0.25 0.25 0.25
151.08456173326886
45.0
167.76133141796865 465.69493213520525
0
167.76133141796865 299.17236133780887
0.25 0.25 0.25 0.25
166.5225707973964
45.0
349.0890627358611 398.37917921305177
2
439.01983090570013 398.37917921305177
0.25 0.25 0.25 0.25
89.93076816983904
45.0
365.79898117450955 211.82575370047428
0
365.79898117450955 77.7803790679232
0.25 0.25 0.25 0.25
134.04537463255107
45.0
148.1138694422964 6.152317168871889
3
6.477218599087621 6.152317168871889
0.25 0.25 0.25 0.25
141.63665084320877
45.0
384.5319168013747 405.8716247707065
3
494.41021624097175 405.8716247707065
0.25 0.25 0.25 0.25
121.05786695765354
45.0
91.60521809608906 346.3644155258919
2
186.41761295754173 346.3644155258919
0.25 0.25 0.25 0.25
94.81239486145267
45.0
428.7309593897901 289.8713855609895
3
457.75101248014425 289.8713855609895
0.25 0.25 0.25 0.25
113.5180281300656
45.0
55.33426851887097 390.3120093926668
2
67.96964275190163 390.3120093926668
0.25 0.25 0.25 0.25
123.3039112707726
45.0
126.13958033897957 296.1640465092318
1
126.13958033897957 397.3447673473338
0.25 0.25 0.25 0.25
101.18072083810198
45.0
68.4945351299591 7.342429940008429
1
68.4945351299591 88.05933250315564
0.25 0.25 0.25 0.25
95.40176244316407
45.0
346.5204889337564 449.08016668080415
0
346.5204889337564 433.82579848827334
0.25 0.25 0.25 0.25
117.09403483092254
45.0
52.62193812552505 355.9379328322483
2
207.4559249300038 355.9379328322483
0.25 0.25 0.25 0.25
154.83398680447874
45.0
437.1273525524779 248.46197401911976
0
437.1273525524779 75.42501650665503
0.25 0.25 0.25 0.25
173.03695751246474
45.0
354.0816664936972 285.6267498142731
0
354.0816664936972 162.35020399981588
0.25 0.25 0.25 0.25
123.27654581445725
45.0
19.020812189116782 425.9447770535131
2
115.30213294455586 425.9447770535131
0.25 0.25 0.25 0.25
96.28132075543908
45.0
91.11479363623118 330.4584434768205
2
209.03711392111558 330.4584434768205
0.25 0.25 0.25 0.25
117.92232028488439
45.0
242.32480357465937 191.93774454884056
2
365.05900136504164 191.93774454884056
0.25 0.25 0.25 0.25
122.73419779038228
45.0
377.56587376976665 368.65306514315864
2
481.04752119202067 368.65306514315864
0.25 0.25 0.25 0.25
103.48164742225401
45.0
258.63801868115104 290.3783236249192
2
385.646862306357 290.3783236249192
0.25 0.25 0.25 0.25
127.00884362520594
45.0
102.11095978525194 38.311485839692466
2
264.89324015673446 38.311485839692466
0.25 0.25 0.25 0.25
162.78228037148253
45.0
248.59693175893395 489.93491374494886
0
248.59693175893395 389.0157849537477
0.25 0.25 0.25 0.25
100.91912879120113
45.0
111.30314823404444 453.8833622956282
2
262.0795024817121 453.8833622956282
0.25 0.25 0.25 0.25
150.77635424766765
45.0
445.64454399527597 409.0358772943688
0
445.64454399527597 299.5081594316431
0.25 0.25 0.25 0.25
109.52771786272571
45.0
203.36327434962527 127.08540652329657
2
346.2862726230888 127.08540652329657
0.25 0.25 0.25 0.25
142.92299827346352
45.0
56.56341205478384 94.4534538344098
2
203.1962214929569 94.4534538344098
0.25 0.25 0.25 0.25
146.63280943817307
45.0
278.5896699187174 399.6673051550686
3
181.87211048546123 399.6673051550686
0.25 0.25 0.25 0.25
96.71755943325614
45.0
300.011762443761 23.38127020402399
3
195.5495777994455 23.38127020402399
0.25 0.25 0.25 0.25
104.46218464431549
45.0
397.3261643953754 390.4657808845859
3
472.15042521526743 390.4657808845859
0.25 0.25 0.25 0.25
130.52341038935714
45.0
452.9298057087778 304.61763814791635
3
284.9400754977023 304.61763814791635
0.25 0.25 0.25 0.25
167.98973021107548
45.0
338.7425662893604 180.23162186516183
1
338.7425662893604 320.82848259657544
0.25 0.25 0.25 0.25
140.5968607314136
45.0
149.39992176399699 484.7402881994785
2
279.96392180739593 484.7402881994785
0.25 0.25 0.25 0.25
130.56400004339895
45.0
321.65451669963704 314.49264747410393
1
321.65451669963704 482.29481586708266
0.25 0.25 0.25 0.25
167.8021683929787
45.0
274.900350044578 376.76449044172546
0
274.900350044578 476.23986642585385
0.25 0.25 0.25 0.25
146.9956431324207
45.0
392.86257107541917 31.774730741517544
1
392.86257107541917 125.71129420164172
0.25 0.25 0.25 0.25
157.48602494315926
45.0
175.95949148507256 145.0074466225818
1
175.95949148507256 279.6163464690334
0.25 0.25 0.25 0.25
134.60889984645158
45.0
185.9742006805061 74.33732918361217
0
185.9742006805061 61.86760521693239
0.25 0.25 0.25 0.25
12.469723966679775
45.0
205.9760947110601 18.657022597082587
1
205.9760947110601 45.024703637197725
0.25 0.25 0.25 0.25
26.367681040115137
45.0
147.31351147398902 453.8204884248165
0
147.31351147398902 439.20537895294376
0.25 0.25 0.25 0.25
14.615109471872728
45.0
359.9424617999241 92.90637364254701
1
359.9424617999241 134.8815444105404
0.25 0.25 0.25 0.25
41.97517076799341
45.0
20.977979843403567 323.6918727377044
0
20.977979843403567 283.9367950754226
0.25 0.25 0.25 0.25
39.7550776622818
45.0
237.87459776143356 385.31369510012456
0
237.87459776143356 351.22630249326386
0.25 0.25 0.25 0.25
34.087392606860696
45.0
47.47702424677405 264.73446193718274
2
55.94326883186494 264.73446193718274
0.25 0.25 0.25 0.25
8.466244585090893
45.0
224.3633614487065 470.67275890475696
3
184.77800034610033 470.67275890475696
0.25 0.25 0.25 0.25
39.58536110260618
45.0
437.6829908241706 38.88947607612022
2
463.0659391303916 38.88947607612022
0.25 0.25 0.25 0.25
25.38294830622101
45.0
