83352
169.6259404846577 484.343335060159
0
169.6259404846577 372.58020416109696
0.25 0.25 0.25 0.25
111.76313089906205
45.0
499.84296320686343 184.2248562625989
3
375.05407847099775 184.2248562625989
0.25 0.25 0.25 0.25
124.7888847358657
45.0
199.99462707636462 20.49071536697761
1
199.99462707636462 100.80632469943589
0.25 0.25 0.25 0.25
121.2970400664135
45.0
383.7730580794754 419.42781313355704
0
383.7730580794754 427.6768583871261
0.25 0.25 0.25 0.25
152.89532847931687
45.0
387.35651418402153 41.67418964269979
1
387.35651418402153 178.25353439914818
0.25 0.25 0.25 0.25
136.5793447564484
45.0
413.4156486985705 424.0656226142253
0
413.4156486985705 448.7930412888343
0.25 0.25 0.25 0.25
127.1413360969405
45.0
399.23856637702954 70.77493272951551
3
239.83885311348456 70.77493272951551
0.25 0.25 0.25 0.25
159.39971326354498
45.0
373.45845604091807 416.1488614515554
0
373.45845604091807 475.5174572978404
0.25 0.25 0.25 0.25
108.33368125060422
45.0
186.26416075019475 322.571176036652
2
332.2838067645681 322.571176036652
0.25 0.25 0.25 0.25
146.01964601437336
45.0
147.93304794209024 471.9834173507579
2
235.5953758693965 471.9834173507579
0.25 0.25 0.25 0.25
87.66232792730626
45.0
7.385831750195621 202.07457960193688
0
7.385831750195621 48.04780298405865
0.25 0.25 0.25 0.25
154.02677661787823
45.0
478.65937355646156 201.61930825878937
1
478.65937355646156 296.2555804207655
0.25 0.25 0.25 0.25
94.63627216197615
45.0
8.965174423049518 155.4689792935363
2
179.9613014160079 155.4689792935363
0.25 0.25 0.25 0.25
170.99612699295838
45.0
104.78271416300109 10.440416220777763
1
104.78271416300109 175.3391169180608
0.25 0.25 0.25 0.25
164.89870069728303
45.0
80.15579302377813 233.1679494751128
0
80.15579302377813 60.103594647415946
0.25 0.25 0.25 0.25
173.06435482769686
45.0
167.30746394543675 365.07260192081435
1
167.30746394543675 495.1452621303297
0.25 0.25 0.25 0.25
130.07266020951536
45.0
226.24503555220036 65.45429226994831
1
226.24503555220036 22.87360530308652
0.25 0.25 0.25 0.25
88.32789757303483
45.0
311.9579304601886 466.12995102569073
3
188.62920070983802 466.12995102569073
0.25 0.25 0.25 0.25
123.3287297503506
45.0
201.58805281693415 21.716233973622394
2
300.1085479105452 21.716233973622394
0.25 0.25 0.25 0.25
98.52049509361106
45.0
402.7825442569256 48.72528257679619
3
473.25072242531576 48.72528257679619
0.25 0.25 0.25 0.25
123.96673331775867
45.0
157.3323442038493 72.62086371114071
3
60.38272044017026 72.62086371114071
0.25 0.25 0.25 0.25
96.94962376367903
45.0
473.7938741259918 40.300600721016394
3
414.7368074588451 40.300600721016394
0.25 0.25 0.25 0.25
111.46931841516317
45.0
497.2848377073072 248.26167563844513
3
407.5522165750443 248.26167563844513
0.25 0.25 0.25 0.25
89.73262113226288
45.0
435.07955571969114 153.1201596271081
1
435.07955571969114 290.18978012212096
0.25 0.25 0.25 0.25
137.06962049501286
45.0
230.37472932354956 136.56972151251847
3
135.56927526332396 136.56972151251847
0.25 0.25 0.25 0.25
94.8054540602256
45.0
149.57872534464877 1.1438632121287355
2
24.940748581873777 1.1438632121287355
0.25 0.25 0.25 0.25
174.51947392652255
45.0
81.71668218105702 274.2202192512473
1
81.71668218105702 408.65054861542
0.25 0.25 0.25 0.25
134.43032936417276
45.0
182.11851402700307 188.5684339971407
3
81.63471742056889 188.5684339971407
0.25 0.25 0.25 0.25
100.48379660643418
45.0
221.22527121694915 21.686788485078125
2
383.3252676234745 21.686788485078125
0.25 0.25 0.25 0.25
162.09999640652532
45.0
420.70840491918216 450.49171639893746
0
420.70840491918216 429.226537929267
0.25 0.25 0.25 0.25
120.28174567179558
45.0
252.9004715306157 156.8722415465342
2
347.8610257120529 156.8722415465342
0.25 0.25 0.25 0.25
94.96055418143717
45.0
429.5375853762614 354.5485683854316
0
429.5375853762614 482.878962700014
0.25 0.25 0.25 0.25
162.57246891455438
45.0
44.80867809144905 126.9815993684125
1
44.80867809144905 286.51822552027596
0.25 0.25 0.25 0.25
159.53662615186346
45.0
280.19305676178044 254.0677351873412
2
372.2168116852244 254.0677351873412
0.25 0.25 0.25 0.25
92.02375492344396
45.0
448.2105975775927 53.595953020164956
1
448.2105975775927 59.49709158954279
0.25 0.25 0.25 0.25
113.09304460970775
45.0
172.86249060936302 290.2106561259433
1
172.86249060936302 429.62337208440647
0.25 0.25 0.25 0.25
139.4127159584632
45.0
409.3127073497882 498.48587939690333
3
497.0796191775164 498.48587939690333
0.25 0.25 0.25 0.25
93.6076734726954
45.0
4.275001332277583 63.24308302365438
1
4.275001332277583 167.8688225912654
0.25 0.25 0.25 0.25
104.62573956761102
45.0
48.09384368768484 487.09084755132517
0
48.09384368768484 424.26495960230267
0.25 0.25 0.25 0.25
88.64419284637218
45.0
136.68600896266943 224.195204749147
2
294.891171279574 224.195204749147
0.25 0.25 0.25 0.25
158.20516231690456
45.0
428.9085948531112 11.72321750830406
1
428.9085948531112 161.66852570895225
0.25 0.25 0.25 0.25
173.3917432172563
45.0
207.70532203879736 448.0252701725251
0
207.70532203879736 387.33364512109154
0.25 0.25 0.25 0.25
164.64108470638337
45.0
71.60489166360841 21.572084780174407
1
71.60489166360841 149.28648457094877
0.25 0.25 0.25 0.25
127.71439979077437
45.0
477.75965556667575 497.2924274729179
0
477.75965556667575 377.9876615731836
0.25 0.25 0.25 0.25
119.30476589973432
45.0
73.09364799282764 414.9518754063829
0
73.09364799282764 483.5007367909624
0.25 0.25 0.25 0.25
101.5473878026547
45.0
330.91651157849674 35.14968736185722
2
470.650055973555 35.14968736185722
0.25 0.25 0.25 0.25
139.7335443950583
45.0
201.71611359274743 193.5202913987298
2
307.1906601524117 193.5202913987298
0.25 0.25 0.25 0.25
105.47454655966426
45.0
375.6860678354093 493.4730249030347
0
375.6860678354093 395.2798150525243
0.25 0.25 0.25 0.25
111.24716004444099
45.0
