83352
383.3215359190941 68.6041413435928
2
495.08466681815617 68.6041413435928
0.25 0.25 0.25 0.25
111.76313089906205
45.0
251.95411584820653 184.2248562625989
0
251.95411584820653 59.43597152673321
0.25 0.25 0.25 0.25
124.7888847358657
45.0
199.99462707636462 476.0551961639396
0
199.99462707636462 354.7581560975261
0.25 0.25 0.25 0.25
121.2970400664135
45.0
313.50575872425736 121.8862014284924
2
466.4010872035742 121.8862014284924
0.25 0.25 0.25 0.25
152.89532847931687
45.0
206.83258272271183 143.59532646047455
0
206.83258272271183 7.01598170402616
0.25 0.25 0.25 0.25
136.5793447564484
45.0
447.6770262496186 321.65170519189377
1
447.6770262496186 448.7930412888343
0.25 0.25 0.25 0.25
127.1413360969405
45.0
412.7671683520708 27.173212310785402
1
412.7671683520708 186.57292557433038
0.25 0.25 0.25 0.25
159.39971326354498
45.0
326.5373689518313 450.52058855327846
0
326.5373689518313 342.18690730267423
0.25 0.25 0.25 0.25
108.33368125060422
45.0
17.22504287609746 49.07519570462722
1
17.22504287609746 96.94445030974614
0.25 0.25 0.25 0.25
146.01964601437336
45.0
238.4306565667659 265.0295988673233
0
238.4306565667659 177.36727094001702
0.25 0.25 0.25 0.25
87.66232792730626
45.0
298.3196254531439 27.79153730867199
1
298.3196254531439 181.81831392655022
0.25 0.25 0.25 0.25
154.02677661787823
45.0
426.70435428156225 106.98303609681317
3
478.65937355646156 106.98303609681317
0.25 0.25 0.25 0.25
94.63627216197615
45.0
179.9613014160079 41.5039096571723
1
179.9613014160079 129.49221733578608
0.25 0.25 0.25 0.25
170.99612699295838
45.0
94.17491834669934 329.6300217990421
0
94.17491834669934 164.73132110175905
0.25 0.25 0.25 0.25
164.89870069728303
45.0
426.28450267917185 382.3172119033122
0
426.28450267917185 209.25285707561537
0.25 0.25 0.25 0.25
173.06435482769686
45.0
92.83785647359394 415.36335933627777
2
37.23480373592142 415.36335933627777
0.25 0.25 0.25 0.25
130.07266020951536
45.0
197.85190885558342 93.8474189665652
0
197.85190885558342 5.519521393530368
0.25 0.25 0.25 0.25
88.32789757303483
45.0
194.72715053840898 273.8424274764129
1
194.72715053840898 397.1711572267635
0.25 0.25 0.25 0.25
123.3287297503506
45.0
103.06755772332309 76.80426111998867
3
4.5470626297120305 76.80426111998867
0.25 0.25 0.25 0.25
98.52049509361106
45.0
154.84907762140824 56.99141603472685
1
154.84907762140824 180.95814935248552
0.25 0.25 0.25 0.25
123.96673331775867
45.0
448.1812154948864 381.6234927440447
0
448.1812154948864 284.6738689803657
0.25 0.25 0.25 0.25
96.94962376367903
45.0
195.02203636498723 189.08576758224683
3
83.55271794982406 189.08576758224683
0.25 0.25 0.25 0.25
111.46931841516317
45.0
41.11088908627002 427.72691790297085
2
48.62173204599286 427.72691790297085
0.25 0.25 0.25 0.25
89.73262113226288
45.0
153.71158279527035 177.06338878811025
1
153.71158279527035 314.1330092831231
0.25 0.25 0.25 0.25
137.06962049501286
45.0
325.18018338377516 62.126651343195135
2
419.98563744400076 62.126651343195135
0.25 0.25 0.25 0.25
94.8054540602256
45.0
276.981355712036 475.2977150083036
0
276.981355712036 300.77824108178106
0.25 0.25 0.25 0.25
174.51947392652255
45.0
456.004635275634 456.91912202040726
0
456.004635275634 322.4887926562345
0.25 0.25 0.25 0.25
134.43032936417276
45.0
18.849079185865293 213.366752428596
1
18.849079185865293 313.85054903503016
0.25 0.25 0.25 0.25
100.48379660643418
45.0
221.22527121694915 357.3132474496688
2
383.3252676234745 357.3132474496688
0.25 0.25 0.25 0.25
162.09999640652532
45.0
15.628901347475292 150.91701196004044
1
15.628901347475292 271.19875763183603
0.25 0.25 0.25 0.25
120.28174567179558
45.0
171.50784119094183 128.00942099777734
0
171.50784119094183 33.048866816340166
0.25 0.25 0.25 0.25
94.96055418143717
45.0
355.8420258382404 29.403630556322867
1
355.8420258382404 191.97609947087724
0.25 0.25 0.25 0.25
162.57246891455438
45.0
278.3214442175374 234.87189602413372
1
278.3214442175374 394.4085221759972
0.25 0.25 0.25 0.25
159.53662615186346
45.0
455.99698262577135 377.8372451188829
3
451.97926245078474 377.8372451188829
0.25 0.25 0.25 0.25
92.02375492344396
45.0
13.675820626131411 476.1944670536343
0
13.675820626131411 363.10142244392654
0.25 0.25 0.25 0.25
113.09304460970775
45.0
245.37565726602656 79.80551516793105
1
245.37565726602656 219.21823112639424
0.25 0.25 0.25 0.25
139.4127159584632
45.0
379.6282991501388 217.6628589788171
0
379.6282991501388 124.0551855061217
0.25 0.25 0.25 0.25
93.6076734726954
45.0
41.982394343832624 272.4945621588764
0
41.982394343832624 167.8688225912654
0.25 0.25 0.25 0.25
104.62573956761102
45.0
395.127120544176 398.446654704953
2
483.7713133905482 398.446654704953
0.25 0.25 0.25 0.25
88.64419284637218
45.0
294.891171279574 280.8623148689062
2
453.09633359647853 280.8623148689062
0.25 0.25 0.25 0.25
158.20516231690456
45.0
122.47556772213659 358.50670394281656
2
295.8673109393929 358.50670394281656
0.25 0.25 0.25 0.25
173.3917432172563
45.0
121.57684737396937 460.1787619342249
0
121.57684737396937 375.18015335939174
0.25 0.25 0.25 0.25
164.64108470638337
45.0
289.8231093825199 383.00008582630267
3
162.1087095917455 383.00008582630267
0.25 0.25 0.25 0.25
127.71439979077437
45.0
358.4548896669414 99.23140202575371
2
477.75965556667575 99.23140202575371
0.25 0.25 0.25 0.25
119.30476589973432
45.0
174.64103579548234 344.3522436568222
2
276.18842359813704 344.3522436568222
0.25 0.25 0.25 0.25
101.5473878026547
45.0
330.91651157849674 358.34715462115776
0
330.91651157849674 218.61361022609947
0.25 0.25 0.25 0.25
139.7335443950583
45.0
252.44519455576915 353.7403035550365
0
252.44519455576915 248.26575699537227
0.25 0.25 0.25 0.25
105.47454655966426
45.0
70.52701274232356 272.2031452141216
2
40.720147302117425 272.2031452141216
0.25 0.25 0.25 0.25
111.24716004444099
45.0
