83352
289.16293929470737 143.18576427141443
2
400.9260701937694 143.18576427141443
0.25 0.25 0.25 0.25
111.76313089906205
45.0
129.16822681168907 307.32481888539013
0
129.16822681168907 182.53593414952445
0.25 0.25 0.25 0.25
124.7888847358657
45.0
374.06457159536535 375.8264064926004
3
252.76753152895185 375.8264064926004
0.25 0.25 0.25 0.25
121.2970400664135
45.0
227.80825583779207 192.15350078371043
1
227.80825583779207 345.0488292630273
0.25 0.25 0.25 0.25
152.89532847931687
45.0
484.73685687747343 120.07219376869273
1
484.73685687747343 256.6515385251411
0.25 0.25 0.25 0.25
136.5793447564484
45.0
447.6770262496186 406.93493383870117
0
447.6770262496186 279.79359774176066
0.25 0.25 0.25 0.25
127.1413360969405
45.0
78.9605734136054 172.9855419783512
1
78.9605734136054 332.3852552418962
0.25 0.25 0.25 0.25
159.39971326354498
45.0
48.45741228910545 92.17646978454731
1
48.45741228910545 200.51015103515152
0.25 0.25 0.25 0.25
108.33368125060422
45.0
420.83389516702266 239.36988592022786
1
420.83389516702266 385.3895319346012
0.25 0.25 0.25 0.25
146.01964601437336
45.0
24.556327215152834 316.1396119677326
2
63.10600071215343 316.1396119677326
0.25 0.25 0.25 0.25
87.66232792730626
45.0
234.90385262838754 353.75326018739815
0
234.90385262838754 199.72648356951993
0.25 0.25 0.25 0.25
154.02677661787823
45.0
466.0210889579606 489.1953060582803
3
371.3848167959845 489.1953060582803
0.25 0.25 0.25 0.25
94.63627216197615
45.0
452.06968264032514 248.53482041324398
0
452.06968264032514 77.5386934202856
0.25 0.25 0.25 0.25
170.99612699295838
45.0
269.6814148602841 484.25568587107136
0
269.6814148602841 319.3569851737883
0.25 0.25 0.25 0.25
164.89870069728303
45.0
99.0220830269873 367.84617533662845
0
99.0220830269873 194.7818205089316
0.25 0.25 0.25 0.25
173.06435482769686
45.0
248.47002729768232 276.96188394561545
3
118.39736708816696 276.96188394561545
0.25 0.25 0.25 0.25
130.07266020951536
45.0
374.50770400165294 439.2684839548276
0
374.50770400165294 472.4036184721375
0.25 0.25 0.25 0.25
88.32789757303483
45.0
475.3971462021246 410.5413192239587
3
352.068416451774 410.5413192239587
0.25 0.25 0.25 0.25
123.3287297503506
45.0
103.06755772332309 441.2961433666543
0
103.06755772332309 342.7756482730432
0.25 0.25 0.25 0.25
98.52049509361106
45.0
250.11565616359042 100.03985111475447
1
250.11565616359042 224.00658443251314
0.25 0.25 0.25 0.25
123.96673331775867
45.0
60.38272044017026 412.1272551072544
0
60.38272044017026 490.92312112906654
0.25 0.25 0.25 0.25
96.94962376367903
45.0
437.30386761412456 377.93242170297447
3
325.8345491989614 377.93242170297447
0.25 0.25 0.25 0.25
111.46931841516317
45.0
48.62173204599286 132.64671941596538
2
138.35435317825574 132.64671941596538
0.25 0.25 0.25 0.25
89.73262113226288
45.0
281.3318485359382 371.21509319194115
2
418.40146903095103 371.21509319194115
0.25 0.25 0.25 0.25
137.06962049501286
45.0
320.28706556727934 359.95515956018886
0
320.28706556727934 265.14970549996326
0.25 0.25 0.25 0.25
94.8054540602256
45.0
105.22653539012572 395.01192820005167
2
69.29293853639683 395.01192820005167
0.25 0.25 0.25 0.25
174.51947392652255
45.0
183.23713062004728 355.39867358141703
2
317.66745998422005 355.39867358141703
0.25 0.25 0.25 0.25
134.43032936417276
45.0
104.81897759927442 495.46627799053175
0
104.81897759927442 394.9824813840976
0.25 0.25 0.25 0.25
100.48379660643418
45.0
168.72536105381639 304.813337286536
2
330.8253574603417 304.813337286536
0.25 0.25 0.25 0.25
162.09999640652532
45.0
104.65284432432027 30.63526628824488
1
104.65284432432027 89.6464793835507
0.25 0.25 0.25 0.25
120.28174567179558
45.0
57.15100097792188 418.7194457319083
2
152.11155515935906 418.7194457319083
0.25 0.25 0.25 0.25
94.96055418143717
45.0
97.92635771858775 394.0020533234806
0
97.92635771858775 231.42958440892622
0.25 0.25 0.25 0.25
162.57246891455438
45.0
317.0448173010972 234.8718960241335
2
476.5814434529607 234.8718960241335
0.25 0.25 0.25 0.25
159.53662615186346
45.0
210.64295198946542 137.5213719481302
0
210.64295198946542 45.497617024686235
0.25 0.25 0.25 0.25
92.02375492344396
45.0
108.93146374846937 166.6889976298727
0
108.93146374846937 53.59595302016494
0.25 0.25 0.25 0.25
113.09304460970775
45.0
197.1536806845113 333.17941892137594
0
197.1536806845113 193.76670296291275
0.25 0.25 0.25 0.25
139.4127159584632
45.0
92.96451708708538 375.1937977245585
2
0.6431563856100126 375.1937977245585
0.25 0.25 0.25 0.25
93.6076734726954
45.0
143.04718836060846 63.24308302365438
1
143.04718836060846 167.8688225912654
0.25 0.25 0.25 0.25
104.62573956761102
45.0
444.9548779239883 284.8885831686747
1
444.9548779239883 373.53277601504686
0.25 0.25 0.25 0.25
88.64419284637218
45.0
136.68600896266943 274.9642308477197
1
136.68600896266943 433.16939316462424
0.25 0.25 0.25 0.25
158.20516231690456
45.0
376.5682295464685 451.19752855299726
3
450.04002723627514 451.19752855299726
0.25 0.25 0.25 0.25
173.3917432172563
45.0
261.91094855695314 435.9476121678907
0
261.91094855695314 271.30652746150736
0.25 0.25 0.25 0.25
164.64108470638337
45.0
199.31929145438275 448.431907896928
0
199.31929145438275 320.7175081061537
0.25 0.25 0.25 0.25
127.71439979077437
45.0
239.1501237672071 293.4446006867332
3
119.84535786747279 293.4446006867332
0.25 0.25 0.25 0.25
119.30476589973432
45.0
11.198135886639506 414.9518754063829
2
90.34925191601519 414.9518754063829
0.25 0.25 0.25 0.25
101.5473878026547
45.0
315.47842294010434 288.0477798974433
1
315.47842294010434 427.7813242925016
0.25 0.25 0.25 0.25
139.7335443950583
45.0
467.4106723087185 349.72391892141604
1
467.4106723087185 455.1984654810803
0.25 0.25 0.25 0.25
105.47454655966426
45.0
291.79689243123664 158.50710436974282
1
291.79689243123664 269.7542644141838
0.25 0.25 0.25 0.25
111.24716004444099
45.0
