83352
253.95387074535677 56.86778516047593
1
253.95387074535677 54.895345738586116
0.25 0.25 0.25 0.25
111.76313089906205
45.0
128.85415322541513 439.71956741672955
0
128.85415322541513 435.4915478474047
0.25 0.25 0.25 0.25
124.7888847358657
45.0
436.1142527243949 284.1530458948789
0
436.1142527243949 162.8560058284654
0.25 0.25 0.25 0.25
121.2970400664135
45.0
252.52971537555365 254.17175488535938
0
252.52971537555365 101.2764264060425
0.25 0.25 0.25 0.25
152.89532847931687
45.0
308.9585100580285 324.11925792178425
1
308.9585100580285 460.69860267823265
0.25 0.25 0.25 0.25
136.5793447564484
45.0
95.1496956891915 33.1076554469646
1
95.1496956891915 160.2489915439051
0.25 0.25 0.25 0.25
127.1413360969405
45.0
181.17118266244108 84.3623163254947
1
181.17118266244108 75.03739693805028
0.25 0.25 0.25 0.25
159.39971326354498
45.0
131.79422479514767 224.47836769490874
0
131.79422479514767 116.14468644430453
0.25 0.25 0.25 0.25
108.33368125060422
45.0
296.0698214941526 442.85908954652007
0
296.0698214941526 411.12126443910654
0.25 0.25 0.25 0.25
146.01964601437336
45.0
63.106000712153204 455.7498750227139
0
63.106000712153204 456.5877970499798
0.25 0.25 0.25 0.25
87.66232792730626
45.0
469.4661616038303 331.14889847959455
3
315.4393849859521 331.14889847959455
0.25 0.25 0.25 0.25
154.02677661787823
45.0
235.74955085227077 12.346763934837071
1
235.74955085227077 82.28950822713908
0.25 0.25 0.25 0.25
94.63627216197615
45.0
169.12009470471466 77.5386934202856
1
169.12009470471466 93.45743357267278
0.25 0.25 0.25 0.25
170.99612699295838
45.0
434.5801155575672 372.39596425529703
3
400.52118374514976 372.39596425529703
0.25 0.25 0.25 0.25
164.89870069728303
45.0
176.44788991911255 175.26198154595957
0
176.44788991911255 2.197626718262711
0.25 0.25 0.25 0.25
173.06435482769686
45.0
442.4745554260172 146.8892237361001
1
442.4745554260172 276.96188394561545
0.25 0.25 0.25 0.25
130.07266020951536
45.0
63.98326638033704 298.8963408092517
2
24.34463119269779 298.8963408092517
0.25 0.25 0.25 0.25
88.32789757303483
45.0
318.0558802887595 109.51392377183393
1
318.0558802887595 13.814805978516674
0.25 0.25 0.25 0.25
123.3287297503506
45.0
4.547062629712087 460.1833615397346
0
4.547062629712087 441.2961433666543
0.25 0.25 0.25 0.25
98.52049509361106
45.0
237.4851436495136 180.95814935248552
1
237.4851436495136 304.9248826702442
0.25 0.25 0.25 0.25
123.96673331775867
45.0
60.38272044017026 453.5076908185639
0
60.38272044017026 356.5580670548849
0.25 0.25 0.25 0.25
96.94962376367903
45.0
424.40840466825057 269.6869690242798
3
312.9390862530874 269.6869690242798
0.25 0.25 0.25 0.25
111.46931841516317
45.0
181.75262871547045 123.60997643571476
2
271.4852498477333 123.60997643571476
0.25 0.25 0.25 0.25
89.73262113226288
45.0
354.05424264987096 152.0823831434827
1
354.05424264987096 289.15200363849556
0.25 0.25 0.25 0.25
137.06962049501286
45.0
2.096173459383351 127.48425677725606
2
92.70928060084225 127.48425677725606
0.25 0.25 0.25 0.25
94.8054540602256
45.0
72.05759214100908 286.8303407717624
2
102.46188178551347 286.8303407717624
0.25 0.25 0.25 0.25
174.51947392652255
45.0
472.4595757382252 355.39867358141703
3
338.0292463740525 355.39867358141703
0.25 0.25 0.25 0.25
134.43032936417276
45.0
373.4101751111879 379.8600950813256
1
373.4101751111879 480.34389168775976
0.25 0.25 0.25 0.25
100.48379660643418
45.0
271.42504842151845 208.88667349388808
0
271.42504842151845 46.78667708736276
0.25 0.25 0.25 0.25
162.09999640652532
45.0
249.14875089617698 398.5241450985211
2
369.43049656797257 398.5241450985211
0.25 0.25 0.25 0.25
120.28174567179558
45.0
361.4289495538162 279.1927955546623
3
266.46839537237906 279.1927955546623
0.25 0.25 0.25 0.25
94.96055418143717
45.0
168.70437041101232 241.1064724962246
1
168.70437041101232 403.678941410779
0.25 0.25 0.25 0.25
162.57246891455438
45.0
278.32144421753736 425.60441906140295
2
437.8580703694008 425.60441906140295
0.25 0.25 0.25 0.25
159.53662615186346
45.0
124.6858754056463 469.86100004232685
0
124.6858754056463 438.11524503422925
0.25 0.25 0.25 0.25
92.02375492344396
45.0
75.51118681071748 148.8515961425029
0
75.51118681071748 35.75855153279515
0.25 0.25 0.25 0.25
113.09304460970775
45.0
470.7258988153551 319.5748582027835
1
470.7258988153551 458.9875741612467
0.25 0.25 0.25 0.25
139.4127159584632
45.0
275.62541515872886 437.5908553300508
3
182.01774168603345 437.5908553300508
0.25 0.25 0.25 0.25
93.6076734726954
45.0
284.0057725743909 272.4945621588764
2
388.63151214200195 272.4945621588764
0.25 0.25 0.25 0.25
104.62573956761102
45.0
466.4009292296396 449.17883829220875
3
444.9548779239882 449.17883829220875
0.25 0.25 0.25 0.25
88.64419284637218
45.0
300.7892553007605 32.91526839722923
1
300.7892553007605 191.1204307141338
0.25 0.25 0.25 0.25
158.20516231690456
45.0
259.8975929300787 254.35935031913306
1
259.8975929300787 427.75109353638936
0.25 0.25 0.25 0.25
173.3917432172563
45.0
121.57684737396937 94.43611723635877
1
121.57684737396937 259.07720194274214
0.25 0.25 0.25 0.25
164.64108470638337
45.0
430.4561025433421 423.85369231229765
3
302.7417027525678 423.85369231229765
0.25 0.25 0.25 0.25
127.71439979077437
45.0
0.5405919677384645 258.68289567344925
0
0.5405919677384645 139.37812977371493
0.25 0.25 0.25 0.25
119.30476589973432
45.0
200.6007593620424 172.2052241046069
2
302.1481471646971 172.2052241046069
0.25 0.25 0.25 0.25
101.5473878026547
45.0
485.619565557261 292.7515869173818
3
374.6468900476807 292.7515869173818
0.25 0.25 0.25 0.25
139.7335443950583
45.0
416.6815913456968 325.8196721323499
1
416.6815913456968 431.29421869201417
0.25 0.25 0.25 0.25
105.47454655966426
45.0
296.69465403111224 160.95598516968062
0
296.69465403111224 49.70882512523963
0.25 0.25 0.25 0.25
111.24716004444099
45.0
