96608
150.41438159298622 467.90729226606845
0
150.41438159298622 435.2083354710835
0.25 0.25 0.25 0.25
96.88437226284809
45.0
190.16049140643906 213.50864040368515
0
190.16049140643906 89.06988209567893
0.25 0.25 0.25 0.25
124.43875830800623
45.0
179.5087808171653 174.25862338270747
0
179.5087808171653 8.805430624993278
0.25 0.25 0.25 0.25
165.4531927577142
45.0
186.48870116128478 451.8793124832406
3
60.02430072742416 451.8793124832406
0.25 0.25 0.25 0.25
126.46440043386062
45.0
438.0626298143826 88.80387907321897
1
438.0626298143826 12.864282065226774
0.25 0.25 0.25 0.25
101.66816113844574
45.0
371.76308392996384 343.876200119257
0
371.76308392996384 194.4690407354003
0.25 0.25 0.25 0.25
149.4071593838567
45.0
83.80683086452746 375.1251035030815
2
241.36161427053958 375.1251035030815
0.25 0.25 0.25 0.25
157.55478340601212
45.0
267.9693661705288 463.04463077180117
0
267.9693661705288 410.6914329604735
0.25 0.25 0.25 0.25
126.2639362677253
45.0
295.7118252614353 498.78616646411814
3
189.51175175465573 498.78616646411814
0.25 0.25 0.25 0.25
106.20007350677957
45.0
444.91931121635037 126.43185932345943
1
444.91931121635037 29.212157183323882
0.25 0.25 0.25 0.25
155.64401650678332
45.0
497.7245830682191 420.2855048022101
3
386.4530966804001 420.2855048022101
0.25 0.25 0.25 0.25
111.271486387819
45.0
461.44442996813723 104.99770645505032
1
461.44442996813723 261.8502527375556
0.25 0.25 0.25 0.25
156.85254628250527
45.0
195.2128915090578 208.1849372026205
2
334.03053940360064 208.1849372026205
0.25 0.25 0.25 0.25
138.81764789454283
45.0
283.30411665442114 221.9741290955724
0
283.30411665442114 104.34082631282268
0.25 0.25 0.25 0.25
117.63330278274972
45.0
16.568204275265032 279.1831398604876
2
158.74185157257992 279.1831398604876
0.25 0.25 0.25 0.25
142.1736472973149
45.0
248.32324729369657 130.51316305879755
1
248.32324729369657 244.13232808297653
0.25 0.25 0.25 0.25
113.61916502417898
45.0
34.50550001491246 377.6192979990724
0
34.50550001491246 486.08531793112377
0.25 0.25 0.25 0.25
136.29538406980382
45.0
66.64889282211365 181.33591080965243
2
39.134891158833895 181.33591080965243
0.25 0.25 0.25 0.25
105.78378398094755
45.0
208.20566015340552 349.68653171682513
2
376.27177726506284 349.68653171682513
0.25 0.25 0.25 0.25
168.06611711165732
45.0
326.198274502756 154.02462322682175
1
326.198274502756 301.3303310304841
0.25 0.25 0.25 0.25
147.30570780366236
45.0
71.26203957894654 68.62537843745002
2
82.54539146406267 68.62537843745002
0.25 0.25 0.25 0.25
11.283351885116138
45.0
80.32226178828307 207.46323759156957
0
80.32226178828307 159.96528580883992
0.25 0.25 0.25 0.25
47.49795178272964
45.0
243.02736627769843 475.763474817637
3
202.35178207916317 475.763474817637
0.25 0.25 0.25 0.25
40.67558419853525
45.0
414.0965091567771 296.6882957229579
2
447.402553566411 296.6882957229579
0.25 0.25 0.25 0.25
33.30604440963391
45.0
427.0331131825951 204.0699337892553
3
400.2310677174038 204.0699337892553
0.25 0.25 0.25 0.25
26.80204546519132
45.0
407.3412303830611 488.40850434011156
0
407.3412303830611 456.8862854255234
0.25 0.25 0.25 0.25
31.522218914588162
45.0
291.2220382943057 151.8884308600984
0
291.2220382943057 116.57760010960789
0.25 0.25 0.25 0.25
35.31083075049052
45.0
425.8871820857619 140.7668478134737
2
451.50677339036514 140.7668478134737
0.25 0.25 0.25 0.25
25.619591304603272
45.0
455.2293844519336 211.7558976646397
1
455.2293844519336 259.2183944574574
0.25 0.25 0.25 0.25
47.462496792817724
45.0
91.16217555867979 66.60152077914375
1
91.16217555867979 111.06946572691959
0.25 0.25 0.25 0.25
44.46794494777584
45.0
21.220749370388134 364.7551836625258
1
21.220749370388134 380.794075389149
0.25 0.25 0.25 0.25
16.038891726623223
45.0
335.3507766176415 312.1585907218491
2
372.92026013217406 312.1585907218491
0.25 0.25 0.25 0.25
37.5694835145326
45.0
32.15082747290212 196.7203467256577
0
32.15082747290212 189.28221427846574
0.25 0.25 0.25 0.25
7.4381324471919585
45.0
132.7421125358107 387.6075244825438
3
84.6492556842701 387.6075244825438
0.25 0.25 0.25 0.25
48.09285685154059
45.0
374.48129250780113 106.44130815831588
1
374.48129250780113 114.5639125678646
0.25 0.25 0.25 0.25
8.122604409548723
45.0
455.9385591979706 348.3328032378487
1
455.9385591979706 355.7667402735723
0.25 0.25 0.25 0.25
7.4339370357236145
45.0
285.5434681686341 395.99532024967255
1
285.5434681686341 435.5126691468051
0.25 0.25 0.25 0.25
39.51734889713256
45.0
296.33343424529176 323.7552123123204
3
274.34231691702007 323.7552123123204
0.25 0.25 0.25 0.25
21.99111732827168
45.0
79.59914801759555 78.02530937445542
0
79.59914801759555 45.86235950736104
0.25 0.25 0.25 0.25
32.162949867094376
45.0
243.8357173175252 79.286038334652
0
243.8357173175252 48.58173905330162
0.25 0.25 0.25 0.25
30.704299281350394
45.0
164.13661666707893 179.95767496116497
2
208.95728433601022 179.95767496116497
0.25 0.25 0.25 0.25
44.82066766893129
45.0
241.77383130937423 477.2609360036379
2
283.2989723796952 477.2609360036379
0.25 0.25 0.25 0.25
41.52514107032098
45.0
96.90119130554832 474.7855853399602
2
135.0700858005407 474.7855853399602
0.25 0.25 0.25 0.25
38.16889449499239
45.0
239.80695458334378 443.3904942566886
3
197.86315748986817 443.3904942566886
0.25 0.25 0.25 0.25
41.943797093475624
45.0
141.15848524333612 183.2253965938088
2
153.88496679654622 183.2253965938088
0.25 0.25 0.25 0.25
12.726481553210117
45.0
325.5322801772272 126.23025911230394
0
325.5322801772272 99.23034035431158
0.25 0.25 0.25 0.25
26.999918757992354
45.0
338.3297289665034 201.39511876727605
3
335.3159439161838 201.39511876727605
0.25 0.25 0.25 0.25
3.013785050319573
45.0
287.76027547247577 314.7543840700498
2
306.9711461722568 314.7543840700498
0.25 0.25 0.25 0.25
19.210870699781026
45.0
