96608
216.14247648431524 467.90729226606845
0
216.14247648431524 371.02292000322035
0.25 0.25 0.25 0.25
96.88437226284809
45.0
310.10931617849513 213.50864040368515
3
185.6705578704889 213.50864040368515
0.25 0.25 0.25 0.25
124.43875830800623
45.0
309.5699540022624 156.6477621327209
1
309.5699540022624 8.805430624993278
0.25 0.25 0.25 0.25
165.4531927577142
45.0
78.15530317732151 409.9410836120137
2
204.61970361118213 409.9410836120137
0.25 0.25 0.25 0.25
126.46440043386062
45.0
443.5875976627143 72.12226768876158
3
454.74424119884 72.12226768876158
0.25 0.25 0.25 0.25
101.66816113844574
45.0
417.61319961696086 240.31915642239727
1
417.61319961696086 389.726315806254
0.25 0.25 0.25 0.25
149.4071593838567
45.0
25.5357682633271 152.21054627888213
1
25.5357682633271 309.76532968489425
0.25 0.25 0.25 0.25
157.55478340601212
45.0
226.97488875857005 148.05207028322053
3
100.71095249084475 148.05207028322053
0.25 0.25 0.25 0.25
126.2639362677253
45.0
39.11233980889233 348.38675451835473
0
39.11233980889233 242.18668101157516
0.25 0.25 0.25 0.25
106.20007350677957
45.0
468.2915258045334 258.7036612420595
0
468.2915258045334 103.05964473527621
0.25 0.25 0.25 0.25
155.64401650678332
45.0
168.46095776832396 197.74253202657212
1
168.46095776832396 309.0140184143911
0.25 0.25 0.25 0.25
111.271486387819
45.0
283.7351997718206 365.5599323924655
0
283.7351997718206 208.70738610996023
0.25 0.25 0.25 0.25
156.85254628250527
45.0
221.24005217457065 69.45035858646514
1
221.24005217457065 69.36728930807769
0.25 0.25 0.25 0.25
138.81764789454283
45.0
69.59579169382803 307.4926597734286
2
187.22909447657776 307.4926597734286
0.25 0.25 0.25 0.25
117.63330278274972
45.0
443.0891461672097 436.4695655448826
0
443.0891461672097 421.3567871578025
0.25 0.25 0.25 0.25
142.1736472973149
45.0
112.13159705190674 301.39101182030754
2
225.75076207608572 301.39101182030754
0.25 0.25 0.25 0.25
113.61916502417898
45.0
443.39165222432393 77.19916572171229
1
443.39165222432393 59.096218348091526
0.25 0.25 0.25 0.25
136.29538406980382
45.0
278.21646078400875 498.687262752495
0
278.21646078400875 392.90347877154744
0.25 0.25 0.25 0.25
105.78378398094755
45.0
199.80895748346143 457.05724316168573
2
367.87507459511875 457.05724316168573
0.25 0.25 0.25 0.25
168.06611711165732
45.0
210.03252132473017 479.77599345978297
0
210.03252132473017 332.4702856561206
0.25 0.25 0.25 0.25
147.30570780366236
45.0
71.26203957894654 192.7422491737275
2
82.54539146406267 192.7422491737275
0.25 0.25 0.25 0.25
11.283351885116138
45.0
32.82431000555343 302.45914115702885
0
32.82431000555343 254.9611893742992
0.25 0.25 0.25 0.25
47.49795178272964
45.0
283.7029504762337 394.4123064205665
0
283.7029504762337 353.73672222203123
0.25 0.25 0.25 0.25
40.67558419853525
45.0
214.26024269897374 329.9943401325918
2
247.56628710860764 329.9943401325918
0.25 0.25 0.25 0.25
33.30604440963391
45.0
438.95665949144825 418.4862975107859
3
412.1546140262569 418.4862975107859
0.25 0.25 0.25 0.25
26.80204546519132
45.0
25.25882915435196 164.84708759941864
0
25.25882915435196 133.32486868483048
0.25 0.25 0.25 0.25
31.522218914588162
45.0
8.735392290381625 24.665722892354168
2
44.04622304087214 24.665722892354168
0.25 0.25 0.25 0.25
35.31083075049052
45.0
446.0148613912218 64.18988262335249
1
446.0148613912218 89.80947392795576
0.25 0.25 0.25 0.25
25.619591304603272
45.0
217.916900487845 21.905910493368786
2
265.3793972806627 21.905910493368786
0.25 0.25 0.25 0.25
47.462496792817724
45.0
224.5660104020073 310.84724995199457
0
224.5660104020073 266.37930500421874
0.25 0.25 0.25 0.25
44.46794494777584
45.0
58.97370926272798 396.8329671157722
2
75.0126009893512 396.8329671157722
0.25 0.25 0.25 0.25
16.038891726623223
45.0
364.09335526609783 25.966760908944295
3
326.52387175156525 25.966760908944295
0.25 0.25 0.25 0.25
37.5694835145326
45.0
84.21775460324585 181.8440818312738
3
76.77962215605389 181.8440818312738
0.25 0.25 0.25 0.25
7.4381324471919585
45.0
338.23646209724274 387.6075244825438
0
338.23646209724274 339.5146676310032
0.25 0.25 0.25 0.25
48.09285685154059
45.0
358.2360836887037 114.5639125678646
1
358.2360836887037 122.68651697741333
0.25 0.25 0.25 0.25
8.122604409548723
45.0
470.8064332694178 326.0309921306779
2
478.2403703051414 326.0309921306779
0.25 0.25 0.25 0.25
7.4339370357236145
45.0
465.2861608768844 475.0300180439376
0
465.2861608768844 435.5126691468051
0.25 0.25 0.25 0.25
39.51734889713256
45.0
472.26237287146523 477.6930336102222
3
450.27125554319355 477.6930336102222
0.25 0.25 0.25 0.25
21.99111732827168
45.0
143.9250477517843 211.44123942939393
3
111.76209788468992 211.44123942939393
0.25 0.25 0.25 0.25
32.162949867094376
45.0
182.42711875482442 74.23545807209996
0
182.42711875482442 43.531158790749565
0.25 0.25 0.25 0.25
30.704299281350394
45.0
164.13661666707893 224.77834263009626
2
208.95728433601022 224.77834263009626
0.25 0.25 0.25 0.25
44.82066766893129
45.0
467.55018119837905 190.53793543379442
3
426.0250401280581 190.53793543379442
0.25 0.25 0.25 0.25
41.52514107032098
45.0
58.73229681055594 372.5388366800702
2
96.90119130554832 372.5388366800702
0.25 0.25 0.25 0.25
38.16889449499239
45.0
113.97556330291694 472.7219115563601
2
155.91936039639256 472.7219115563601
0.25 0.25 0.25 0.25
41.943797093475624
45.0
166.61144834975633 323.2166936791201
0
166.61144834975633 310.49021212591
0.25 0.25 0.25 0.25
12.726481553210117
45.0
352.5321989352196 72.23042159631922
0
352.5321989352196 45.23050283832686
0.25 0.25 0.25 0.25
26.999918757992354
45.0
338.3297289665034 156.1883430124825
1
338.3297289665034 159.20212806280207
0.25 0.25 0.25 0.25
3.013785050319573
45.0
287.76027547247577 487.65222036807904
0
287.76027547247577 493.13690893213993
0.25 0.25 0.25 0.25
19.210870699781026
45.0
