96608
434.30739213239326 497.5208902141216
3
337.42301986954516 497.5208902141216
0.25 0.25 0.25 0.25
96.88437226284809
45.0
319.0891832503955 150.82776744843318
0
319.0891832503955 26.38900914042695
0.25 0.25 0.25 0.25
124.43875830800623
45.0
403.2087212045983 317.8692857792771
3
431.3380860376875 317.8692857792771
0.25 0.25 0.25 0.25
165.4531927577142
45.0
219.2314738280651 398.22588014112864
3
92.76707339420449 398.22588014112864
0.25 0.25 0.25 0.25
126.46440043386062
45.0
489.6859567994563 96.27233898751358
1
489.6859567994563 197.94050012595932
0.25 0.25 0.25 0.25
101.66816113844574
45.0
83.22844388064999 426.8732214457582
2
232.6356032645067 426.8732214457582
0.25 0.25 0.25 0.25
149.4071593838567
45.0
193.149429992382 226.25919170011855
1
193.149429992382 383.81397510613067
0.25 0.25 0.25 0.25
157.55478340601212
45.0
29.930521498228003 137.9405801414182
2
156.1944577659533 137.9405801414182
0.25 0.25 0.25 0.25
126.2639362677253
45.0
367.886557589414 315.21162833249474
1
367.886557589414 421.4117018392743
0.25 0.25 0.25 0.25
106.20007350677957
45.0
488.94478782434936 173.17628849982611
0
488.94478782434936 17.532271993042798
0.25 0.25 0.25 0.25
155.64401650678332
45.0
389.3398516611426 427.50239225406483
0
389.3398516611426 316.23090586624585
0.25 0.25 0.25 0.25
111.271486387819
45.0
48.196310551947136 144.60094771984996
1
48.196310551947136 301.4534940023552
0.25 0.25 0.25 0.25
156.85254628250527
45.0
442.32241848725573 264.82093595740855
1
442.32241848725573 403.63858385195135
0.25 0.25 0.25 0.25
138.81764789454283
45.0
481.1954250868248 365.7246794316671
0
481.1954250868248 248.09137664891736
0.25 0.25 0.25 0.25
117.63330278274972
45.0
130.03503805980566 137.76886419386565
2
12.138609237509229 137.76886419386565
0.25 0.25 0.25 0.25
142.1736472973149
45.0
90.31585077042064 15.380520162369066
2
23.303314253758344 15.380520162369066
0.25 0.25 0.25 0.25
113.61916502417898
45.0
489.32396373569713 284.25312451201023
0
489.32396373569713 147.95774044220641
0.25 0.25 0.25 0.25
136.29538406980382
45.0
211.1348765687157 97.9613925997213
1
211.1348765687157 203.74517658066884
0.25 0.25 0.25 0.25
105.78378398094755
45.0
73.72635372152422 230.0821436476421
0
73.72635372152422 62.01602653598479
0.25 0.25 0.25 0.25
168.06611711165732
45.0
365.7322944529127 225.61259093289232
3
218.42658664925034 225.61259093289232
0.25 0.25 0.25 0.25
147.30570780366236
45.0
41.57147927221489 346.4908577900174
3
30.288127387098747 346.4908577900174
0.25 0.25 0.25 0.25
11.283351885116138
45.0
252.16340069082443 74.98146054213052
0
252.16340069082443 27.483508759400877
0.25 0.25 0.25 0.25
47.49795178272964
45.0
89.27368158235596 191.03438542789013
0
89.27368158235596 150.35880122935487
0.25 0.25 0.25 0.25
40.67558419853525
45.0
313.35970821689244 396.6064289518596
1
313.35970821689244 429.9124733614935
0.25 0.25 0.25 0.25
33.30604440963391
45.0
259.66665902303 480.4147062290896
2
286.4687044882213 480.4147062290896
0.25 0.25 0.25 0.25
26.80204546519132
45.0
245.9143615564691 219.18052016177376
1
245.9143615564691 250.70273907636192
0.25 0.25 0.25 0.25
31.522218914588162
45.0
2.5613466958837563 413.08486114774996
2
32.74948405460676 413.08486114774996
0.25 0.25 0.25 0.25
35.31083075049052
45.0
498.08998312090097 475.77522173795
3
472.4703918162977 475.77522173795
0.25 0.25 0.25 0.25
25.619591304603272
45.0
24.779345965746238 364.36919855082874
2
72.24184275856396 364.36919855082874
0.25 0.25 0.25 0.25
47.462496792817724
45.0
220.1134390757511 0.42836468243636716
3
175.64549412797527 0.42836468243636716
0.25 0.25 0.25 0.25
44.46794494777584
45.0
385.340256744553 22.34974445407759
3
369.3013650179298 22.34974445407759
0.25 0.25 0.25 0.25
16.038891726623223
45.0
40.34405852768453 335.35201934400163
0
40.34405852768453 297.78253582946905
0.25 0.25 0.25 0.25
37.5694835145326
45.0
384.3845895698472 360.3592605638805
0
384.3845895698472 352.9211281166886
0.25 0.25 0.25 0.25
7.4381324471919585
45.0
315.1635460596206 147.14324022484078
2
363.2564029111612 147.14324022484078
0.25 0.25 0.25 0.25
48.09285685154059
45.0
171.41618226908292 325.7516272161315
3
163.2935778595342 325.7516272161315
0.25 0.25 0.25 0.25
8.122604409548723
45.0
255.22225923343336 281.42736991633626
1
255.22225923343336 288.86130695205986
0.25 0.25 0.25 0.25
7.4339370357236145
45.0
70.11267190555893 62.828072762158
0
70.11267190555893 23.310723865025444
0.25 0.25 0.25 0.25
39.51734889713256
45.0
275.43561628977193 116.06713425311324
2
297.4267336180436 116.06713425311324
0.25 0.25 0.25 0.25
21.99111732827168
45.0
377.9113591816684 471.6933924862234
0
377.9113591816684 496.14365764668224
0.25 0.25 0.25 0.25
32.162949867094376
45.0
80.66969849276586 280.9742570195415
2
111.37399777411625 280.9742570195415
0.25 0.25 0.25 0.25
30.704299281350394
45.0
119.31594899814766 328.36498925147066
3
74.49528132921637 328.36498925147066
0.25 0.25 0.25 0.25
44.82066766893129
45.0
34.14812595776932 183.1883341990944
1
34.14812595776932 224.7134752694154
0.25 0.25 0.25 0.25
41.52514107032098
45.0
239.0101160191855 120.57406147551877
1
239.0101160191855 158.74295597051116
0.25 0.25 0.25 0.25
38.16889449499239
45.0
334.1039442384854 395.4854476128237
1
334.1039442384854 437.4292447062993
0.25 0.25 0.25 0.25
41.943797093475624
45.0
87.918182714446 409.52719370346705
2
100.64466426765613 409.52719370346705
0.25 0.25 0.25 0.25
12.726481553210117
45.0
189.52968043298267 260.22684694798306
0
189.52968043298267 233.2269281899907
0.25 0.25 0.25 0.25
26.999918757992354
45.0
281.06781301043105 71.80236160353456
0
281.06781301043105 68.788576553215
0.25 0.25 0.25 0.25
3.013785050319573
45.0
423.0419404194222 127.09564202491379
2
442.2528111192032 127.09564202491379
0.25 0.25 0.25 0.25
19.210870699781026
45.0
