96608
212.72693633602432 184.08525577410597
1
212.72693633602432 280.9696280369541
0.25 0.25 0.25 0.25
96.88437226284809
45.0
296.6395155706446 480.3458911634983
3
172.20075726263838 480.3458911634983
0.25 0.25 0.25 0.25
124.43875830800623
45.0
86.86402259659963 200.33282285501002
0
86.86402259659963 34.87963009729583
0.25 0.25 0.25 0.25
165.4531927577142
45.0
125.01611706086163 84.20131465254374
2
251.48051749472225 84.20131465254374
0.25 0.25 0.25 0.25
126.46440043386062
45.0
221.99117116966386 57.01914913600589
1
221.99117116966386 44.64901200243985
0.25 0.25 0.25 0.25
101.66816113844574
45.0
169.73575920006658 426.8732214457582
2
319.1429185839233 426.8732214457582
0.25 0.25 0.25 0.25
149.4071593838567
45.0
424.15147306012705 82.39125982613598
1
424.15147306012705 75.16352357987614
0.25 0.25 0.25 0.25
157.55478340601212
45.0
86.22192462769492 158.16356042502298
2
40.04201164003038 158.16356042502298
0.25 0.25 0.25 0.25
126.2639362677253
45.0
74.7151330665161 109.58866569462344
1
74.7151330665161 215.78873920140302
0.25 0.25 0.25 0.25
106.20007350677957
45.0
378.78341025705043 227.61986006122385
3
223.13939375026712 227.61986006122385
0.25 0.25 0.25 0.25
155.64401650678332
45.0
499.1679605585907 423.172259782952
0
499.1679605585907 465.55625382922904
0.25 0.25 0.25 0.25
111.271486387819
45.0
244.13195850702095 46.633123742313046
3
87.27941222451568 46.633123742313046
0.25 0.25 0.25 0.25
156.85254628250527
45.0
418.85993361820147 347.0025850971633
0
418.85993361820147 208.1849372026205
0.25 0.25 0.25 0.25
138.81764789454283
45.0
128.52936943183016 163.5082567440794
3
10.896066649080439 163.5082567440794
0.25 0.25 0.25 0.25
117.63330278274972
45.0
414.38233265443546 132.98439527506994
1
414.38233265443546 275.15804257238483
0.25 0.25 0.25 0.25
142.1736472973149
45.0
249.07998622982132 211.8578098859889
0
249.07998622982132 98.23864486180992
0.25 0.25 0.25 0.25
113.61916502417898
45.0
101.78988405489139 285.754674976326
2
34.50550001491243 285.754674976326
0.25 0.25 0.25 0.25
136.29538406980382
45.0
19.3510998828273 357.47490473308847
2
86.43268409812025 357.47490473308847
0.25 0.25 0.25 0.25
105.78378398094755
45.0
73.72635372152405 423.3383687691312
0
73.72635372152405 255.27225165747387
0.25 0.25 0.25 0.25
168.06611711165732
45.0
48.374989544471646 479.77599345978297
2
195.680697348134 479.77599345978297
0.25 0.25 0.25 0.25
147.30570780366236
45.0
176.9717018936085 199.80728328350767
2
188.25505377872463 199.80728328350767
0.25 0.25 0.25 0.25
11.283351885116138
45.0
389.5712309136578 454.9650748039676
0
389.5712309136578 497.5369734133028
0.25 0.25 0.25 0.25
47.49795178272964
45.0
154.7798236088555 198.83185159408094
2
195.45540780739077 198.83185159408094
0.25 0.25 0.25 0.25
40.67558419853525
45.0
187.04962563859903 136.2902816022829
3
153.74358122896513 136.2902816022829
0.25 0.25 0.25 0.25
33.30604440963391
45.0
117.33211390915238 278.3668845841885
3
90.53006844396106 278.3668845841885
0.25 0.25 0.25 0.25
26.80204546519132
45.0
119.82548589811643 494.16948512624595
0
119.82548589811643 474.3082959591659
0.25 0.25 0.25 0.25
31.522218914588162
45.0
331.65556243656374 163.18516984636372
2
366.9663931870543 163.18516984636372
0.25 0.25 0.25 0.25
35.31083075049052
45.0
318.75284398867814 63.07213477919122
2
344.3724352932814 63.07213477919122
0.25 0.25 0.25 0.25
25.619591304603272
45.0
212.5331379983424 408.5441279928186
1
212.5331379983424 456.0066247856363
0.25 0.25 0.25 0.25
47.462496792817724
45.0
2.226285663128081 178.30014447353963
2
42.24165928464776 178.30014447353963
0.25 0.25 0.25 0.25
44.46794494777584
45.0
353.2624732913066 410.70033216474934
2
369.3013650179298 410.70033216474934
0.25 0.25 0.25 0.25
16.038891726623223
45.0
156.32073277475106 251.38366199613992
2
193.89021628928367 251.38366199613992
0.25 0.25 0.25 0.25
37.5694835145326
45.0
406.69898691142305 315.73046588072884
0
406.69898691142305 308.2923334335369
0.25 0.25 0.25 0.25
7.4381324471919585
45.0
228.927826238892 179.55676385359095
1
228.927826238892 227.64962070513155
0.25 0.25 0.25 0.25
48.09285685154059
45.0
366.3586880982524 480.08111099755735
3
358.2360836887037 480.08111099755735
0.25 0.25 0.25 0.25
8.122604409548723
45.0
113.9774555546849 430.1061106308083
0
113.9774555546849 422.6721735950847
0.25 0.25 0.25 0.25
7.4339370357236145
45.0
255.63313881953545 470.06783930516974
0
255.63313881953545 490.4148117976977
0.25 0.25 0.25 0.25
39.51734889713256
45.0
231.45338163322856 301.7640949840487
1
231.45338163322856 323.7552123123204
0.25 0.25 0.25 0.25
21.99111732827168
45.0
249.2595597132909 439.530442619129
3
217.09660984619654 439.530442619129
0.25 0.25 0.25 0.25
32.162949867094376
45.0
216.72877190273067 210.29453148206483
3
186.02447262138028 210.29453148206483
0.25 0.25 0.25 0.25
30.704299281350394
45.0
463.935979066086 254.3036904446361
0
463.935979066086 209.4830227757048
0.25 0.25 0.25 0.25
44.82066766893129
45.0
170.08096508153884 352.685512792675
0
170.08096508153884 311.16037172235406
0.25 0.25 0.25 0.25
41.52514107032098
45.0
315.3479050091703 55.05292473904778
2
353.5167995041627 55.05292473904778
0.25 0.25 0.25 0.25
38.16889449499239
45.0
43.39022960279517 17.30139307851772
1
43.39022960279517 59.24519017199334
0.25 0.25 0.25 0.25
41.943797093475624
45.0
26.62015126444506 78.63867332000387
1
26.62015126444506 91.365154873214
0.25 0.25 0.25 0.25
12.726481553210117
45.0
459.52886801290634 118.77502161819262
0
459.52886801290634 91.77510286020026
0.25 0.25 0.25 0.25
26.999918757992354
45.0
235.86103725563729 77.8299317041737
1
235.86103725563729 80.84371675449327
0.25 0.25 0.25 0.25
3.013785050319573
45.0
58.26455068649011 410.80873756895494
2
77.47542138627114 410.80873756895494
0.25 0.25 0.25 0.25
19.210870699781026
45.0
