96608
237.12310745840614 338.3239632082354
3
140.23873519555804 338.3239632082354
0.25 0.25 0.25 0.25
96.88437226284809
45.0
314.5992497144453 75.60008148782842
3
190.16049140643906 75.60008148782842
0.25 0.25 0.25 0.25
124.43875830800623
45.0
122.27423088340367 137.8544061141332
1
122.27423088340367 27.59878664358098
0.25 0.25 0.25 0.25
165.4531927577142
45.0
480.9789114206735 409.9410836120137
0
480.9789114206735 283.47668317815305
0.25 0.25 0.25 0.25
126.46440043386062
45.0
184.68147338411916 428.75007808917246
2
286.3496345225649 428.75007808917246
0.25 0.25 0.25 0.25
101.66816113844574
45.0
302.1993435972353 194.4690407354003
1
302.1993435972353 343.876200119257
0.25 0.25 0.25 0.25
149.4071593838567
45.0
67.28883725571495 200.4227305570397
2
224.84362066172707 200.4227305570397
0.25 0.25 0.25 0.25
157.55478340601212
45.0
333.01584474269055 367.11516492948306
0
333.01584474269055 240.85122866175777
0.25 0.25 0.25 0.25
126.2639362677253
45.0
394.284499399586 436.78543139632234
0
394.284499399586 330.58535788954276
0.25 0.25 0.25 0.25
106.20007350677957
45.0
332.038981080684 383.2638765680074
2
487.6829975874673 383.2638765680074
0.25 0.25 0.25 0.25
155.64401650678332
45.0
392.4473080343326 466.9996313196
3
281.1758216465136 466.9996313196
0.25 0.25 0.25 0.25
111.271486387819
45.0
49.771513425589774 144.08080812761887
2
107.0810328569155 144.08080812761887
0.25 0.25 0.25 0.25
156.85254628250527
45.0
54.145939541827545 347.0025850971633
1
54.145939541827545 485.8202329917061
0.25 0.25 0.25 0.25
138.81764789454283
45.0
400.9374194371709 307.25880708017405
3
481.42927778007936 307.25880708017405
0.25 0.25 0.25 0.25
117.63330278274972
45.0
149.1729137349885 156.9067398690485
1
149.1729137349885 299.0803871663634
0.25 0.25 0.25 0.25
142.1736472973149
45.0
475.56157734205453 279.57526553882144
3
361.94241231787555 279.57526553882144
0.25 0.25 0.25 0.25
113.61916502417898
45.0
372.87910173018327 331.6869864876992
0
372.87910173018327 195.39160241789537
0.25 0.25 0.25 0.25
136.29538406980382
45.0
431.94618893642837 219.3899593431214
3
326.16240495548084 219.3899593431214
0.25 0.25 0.25 0.25
105.78378398094755
45.0
359.47837192517477 204.89203563781012
3
472.45551096316785 204.89203563781012
0.25 0.25 0.25 0.25
168.06611711165732
45.0
45.04487433243787 101.0527724303463
1
45.04487433243787 248.35848023400865
0.25 0.25 0.25 0.25
147.30570780366236
45.0
436.48879525127956 123.19160360952432
1
436.48879525127956 134.47495549464045
0.25 0.25 0.25 0.25
11.283351885116138
45.0
17.21665433985396 444.9529965052177
0
17.21665433985396 397.4550447224881
0.25 0.25 0.25 0.25
47.49795178272964
45.0
470.1912665055286 320.85860418968673
3
429.5156823069933 320.85860418968673
0.25 0.25 0.25 0.25
40.67558419853525
45.0
81.03606506043806 103.80290490363193
3
47.73002065080415 103.80290490363193
0.25 0.25 0.25 0.25
33.30604440963391
45.0
123.88629527756956 257.67402471963794
0
123.88629527756956 230.87197925444661
0.25 0.25 0.25 0.25
26.80204546519132
45.0
438.86344929764925 213.41953937563935
1
438.86344929764925 244.9417582902275
0.25 0.25 0.25 0.25
31.522218914588162
45.0
496.91297720275105 48.67981465657937
0
496.91297720275105 13.36898390608885
0.25 0.25 0.25 0.25
35.31083075049052
45.0
215.43853964979246 193.1237782668415
3
189.8189483451892 193.1237782668415
0.25 0.25 0.25 0.25
25.619591304603272
45.0
357.01682351547026 499.8184457723739
3
309.55432672265255 499.8184457723739
0.25 0.25 0.25 0.25
47.462496792817724
45.0
442.4531638146303 422.3450803613504
0
442.4531638146303 377.8771354135746
0.25 0.25 0.25 0.25
44.46794494777584
45.0
470.30971771583813 378.62254871150293
0
470.30971771583813 362.5836569848797
0.25 0.25 0.25 0.25
16.038891726623223
45.0
228.1914761003475 326.53464561422913
0
228.1914761003475 288.96516209969656
0.25 0.25 0.25 0.25
37.5694835145326
45.0
109.1736890237451 442.17871748299194
2
116.61182147093706 442.17871748299194
0.25 0.25 0.25 0.25
7.4381324471919585
45.0
406.22930671348837 41.00753263940712
2
454.322163565029 41.00753263940712
0.25 0.25 0.25 0.25
48.09285685154059
45.0
252.6422263645702 455.71329776891116
1
252.6422263645702 463.8359021784599
0.25 0.25 0.25 0.25
8.122604409548723
45.0
484.58994451624056 348.3328032378487
0
484.58994451624056 340.8988662021251
0.25 0.25 0.25 0.25
7.4339370357236145
45.0
42.661600580112584 90.2791440876043
1
42.661600580112584 129.79649298473686
0.25 0.25 0.25 0.25
39.51734889713256
45.0
186.37784760393333 434.3424970766911
2
208.36896493220502 434.3424970766911
0.25 0.25 0.25 0.25
21.99111732827168
45.0
467.1709997230088 273.95156269709616
2
499.33394959010315 273.95156269709616
0.25 0.25 0.25 0.25
32.162949867094376
45.0
357.00839202491943 135.64405663480073
1
357.00839202491943 166.34835591615112
0.25 0.25 0.25 0.25
30.704299281350394
45.0
284.070060022234 75.02101976891095
0
284.070060022234 30.200352099979654
0.25 0.25 0.25 0.25
44.82066766893129
45.0
93.82391156549033 62.00952530042819
3
52.29877049516936 62.00952530042819
0.25 0.25 0.25 0.25
41.52514107032098
45.0
402.2523472654875 143.52546971011577
0
402.2523472654875 105.35657521512339
0.25 0.25 0.25 0.25
38.16889449499239
45.0
270.1697407817784 436.73936401327387
3
228.22594368830278 436.73936401327387
0.25 0.25 0.25 0.25
41.943797093475624
45.0
26.620151264445045 348.6696567855404
0
26.620151264445045 335.94317523233025
0.25 0.25 0.25 0.25
12.726481553210117
45.0
296.4688572108798 206.22700943199834
2
323.46877596887214 206.22700943199834
0.25 0.25 0.25 0.25
26.999918757992354
45.0
302.16430836266824 153.17455796216294
1
302.16430836266824 156.1883430124825
0.25 0.25 0.25 0.25
3.013785050319573
45.0
135.91360353409345 84.2239356726775
0
135.91360353409345 65.01306497289647
0.25 0.25 0.25 0.25
19.210870699781026
45.0
