96608
237.12310745840614 144.5552186825392
1
237.12310745840614 241.4395909453873
0.25 0.25 0.25 0.25
96.88437226284809
45.0
439.03800802245155 48.83867682017781
3
314.5992497144453 48.83867682017781
0.25 0.25 0.25 0.25
124.43875830800623
45.0
122.27423088340367 193.05197940129517
1
122.27423088340367 358.50517215900936
0.25 0.25 0.25 0.25
165.4531927577142
45.0
354.51451098681287 463.59451595412565
0
354.51451098681287 409.9410836120137
0.25 0.25 0.25 0.25
126.46440043386062
45.0
184.68147338411916 164.57727735704464
1
184.68147338411916 266.24543849549036
0.25 0.25 0.25 0.25
101.66816113844574
45.0
146.0221345543348 45.061881351543605
2
3.3850248295219103 45.061881351543605
0.25 0.25 0.25 0.25
149.4071593838567
45.0
90.26594615029717 272.24161966099666
0
90.26594615029717 114.68683625498454
0.25 0.25 0.25 0.25
157.55478340601212
45.0
80.48797220723996 367.11516492948306
2
206.75190847496526 367.11516492948306
0.25 0.25 0.25 0.25
126.2639362677253
45.0
499.5154270936344 330.58535788954276
1
499.5154270936344 436.78543139632234
0.25 0.25 0.25 0.25
106.20007350677957
45.0
176.39496457390067 227.61986006122407
2
332.038981080684 227.61986006122407
0.25 0.25 0.25 0.25
155.64401650678332
45.0
496.2812055778485 421.72888229258103
3
392.44730803433254 421.72888229258103
0.25 0.25 0.25 0.25
111.271486387819
45.0
107.0810328569155 12.771738154886407
1
107.0810328569155 169.62428443739168
0.25 0.25 0.25 0.25
156.85254628250527
45.0
223.48935624725812 375.3621191137511
0
223.48935624725812 485.8202329917061
0.25 0.25 0.25 0.25
138.81764789454283
45.0
283.30411665442114 424.8921098629238
2
400.9374194371709 424.8921098629238
0.25 0.25 0.25 0.25
117.63330278274972
45.0
277.34802815695616 14.733092571733607
1
277.34802815695616 156.9067398690485
0.25 0.25 0.25 0.25
142.1736472973149
45.0
361.94241231787555 165.95610051464246
2
475.56157734205453 165.95610051464246
0.25 0.25 0.25 0.25
113.61916502417898
45.0
372.87910173018327 395.7222453726931
0
372.87910173018327 467.98237055750303
0.25 0.25 0.25 0.25
136.29538406980382
45.0
356.48624310167656 219.3899593431214
1
356.48624310167656 325.17374332406894
0.25 0.25 0.25 0.25
105.78378398094755
45.0
191.41225481351745 372.95815274946744
2
359.47837192517477 372.95815274946744
0.25 0.25 0.25 0.25
168.06611711165732
45.0
102.26083347122449 46.25293537331606
2
45.04487433243787 46.25293537331606
0.25 0.25 0.25 0.25
147.30570780366236
45.0
447.7721471363957 134.47495549464045
0
447.7721471363957 123.19160360952432
0.25 0.25 0.25 0.25
11.283351885116138
45.0
112.21255790531325 444.9529965052177
1
112.21255790531325 492.4509482879473
0.25 0.25 0.25 0.25
47.49795178272964
45.0
470.1912665055286 320.85860418968673
3
429.5156823069933 320.85860418968673
0.25 0.25 0.25 0.25
40.67558419853525
45.0
147.6481538797059 103.80290490363193
1
147.6481538797059 137.10894931326584
0.25 0.25 0.25 0.25
33.30604440963391
45.0
43.480158881995585 284.47607018482927
2
70.2822043471869 284.47607018482927
0.25 0.25 0.25 0.25
26.80204546519132
45.0
466.56989395858625 181.89732046105118
2
498.0921128731744 181.89732046105118
0.25 0.25 0.25 0.25
31.522218914588162
45.0
496.91297720275105 21.941846844401667
3
461.6021464522605 21.941846844401667
0.25 0.25 0.25 0.25
35.31083075049052
45.0
266.677722258999 244.36296087604802
3
241.05813095439572 244.36296087604802
0.25 0.25 0.25 0.25
25.619591304603272
45.0
404.479320308288 452.35594897955616
1
404.479320308288 499.8184457723739
0.25 0.25 0.25 0.25
47.462496792817724
45.0
442.4531638146303 488.7190297430979
3
397.98521886685444 488.7190297430979
0.25 0.25 0.25 0.25
44.46794494777584
45.0
454.2708259892149 362.5836569848797
1
454.2708259892149 378.62254871150293
0.25 0.25 0.25 0.25
16.038891726623223
45.0
265.7609596148801 288.96516209969656
1
265.7609596148801 326.53464561422913
0.25 0.25 0.25 0.25
37.5694835145326
45.0
109.1736890237451 427.30245258860805
1
109.1736890237451 434.7405850358
0.25 0.25 0.25 0.25
7.4381324471919585
45.0
454.322163565029 89.1003894909477
3
497.5849795834304 89.1003894909477
0.25 0.25 0.25 0.25
48.09285685154059
45.0
268.88743518366766 439.4680889498137
1
268.88743518366766 447.59069335936243
0.25 0.25 0.25 0.25
8.122604409548723
45.0
477.15600748051696 355.7667402735723
2
484.58994451624056 355.7667402735723
0.25 0.25 0.25 0.25
7.4339370357236145
45.0
42.661600580112584 169.31384188186942
1
42.661600580112584 208.831190779002
0.25 0.25 0.25 0.25
39.51734889713256
45.0
230.3600822604767 390.3602624201477
1
230.3600822604767 412.3513797484194
0.25 0.25 0.25 0.25
21.99111732827168
45.0
402.84509998882004 273.95156269709616
0
402.84509998882004 241.7886128300018
0.25 0.25 0.25 0.25
32.162949867094376
45.0
387.71269130626985 227.7569544788519
0
387.71269130626985 197.0526551975015
0.25 0.25 0.25 0.25
30.704299281350394
45.0
284.070060022234 14.62031556895164
1
284.070060022234 30.200352099979654
0.25 0.25 0.25 0.25
44.82066766893129
45.0
135.34905263581132 103.53466637074916
1
135.34905263581132 145.05980744107015
0.25 0.25 0.25 0.25
41.52514107032098
45.0
364.0834527704951 258.032153195093
0
364.0834527704951 219.86325870010057
0.25 0.25 0.25 0.25
38.16889449499239
45.0
228.22594368830278 478.6831611067495
0
228.22594368830278 436.73936401327387
0.25 0.25 0.25 0.25
41.943797093475624
45.0
26.620151264445045 348.6696567855404
1
26.620151264445045 361.3961383387505
0.25 0.25 0.25 0.25
12.726481553210117
45.0
269.4689384528874 233.2269281899907
1
269.4689384528874 260.22684694798306
0.25 0.25 0.25 0.25
26.999918757992354
45.0
302.16430836266824 153.17455796216294
0
302.16430836266824 150.16077291184337
0.25 0.25 0.25 0.25
3.013785050319573
45.0
174.3353449336555 84.2239356726775
0
174.3353449336555 65.01306497289647
0.25 0.25 0.25 0.25
19.210870699781026
45.0
