96608
334.00747972125424 466.3646128426026
0
334.00747972125424 369.4802405797545
0.25 0.25 0.25 0.25
96.88437226284809
45.0
56.741866026532506 89.06988209567892
2
67.69689228147372 89.06988209567892
0.25 0.25 0.25 0.25
124.43875830800623
45.0
223.1938415394544 137.8544061141332
1
223.1938415394544 303.3075988718474
0.25 0.25 0.25 0.25
165.4531927577142
45.0
151.34309074862963 18.83267883954676
3
24.878690314769017 18.83267883954676
0.25 0.25 0.25 0.25
126.46440043386062
45.0
371.33618427655324 22.07743353538953
1
371.33618427655324 123.74559467383527
0.25 0.25 0.25 0.25
101.66816113844574
45.0
295.4292939381915 403.1595968000265
0
295.4292939381915 447.4332438161167
0.25 0.25 0.25 0.25
149.4071593838567
45.0
302.49202912023657 213.34096112857912
2
460.0468125262487 213.34096112857912
0.25 0.25 0.25 0.25
157.55478340601212
45.0
206.75190847496526 243.9815361255388
3
80.48797220723996 243.9815361255388
0.25 0.25 0.25 0.25
126.2639362677253
45.0
92.51652969532807 374.78469632852665
2
13.6835438114515 374.78469632852665
0.25 0.25 0.25 0.25
106.20007350677957
45.0
398.1748820399841 138.11174451374086
3
242.53086553320077 138.11174451374086
0.25 0.25 0.25 0.25
155.64401650678332
45.0
161.02336892402082 199.18590951694307
0
161.02336892402082 87.91442312912406
0.25 0.25 0.25 0.25
111.271486387819
45.0
206.62405970809505 149.82266380499186
1
206.62405970809505 306.67521008749713
0.25 0.25 0.25 0.25
156.85254628250527
45.0
334.03053940360064 485.9033022700936
0
334.03053940360064 347.0856543755508
0.25 0.25 0.25 0.25
138.81764789454283
45.0
165.6708138716714 281.14155952682916
1
165.6708138716714 398.7748623095789
0.25 0.25 0.25 0.25
117.63330278274972
45.0
135.17438085964127 294.29591824756767
1
135.17438085964127 436.4695655448826
0.25 0.25 0.25 0.25
142.1736472973149
45.0
1.4875679722722452 197.47387977550534
2
112.13159705190674 197.47387977550534
0.25 0.25 0.25 0.25
113.61916502417898
45.0
489.32396373569713 167.5622382801429
3
353.0285796658933 167.5622382801429
0.25 0.25 0.25 0.25
136.29538406980382
45.0
182.3245724410645 203.74517658066884
3
76.54078846011696 203.74517658066884
0.25 0.25 0.25 0.25
105.78378398094755
45.0
73.7263537215241 188.09863029792223
2
94.33976339013321 188.09863029792223
0.25 0.25 0.25 0.25
168.06611711165732
45.0
76.18482895807438 457.03010415866663
0
76.18482895807438 395.664188037671
0.25 0.25 0.25 0.25
147.30570780366236
45.0
402.63873959593116 44.20814041371138
0
402.63873959593116 32.924788528595236
0.25 0.25 0.25 0.25
11.283351885116138
45.0
77.77924922560533 64.96938224338064
0
77.77924922560533 17.471430460650993
0.25 0.25 0.25 0.25
47.49795178272964
45.0
390.8923759354842 109.68321703081962
0
390.8923759354842 69.00763283228437
0.25 0.25 0.25 0.25
40.67558419853525
45.0
352.7611799757856 462.39985006014444
3
319.4551355661517 462.39985006014444
0.25 0.25 0.25 0.25
33.30604440963391
45.0
438.95665949144825 37.14847539746661
3
412.1546140262569 37.14847539746661
0.25 0.25 0.25 0.25
26.80204546519132
45.0
498.0921128731744 24.286225888110373
1
498.0921128731744 7.235993026477789
0.25 0.25 0.25 0.25
31.522218914588162
45.0
315.23613005853093 269.11766209783525
3
279.9252993080404 269.11766209783525
0.25 0.25 0.25 0.25
35.31083075049052
45.0
348.19246905147946 268.0288652160174
3
322.5728777468762 268.0288652160174
0.25 0.25 0.25 0.25
25.619591304603272
45.0
214.6293331370171 496.530878421546
3
167.1668363441994 496.530878421546
0.25 0.25 0.25 0.25
47.462496792817724
45.0
290.73916649871467 44.03958026533953
2
335.2071114464905 44.03958026533953
0.25 0.25 0.25 0.25
44.46794494777584
45.0
433.45693192442263 410.70033216474934
2
449.49582365104584 410.70033216474934
0.25 0.25 0.25 0.25
16.038891726623223
45.0
340.8999266439453 335.3400027549776
0
340.8999266439453 297.770519240445
0.25 0.25 0.25 0.25
37.5694835145326
45.0
161.24061615408877 345.48299566949663
2
168.67874860128072 345.48299566949663
0.25 0.25 0.25 0.25
7.4381324471919585
45.0
497.5849795834304 137.1932463424883
1
497.5849795834304 185.2861031940289
0.25 0.25 0.25 0.25
48.09285685154059
45.0
358.2360836887037 317.6290228065828
1
358.2360836887037 325.7516272161315
0.25 0.25 0.25 0.25
8.122604409548723
45.0
389.0331258764582 480.6866449405085
2
396.4670629121818 480.6866449405085
0.25 0.25 0.25 0.25
7.4339370357236145
45.0
404.0955148600317 304.89434488372126
0
404.0955148600317 265.3769959865887
0.25 0.25 0.25 0.25
39.51734889713256
45.0
274.34231691702007 346.37802776360434
3
252.3511995887484 346.37802776360434
0.25 0.25 0.25 0.25
21.99111732827168
45.0
464.2224456029343 79.84088584094192
3
432.0594957358399 79.84088584094192
0.25 0.25 0.25 0.25
32.162949867094376
45.0
493.06746543488435 411.98275016695436
0
493.06746543488435 381.27845088560395
0.25 0.25 0.25 0.25
30.704299281350394
45.0
357.3645986263159 240.35837916112428
2
402.1852662952472 240.35837916112428
0.25 0.25 0.25 0.25
44.82066766893129
45.0
407.8743955906581 439.6887818557202
0
407.8743955906581 398.16364078539925
0.25 0.25 0.25 0.25
41.52514107032098
45.0
246.61885914938318 352.6701587247853
3
208.44996465439078 352.6701587247853
0.25 0.25 0.25 0.25
38.16889449499239
45.0
221.57481344488804 310.90797273284704
0
221.57481344488804 268.96417563937143
0.25 0.25 0.25 0.25
41.943797093475624
45.0
115.70552213691589 488.66095387085187
3
102.97904058370577 488.66095387085187
0.25 0.25 0.25 0.25
12.726481553210117
45.0
458.46836975883394 368.2265219799525
3
431.4684510008416 368.2265219799525
0.25 0.25 0.25 0.25
26.999918757992354
45.0
232.84725220531772 180.29862341503906
1
232.84725220531772 183.31240846535863
0.25 0.25 0.25 0.25
3.013785050319573
45.0
462.4984054303709 103.43480637245852
1
462.4984054303709 122.64567707223955
0.25 0.25 0.25 0.25
19.210870699781026
45.0
