96608
178.15511881621438 431.7927953227926
0
178.15511881621438 471.32283241435937
0.25 0.25 0.25 0.25
96.88437226284809
45.0
196.62558412543012 26.38900914042695
1
196.62558412543012 150.82776744843318
0.25 0.25 0.25 0.25
124.43875830800623
45.0
265.8848932799733 123.29271920670351
2
431.3380860376875 123.29271920670351
0.25 0.25 0.25 0.25
165.4531927577142
45.0
357.4110777328108 95.91651812342883
1
357.4110777328108 222.38091855728945
0.25 0.25 0.25 0.25
126.46440043386062
45.0
35.336460277229705 112.95395037197083
2
137.00462141567544 112.95395037197083
0.25 0.25 0.25 0.25
101.66816113844574
45.0
169.73575920006658 335.17299007176433
1
169.73575920006658 484.58014945562104
0.25 0.25 0.25 0.25
149.4071593838567
45.0
375.9392887819695 34.179075547978414
1
375.9392887819695 123.3757078580337
0.25 0.25 0.25 0.25
157.55478340601212
45.0
338.74979716314556 390.46845267686876
0
338.74979716314556 264.2045164091435
0.25 0.25 0.25 0.25
126.2639362677253
45.0
419.71329539702697 277.7894742691987
1
419.71329539702697 383.9895477759783
0.25 0.25 0.25 0.25
106.20007350677957
45.0
465.57257323616625 484.46432151339263
3
309.92855672938293 484.46432151339263
0.25 0.25 0.25 0.25
155.64401650678332
45.0
55.5253924976856 17.58355329721114
2
55.746093890133395 17.58355329721114
0.25 0.25 0.25 0.25
111.271486387819
45.0
28.394689919547318 110.21942254019223
1
28.394689919547318 46.633123742313046
0.25 0.25 0.25 0.25
156.85254628250527
45.0
141.22463782911584 97.72682332466545
1
141.22463782911584 41.090824569877384
0.25 0.25 0.25 0.25
138.81764789454283
45.0
224.6043916096735 105.04238439258637
2
342.23769439242324 105.04238439258637
0.25 0.25 0.25 0.25
117.63330278274972
45.0
125.25056914100995 146.57843040076412
2
16.92307815630494 146.57843040076412
0.25 0.25 0.25 0.25
142.1736472973149
45.0
135.46082120564233 220.04636499311619
3
21.84165618146335 220.04636499311619
0.25 0.25 0.25 0.25
113.61916502417898
45.0
284.0175796360684 260.92841176720503
2
420.3129637058722 260.92841176720503
0.25 0.25 0.25 0.25
136.29538406980382
45.0
413.6759316789662 367.36680037109176
0
413.6759316789662 261.5830163901442
0.25 0.25 0.25 0.25
105.78378398094755
45.0
56.932948381636265 62.01602653598468
2
111.13316873002105 62.01602653598468
0.25 0.25 0.25 0.25
168.06611711165732
45.0
249.56654127488684 37.85887004879589
1
249.56654127488684 109.44683775486646
0.25 0.25 0.25 0.25
147.30570780366236
45.0
75.4215349275633 323.92415401978514
0
75.4215349275633 312.640802134669
0.25 0.25 0.25 0.25
11.283351885116138
45.0
342.0732791309282 312.47121945577874
3
294.5753273481986 312.47121945577874
0.25 0.25 0.25 0.25
47.49795178272964
45.0
170.62484997942647 256.39704075599764
3
129.9492657808912 256.39704075599764
0.25 0.25 0.25 0.25
40.67558419853525
45.0
13.605308530187315 396.6064289518596
2
46.91135293982123 396.6064289518596
0.25 0.25 0.25 0.25
33.30604440963391
45.0
499.1149317902481 265.99834250755896
1
499.1149317902481 292.8003879727503
0.25 0.25 0.25 0.25
26.80204546519132
45.0
119.82548589811643 305.03617163871695
1
119.82548589811643 336.5583905533051
0.25 0.25 0.25 0.25
31.522218914588162
45.0
32.74948405460676 163.18516984636372
1
32.74948405460676 198.49600059685423
0.25 0.25 0.25 0.25
35.31083075049052
45.0
216.2744787702651 90.6454130484284
0
216.2744787702651 65.02582174382512
0.25 0.25 0.25 0.25
25.619591304603272
45.0
309.55432672265255 303.39332389944724
1
309.55432672265255 350.85582069226496
0.25 0.25 0.25 0.25
47.462496792817724
45.0
46.69423061090392 422.3450803613504
3
2.226285663128081 422.3450803613504
0.25 0.25 0.25 0.25
44.46794494777584
45.0
481.57360710429225 186.15584799202432
0
481.57360710429225 170.1169562654011
0.25 0.25 0.25 0.25
16.038891726623223
45.0
204.99804747819496 410.4909863730668
3
167.42856396366236 410.4909863730668
0.25 0.25 0.25 0.25
37.5694835145326
45.0
369.5083246754633 293.416068539153
2
376.94645712265526 293.416068539153
0.25 0.25 0.25 0.25
7.4381324471919585
45.0
132.74211253581078 275.74247755667204
3
84.64925568427019 275.74247755667204
0.25 0.25 0.25 0.25
48.09285685154059
45.0
244.51962195502148 390.73246249252134
2
252.6422263645702 390.73246249252134
0.25 0.25 0.25 0.25
8.122604409548723
45.0
76.80777037606681 363.2006773092959
0
76.80777037606681 355.7667402735723
0.25 0.25 0.25 0.25
7.4339370357236145
45.0
58.04639433387266 114.41169923097681
2
97.56374323100522 114.41169923097681
0.25 0.25 0.25 0.25
39.51734889713256
45.0
319.4178509463153 477.6930336102222
2
341.408968274587 477.6930336102222
0.25 0.25 0.25 0.25
21.99111732827168
45.0
396.94799174867103 463.9807077795879
2
429.1109416157654 463.9807077795879
0.25 0.25 0.25 0.25
32.162949867094376
45.0
28.90562234807247 421.2538771417303
2
59.609921629422864 421.2538771417303
0.25 0.25 0.25 0.25
30.704299281350394
45.0
118.73270063002064 402.71100473494175
3
73.91203296108935 402.71100473494175
0.25 0.25 0.25 0.25
44.82066766893129
45.0
120.595022410708 58.61291098813147
1
120.595022410708 100.13805205845244
0.25 0.25 0.25 0.25
41.52514107032098
45.0
257.1855124157156 337.45267246438993
2
295.354406910708 337.45267246438993
0.25 0.25 0.25 0.25
38.16889449499239
45.0
459.9353355189122 479.3730417997749
3
417.9915384254366 479.3730417997749
0.25 0.25 0.25 0.25
41.943797093475624
45.0
1.1671881580248247 358.6212674906265
2
11.559293395185293 358.6212674906265
0.25 0.25 0.25 0.25
12.726481553210117
45.0
161.46926342091797 199.7747778921697
0
161.46926342091797 172.77485913417735
0.25 0.25 0.25 0.25
26.999918757992354
45.0
284.08159806075065 77.8299317041737
3
281.06781301043105 77.8299317041737
0.25 0.25 0.25 0.25
3.013785050319573
45.0
230.93323342161193 69.46302992557071
2
250.14410412139296 69.46302992557071
0.25 0.25 0.25 0.25
19.210870699781026
45.0
