81566
275.3981777801265 247.42049274222813
2
428.34524935233685 247.42049274222813
0.25 0.25 0.25 0.25
152.94707157221035
45.0
474.6167192999577 226.25654621919261
3
404.93317092417317 226.25654621919261
0.25 0.25 0.25 0.25
120.45010977586912
45.0
156.0326339898623 253.75750509042845
1
156.0326339898623 343.24278768330566
0.25 0.25 0.25 0.25
89.48528259287721
45.0
15.308159899738428 251.88804018623952
1
15.308159899738428 425.6694126061328
0.25 0.25 0.25 0.25
173.7813724198933
45.0
45.83106817400159 205.59463908171858
0
45.83106817400159 58.13350997607549
0.25 0.25 0.25 0.25
147.4611291056431
45.0
415.65817908837244 333.21273279115087
0
415.65817908837244 239.85090751644293
0.25 0.25 0.25 0.25
93.36182527470794
45.0
57.180102958269515 208.80830890833826
0
57.180102958269515 73.3939830147412
0.25 0.25 0.25 0.25
135.41432589359707
45.0
183.7501937139079 174.9011909955655
1
183.7501937139079 272.65083268179285
0.25 0.25 0.25 0.25
97.74964168622735
45.0
291.12786679969946 321.95165138142374
3
119.02775644002884 321.95165138142374
0.25 0.25 0.25 0.25
172.10011035967062
45.0
141.51422067638418 152.16987303854057
2
296.0774948137471 152.16987303854057
0.25 0.25 0.25 0.25
154.5632741373629
45.0
236.7117078596028 348.7125130835724
0
236.7117078596028 175.9060306963581
0.25 0.25 0.25 0.25
172.8064823872143
45.0
24.456981269778453 352.83890547970555
2
127.95976083372307 352.83890547970555
0.25 0.25 0.25 0.25
152.41674210350152
45.0
19.61345477682272 171.00508623331518
0
19.61345477682272 14.289128922830571
0.25 0.25 0.25 0.25
156.7159573104846
45.0
12.35352509367766 488.32128713068795
2
150.72693690155086 488.32128713068795
0.25 0.25 0.25 0.25
163.08046199522852
45.0
241.96585533113594 130.87159593151662
1
241.96585533113594 11.356405386809968
0.25 0.25 0.25 0.25
142.2280013183266
45.0
187.58888030703739 338.87473329912405
1
187.58888030703739 444.57227541471855
0.25 0.25 0.25 0.25
105.69754211559447
45.0
213.1019387281556 165.39984763696748
0
213.1019387281556 59.5633454112411
0.25 0.25 0.25 0.25
105.83650222572638
45.0
326.1160528459009 248.949396071078
2
424.72105523251105 248.949396071078
0.25 0.25 0.25 0.25
98.60500238661012
45.0
488.42530902497197 253.93941947224403
0
488.42530902497197 107.1855151888335
0.25 0.25 0.25 0.25
146.75390428341052
45.0
463.06058516589496 297.304160702322
1
463.06058516589496 441.2333329570306
0.25 0.25 0.25 0.25
143.9291722547086
45.0
159.0711842072311 126.34767720495145
2
188.01897939987433 126.34767720495145
0.25 0.25 0.25 0.25
28.947795192643206
45.0
267.7767297465942 55.63430378292168
2
271.9428642939462 55.63430378292168
0.25 0.25 0.25 0.25
4.1661345473519855
45.0
357.4127396138111 243.7003385083047
3
346.6434556153804 243.7003385083047
0.25 0.25 0.25 0.25
10.769283998430701
45.0
54.602378711926406 346.1582312443006
0
54.602378711926406 325.7990826016956
0.25 0.25 0.25 0.25
20.359148642605046
45.0
253.00042263088076 86.89565592389283
3
206.6991281793833 86.89565592389283
0.25 0.25 0.25 0.25
46.30129445149745
45.0
232.24072177231716 135.2733771856824
3
208.42694803228744 135.2733771856824
0.25 0.25 0.25 0.25
23.81377374002972
45.0
175.9799810563471 435.29049400191826
0
175.9799810563471 405.3495784238512
0.25 0.25 0.25 0.25
29.940915578067045
45.0
253.04179420436841 257.9581270003441
2
284.4986034547934 257.9581270003441
0.25 0.25 0.25 0.25
31.45680925042497
45.0
151.81750305366444 310.2772786980403
2
191.5424821284405 310.2772786980403
0.25 0.25 0.25 0.25
39.724979074776066
45.0
294.11647638620605 450.99480548300687
0
294.11647638620605 416.92373582963114
0.25 0.25 0.25 0.25
34.071069653375744
45.0
85.4730760461685 239.86879002500604
3
84.05141859433628 239.86879002500604
0.25 0.25 0.25 0.25
1.42165745183222
45.0
72.8707075360728 210.03705728815072
1
72.8707075360728 223.54629502987206
0.25 0.25 0.25 0.25
13.509237741721346
45.0
386.5845802328058 136.45456215628184
0
386.5845802328058 120.28714362296382
0.25 0.25 0.25 0.25
16.167418533318013
45.0
155.87304431315127 140.33409361434144
3
139.82851211204888 140.33409361434144
0.25 0.25 0.25 0.25
16.044532201102374
45.0
54.03364372999399 26.436508545090838
3
8.129466458377763 26.436508545090838
0.25 0.25 0.25 0.25
45.90417727161623
45.0
101.7179134909378 220.71350617923628
2
119.79420751053323 220.71350617923628
0.25 0.25 0.25 0.25
18.07629401959542
45.0
247.3847940059916 232.21150104707897
0
247.3847940059916 229.1415747288252
0.25 0.25 0.25 0.25
3.0699263182537795
45.0
461.37606069501703 244.0985556407105
1
461.37606069501703 256.33477606407774
0.25 0.25 0.25 0.25
12.23622042336725
45.0
88.44704732199949 8.892029676672708
1
88.44704732199949 19.320505562337537
0.25 0.25 0.25 0.25
10.42847588566483
45.0
475.11949103850543 219.83672224482928
3
435.1662681697535 219.83672224482928
0.25 0.25 0.25 0.25
39.95322286875192
45.0
252.44473573033196 105.17278513058795
1
252.44473573033196 131.6174285235793
0.25 0.25 0.25 0.25
26.44464339299133
45.0
333.2144224590438 116.75830652451903
3
329.19411480780263 116.75830652451903
0.25 0.25 0.25 0.25
4.020307651241173
45.0
127.19996832751826 155.15084182293847
2
137.03687730904258 155.15084182293847
0.25 0.25 0.25 0.25
9.836908981524322
45.0
156.8210289659553 438.59069803624766
2
198.7615308524405 438.59069803624766
0.25 0.25 0.25 0.25
41.94050188648522
45.0
243.37596394213136 209.36589025667553
2
289.69433969206534 209.36589025667553
0.25 0.25 0.25 0.25
46.31837574993396
45.0
368.45886057129246 84.07829624671123
1
368.45886057129246 132.54855095526375
0.25 0.25 0.25 0.25
48.47025470855251
45.0
333.58968148468193 260.4188613310398
2
355.04297015100894 260.4188613310398
0.25 0.25 0.25 0.25
21.45328866632701
45.0
415.8471323419745 490.50703056583
2
458.48997146625334 490.50703056583
0.25 0.25 0.25 0.25
42.64283912427883
45.0
