36987
258.9767955505563 92.08401434351711
1
258.9767955505563 67.41030714871084
0.25 0.25 0.25 0.25
159.49432149222795
45.0
84.46231103374339 311.91336600075834
2
46.059459204622215 311.91336600075834
0.25 0.25 0.25 0.25
130.5217702383656
45.0
436.69643884732 180.30877696422905
3
307.52620910689507 180.30877696422905
0.25 0.25 0.25 0.25
129.17022974042496
45.0
459.752688842991 430.53030170231
0
459.752688842991 265.54946302185124
0.25 0.25 0.25 0.25
164.98083868045873
45.0
248.80910543012885 363.18666732468546
3
99.46023559569642 363.18666732468546
0.25 0.25 0.25 0.25
149.34886983443243
45.0
378.57770344370374 369.86243798954536
2
482.00466568922 369.86243798954536
0.25 0.25 0.25 0.25
103.42696224551625
45.0
343.7931047378649 21.968334300155846
1
343.7931047378649 95.63903356149092
0.25 0.25 0.25 0.25
117.60736786164676
45.0
61.48035033833074 18.53720274294332
1
61.48035033833074 83.4069174225909
0.25 0.25 0.25 0.25
101.94412016553422
45.0
364.991983346908 257.6441361008774
1
364.991983346908 423.89767146642305
0.25 0.25 0.25 0.25
166.25353536554567
45.0
37.5409520783836 480.9804713003339
0
37.5409520783836 376.7521922217458
0.25 0.25 0.25 0.25
104.22827907858807
45.0
417.3666024861578 457.2460915035414
0
417.3666024861578 415.5256552579547
0.25 0.25 0.25 0.25
41.720436245586676
45.0
197.02928204471777 337.3817744581347
2
202.96299467452934 337.3817744581347
0.25 0.25 0.25 0.25
5.933712629811566
45.0
129.1999821960278 77.09702986267513
3
105.85542426928231 77.09702986267513
0.25 0.25 0.25 0.25
23.344557926745495
45.0
231.89629523452635 66.3390509668072
2
247.5730760414397 66.3390509668072
0.25 0.25 0.25 0.25
15.67678080691335
45.0
58.46275737511206 69.62739941105303
0
58.46275737511206 36.90022968288093
0.25 0.25 0.25 0.25
32.7271697281721
45.0
320.2566169970204 120.46092126293564
3
308.61764518673834 120.46092126293564
0.25 0.25 0.25 0.25
11.63897181028204
45.0
87.35142983719305 418.412882638096
1
87.35142983719305 420.28658228913827
0.25 0.25 0.25 0.25
1.873699651042271
45.0
18.253329256013487 168.19083213842245
0
18.253329256013487 165.02204202583653
0.25 0.25 0.25 0.25
3.1687901125859117
45.0
182.99060727285223 195.44139004293777
2
230.04227373010644 195.44139004293777
0.25 0.25 0.25 0.25
47.05166645725423
45.0
112.50628866295449 36.55323724050345
3
76.94323045141647 36.55323724050345
0.25 0.25 0.25 0.25
35.56305821153802
45.0
132.52074425476388 82.23602451316715
1
132.52074425476388 86.4005181333604
0.25 0.25 0.25 0.25
4.164493620193249
45.0
74.51931095275239 4.787145144527072
2
77.62301490416611 4.787145144527072
0.25 0.25 0.25 0.25
3.1037039514137166
45.0
477.7316353418888 236.28879577358936
3
487.8434359059272 236.28879577358936
0.25 0.25 0.25 0.25
34.42492875218393
45.0
72.72915491170909 454.9770087302282
1
72.72915491170909 459.71826739275303
0.25 0.25 0.25 0.25
4.741258662524866
45.0
436.0810339034212 60.03360001246014
1
436.0810339034212 72.56410649965888
0.25 0.25 0.25 0.25
12.530506487198739
45.0
66.4304825119201 369.36270799472425
1
66.4304825119201 405.2964967650863
0.25 0.25 0.25 0.25
35.933788770362064
45.0
72.69725560119937 323.12279219692834
2
104.55354657144723 323.12279219692834
0.25 0.25 0.25 0.25
31.85629097024785
45.0
42.005568867987115 26.110603820022718
2
6.062760973966263 26.110603820022718
0.25 0.25 0.25 0.25
48.06832984195338
45.0
75.83173826435277 388.2447753000258
0
75.83173826435277 357.23889421584516
0.25 0.25 0.25 0.25
31.005881084180643
45.0
280.2028624781826 133.1703928905254
2
305.03163586069405 133.1703928905254
0.25 0.25 0.25 0.25
24.82877338251145
45.0
373.2195666188925 471.21990201440053
0
373.2195666188925 484.4846799799643
0.25 0.25 0.25 0.25
44.29541800563517
45.0
169.08813180197308 0.09620852765309706
3
154.22983095869714 0.09620852765309706
0.25 0.25 0.25 0.25
14.858300843275934
45.0
339.35699877289363 241.34250418456074
1
339.35699877289363 277.47680642006014
0.25 0.25 0.25 0.25
36.1343022354994
45.0
350.8144022154308 362.7654966307536
3
312.04931237605035 362.7654966307536
0.25 0.25 0.25 0.25
38.765089839380416
45.0
475.6814957356632 32.37957782868862
1
475.6814957356632 43.468367641288054
0.25 0.25 0.25 0.25
11.088789812599437
45.0
86.96460150369836 87.89074052320422
1
86.96460150369836 114.43345488336564
0.25 0.25 0.25 0.25
26.54271436016142
45.0
210.03910691601732 144.9236129495606
3
182.09264694599491 144.9236129495606
0.25 0.25 0.25 0.25
27.94645997002241
45.0
331.68898119736707 122.52168203012516
3
298.858618407228 122.52168203012516
0.25 0.25 0.25 0.25
32.8303627901391
45.0
366.59220148651525 142.88620023262516
0
366.59220148651525 135.05972193584407
0.25 0.25 0.25 0.25
7.826478296781097
45.0
367.5153314665023 412.5322546743127
3
362.9696669583146 412.5322546743127
0.25 0.25 0.25 0.25
4.545664508187736
45.0
497.8789570578902 237.7622660300865
0
497.8789570578902 233.51664384138502
0.25 0.25 0.25 0.25
4.245622188701486
45.0
127.61259705107767 366.63251322181617
1
127.61259705107767 404.04382656835844
0.25 0.25 0.25 0.25
37.41131334654229
45.0
139.30373525712025 12.878479877150722
2
147.3681383573859 12.878479877150722
0.25 0.25 0.25 0.25
8.064403100265638
45.0
460.9877489300385 458.7347740950708
0
460.9877489300385 445.8517951044306
0.25 0.25 0.25 0.25
12.88297899064021
45.0
96.41568737215522 476.3490841261104
0
96.41568737215522 475.6154244508883
0.25 0.25 0.25 0.25
0.7336596752221147
45.0
373.8678407614534 400.8209731253746
1
373.8678407614534 416.8088963008039
0.25 0.25 0.25 0.25
15.98792317542927
45.0
140.01992855081772 457.23276639202606
1
140.01992855081772 477.56665695680124
0.25 0.25 0.25 0.25
20.3338905647752
45.0
478.82376216039916 134.04206585596938
3
466.220567936597 134.04206585596938
0.25 0.25 0.25 0.25
12.603194223802177
45.0
