36987
323.3244566774224 135.11808539014933
1
323.3244566774224 294.6124068823773
0.25 0.25 0.25 0.25
159.49432149222795
45.0
262.9288377744286 33.47706732500484
3
132.40706753606298 33.47706732500484
0.25 0.25 0.25 0.25
130.5217702383656
45.0
463.21804738248136 84.50038514720364
1
463.21804738248136 213.6706148876286
0.25 0.25 0.25 0.25
129.17022974042496
45.0
250.74550546508172 225.08959135286105
2
415.72634414554045 225.08959135286105
0.25 0.25 0.25 0.25
164.98083868045873
45.0
316.16688837792515 480.11605162944215
2
465.5157582123576 480.11605162944215
0.25 0.25 0.25 0.25
149.34886983443243
45.0
483.1076169755888 147.27237323803593
0
483.1076169755888 43.845410992519675
0.25 0.25 0.25 0.25
103.42696224551625
45.0
302.7100453251898 374.79043788509614
0
302.7100453251898 257.1830700234494
0.25 0.25 0.25 0.25
117.60736786164676
45.0
142.40788999273758 190.08914947694848
2
244.3520101582718 190.08914947694848
0.25 0.25 0.25 0.25
101.94412016553422
45.0
309.93730934217876 81.47544950842766
1
309.93730934217876 84.77808585711801
0.25 0.25 0.25 0.25
166.25353536554567
45.0
40.49834785061066 499.35683119283925
2
63.72993122797742 499.35683119283925
0.25 0.25 0.25 0.25
104.22827907858807
45.0
461.6679785199045 457.2460915035414
1
461.6679785199045 498.96652774912803
0.25 0.25 0.25 0.25
41.720436245586676
45.0
250.43269571302187 384.85147549662724
1
250.43269571302187 390.7851881264388
0.25 0.25 0.25 0.25
5.933712629811566
45.0
175.8890980495188 339.2890219686875
0
175.8890980495188 315.944464041942
0.25 0.25 0.25 0.25
23.344557926745495
45.0
153.51239119995964 90.42875710232627
2
169.18917200687298 90.42875710232627
0.25 0.25 0.25 0.25
15.67678080691335
45.0
432.4447885474694 4.17305995470889
2
465.1719582756415 4.17305995470889
0.25 0.25 0.25 0.25
32.7271697281721
45.0
123.34567190648136 329.96241384801243
2
134.9846437167634 329.96241384801243
0.25 0.25 0.25 0.25
11.63897181028204
45.0
106.08842634761578 420.28658228913827
2
107.96212599865805 420.28658228913827
0.25 0.25 0.25 0.25
1.873699651042271
45.0
40.434860044114856 92.13986943636044
2
43.603650156700766 92.13986943636044
0.25 0.25 0.25 0.25
3.1687901125859117
45.0
171.07560287519084 428.1452782990285
2
218.12726933244505 428.1452782990285
0.25 0.25 0.25 0.25
47.05166645725423
45.0
492.06570093319186 459.0755657020243
3
472.3712408552701 459.0755657020243
0.25 0.25 0.25 0.25
35.56305821153802
45.0
86.7113144326381 34.36979685224383
1
86.7113144326381 38.53429047243708
0.25 0.25 0.25 0.25
4.164493620193249
45.0
117.97116627254448 32.72048070725052
1
117.97116627254448 35.82418465866424
0.25 0.25 0.25 0.25
3.1037039514137166
45.0
209.08987351512337 39.110634243882046
3
174.66494476293946 39.110634243882046
0.25 0.25 0.25 0.25
34.42492875218393
45.0
196.00188013735573 426.49152470665075
3
191.26062147483086 426.49152470665075
0.25 0.25 0.25 0.25
4.741258662524866
45.0
463.6749141989888 273.0522102948388
0
463.6749141989888 260.52170380764005
0.25 0.25 0.25 0.25
12.530506487198739
45.0
292.9074051917005 157.35195242043102
1
292.9074051917005 193.2857411907931
0.25 0.25 0.25 0.25
35.933788770362064
45.0
454.97274724417366 135.320261308858
0
454.97274724417366 103.46397033861014
0.25 0.25 0.25 0.25
31.85629097024785
45.0
333.1061431866192 257.01732634876885
3
285.03781334466584 257.01732634876885
0.25 0.25 0.25 0.25
48.06832984195338
45.0
354.88466802197865 272.03305626952226
1
354.88466802197865 303.0389373537029
0.25 0.25 0.25 0.25
31.005881084180643
45.0
205.7165423306483 115.1173409345891
0
205.7165423306483 90.28856755207764
0.25 0.25 0.25 0.25
24.82877338251145
45.0
18.856222573811195 161.15197597495444
0
18.856222573811195 116.85655796931927
0.25 0.25 0.25 0.25
44.29541800563517
45.0
355.44624121319754 371.5537296095514
3
340.5879403699216 371.5537296095514
0.25 0.25 0.25 0.25
14.858300843275934
45.0
146.9250250014138 169.07389971356193
2
183.0593272369132 169.07389971356193
0.25 0.25 0.25 0.25
36.1343022354994
45.0
28.944160354482385 280.4563589909316
0
28.944160354482385 241.6912691515512
0.25 0.25 0.25 0.25
38.765089839380416
45.0
309.34964854667174 498.1087499578647
3
298.2608587340723 498.1087499578647
0.25 0.25 0.25 0.25
11.088789812599437
45.0
72.29168465727014 424.3228815191686
0
72.29168465727014 397.7801671590072
0.25 0.25 0.25 0.25
26.54271436016142
45.0
126.19972700595011 206.88909181041242
0
126.19972700595011 178.94263184039002
0.25 0.25 0.25 0.25
27.94645997002241
45.0
218.10877653112254 74.46049471070944
2
250.93913932126165 74.46049471070944
0.25 0.25 0.25 0.25
32.8303627901391
45.0
225.71559214445563 150.71267852940625
0
225.71559214445563 142.88620023262516
0.25 0.25 0.25 0.25
7.826478296781097
45.0
267.5107122863726 362.52994508424786
1
267.5107122863726 367.07560959243557
0.25 0.25 0.25 0.25
4.545664508187736
45.0
489.38417637600537 314.18346542671304
2
493.62979856470685 314.18346542671304
0.25 0.25 0.25 0.25
4.245622188701486
45.0
352.0804771303314 254.39857318218932
0
352.0804771303314 216.98725983564702
0.25 0.25 0.25 0.25
37.41131334654229
45.0
10.273285652870056 11.31472942364619
2
18.337688753135694 11.31472942364619
0.25 0.25 0.25 0.25
8.064403100265638
45.0
384.41650318227914 445.8517951044306
1
384.41650318227914 458.7347740950708
0.25 0.25 0.25 0.25
12.88297899064021
45.0
100.8176454234879 447.73635679244853
0
100.8176454234879 447.00269711722643
0.25 0.25 0.25 0.25
0.7336596752221147
45.0
261.9523785334485 407.3239487694741
3
245.96445535801922 407.3239487694741
0.25 0.25 0.25 0.25
15.98792317542927
45.0
310.9650262002524 335.229423003375
0
310.9650262002524 314.89553243859984
0.25 0.25 0.25 0.25
20.3338905647752
45.0
466.220567936597 134.04206585596938
3
453.6173737127948 134.04206585596938
0.25 0.25 0.25 0.25
12.603194223802177
45.0
