36987
206.86420623182667 11.73427340777772
1
206.86420623182667 147.76004808445023
0.25 0.25 0.25 0.25
159.49432149222795
45.0
182.58337589021437 469.2165399470264
2
313.10514612858 469.2165399470264
0.25 0.25 0.25 0.25
130.5217702383656
45.0
369.9727630005209 336.37214199747075
3
240.80253326009594 336.37214199747075
0.25 0.25 0.25 0.25
129.17022974042496
45.0
25.074859281137662 235.2045592701086
2
139.90597939932107 235.2045592701086
0.25 0.25 0.25 0.25
164.98083868045873
45.0
244.6795929141955 272.3024896426314
3
95.33072307976306 272.3024896426314
0.25 0.25 0.25 0.25
149.34886983443243
45.0
309.42036365335 319.8566752739058
2
412.8473258988663 319.8566752739058
0.25 0.25 0.25 0.25
103.42696224551625
45.0
107.22887631056125 38.522215510680155
1
107.22887631056125 156.12958337232692
0.25 0.25 0.25 0.25
117.60736786164676
45.0
245.92738901405676 0.9039989123990324
2
347.871509179591 0.9039989123990324
0.25 0.25 0.25 0.25
101.94412016553422
45.0
360.03440773345596 255.16534829415139
0
360.03440773345596 88.91181292860571
0.25 0.25 0.25 0.25
166.25353536554567
45.0
17.87825457155688 168.2956340645697
1
17.87825457155688 272.52391314315776
0.25 0.25 0.25 0.25
104.22827907858807
45.0
247.57943765506892 459.3130360052853
0
247.57943765506892 498.96652774912803
0.25 0.25 0.25 0.25
41.720436245586676
45.0
158.9934757439762 496.47427190714143
3
153.05976311416464 496.47427190714143
0.25 0.25 0.25 0.25
5.933712629811566
45.0
407.72485011911857 86.31487562454333
2
431.06940804586407 86.31487562454333
0.25 0.25 0.25 0.25
23.344557926745495
45.0
97.3161017106539 294.2269075921998
1
97.3161017106539 309.90368839911315
0.25 0.25 0.25 0.25
15.67678080691335
45.0
436.6465325398422 64.92392608313725
2
469.3737022680143 64.92392608313725
0.25 0.25 0.25 0.25
32.7271697281721
45.0
87.47718079137951 399.7962447097047
1
87.47718079137951 411.43521651998674
0.25 0.25 0.25 0.25
11.63897181028204
45.0
91.0988291392776 433.4024798464342
2
92.97252879031987 433.4024798464342
0.25 0.25 0.25 0.25
1.873699651042271
45.0
45.12247299570474 104.81502988670408
0
45.12247299570474 101.64623977411817
0.25 0.25 0.25 0.25
3.1687901125859117
45.0
264.3043996377586 207.35639444059916
3
217.25273318050438 207.35639444059916
0.25 0.25 0.25 0.25
47.05166645725423
45.0
492.06570093319186 350.40603300947936
0
492.06570093319186 314.84297479794134
0.25 0.25 0.25 0.25
35.56305821153802
45.0
45.066378230705574 94.72950537374692
2
49.23087185089882 94.72950537374692
0.25 0.25 0.25 0.25
4.164493620193249
45.0
161.42302159233643 209.63160593783215
2
164.52672554375013 209.63160593783215
0.25 0.25 0.25 0.25
3.1037039514137166
45.0
376.1339152720033 127.98281095703857
0
376.1339152720033 93.55788220485464
0.25 0.25 0.25 0.25
34.42492875218393
45.0
74.24986362656176 232.13785159156043
0
74.24986362656176 227.39659292903556
0.25 0.25 0.25 0.25
4.741258662524866
45.0
60.165839287458795 40.210451885129764
3
47.63533280026006 40.210451885129764
0.25 0.25 0.25 0.25
12.530506487198739
45.0
60.28439694178212 127.56424922020676
1
60.28439694178212 163.49803799056883
0.25 0.25 0.25 0.25
35.933788770362064
45.0
231.9787104524386 393.78170526303916
3
200.12241948219076 393.78170526303916
0.25 0.25 0.25 0.25
31.85629097024785
45.0
484.94916056343754 300.93277839263015
0
484.94916056343754 252.86444855067677
0.25 0.25 0.25 0.25
48.06832984195338
45.0
486.71999766492036 279.6035214350457
3
455.7141165807397 279.6035214350457
0.25 0.25 0.25 0.25
31.005881084180643
45.0
230.5453157131597 462.7201682897492
1
230.5453157131597 487.54894167226064
0.25 0.25 0.25 0.25
24.82877338251145
45.0
291.21170346563497 161.15197597495444
2
335.5071214712701 161.15197597495444
0.25 0.25 0.25 0.25
44.29541800563517
45.0
157.79448675009758 178.20340159165812
2
172.65278759337352 178.20340159165812
0.25 0.25 0.25 0.25
14.858300843275934
45.0
383.32904593709424 59.49237629341747
1
383.32904593709424 95.62667852891687
0.25 0.25 0.25 0.25
36.1343022354994
45.0
447.46781276377607 304.1333664626045
0
447.46781276377607 265.36827662322406
0.25 0.25 0.25 0.25
38.765089839380416
45.0
224.9211793241522 376.13206201927096
1
224.9211793241522 387.2208518318704
0.25 0.25 0.25 0.25
11.088789812599437
45.0
157.9695988980485 257.16454615889427
3
131.42688453788708 257.16454615889427
0.25 0.25 0.25 0.25
26.54271436016142
45.0
348.89009248443085 206.88909181041248
3
320.9436325144084 206.88909181041248
0.25 0.25 0.25 0.25
27.94645997002241
45.0
372.8377536913813 417.994947141377
2
405.66811648152037 417.994947141377
0.25 0.25 0.25 0.25
32.8303627901391
45.0
257.02150533158 48.96846067125206
2
264.8479836283611 48.96846067125206
0.25 0.25 0.25 0.25
7.826478296781097
45.0
358.42400245012686 348.8929515596847
2
362.9696669583146 348.8929515596847
0.25 0.25 0.25 0.25
4.545664508187736
45.0
472.40168762119947 140.11295568995257
1
472.40168762119947 144.35857787865405
0.25 0.25 0.25 0.25
4.245622188701486
45.0
86.74982267153436 179.57594648910472
3
49.33850932499207 179.57594648910472
0.25 0.25 0.25 0.25
37.41131334654229
45.0
284.46299106190185 222.55296048405742
3
276.3985879616362 222.55296048405742
0.25 0.25 0.25 0.25
8.064403100265638
45.0
151.79625315467376 334.7773454586045
2
164.67923214531396 334.7773454586045
0.25 0.25 0.25 0.25
12.88297899064021
45.0
75.13955679071391 458.00759224555793
1
75.13955679071391 458.74125192078003
0.25 0.25 0.25 0.25
0.7336596752221147
45.0
389.8557639368827 455.2877182957619
3
373.8678407614534 455.2877182957619
0.25 0.25 0.25 0.25
15.98792317542927
45.0
58.68436629171691 189.25282672393294
2
79.01825685649212 189.25282672393294
0.25 0.25 0.25 0.25
20.3338905647752
45.0
306.92193603496384 121.4388716321672
2
319.525130258766 121.4388716321672
0.25 0.25 0.25 0.25
12.603194223802177
45.0
