62095
222.3595570944193 280.84269729370624
1
222.3595570944193 380.5508478662379
0.25 0.25 0.25 0.25
99.70815057253168
45.0
403.3591156496367 438.43277858351234
3
488.3837980549229 438.43277858351234
0.25 0.25 0.25 0.25
108.25708629544037
45.0
228.00794448966116 95.5369108815903
2
361.74635687414343 95.5369108815903
0.25 0.25 0.25 0.25
133.73841238448227
45.0
3.897249441907462 292.40690352466254
2
128.10705622411723 292.40690352466254
0.25 0.25 0.25 0.25
124.20980678220977
45.0
102.40579359729747 43.267360690574776
1
102.40579359729747 152.2942049217692
0.25 0.25 0.25 0.25
109.02684423119442
45.0
168.20665615191103 338.05633367921956
3
61.940231245658595 338.05633367921956
0.25 0.25 0.25 0.25
106.26642490625244
45.0
122.83488632637389 474.22315061502934
2
46.654864151811296 474.22315061502934
0.25 0.25 0.25 0.25
169.4897504781852
45.0
186.8675719202976 384.9092463289595
0
186.8675719202976 234.0322728059838
0.25 0.25 0.25 0.25
150.8769735229757
45.0
232.32884516491467 407.5962406800227
3
69.93700985921208 407.5962406800227
0.25 0.25 0.25 0.25
162.39183530570259
45.0
367.9528553111659 225.34108406283698
1
367.9528553111659 375.6677536929168
0.25 0.25 0.25 0.25
150.3266696300798
45.0
435.52151124233023 50.374152285000534
3
317.51571910767603 50.374152285000534
0.25 0.25 0.25 0.25
118.00579213465421
45.0
291.6686913801211 478.48268661700445
0
291.6686913801211 321.72666622761847
0.25 0.25 0.25 0.25
156.75602038938595
45.0
443.99328563017673 295.31547689474337
0
443.99328563017673 177.1587456144332
0.25 0.25 0.25 0.25
118.1567312803102
45.0
412.8422725200687 35.74328094457513
1
412.8422725200687 130.93083293316727
0.25 0.25 0.25 0.25
166.6741138777424
45.0
78.49667557700778 160.80058389874503
2
83.66547319671139 160.80058389874503
0.25 0.25 0.25 0.25
162.16214877371917
45.0
473.370987896732 194.68275223263925
1
473.370987896732 316.7005196199311
0.25 0.25 0.25 0.25
122.01776738729183
45.0
87.55477632527982 288.7841206209821
0
87.55477632527982 145.40630854431356
0.25 0.25 0.25 0.25
143.37781207666853
45.0
423.2787647960265 292.831904028995
1
423.2787647960265 400.63490499058685
0.25 0.25 0.25 0.25
107.80300096159186
45.0
319.4739899868945 460.6755982728206
3
204.11657046685855 460.6755982728206
0.25 0.25 0.25 0.25
115.35741952003593
45.0
417.6067424530945 66.54704009673179
1
417.6067424530945 103.66381362286222
0.25 0.25 0.25 0.25
170.210853719594
45.0
332.5829957164784 427.6345412125884
2
443.84554391125823 427.6345412125884
0.25 0.25 0.25 0.25
111.26254819477981
45.0
192.19227710193138 365.08742419754253
1
192.19227710193138 499.7023226476279
0.25 0.25 0.25 0.25
134.61489845008538
45.0
198.0691268862068 403.93949187326507
0
198.0691268862068 463.59782738353215
0.25 0.25 0.25 0.25
132.46268074320284
45.0
80.02888971162912 82.36568580079
1
80.02888971162912 213.137490721845
0.25 0.25 0.25 0.25
130.771804921055
45.0
265.2634315060315 283.95199226441787
2
429.4731051050783 283.95199226441787
0.25 0.25 0.25 0.25
164.20967359904677
45.0
305.9664927596466 14.444263722770984
1
305.9664927596466 183.9238310763825
0.25 0.25 0.25 0.25
169.47956735361151
45.0
66.99786934776597 367.9558303503172
1
66.99786934776597 493.2184022559474
0.25 0.25 0.25 0.25
125.26257190563018
45.0
417.8097518068598 485.89073817100416
3
438.12507562981955 485.89073817100416
0.25 0.25 0.25 0.25
144.06517256332057
45.0
121.7308739398539 66.77973315889142
1
121.7308739398539 30.886740725579017
0.25 0.25 0.25 0.25
97.66647388447043
45.0
69.77783729947049 185.73660850072227
2
204.71796467241816 185.73660850072227
0.25 0.25 0.25 0.25
134.94012737294767
45.0
152.73507647212944 344.2759138367529
3
5.555190234667009 344.2759138367529
0.25 0.25 0.25 0.25
147.17988623746243
45.0
250.80623142011723 167.69557490762338
1
250.80623142011723 300.838192435666
0.25 0.25 0.25 0.25
133.1426175280426
45.0
280.47776757511656 227.9049296184788
2
383.2052579598228 227.9049296184788
0.25 0.25 0.25 0.25
102.72749038470627
45.0
204.69390753222612 382.93128335897313
0
204.69390753222612 498.5991318597446
0.25 0.25 0.25 0.25
118.4695847812823
45.0
218.2806997299967 255.11055537565127
1
218.2806997299967 353.58989326055985
0.25 0.25 0.25 0.25
98.47933788490857
45.0
270.440015691035 66.83393042353026
1
270.440015691035 236.12706984730247
0.25 0.25 0.25 0.25
169.2931394237722
45.0
169.31669533320928 129.94274773591206
0
169.31669533320928 8.706858507051422
0.25 0.25 0.25 0.25
121.23588922886064
45.0
104.12434209970847 87.9878769189679
1
104.12434209970847 187.87406621147
0.25 0.25 0.25 0.25
99.8861892925021
45.0
400.5075581943829 343.44201981405814
3
482.2253080133976 343.44201981405814
0.25 0.25 0.25 0.25
117.26713379221945
45.0
37.06944627513474 383.70516607053264
2
107.27451558339158 383.70516607053264
0.25 0.25 0.25 0.25
144.3439618585263
45.0
201.01306573375643 84.39368268138897
2
327.44783803261186 84.39368268138897
0.25 0.25 0.25 0.25
126.4347722988554
45.0
360.18733120588314 423.2537570013667
3
265.2308316829248 423.2537570013667
0.25 0.25 0.25 0.25
94.95649952295831
45.0
347.62818872194316 16.942586300088635
1
347.62818872194316 157.5805274762474
0.25 0.25 0.25 0.25
140.63794117615876
45.0
191.4337774675826 10.443838026517653
1
191.4337774675826 161.37942782689802
0.25 0.25 0.25 0.25
150.93558980038037
45.0
372.17059728463596 257.4436816575905
3
486.37677804373016 257.4436816575905
0.25 0.25 0.25 0.25
141.45262467163394
45.0
58.92162426612251 60.6067280111408
1
58.92162426612251 212.34024494506787
0.25 0.25 0.25 0.25
151.73351693392706
45.0
337.79816755403647 408.570422564924
3
498.2178519359842 408.570422564924
0.25 0.25 0.25 0.25
163.98398050997935
45.0
272.56198043278033 118.62635926655219
1
272.56198043278033 281.59185918320696
0.25 0.25 0.25 0.25
162.96549991665478
45.0
