24524
286.1838699975611 265.2710804020782
0
286.1838699975611 131.62021695068438
0.25 0.25 0.25 0.25
133.65086345139383
45.0
456.09410125919726 172.62622875302452
0
456.09410125919726 62.24915181644613
0.25 0.25 0.25 0.25
110.37707693657839
45.0
484.56102502921294 30.33133628590295
1
484.56102502921294 118.84303827085051
0.25 0.25 0.25 0.25
88.51170198494756
45.0
204.78740472939194 181.01872060037942
1
204.78740472939194 348.66525743354134
0.25 0.25 0.25 0.25
167.64653683316192
45.0
61.313928745862114 491.7317079573325
0
61.313928745862114 384.4546924032969
0.25 0.25 0.25 0.25
107.27701555403557
45.0
319.80043966050675 107.17299875984392
1
319.80043966050675 48.088563777448314
0.25 0.25 0.25 0.25
155.26156253729224
45.0
287.287499286895 154.49622486725457
2
417.58487398706916 154.49622486725457
0.25 0.25 0.25 0.25
130.29737470017417
45.0
280.590058089832 244.9583934626737
2
392.9393654100405 244.9583934626737
0.25 0.25 0.25 0.25
112.34930732020852
45.0
189.27842707091295 17.77640406493714
2
323.1612129173345 17.77640406493714
0.25 0.25 0.25 0.25
133.88278584642157
45.0
374.35068788085573 483.4520329261479
3
473.6726989476231 483.4520329261479
0.25 0.25 0.25 0.25
151.97661317152114
45.0
52.268604026438 87.54642838263452
2
64.39481991300237 87.54642838263452
0.25 0.25 0.25 0.25
116.66342393944036
45.0
268.75232771589106 252.32376850863307
0
268.75232771589106 160.3501316088097
0.25 0.25 0.25 0.25
91.97363689982335
45.0
340.094542675836 149.93255540805762
0
340.094542675836 45.772370194782184
0.25 0.25 0.25 0.25
104.16018521327544
45.0
487.09455423606573 11.499041427891768
1
487.09455423606573 143.26342983504105
0.25 0.25 0.25 0.25
154.76247126293282
45.0
367.0853973880198 97.9441915137329
3
476.0321559966055 97.9441915137329
0.25 0.25 0.25 0.25
156.88244661537465
45.0
329.4551184999288 488.9155388080564
0
329.4551184999288 412.59485855536377
0.25 0.25 0.25 0.25
98.48960263657982
45.0
322.43401100736617 219.33121580488694
0
322.43401100736617 92.16565855414515
0.25 0.25 0.25 0.25
127.16555725074178
45.0
269.75772314039784 73.77668810296998
2
378.7120304975036 73.77668810296998
0.25 0.25 0.25 0.25
108.95430735710572
45.0
462.81605441079796 69.44499303086826
1
462.81605441079796 198.83040500969457
0.25 0.25 0.25 0.25
129.3854119788263
45.0
267.17465760104454 57.51110675135595
1
267.17465760104454 96.55568328968741
0.25 0.25 0.25 0.25
154.06679004104336
45.0
38.592044857074654 484.05633113609053
0
38.592044857074654 372.52269208043083
0.25 0.25 0.25 0.25
143.4209767834786
45.0
434.93333538214415 307.4011189953516
3
423.03785439082094 307.4011189953516
0.25 0.25 0.25 0.25
142.02881022703485
45.0
332.82355874485427 226.72783787288836
1
332.82355874485427 387.7850867903705
0.25 0.25 0.25 0.25
161.05724891748213
45.0
221.36051896718917 14.648240691370177
3
81.2425269372207 14.648240691370177
0.25 0.25 0.25 0.25
140.11799202996846
45.0
59.04923193108681 190.85660609939748
2
196.20880815714725 190.85660609939748
0.25 0.25 0.25 0.25
137.15957622606044
45.0
423.28133103654636 153.60825765422447
3
325.82670115363595 153.60825765422447
0.25 0.25 0.25 0.25
97.4546298829104
45.0
36.08561082893402 385.2107498530422
2
135.36086923383334 385.2107498530422
0.25 0.25 0.25 0.25
171.44648006276736
45.0
439.56636854101464 398.51063678167486
3
461.4595897705986 398.51063678167486
0.25 0.25 0.25 0.25
98.97404168838676
45.0
241.18185327006407 237.0521691538586
1
241.18185327006407 398.67348534573057
0.25 0.25 0.25 0.25
161.62131619187195
45.0
18.910852124512587 469.5788286104545
2
151.22039142443205 469.5788286104545
0.25 0.25 0.25 0.25
132.30953929991946
45.0
104.45807862552886 19.496241683405458
1
104.45807862552886 116.58670799727906
0.25 0.25 0.25 0.25
136.08294968068452
45.0
37.33032680314176 243.40522936706688
2
166.3717777305204 243.40522936706688
0.25 0.25 0.25 0.25
129.04145092737863
45.0
270.47996152206997 85.74948594614875
2
381.33007326483676 85.74948594614875
0.25 0.25 0.25 0.25
110.85011174276681
45.0
135.80980272137197 485.81651082194094
2
296.2808101460115 485.81651082194094
0.25 0.25 0.25 0.25
160.47100742463954
45.0
278.57865617618893 83.96649431364284
2
395.1293691140439 83.96649431364284
0.25 0.25 0.25 0.25
116.55071293785502
45.0
457.6481228340283 40.99921633010422
3
428.24936407976134 40.99921633010422
0.25 0.25 0.25 0.25
114.10251308621031
45.0
101.1451339591257 293.95644707032517
1
101.1451339591257 441.6789910644054
0.25 0.25 0.25 0.25
147.72254399408024
45.0
244.13987627372558 65.97826810117976
1
244.13987627372558 209.36153734418815
0.25 0.25 0.25 0.25
143.38326924300839
45.0
250.73849966985836 476.8288445359216
0
250.73849966985836 421.61091902429064
0.25 0.25 0.25 0.25
101.56023643978779
45.0
159.3482936944785 301.8066485359761
0
159.3482936944785 207.32536013561503
0.25 0.25 0.25 0.25
94.48128840036105
45.0
198.56255547510955 19.886591932037007
3
73.29754209193591 19.886591932037007
0.25 0.25 0.25 0.25
125.26501338317364
45.0
60.08159078640466 128.622273932041
2
189.06557268742765 128.622273932041
0.25 0.25 0.25 0.25
128.983981901023
45.0
485.54057018621234 244.4564055883011
0
485.54057018621234 93.41061659235825
0.25 0.25 0.25 0.25
151.04578899594284
45.0
362.81660640224277 188.9529113407361
0
362.81660640224277 81.25381117434182
0.25 0.25 0.25 0.25
107.69910016639429
45.0
181.4556233716163 252.13497064806842
2
308.11876921009906 252.13497064806842
0.25 0.25 0.25 0.25
126.66314583848276
45.0
476.2129712125941 419.8851272247655
0
476.2129712125941 444.190984355718
0.25 0.25 0.25 0.25
135.92388841951646
45.0
271.7331670069159 432.91503378096024
3
163.63383369949094 432.91503378096024
0.25 0.25 0.25 0.25
108.09933330742497
45.0
94.25938034943596 293.49128241491906
1
94.25938034943596 441.8540412225075
0.25 0.25 0.25 0.25
148.3627588075884
45.0
