40050
9.202115953334669 318.3888854174563
2
181.34749634987918 318.3888854174563
0.25 0.25 0.25 0.25
172.1453803965445
45.0
281.61222214305604 104.35908314019792
2
449.69719839331185 104.35908314019792
0.25 0.25 0.25 0.25
168.0849762502558
45.0
357.69621231110114 18.924085849767323
3
199.02046973926252 18.924085849767323
0.25 0.25 0.25 0.25
158.6757425718386
45.0
100.95630747048457 397.41589957220697
2
59.100668574863164 397.41589957220697
0.25 0.25 0.25 0.25
160.05697604534774
45.0
246.2805269877187 273.8378392778393
1
246.2805269877187 370.4615120058895
0.25 0.25 0.25 0.25
96.62367272805021
45.0
442.4271146704159 5.681347067946717
3
451.72020972739494 5.681347067946717
0.25 0.25 0.25 0.25
105.85267560218915
45.0
485.9052714648941 200.56860630481
1
485.9052714648941 354.63452621307863
0.25 0.25 0.25 0.25
154.06591990826863
45.0
61.51514847806283 114.44142037270893
1
61.51514847806283 247.23420772977906
0.25 0.25 0.25 0.25
132.79278735707013
45.0
341.26033427540153 294.4382766421851
2
499.33405037968714 294.4382766421851
0.25 0.25 0.25 0.25
158.07371610428558
45.0
226.92106595547693 56.75254569215963
3
110.30264991432 56.75254569215963
0.25 0.25 0.25 0.25
116.61841604115693
45.0
164.13562154287374 211.01559083727835
1
164.13562154287374 235.68722965218694
0.25 0.25 0.25 0.25
24.671638814908587
45.0
415.7526375260239 333.6343308588826
3
394.25107220792165 333.6343308588826
0.25 0.25 0.25 0.25
21.501565318102244
45.0
435.0906053052936 100.47057715754565
0
435.0906053052936 55.33655726414754
0.25 0.25 0.25 0.25
45.13401989339811
45.0
176.3359960210716 100.66692955414568
2
185.99716194197444 100.66692955414568
0.25 0.25 0.25 0.25
9.661165920902837
45.0
293.3377558670918 323.20502418966294
1
293.3377558670918 344.43153337957347
0.25 0.25 0.25 0.25
21.22650918991056
45.0
302.3080802737701 408.0853818298442
0
302.3080802737701 393.9431067916846
0.25 0.25 0.25 0.25
14.14227503815958
45.0
69.84444980566431 388.12172419226124
0
69.84444980566431 346.159421166725
0.25 0.25 0.25 0.25
41.962303025536265
45.0
326.3350257153776 364.21948090815175
1
326.3350257153776 375.2466250059687
0.25 0.25 0.25 0.25
11.027144097816965
45.0
308.3772498129972 315.3070764393137
1
308.3772498129972 344.6254873333314
0.25 0.25 0.25 0.25
29.31841089401777
45.0
226.03773260216147 169.03286926185976
2
267.9169371315613 169.03286926185976
0.25 0.25 0.25 0.25
41.87920452939986
45.0
193.4753624200995 154.73522108319855
3
175.91707180265797 154.73522108319855
0.25 0.25 0.25 0.25
17.55829061744153
45.0
36.993953084145744 291.4727264431135
1
36.993953084145744 332.2561948342275
0.25 0.25 0.25 0.25
40.78346839111393
45.0
199.07416616595106 296.92752218298443
3
150.50579801735253 296.92752218298443
0.25 0.25 0.25 0.25
48.568368148598516
45.0
215.36312036567034 381.6118278411397
3
183.75792143288913 381.6118278411397
0.25 0.25 0.25 0.25
31.6051989327812
45.0
296.12526707590257 182.69540155933802
0
296.12526707590257 136.15788589512744
0.25 0.25 0.25 0.25
46.537515664210595
45.0
179.90179756141143 152.01175285183047
0
179.90179756141143 125.89456924407361
0.25 0.25 0.25 0.25
26.117183607756857
45.0
410.5013752019504 154.30623731742241
2
438.3295569859282 154.30623731742241
0.25 0.25 0.25 0.25
27.828181783977822
45.0
451.8626255187745 1.020748989478605
3
416.8254077744697 1.020748989478605
0.25 0.25 0.25 0.25
35.03721774430483
45.0
174.16133213004343 199.4982885610019
0
174.16133213004343 164.18639394353437
0.25 0.25 0.25 0.25
35.31189461746754
45.0
271.855732277447 154.48515457701626
3
231.81192412977907 154.48515457701626
0.25 0.25 0.25 0.25
40.043808147667896
45.0
246.13259438397125 357.8271826167179
3
227.44317838457593 357.8271826167179
0.25 0.25 0.25 0.25
18.689415999395326
45.0
83.98147287268517 297.81611587791934
2
98.5972795347383 297.81611587791934
0.25 0.25 0.25 0.25
14.615806662053139
45.0
335.838803972479 382.80185453037757
2
373.90907021629914 382.80185453037757
0.25 0.25 0.25 0.25
38.07026624382011
45.0
324.4818920635854 238.3595699379069
0
324.4818920635854 198.46170371669302
0.25 0.25 0.25 0.25
39.897866221213896
45.0
244.43075142693237 445.3136532984979
2
263.59271280394177 445.3136532984979
0.25 0.25 0.25 0.25
19.161961377009405
45.0
282.6211738356938 399.4558991655001
1
282.6211738356938 404.77405589210827
0.25 0.25 0.25 0.25
5.318156726608169
45.0
416.9426746950087 303.2308330167233
0
416.9426746950087 276.0704203073851
0.25 0.25 0.25 0.25
27.1604127093382
45.0
206.40375512415858 182.42593819396626
2
210.18372735252166 182.42593819396626
0.25 0.25 0.25 0.25
3.7799722283630652
45.0
175.89451758036282 487.69391448910903
0
175.89451758036282 457.53032196864694
0.25 0.25 0.25 0.25
30.163592520462107
45.0
410.7471207620062 110.27213008223566
0
410.7471207620062 87.28672697009091
0.25 0.25 0.25 0.25
22.98540311214475
45.0
156.77189535487838 414.599324195823
3
123.09139091321438 414.599324195823
0.25 0.25 0.25 0.25
33.680504441664006
45.0
191.58514899494057 318.36351465895785
0
191.58514899494057 295.09920077704226
0.25 0.25 0.25 0.25
23.264313881915623
45.0
28.707123426451744 497.98824986743944
3
8.760356927061167 497.98824986743944
0.25 0.25 0.25 0.25
19.946766499390577
45.0
337.87579980410834 210.75230259396602
3
326.61994221085246 210.75230259396602
0.25 0.25 0.25 0.25
11.255857593255875
45.0
98.18353853187338 487.46975935455407
0
98.18353853187338 458.64294300493725
0.25 0.25 0.25 0.25
28.826816349616834
45.0
174.0880194069457 458.40035855125757
0
174.0880194069457 409.0434092280749
0.25 0.25 0.25 0.25
49.35694932318269
45.0
182.41759520292823 453.44593817080647
2
202.0647657933045 453.44593817080647
0.25 0.25 0.25 0.25
19.647170590376263
45.0
93.47836174215968 494.21355176283987
3
91.10657931662116 494.21355176283987
0.25 0.25 0.25 0.25
2.37178242553851
45.0
