47355
179.04122616066917 51.69174602437795
3
6.5501610739072476 51.69174602437795
0.25 0.25 0.25 0.25
172.49106508676192
45.0
206.04520751936298 83.5681661697275
3
52.26665120030722 83.5681661697275
0.25 0.25 0.25 0.25
153.77855631905575
45.0
300.6011059860955 222.94399704375496
0
300.6011059860955 130.87519790914882
0.25 0.25 0.25 0.25
92.06879913460614
45.0
324.43555493253785 427.7055930423129
3
316.6977345076374 427.7055930423129
0.25 0.25 0.25 0.25
7.737820424900443
45.0
399.6895019841551 88.80956270377268
3
362.41137769199855 88.80956270377268
0.25 0.25 0.25 0.25
37.27812429215654
45.0
237.91751897714735 72.1576088249214
2
263.31524623448917 72.1576088249214
0.25 0.25 0.25 0.25
25.397727257341806
45.0
47.09306784494737 120.98255964063029
0
47.09306784494737 110.13437962930294
0.25 0.25 0.25 0.25
10.84818001132734
45.0
162.26605201792162 436.3005047669516
2
184.78916979932245 436.3005047669516
0.25 0.25 0.25 0.25
22.523117781400824
45.0
229.1181178753967 255.66229409886262
0
229.1181178753967 215.16462753145765
0.25 0.25 0.25 0.25
40.49766656740496
45.0
227.88961540808629 5.193716811250688
1
227.88961540808629 20.134199378964862
0.25 0.25 0.25 0.25
25.32791619021555
45.0
21.942659793270515 222.27962174718027
2
12.08517377380754 222.27962174718027
0.25 0.25 0.25 0.25
34.027833567078055
45.0
273.8169821481193 76.72854181440314
0
273.8169821481193 76.00723552874649
0.25 0.25 0.25 0.25
0.7213062856566477
45.0
284.97657583598254 442.5683835920238
0
284.97657583598254 433.96311678538234
0.25 0.25 0.25 0.25
8.605266806641481
45.0
375.08301126507314 305.3368655872232
3
359.0103848207099 305.3368655872232
0.25 0.25 0.25 0.25
16.072626444363262
45.0
105.72114350822629 244.63654945297185
3
68.0159469980558 244.63654945297185
0.25 0.25 0.25 0.25
37.705196510170495
45.0
11.483950108211957 23.242838918338038
2
33.90204085570369 23.242838918338038
0.25 0.25 0.25 0.25
22.418090747491732
45.0
127.0648607263858 147.62812300946797
3
83.49347770127508 147.62812300946797
0.25 0.25 0.25 0.25
43.57138302511073
45.0
257.2280220742556 22.172334810832325
2
286.1607471799829 22.172334810832325
0.25 0.25 0.25 0.25
28.932725105727314
45.0
364.968681601721 380.0716630916007
3
360.4902600316198 380.0716630916007
0.25 0.25 0.25 0.25
4.478421570101188
45.0
203.85327385015108 376.2000342304039
2
222.9399361865598 376.2000342304039
0.25 0.25 0.25 0.25
19.086662336408722
45.0
285.52041076204495 481.1430057594498
3
252.32648243568678 481.1430057594498
0.25 0.25 0.25 0.25
33.19392832635815
45.0
320.61349449474454 397.07972841062247
0
320.61349449474454 393.67798599368257
0.25 0.25 0.25 0.25
3.4017424169399177
45.0
201.4662092343847 217.04140019805277
2
203.19120735242774 217.04140019805277
0.25 0.25 0.25 0.25
1.7249981180430252
45.0
301.3588219998203 27.050635076902672
2
323.83487759505834 27.050635076902672
0.25 0.25 0.25 0.25
22.47605559523803
45.0
487.65484577352527 336.6633722660821
0
487.65484577352527 318.50298736313454
0.25 0.25 0.25 0.25
18.16038490294754
45.0
142.87841761158646 168.97156467554962
2
144.53127681735214 168.97156467554962
0.25 0.25 0.25 0.25
1.6528592057656777
45.0
396.9103763227105 43.97830461519865
3
381.75523775380725 43.97830461519865
0.25 0.25 0.25 0.25
15.155138568903237
45.0
455.72446609302676 243.4603863045628
3
424.09922542312916 243.4603863045628
0.25 0.25 0.25 0.25
31.625240669897593
45.0
414.98777230545676 324.7503438124804
3
411.39570236152133 324.7503438124804
0.25 0.25 0.25 0.25
3.592069943935411
45.0
27.10989872908135 371.92422417154444
1
27.10989872908135 418.1575930454035
0.25 0.25 0.25 0.25
46.233368873859035
45.0
431.18634274620496 202.05918040060556
0
431.18634274620496 160.7690970605376
0.25 0.25 0.25 0.25
41.29008334006795
45.0
335.7560214882811 227.68988272690092
3
309.8761836114445 227.68988272690092
0.25 0.25 0.25 0.25
25.879837876836564
45.0
423.4990033469486 4.627389786729466
3
378.6068201983602 4.627389786729466
0.25 0.25 0.25 0.25
44.89218314858838
45.0
24.180566756385673 356.30649284049616
0
24.180566756385673 329.43595086767016
0.25 0.25 0.25 0.25
26.870541972825997
45.0
478.14799007162173 348.5603454648608
1
478.14799007162173 380.5130603993726
0.25 0.25 0.25 0.25
31.952714934511796
45.0
126.38084855242701 21.21436789563471
1
126.38084855242701 26.018550638140745
0.25 0.25 0.25 0.25
47.232918533775454
45.0
469.9204130864293 494.9003313598179
3
458.8922511540765 494.9003313598179
0.25 0.25 0.25 0.25
11.028161932352742
45.0
62.526681925902025 411.92524505576705
0
62.526681925902025 405.50868725709086
0.25 0.25 0.25 0.25
6.416557798676181
45.0
154.37148834393383 380.6700744174264
3
122.60334497825006 380.6700744174264
0.25 0.25 0.25 0.25
31.76814336568377
45.0
15.566458605624543 485.4345716374363
0
15.566458605624543 493.65670230636124
0.25 0.25 0.25 0.25
20.908726056202443
45.0
147.3386701737301 187.86861267047203
2
187.16221878129898 187.86861267047203
0.25 0.25 0.25 0.25
39.823548607568874
45.0
53.68401327285392 91.47591653204037
2
71.02404033349904 91.47591653204037
0.25 0.25 0.25 0.25
17.34002706064513
45.0
448.8751742283723 164.48770584641096
1
448.8751742283723 165.10154263726415
0.25 0.25 0.25 0.25
0.6138367908531839
45.0
265.9567297530042 79.58005984713259
1
265.9567297530042 112.33567050807846
0.25 0.25 0.25 0.25
32.75561066094587
45.0
328.4770295508966 433.561332922682
3
305.6926010816121 433.561332922682
0.25 0.25 0.25 0.25
22.784428469284485
45.0
56.67572354268075 74.03299433537165
0
56.67572354268075 40.93164791847679
0.25 0.25 0.25 0.25
33.10134641689486
45.0
201.0722922302944 139.96415771219415
3
170.55030893098996 139.96415771219415
0.25 0.25 0.25 0.25
30.521983299304456
45.0
54.96333705544512 16.279362417801742
1
54.96333705544512 16.265873857402553
0.25 0.25 0.25 0.25
32.545236275204296
45.0
