47355
144.09483564009776 325.9958871536219
2
316.5859007268597 325.9958871536219
0.25 0.25 0.25 0.25
172.49106508676192
45.0
127.83777758142205 69.33162229705289
1
127.83777758142205 84.44693402200286
0.25 0.25 0.25 0.25
153.77855631905575
45.0
37.151499062944595 237.39999862927573
1
37.151499062944595 329.46879776388187
0.25 0.25 0.25 0.25
92.06879913460614
45.0
200.63042813413065 466.3946951668152
2
208.3682485590311 466.3946951668152
0.25 0.25 0.25 0.25
7.737820424900443
45.0
33.41761495081614 283.97168021779277
0
33.41761495081614 246.69355592563622
0.25 0.25 0.25 0.25
37.27812429215654
45.0
187.12206446246373 46.75988156757959
2
212.51979171980554 46.75988156757959
0.25 0.25 0.25 0.25
25.397727257341806
45.0
79.6376078789294 9.195600495297821
2
90.48578789025674 9.195600495297821
0.25 0.25 0.25 0.25
10.84818001132734
45.0
184.78916979932245 436.3005047669516
3
162.26605201792162 436.3005047669516
0.25 0.25 0.25 0.25
22.523117781400824
45.0
26.62978503837192 336.65762723367254
0
26.62978503837192 296.1599606662676
0.25 0.25 0.25 0.25
40.49766656740496
45.0
177.2337830276552 222.75752890068924
2
202.56169921787074 222.75752890068924
0.25 0.25 0.25 0.25
25.32791619021555
45.0
464.3044961652853 18.112620344711914
1
464.3044961652853 52.14045391178997
0.25 0.25 0.25 0.25
34.027833567078055
45.0
270.21045071983616 75.28592924308984
0
270.21045071983616 74.56462295743319
0.25 0.25 0.25 0.25
0.7213062856566477
45.0
310.7923762559069 339.30518191232636
0
310.7923762559069 330.6999151056849
0.25 0.25 0.25 0.25
8.605266806641481
45.0
326.86513193198334 369.62737136467626
3
310.7925054876201 369.62737136467626
0.25 0.25 0.25 0.25
16.072626444363262
45.0
404.1113018595574 470.86772851399473
2
441.81649836972787 470.86772851399473
0.25 0.25 0.25 0.25
37.705196510170495
45.0
78.18841288175497 44.01143332413716
2
100.6065036292467 44.01143332413716
0.25 0.25 0.25 0.25
22.418090747491732
45.0
90.79205439916782 200.94294119141784
2
134.36343742427854 200.94294119141784
0.25 0.25 0.25 0.25
43.57138302511073
45.0
344.02619739143745 369.36503607956
1
344.02619739143745 398.2977611852873
0.25 0.25 0.25 0.25
28.932725105727314
45.0
248.52972077908976 429.334300362714
2
253.00814234919093 429.334300362714
0.25 0.25 0.25 0.25
4.478421570101188
45.0
490.1532088962819 32.640112175046895
1
490.1532088962819 51.726774511455616
0.25 0.25 0.25 0.25
19.086662336408722
45.0
86.356840803896 248.78550747494268
2
119.55076913025415 248.78550747494268
0.25 0.25 0.25 0.25
33.19392832635815
45.0
320.61349449474454 454.9093494986007
2
324.01523691168444 454.9093494986007
0.25 0.25 0.25 0.25
3.4017424169399177
45.0
211.8161979426429 204.96641337175154
3
210.09119982459987 204.96641337175154
0.25 0.25 0.25 0.25
1.7249981180430252
45.0
294.07217728589484 274.28724662452095
1
294.07217728589484 296.763302219759
0.25 0.25 0.25 0.25
22.47605559523803
45.0
203.61861087636635 227.70106284839676
3
185.4582259734188 227.70106284839676
0.25 0.25 0.25 0.25
18.16038490294754
45.0
128.00268475969534 195.4173119678005
1
128.00268475969534 197.07017117356617
0.25 0.25 0.25 0.25
1.6528592057656777
45.0
481.8485151260637 183.34877391834988
0
481.8485151260637 168.19363534944665
0.25 0.25 0.25 0.25
15.155138568903237
45.0
386.1493305574852 60.78431895768986
0
386.1493305574852 29.15907828779227
0.25 0.25 0.25 0.25
31.625240669897593
45.0
440.13226191300475 367.85518313970556
1
440.13226191300475 371.447253083641
0.25 0.25 0.25 0.25
3.592069943935411
45.0
119.57663647679937 27.041980468288102
2
165.8100053506584 27.041980468288102
0.25 0.25 0.25 0.25
46.233368873859035
45.0
32.04257383291164 219.87965283844318
2
73.3326571729796 219.87965283844318
0.25 0.25 0.25 0.25
41.29008334006795
45.0
439.2753729956274 305.32939635741064
3
413.3955351187908 305.32939635741064
0.25 0.25 0.25 0.25
25.879837876836564
45.0
396.93226405869785 318.87267182684815
1
396.93226405869785 363.76485497543655
0.25 0.25 0.25 0.25
44.89218314858838
45.0
486.3597307273084 19.881094779067823
3
459.48918875448237 19.881094779067823
0.25 0.25 0.25 0.25
26.870541972825997
45.0
467.41241708948917 284.6549155958372
1
467.41241708948917 316.607630530349
0.25 0.25 0.25 0.25
31.952714934511796
45.0
71.03921922793597 257.378960564512
2
118.27213776171143 257.378960564512
0.25 0.25 0.25 0.25
47.232918533775454
45.0
496.99510111651244 438.9306970460655
3
485.9669391841597 438.9306970460655
0.25 0.25 0.25 0.25
11.028161932352742
45.0
101.02602871795911 456.8411496465004
2
107.44258651663529 456.8411496465004
0.25 0.25 0.25 0.25
6.416557798676181
45.0
217.9077750753014 95.85207606783027
1
217.9077750753014 127.62021943351404
0.25 0.25 0.25 0.25
31.76814336568377
45.0
57.383910718029426 171.80368079439944
3
36.47518466182699 171.80368079439944
0.25 0.25 0.25 0.25
20.908726056202443
45.0
147.33867017373018 90.89622758251008
3
107.5151215661613 90.89622758251008
0.25 0.25 0.25 0.25
39.823548607568874
45.0
33.01612203037173 126.15597065333063
3
15.676094969726602 126.15597065333063
0.25 0.25 0.25 0.25
17.34002706064513
45.0
446.4198270649597 158.9631747287323
2
447.03366385581285 158.9631747287323
0.25 0.25 0.25 0.25
0.6138367908531839
45.0
52.09138561570524 308.8693344737537
0
52.09138561570524 276.11372381280785
0.25 0.25 0.25 0.25
32.75561066094587
45.0
306.97211494055176 498.0853816694645
0
306.97211494055176 479.13018986125104
0.25 0.25 0.25 0.25
22.784428469284485
45.0
354.5878412947345 58.372391332207805
0
354.5878412947345 25.27104491531294
0.25 0.25 0.25 0.25
33.10134641689486
45.0
48.46237573377215 493.7720426961524
0
48.46237573377215 475.7059740045431
0.25 0.25 0.25 0.25
30.521983299304456
45.0
433.21520707261925 341.7317251698447
0
433.21520707261925 309.18648889464043
0.25 0.25 0.25 0.25
32.545236275204296
45.0
