99034
56.6827562415433 283.5375246800803
0
56.6827562415433 190.61361912884257
0.25 0.25 0.25 0.25
92.92390555123774
45.0
23.403236351928825 294.2896998852376
2
78.93320434669965 294.2896998852376
0.25 0.25 0.25 0.25
102.33644069862848
45.0
202.87557620447134 162.26098785149728
3
97.25133780044212 162.26098785149728
0.25 0.25 0.25 0.25
105.62423840402923
45.0
105.66417177120951 162.7541297929014
1
105.66417177120951 307.6614473475621
0.25 0.25 0.25 0.25
144.9073175546607
45.0
28.596731168505585 204.64914722326318
0
28.596731168505585 45.98992712820427
0.25 0.25 0.25 0.25
158.6592200950589
45.0
105.42124610933217 33.641731486482314
2
9.799649955303352 33.641731486482314
0.25 0.25 0.25 0.25
115.22089606463553
45.0
21.18360664902758 89.45652690496735
1
21.18360664902758 218.0368326933374
0.25 0.25 0.25 0.25
128.58030578837005
45.0
215.88801267545466 197.57702849346657
3
101.46898738884528 197.57702849346657
0.25 0.25 0.25 0.25
114.41902528660938
45.0
88.45889895838542 71.31655838477266
1
88.45889895838542 42.825941415046884
0.25 0.25 0.25 0.25
114.14249979981955
45.0
412.3943423003834 102.78099610198478
1
412.3943423003834 205.25484430307836
0.25 0.25 0.25 0.25
102.47384820109357
45.0
453.81245421270194 259.95851636137695
0
453.81245421270194 131.15281843190837
0.25 0.25 0.25 0.25
128.80569792946858
45.0
247.20144923356312 382.7597603340199
0
247.20144923356312 261.94134390825536
0.25 0.25 0.25 0.25
120.81841642576453
45.0
473.74502805546024 331.0020440006166
1
473.74502805546024 429.44934889427395
0.25 0.25 0.25 0.25
98.44730489365737
45.0
388.37605481635603 427.23356875440436
0
388.37605481635603 463.9408145250934
0.25 0.25 0.25 0.25
108.82561672050218
45.0
490.49003914808736 78.7738867936165
1
490.49003914808736 40.967754334662345
0.25 0.25 0.25 0.25
119.74164112827884
45.0
107.13469367453413 420.4824336912618
0
107.13469367453413 332.28532079510535
0.25 0.25 0.25 0.25
88.19711289615648
45.0
36.24772760021999 328.89162729634796
1
36.24772760021999 441.18562649048135
0.25 0.25 0.25 0.25
112.2939991941334
45.0
56.31779991915329 317.6715013526082
2
197.74619858883884 317.6715013526082
0.25 0.25 0.25 0.25
141.42839866968555
45.0
478.51545290424326 187.1561316402638
3
380.3136948534161 187.1561316402638
0.25 0.25 0.25 0.25
141.1708522423406
45.0
112.1908192217906 292.6773620931384
1
112.1908192217906 429.328124201778
0.25 0.25 0.25 0.25
136.6507621086396
45.0
445.5776690519431 320.7088271431064
0
445.5776690519431 218.70304596717824
0.25 0.25 0.25 0.25
102.00578117592818
45.0
146.3788360561661 203.7079299437325
3
56.70454779250724 203.7079299437325
0.25 0.25 0.25 0.25
89.67428826365887
45.0
123.99548358894094 362.94574506785864
2
11.025126957505279 362.94574506785864
0.25 0.25 0.25 0.25
135.02061054644622
45.0
264.3433435318581 274.0847346456557
1
264.3433435318581 390.48047324588265
0.25 0.25 0.25 0.25
116.39573860022692
45.0
314.9760354237975 266.71197220987074
3
182.38279652884833 266.71197220987074
0.25 0.25 0.25 0.25
132.59323889494917
45.0
487.58159114857847 369.3259882238335
3
341.90404664645183 369.3259882238335
0.25 0.25 0.25 0.25
145.67754450212664
45.0
226.81538331388828 248.524494943957
2
386.45558739260673 248.524494943957
0.25 0.25 0.25 0.25
159.64020407871845
45.0
87.53588935238729 328.85341493582723
1
87.53588935238729 424.37673667771446
0.25 0.25 0.25 0.25
95.52332174188724
45.0
429.1553003623418 262.30406939559145
1
429.1553003623418 396.69065902993
0.25 0.25 0.25 0.25
134.38658963433852
45.0
5.400702234307012 147.70928332337195
2
22.766923447455166 147.70928332337195
0.25 0.25 0.25 0.25
17.366221213148155
45.0
189.44344995410182 194.27376998092916
3
164.2767577541111 194.27376998092916
0.25 0.25 0.25 0.25
25.16669219999072
45.0
249.0329144089112 83.55580318874938
1
249.0329144089112 105.12320034684282
0.25 0.25 0.25 0.25
21.567397158093442
45.0
166.2016596639645 334.33956079518015
2
214.70781520857958 334.33956079518015
0.25 0.25 0.25 0.25
48.50615554461506
45.0
233.8296750665078 178.7838827388824
1
233.8296750665078 206.91255416732275
0.25 0.25 0.25 0.25
28.128671428440366
45.0
313.873694783627 154.41510067582118
3
308.4857431537928 154.41510067582118
0.25 0.25 0.25 0.25
5.387951629834231
45.0
376.2286138502699 147.8586625372228
3
336.7120993123122 147.8586625372228
0.25 0.25 0.25 0.25
39.51651453795769
45.0
321.93541874878656 475.31126004261375
2
369.16541120161855 475.31126004261375
0.25 0.25 0.25 0.25
47.22999245283198
45.0
16.369258792088942 266.4317621959555
3
2.2992962651847364 266.4317621959555
0.25 0.25 0.25 0.25
14.069962526904206
45.0
150.6794788017761 384.3157769836447
3
112.62914251240524 384.3157769836447
0.25 0.25 0.25 0.25
38.05033628937086
45.0
223.62141001337494 445.6781442633908
3
219.2741708289496 445.6781442633908
0.25 0.25 0.25 0.25
4.347239184425334
45.0
118.27812388475428 427.671318154115
1
118.27812388475428 458.58964725494354
0.25 0.25 0.25 0.25
30.918329100828544
45.0
226.70448032986783 52.84391728163651
3
202.7745470771873 52.84391728163651
0.25 0.25 0.25 0.25
23.92993325268053
45.0
304.1660009153383 273.9062562390601
1
304.1660009153383 293.92599617755906
0.25 0.25 0.25 0.25
20.019739938498955
45.0
131.222109173141 65.24318618553667
3
129.16772350261743 65.24318618553667
0.25 0.25 0.25 0.25
2.0543856705235672
45.0
274.52191460379004 209.02706868690393
1
274.52191460379004 234.59012455963682
0.25 0.25 0.25 0.25
25.56305587273289
45.0
483.5536551821842 195.5256374777752
1
483.5536551821842 199.36623242815853
0.25 0.25 0.25 0.25
3.8405949503833248
45.0
216.00855007898167 64.94902886461477
1
216.00855007898167 90.27287417735846
0.25 0.25 0.25 0.25
25.323845312743682
45.0
498.8605313395162 344.3676824916723
3
475.81613472662775 344.3676824916723
0.25 0.25 0.25 0.25
23.044396612888455
45.0
