99034
337.1758270270228 0.49374672958987276
1
337.1758270270228 92.43015882164786
0.25 0.25 0.25 0.25
92.92390555123774
45.0
46.76764333821373 445.42979199144656
2
55.56879736041475 445.42979199144656
0.25 0.25 0.25 0.25
102.33644069862848
45.0
170.23952304790865 203.9935817243273
2
275.8637614519379 203.9935817243273
0.25 0.25 0.25 0.25
105.62423840402923
45.0
148.7178404190843 25.2068564096341
2
293.625157973745 25.2068564096341
0.25 0.25 0.25 0.25
144.9073175546607
45.0
355.7607042686666 319.3731924915601
0
355.7607042686666 160.71397239650116
0.25 0.25 0.25 0.25
158.6592200950589
45.0
68.43318152761233 357.52242592809614
2
183.65407759224786 357.52242592809614
0.25 0.25 0.25 0.25
115.22089606463553
45.0
335.91486440912206 260.6897995608258
0
335.91486440912206 132.10949377245575
0.25 0.25 0.25 0.25
128.58030578837005
45.0
51.25830229253347 112.92923078634175
1
51.25830229253347 227.34825607295113
0.25 0.25 0.25 0.25
114.41902528660938
45.0
199.40360404432127 495.5915523793593
2
313.5461038441408 495.5915523793593
0.25 0.25 0.25 0.25
114.14249979981955
45.0
182.70816388726053 179.9020664903602
0
182.70816388726053 77.42821828926662
0.25 0.25 0.25 0.25
102.47384820109357
45.0
342.4439526133841 405.1400658453881
3
213.63825468391553 405.1400658453881
0.25 0.25 0.25 0.25
128.80569792946858
45.0
336.4302222511461 436.672839572017
0
336.4302222511461 315.85442314625243
0.25 0.25 0.25 0.25
120.81841642576453
45.0
126.53666167110968 294.6625433606648
0
126.53666167110968 196.21523846700745
0.25 0.25 0.25 0.25
98.44730489365737
45.0
40.94804292255208 359.5468510648628
2
67.8775737979501 359.5468510648628
0.25 0.25 0.25 0.25
108.82561672050218
45.0
460.98411808511446 49.62495940590509
3
341.2424769568356 49.62495940590509
0.25 0.25 0.25 0.25
119.74164112827884
45.0
127.62488687165654 157.18925653347225
0
127.62488687165654 68.99214363731576
0.25 0.25 0.25 0.25
88.19711289615648
45.0
198.98626353524747 430.5396337432808
0
198.98626353524747 318.2456345491474
0.25 0.25 0.25 0.25
112.2939991941334
45.0
319.1721786341219 44.815913325438316
1
319.1721786341219 186.24431199512387
0.25 0.25 0.25 0.25
141.42839866968555
45.0
380.3136948534161 57.7893137015389
1
380.3136948534161 83.3815385408017
0.25 0.25 0.25 0.25
141.1708522423406
45.0
149.31871807124227 6.742305095716858
1
149.31871807124227 143.39306720435647
0.25 0.25 0.25 0.25
136.6507621086396
45.0
241.56610670008672 333.1582058105455
2
343.5718878760149 333.1582058105455
0.25 0.25 0.25 0.25
102.00578117592818
45.0
288.4097761623758 271.82916957406667
1
288.4097761623758 361.50345783772553
0.25 0.25 0.25 0.25
89.67428826365887
45.0
128.23289337043082 497.79623460420527
2
6.787717176015406 497.79623460420527
0.25 0.25 0.25 0.25
135.02061054644622
45.0
348.9413128849343 419.27293714594805
0
348.9413128849343 464.3313242538251
0.25 0.25 0.25 0.25
116.39573860022692
45.0
325.78732589942376 330.26948282449973
3
193.19408700447457 330.26948282449973
0.25 0.25 0.25 0.25
132.59323889494917
45.0
369.1247220592599 272.6126243293323
3
223.44717755713327 272.6126243293323
0.25 0.25 0.25 0.25
145.67754450212664
45.0
311.13293436926693 341.8369440313745
3
151.49273029054848 341.8369440313745
0.25 0.25 0.25 0.25
159.64020407871845
45.0
434.8475019381765 194.55306719244442
0
434.8475019381765 99.02974545055717
0.25 0.25 0.25 0.25
95.52332174188724
45.0
381.7587668171084 38.06679890324119
1
381.7587668171084 172.4533885375797
0.25 0.25 0.25 0.25
134.38658963433852
45.0
362.8505173478254 460.3012651600387
0
362.8505173478254 442.9350439468906
0.25 0.25 0.25 0.25
17.366221213148155
45.0
80.72247624616696 194.2737699809291
2
105.88916844615768 194.2737699809291
0.25 0.25 0.25 0.25
25.16669219999072
45.0
427.4561282196869 177.7251225488244
0
427.4561282196869 156.15772539073095
0.25 0.25 0.25 0.25
21.567397158093442
45.0
244.5847043162783 255.1159495063347
1
244.5847043162783 303.62210505094976
0.25 0.25 0.25 0.25
48.50615554461506
45.0
287.2226893426549 334.92373988567124
0
287.2226893426549 306.79506845723085
0.25 0.25 0.25 0.25
28.128671428440366
45.0
163.01104914826885 375.3211174990242
0
163.01104914826885 369.93316586918996
0.25 0.25 0.25 0.25
5.387951629834231
45.0
374.5851623709261 65.06615158840738
2
414.1016769088838 65.06615158840738
0.25 0.25 0.25 0.25
39.51651453795769
45.0
377.3355696921468 343.9389286365865
3
330.1055772393148 343.9389286365865
0.25 0.25 0.25 0.25
47.22999245283198
45.0
171.13884658803516 170.76973672787682
1
171.13884658803516 184.839699254781
0.25 0.25 0.25 0.25
14.069962526904206
45.0
373.00492967770253 90.60434314503506
1
373.00492967770253 128.65467943440592
0.25 0.25 0.25 0.25
38.05033628937086
45.0
345.3441071772847 406.55299160356265
1
345.3441071772847 410.900230787988
0.25 0.25 0.25 0.25
4.347239184425334
45.0
283.6601544260168 139.4720744342854
2
314.57848352684533 139.4720744342854
0.25 0.25 0.25 0.25
30.918329100828544
45.0
395.4737842398261 76.77385053431709
3
371.54385098714556 76.77385053431709
0.25 0.25 0.25 0.25
23.92993325268053
45.0
75.22206099119398 405.7779047449566
2
95.24180092969294 405.7779047449566
0.25 0.25 0.25 0.25
20.019739938498955
45.0
162.0378942309946 3.6116160698296955
0
162.0378942309946 1.5572303993061283
0.25 0.25 0.25 0.25
2.0543856705235672
45.0
328.68884731267315 324.7562836770694
3
303.12579143994026 324.7562836770694
0.25 0.25 0.25 0.25
25.56305587273289
45.0
370.5037367032497 345.3088405427247
2
374.344331653633 345.3088405427247
0.25 0.25 0.25 0.25
3.8405949503833248
45.0
393.27546726818747 419.4828632430264
3
367.9516219554438 419.4828632430264
0.25 0.25 0.25 0.25
25.323845312743682
45.0
395.00843124183746 33.43360896033907
3
371.964034628949 33.43360896033907
0.25 0.25 0.25 0.25
23.044396612888455
45.0
