99034
384.05245631926397 256.1150088605083
0
384.05245631926397 163.19110330927055
0.25 0.25 0.25 0.25
92.92390555123774
45.0
409.3069334288699 343.0933512928181
0
409.3069334288699 240.75691059418963
0.25 0.25 0.25 0.25
102.33644069862848
45.0
202.87557620447134 162.26098785149728
0
202.87557620447134 56.63674944746805
0.25 0.25 0.25 0.25
105.62423840402923
45.0
264.9227122084951 452.5687649022228
0
264.9227122084951 402.52391754311645
0.25 0.25 0.25 0.25
144.9073175546607
45.0
57.64709478074428 478.032412586619
0
57.64709478074428 319.3731924915601
0.25 0.25 0.25 0.25
158.6592200950589
45.0
298.8749736568834 320.5343613463764
1
298.8749736568834 435.75525741101194
0.25 0.25 0.25 0.25
115.22089606463553
45.0
207.334558620752 453.5071425554735
3
78.75425283238195 453.5071425554735
0.25 0.25 0.25 0.25
128.58030578837005
45.0
21.48707471304897 341.7672813595605
2
135.90609999965835 341.7672813595605
0.25 0.25 0.25 0.25
114.41902528660938
45.0
345.8411090488322 212.74155638296818
1
345.8411090488322 326.88405618278773
0.25 0.25 0.25 0.25
114.14249979981955
45.0
182.70816388726053 463.1994248844876
0
182.70816388726053 360.725576683394
0.25 0.25 0.25 0.25
102.47384820109357
45.0
311.9983691776355 35.12182711978289
1
311.9983691776355 163.92752504925147
0.25 0.25 0.25 0.25
128.80569792946858
45.0
321.5749391156736 7.312253106955978
2
442.39335554143815 7.312253106955978
0.25 0.25 0.25 0.25
120.81841642576453
45.0
70.35794811620501 408.6367993177481
2
168.80525300986238 408.6367993177481
0.25 0.25 0.25 0.25
98.44730489365737
45.0
88.06531109661336 8.06889812760437
2
196.89092781711554 8.06889812760437
0.25 0.25 0.25 0.25
108.82561672050218
45.0
377.20736981283744 316.05893577196036
3
257.4657286845586 316.05893577196036
0.25 0.25 0.25 0.25
119.74164112827884
45.0
450.58158031400365 155.89109500279235
3
362.3844674178472 155.89109500279235
0.25 0.25 0.25 0.25
88.19711289615648
45.0
434.2202546707148 205.95163535501405
0
434.2202546707148 93.65763616088063
0.25 0.25 0.25 0.25
112.2939991941334
45.0
227.74982652544256 277.6666641038032
0
227.74982652544256 136.23826543411766
0.25 0.25 0.25 0.25
141.42839866968555
45.0
454.90738429701184 493.10590473217644
3
403.9217634606475 493.10590473217644
0.25 0.25 0.25 0.25
141.1708522423406
45.0
74.22137451644295 19.37583787585922
1
74.22137451644295 117.27492423278039
0.25 0.25 0.25 0.25
136.6507621086396
45.0
432.35873801284697 189.32007873653447
3
465.63548081122485 189.32007873653447
0.25 0.25 0.25 0.25
102.00578117592818
45.0
380.0587289824936 383.05650647105034
0
380.0587289824936 293.3822182073915
0.25 0.25 0.25 0.25
89.67428826365887
45.0
368.72754648514 421.8687600141254
3
496.25184296841377 421.8687600141254
0.25 0.25 0.25 0.25
135.02061054644622
45.0
486.60949528130357 342.9188258438403
1
486.60949528130357 459.31456444406723
0.25 0.25 0.25 0.25
116.39573860022692
45.0
314.68590932366146 448.9497056886511
3
182.0926704287123 448.9497056886511
0.25 0.25 0.25 0.25
132.59323889494917
45.0
8.679476902460749 252.86981281444588
2
136.9980675996659 252.86981281444588
0.25 0.25 0.25 0.25
145.67754450212664
45.0
176.78257589892712 179.24244373247012
1
176.78257589892712 338.8826478111886
0.25 0.25 0.25 0.25
159.64020407871845
45.0
288.5676410355296 143.79652803168483
3
193.0443192936424 143.79652803168483
0.25 0.25 0.25 0.25
95.52332174188724
45.0
69.49055950387879 96.31979073109733
1
69.49055950387879 230.70638036543585
0.25 0.25 0.25 0.25
134.38658963433852
45.0
231.16157800523303 78.05159244755404
3
213.79535679208487 78.05159244755404
0.25 0.25 0.25 0.25
17.366221213148155
45.0
156.22255284613914 43.27361678098475
3
131.0558606461484 43.27361678098475
0.25 0.25 0.25 0.25
25.16669219999072
45.0
190.21475948065887 304.6573456569327
0
190.21475948065887 283.08994849883925
0.25 0.25 0.25 0.25
21.567397158093442
45.0
415.87220687141627 187.98052752480328
1
415.87220687141627 236.48668306941835
0.25 0.25 0.25 0.25
48.50615554461506
45.0
90.32198934357241 166.15171131502905
0
90.32198934357241 138.0230398865887
0.25 0.25 0.25 0.25
28.128671428440366
45.0
335.4255013029639 499.24400498521123
2
340.8134529327981 499.24400498521123
0.25 0.25 0.25 0.25
5.387951629834231
45.0
414.10167690888375 409.1320228670848
1
414.10167690888375 448.6485374050425
0.25 0.25 0.25 0.25
39.51651453795769
45.0
150.36450577953326 475.31126004261375
0
150.36450577953326 428.08126758978176
0.25 0.25 0.25 0.25
47.22999245283198
45.0
199.27877164184355 212.9796243085894
2
213.34873416874774 212.9796243085894
0.25 0.25 0.25 0.25
14.069962526904206
45.0
400.36400949071606 452.79162138251445
3
362.3136732013452 452.79162138251445
0.25 0.25 0.25 0.25
38.05033628937086
45.0
254.05208430435238 215.27446748884734
1
254.05208430435238 219.62170667327268
0.25 0.25 0.25 0.25
4.347239184425334
45.0
376.4151417285024 427.671318154115
0
376.4151417285024 396.75298905328646
0.25 0.25 0.25 0.25
30.918329100828544
45.0
84.38465195497912 114.66561548712714
3
60.45471870229859 114.66561548712714
0.25 0.25 0.25 0.25
23.92993325268053
45.0
235.37998049918565 93.72859679256948
1
235.37998049918565 113.74833673106843
0.25 0.25 0.25 0.25
20.019739938498955
45.0
112.73263813842885 91.95019990234312
1
112.73263813842885 94.00458557286669
0.25 0.25 0.25 0.25
2.0543856705235672
45.0
236.73920285086774 75.20736687657518
0
236.73920285086774 49.64431100384229
0.25 0.25 0.25 0.25
25.56305587273289
45.0
435.7938508597661 214.7286122296918
1
435.7938508597661 218.56920718007513
0.25 0.25 0.25 0.25
3.8405949503833248
45.0
443.92315789367484 213.6132695755657
2
469.2470032064185 213.6132695755657
0.25 0.25 0.25 0.25
25.323845312743682
45.0
190.19242972617005 173.965960555657
3
167.1480331132816 173.965960555657
0.25 0.25 0.25 0.25
23.044396612888455
45.0
