99034
56.6827562415433 376.46143023131805
0
56.6827562415433 283.5375246800803
0.25 0.25 0.25 0.25
92.92390555123774
45.0
181.26964504532813 191.95325918660913
3
78.93320434669965 191.95325918660913
0.25 0.25 0.25 0.25
102.33644069862848
45.0
463.5059073762667 162.26098785149728
3
430.86985421970405 162.26098785149728
0.25 0.25 0.25 0.25
105.62423840402923
45.0
459.6138755648084 257.61659998845573
3
395.4788068805309 257.61659998845573
0.25 0.25 0.25 0.25
144.9073175546607
45.0
130.06248892655333 112.66929296685464
1
130.06248892655333 45.98992712820427
0.25 0.25 0.25 0.25
158.6592200950589
45.0
318.4742735674902 33.641731486482314
2
433.6951696321257 33.641731486482314
0.25 0.25 0.25 0.25
115.22089606463553
45.0
21.18360664902758 218.0368326933374
2
149.76391243739764 218.0368326933374
0.25 0.25 0.25 0.25
128.58030578837005
45.0
215.88801267545466 83.15800320685719
2
330.30703796206404 83.15800320685719
0.25 0.25 0.25 0.25
114.41902528660938
45.0
139.82610064125367 499.3959406143251
0
139.82610064125367 386.4615595858553
0.25 0.25 0.25 0.25
114.14249979981955
45.0
207.44664589819627 410.2025407052655
0
207.44664589819627 307.72869250417193
0.25 0.25 0.25 0.25
102.47384820109357
45.0
325.00675628323336 32.792703938188424
1
325.00675628323336 96.01299399128015
0.25 0.25 0.25 0.25
128.80569792946858
45.0
368.0198656593276 141.12292748249084
2
488.83828208509215 141.12292748249084
0.25 0.25 0.25 0.25
120.81841642576453
45.0
276.8504182681455 35.6601293196445
1
276.8504182681455 134.10743421330187
0.25 0.25 0.25 0.25
98.44730489365737
45.0
170.72482137535167 100.75671859289781
2
279.55043809585385 100.75671859289781
0.25 0.25 0.25 0.25
108.82561672050218
45.0
270.02667859535495 40.967754334662345
3
150.2850374670761 40.967754334662345
0.25 0.25 0.25 0.25
119.74164112827884
45.0
157.45664501393532 403.1233405164253
1
157.45664501393532 491.32045341258174
0.25 0.25 0.25 0.25
88.19711289615648
45.0
76.04627159391343 328.89162729634796
1
76.04627159391343 441.18562649048135
0.25 0.25 0.25 0.25
112.2939991941334
45.0
226.53899742021778 258.04330263833526
2
367.96739608990333 258.04330263833526
0.25 0.25 0.25 0.25
141.42839866968555
45.0
239.1428426110755 328.3269838826044
2
380.3136948534161 328.3269838826044
0.25 0.25 0.25 0.25
141.1708522423406
45.0
24.459942886849007 19.37583787585919
2
112.1908192217906 19.37583787585919
0.25 0.25 0.25 0.25
136.6507621086396
45.0
64.45123682769781 320.7088271431064
2
37.554544348230365 320.7088271431064
0.25 0.25 0.25 0.25
102.00578117592818
45.0
212.31831699846936 65.3149348472441
2
301.9926052621282 65.3149348472441
0.25 0.25 0.25 0.25
89.67428826365887
45.0
470.94268477172045 367.0130338392489
0
470.94268477172045 497.96635561430486
0.25 0.25 0.25 0.25
135.02061054644622
45.0
497.134820732312 157.68899604542878
1
497.134820732312 274.0847346456557
0.25 0.25 0.25 0.25
116.39573860022692
45.0
314.9760354237975 399.30521110481993
2
447.5692743187467 399.30521110481993
0.25 0.25 0.25 0.25
132.59323889494917
45.0
221.06331984716832 484.9964672740398
0
221.06331984716832 369.3259882238335
0.25 0.25 0.25 0.25
145.67754450212664
45.0
453.90420852867487 230.39611729219837
3
386.45558739260673 230.39611729219837
0.25 0.25 0.25 0.25
159.64020407871845
45.0
374.105854578049 480.0999415803983
0
374.105854578049 424.37673667771446
0.25 0.25 0.25 0.25
95.52332174188724
45.0
302.07152036898117 396.69065902993
0
302.07152036898117 468.9227513357315
0.25 0.25 0.25 0.25
134.38658963433852
45.0
11.965518978841143 112.97684089707565
2
5.400702234307012 112.97684089707565
0.25 0.25 0.25 0.25
17.366221213148155
45.0
365.61029535403696 244.60715438091063
3
340.44360315404623 244.60715438091063
0.25 0.25 0.25 0.25
25.16669219999072
45.0
227.46551725081775 169.82539182112316
3
205.8981200927243 169.82539182112316
0.25 0.25 0.25 0.25
21.567397158093442
45.0
69.18934857473437 91.8087830721048
1
69.18934857473437 140.31493861671987
0.25 0.25 0.25 0.25
48.50615554461506
45.0
233.8296750665078 150.65521131044204
1
233.8296750665078 178.7838827388824
0.25 0.25 0.25 0.25
28.128671428440366
45.0
303.09779152395856 159.8030523056554
1
303.09779152395856 165.19100393548962
0.25 0.25 0.25 0.25
5.387951629834231
45.0
257.67907023639685 226.89169161313816
3
218.16255569843918 226.89169161313816
0.25 0.25 0.25 0.25
39.51651453795769
45.0
274.70542629595457 475.31126004261375
3
227.47543384312257 475.31126004261375
0.25 0.25 0.25 0.25
47.22999245283198
45.0
30.439221318993148 266.4317621959555
3
16.369258792088942 266.4317621959555
0.25 0.25 0.25 0.25
14.069962526904206
45.0
302.8808239592596 422.36611327301557
0
302.8808239592596 384.3157769836447
0.25 0.25 0.25 0.25
38.05033628937086
45.0
219.2741708289496 463.06710100109217
0
219.2741708289496 458.7198618166668
0.25 0.25 0.25 0.25
4.347239184425334
45.0
56.44146568309719 458.58964725494354
0
56.44146568309719 427.671318154115
0.25 0.25 0.25 0.25
30.918329100828544
45.0
154.9146805718262 52.84391728163651
1
154.9146805718262 76.77385053431703
0.25 0.25 0.25 0.25
23.92993325268053
45.0
404.2647006078331 273.9062562390601
3
384.24496066933415 273.9062562390601
0.25 0.25 0.25 0.25
20.019739938498955
45.0
127.11333783209386 75.51511453815453
1
127.11333783209386 77.56950020867811
0.25 0.25 0.25 0.25
2.0543856705235672
45.0
248.95885873105715 311.2792921778355
0
248.95885873105715 285.7162363051026
0.25 0.25 0.25 0.25
25.56305587273289
45.0
468.1912753806509 191.6850425273919
2
472.0318703310342 191.6850425273919
0.25 0.25 0.25 0.25
3.8405949503833248
45.0
114.71316882800693 90.27287417735846
3
89.38932351526324 90.27287417735846
0.25 0.25 0.25 0.25
25.323845312743682
45.0
498.8605313395162 367.4120791045608
0
498.8605313395162 344.3676824916723
0.25 0.25 0.25 0.25
23.044396612888455
45.0
