99034
384.05245631926397 163.19110330927066
0
384.05245631926397 70.26719775803292
0.25 0.25 0.25 0.25
92.92390555123774
45.0
488.3566258725016 42.88800451541104
1
488.3566258725016 145.22444521403952
0.25 0.25 0.25 0.25
102.33644069862848
45.0
41.00895376014975 147.75119768403493
2
146.63319216417898 147.75119768403493
0.25 0.25 0.25 0.25
105.62423840402923
45.0
438.5324755284057 127.06050531641998
1
438.5324755284057 17.846812238240716
0.25 0.25 0.25 0.25
144.9073175546607
45.0
230.83149668192254 463.50723078049964
0
230.83149668192254 304.8480106854407
0.25 0.25 0.25 0.25
158.6592200950589
45.0
396.70710505040586 431.4985550915359
3
281.4862089857703 431.4985550915359
0.25 0.25 0.25 0.25
115.22089606463553
45.0
378.2820777071772 310.9163162065755
0
378.2820777071772 182.33601041820546
0.25 0.25 0.25 0.25
128.58030578837005
45.0
51.25830229253347 197.57702849346663
2
63.16072299407591 197.57702849346663
0.25 0.25 0.25 0.25
114.41902528660938
45.0
458.16889655622003 390.2659478208211
0
458.16889655622003 495.5915523793593
0.25 0.25 0.25 0.25
114.14249979981955
45.0
382.65796129742944 205.25484430307836
3
280.18411309633586 205.25484430307836
0.25 0.25 0.25 0.25
102.47384820109357
45.0
43.973141175021624 140.5053057999769
1
43.973141175021624 269.3110037294455
0.25 0.25 0.25 0.25
128.80569792946858
45.0
79.93810626414452 403.2201709781333
0
79.93810626414452 282.40175455236874
0.25 0.25 0.25 0.25
120.81841642576453
45.0
70.35794811620507 327.07518812813225
2
28.08935677745231 327.07518812813225
0.25 0.25 0.25 0.25
98.44730489365737
45.0
346.8554435685783 293.4068492581503
0
346.8554435685783 184.58123253764813
0.25 0.25 0.25 0.25
108.82561672050218
45.0
263.56770680232603 373.2419836100013
3
143.8260656740472 373.2419836100013
0.25 0.25 0.25 0.25
119.74164112827884
45.0
304.0191126639695 490.0222918819019
3
215.82199976781303 490.0222918819019
0.25 0.25 0.25 0.25
88.19711289615648
45.0
311.2802627293808 457.1663670625858
0
311.2802627293808 344.8723678684524
0.25 0.25 0.25 0.25
112.2939991941334
45.0
217.74861721324132 14.812285388834596
1
217.74861721324132 126.61611328085095
0.25 0.25 0.25 0.25
141.42839866968555
45.0
97.97199036873488 71.57750423718599
1
97.97199036873488 69.59334800515461
0.25 0.25 0.25 0.25
141.1708522423406
45.0
123.98280614603695 173.35312225244556
2
260.63356825467656 173.35312225244556
0.25 0.25 0.25 0.25
136.6507621086396
45.0
139.56032552415854 231.15242463461732
3
37.554544348230365 231.15242463461732
0.25 0.25 0.25 0.25
102.00578117592818
45.0
290.38444071883475 437.594917001632
0
290.38444071883475 472.7307947347092
0.25 0.25 0.25 0.25
89.67428826365887
45.0
251.51978007221447 232.1625443029023
0
251.51978007221447 97.14193375645607
0.25 0.25 0.25 0.25
135.02061054644622
45.0
396.99476611846956 424.28969695570584
3
486.60949528130357 424.28969695570584
0.25 0.25 0.25 0.25
116.39573860022692
45.0
182.0926704287123 17.86573927651665
1
182.0926704287123 150.45897817146582
0.25 0.25 0.25 0.25
132.59323889494917
45.0
154.35702140458739 457.7757918612318
0
154.35702140458739 312.0982473591052
0.25 0.25 0.25 0.25
145.67754450212664
45.0
353.29170989695626 22.556535873937605
3
487.0680860243252 22.556535873937605
0.25 0.25 0.25 0.25
159.64020407871845
45.0
237.81110187476997 238.2967589358642
0
237.81110187476997 142.77343719397697
0.25 0.25 0.25 0.25
95.52332174188724
45.0
37.89287047372318 113.15951597794935
1
37.89287047372318 21.227073656389166
0.25 0.25 0.25 0.25
134.38658963433852
45.0
341.923722028656 8.586707594961421
3
324.55750081550786 8.586707594961421
0.25 0.25 0.25 0.25
17.366221213148155
45.0
19.94429255379592 158.059920818941
0
19.94429255379592 132.89322861895027
0.25 0.25 0.25 0.25
25.16669219999072
45.0
82.37777369019163 220.85991686501131
3
60.81037653209819 220.85991686501131
0.25 0.25 0.25 0.25
21.567397158093442
45.0
147.57239322704817 90.96821643557314
1
147.57239322704817 139.4743719801882
0.25 0.25 0.25 0.25
48.50615554461506
45.0
287.2226893426549 53.63702560126758
2
315.3513607710953 53.63702560126758
0.25 0.25 0.25 0.25
28.128671428440366
45.0
200.7267105571084 337.60545609018465
1
200.7267105571084 342.99340772001887
0.25 0.25 0.25 0.25
5.387951629834231
45.0
309.28272132541247 41.39625547440768
0
309.28272132541247 1.8797409364499913
0.25 0.25 0.25 0.25
39.51651453795769
45.0
46.72562252232291 42.07116947659762
2
93.95561497515489 42.07116947659762
0.25 0.25 0.25 0.25
47.22999245283198
45.0
283.6985468032687 142.62981167406843
2
297.7685093301729 142.62981167406843
0.25 0.25 0.25 0.25
14.069962526904206
45.0
172.0619917544908 99.64733830181923
1
172.0619917544908 137.6976745911901
0.25 0.25 0.25 0.25
38.05033628937086
45.0
354.0385855461354 389.16403486586125
0
354.0385855461354 384.8167956814359
0.25 0.25 0.25 0.25
4.347239184425334
45.0
314.40156726321214 46.71708713179976
3
283.4832381623836 46.71708713179976
0.25 0.25 0.25 0.25
30.918329100828544
45.0
371.54385098714556 100.70378378699763
3
347.613917734465 100.70378378699763
0.25 0.25 0.25 0.25
23.92993325268053
45.0
95.24180092969294 173.8075565465653
2
115.2615408681919 173.8075565465653
0.25 0.25 0.25 0.25
20.019739938498955
45.0
162.0378942309946 61.13441484448954
0
162.0378942309946 59.080029173965976
0.25 0.25 0.25 0.25
2.0543856705235672
45.0
98.62134445807715 225.54488114955518
0
98.62134445807715 199.9818252768223
0.25 0.25 0.25 0.25
25.56305587273289
45.0
328.25719224903315 249.29396678314168
1
328.25719224903315 253.134561733525
0.25 0.25 0.25 0.25
3.8405949503833248
45.0
114.71316882800693 11.022507073616229
3
89.38932351526324 11.022507073616229
0.25 0.25 0.25 0.25
25.323845312743682
45.0
282.37001617772387 171.69998863766978
3
259.3256195648354 171.69998863766978
0.25 0.25 0.25 0.25
23.044396612888455
45.0
