99034
242.53056734401878 447.2223747189407
0
242.53056734401878 459.8537197298215
0.25 0.25 0.25 0.25
92.92390555123774
45.0
55.56879736041475 475.5981742962098
2
157.90523805904323 475.5981742962098
0.25 0.25 0.25 0.25
102.33644069862848
45.0
226.48190708820098 415.2420585323857
0
226.48190708820098 479.133703063585
0.25 0.25 0.25 0.25
105.62423840402923
45.0
155.44801757286203 112.70928243379504
1
155.44801757286203 257.61659998845573
0.25 0.25 0.25 0.25
144.9073175546607
45.0
447.38092911667115 189.76433600873986
3
393.95985078826993 189.76433600873986
0.25 0.25 0.25 0.25
158.6592200950589
45.0
105.42124610933212 464.22991735377957
0
105.42124610933212 420.5491865815849
0.25 0.25 0.25 0.25
115.22089606463553
45.0
50.1118065254214 346.61713848170746
2
178.69211231379145 346.61713848170746
0.25 0.25 0.25 0.25
128.58030578837005
45.0
127.36906318437349 31.261022079752195
1
127.36906318437349 145.68004736636158
0.25 0.25 0.25 0.25
114.41902528660938
45.0
85.2611042445017 271.110941014686
2
28.88139555531785 271.110941014686
0.25 0.25 0.25 0.25
114.14249979981955
45.0
382.65796129742944 25.04562991182695
1
382.65796129742944 127.51947811292052
0.25 0.25 0.25 0.25
102.47384820109357
45.0
61.41033750517238 419.20979772659416
2
67.3953604242962 419.20979772659416
0.25 0.25 0.25 0.25
128.80569792946858
45.0
126.38303280779854 40.764921700839665
2
247.20144923356307 40.764921700839665
0.25 0.25 0.25 0.25
120.81841642576453
45.0
292.37736933157174 429.44934889427395
2
390.8246742252291 429.44934889427395
0.25 0.25 0.25 0.25
98.44730489365737
45.0
258.9809885803735 463.9408145250934
3
150.1553718598713 463.9408145250934
0.25 0.25 0.25 0.25
108.82561672050218
45.0
490.49003914808736 240.5823988956646
3
370.7483980198085 240.5823988956646
0.25 0.25 0.25 0.25
119.74164112827884
45.0
157.45664501393532 67.6939821066359
2
245.6537579100918 67.6939821066359
0.25 0.25 0.25 0.25
88.19711289615648
45.0
412.9282691763136 7.990370286052183
1
412.9282691763136 120.28436948018559
0.25 0.25 0.25 0.25
112.2939991941334
45.0
46.316590606952076 14.812285388834596
2
187.74498927663763 14.812285388834596
0.25 0.25 0.25 0.25
141.42839866968555
45.0
301.9324977510555 45.98527939792319
3
160.7616455087149 45.98527939792319
0.25 0.25 0.25 0.25
141.1708522423406
45.0
477.8568944522906 199.47126522402164
3
385.4923434390698 199.47126522402164
0.25 0.25 0.25 0.25
136.6507621086396
45.0
465.63548081122485 54.80710713388544
1
465.63548081122485 156.81288830981362
0.25 0.25 0.25 0.25
102.00578117592818
45.0
339.31024168323626 154.98922311090297
3
249.6359534195774 154.98922311090297
0.25 0.25 0.25 0.25
89.67428826365887
45.0
91.1900113290751 12.73963960339637
2
226.21062187552133 12.73963960339637
0.25 0.25 0.25 0.25
135.02061054644622
45.0
79.11351373344662 260.33231095343655
2
195.50925233367354 260.33231095343655
0.25 0.25 0.25 0.25
116.39573860022692
45.0
121.63688536925488 324.4068945295194
2
10.956353525694283 324.4068945295194
0.25 0.25 0.25 0.25
132.59323889494917
45.0
448.09596811880556 319.57611125702675
3
406.22648737906775 319.57611125702675
0.25 0.25 0.25 0.25
145.67754450212664
45.0
209.94645339457765 305.71877031553817
2
369.5866574732961 305.71877031553817
0.25 0.25 0.25 0.25
159.64020407871845
45.0
36.7793501916277 93.03998887092517
2
58.743971550259545 93.03998887092517
0.25 0.25 0.25 0.25
95.52332174188724
45.0
495.75198256295005 65.76298243271594
3
361.3653929286115 65.76298243271594
0.25 0.25 0.25 0.25
134.38658963433852
45.0
5.400702234307012 165.0755045365201
2
11.965518978841143 165.0755045365201
0.25 0.25 0.25 0.25
17.366221213148155
45.0
238.3903174457405 244.60715438091063
2
263.5570096457312 244.60715438091063
0.25 0.25 0.25 0.25
25.16669219999072
45.0
162.76332577653739 105.12320034684281
1
162.76332577653739 126.69059750493625
0.25 0.25 0.25 0.25
21.567397158093442
45.0
494.25525152373 237.32724970595
0
494.25525152373 188.82109416133494
0.25 0.25 0.25 0.25
48.50615554461506
45.0
159.97172493165732 455.5433886913927
2
188.10039636009768 455.5433886913927
0.25 0.25 0.25 0.25
28.128671428440366
45.0
222.27851707644527 186.7428104548265
3
216.89056544661105 186.7428104548265
0.25 0.25 0.25 0.25
5.387951629834231
45.0
465.7053279978994 266.40820615109584
0
465.7053279978994 226.89169161313816
0.25 0.25 0.25 0.25
39.51651453795769
45.0
38.555464031794656 288.5387776932263
0
38.555464031794656 241.3087852403943
0.25 0.25 0.25 0.25
47.22999245283198
45.0
227.41869669565193 210.15191208833875
2
241.48865922255612 210.15191208833875
0.25 0.25 0.25 0.25
14.069962526904206
45.0
112.62914251240524 232.1144318261612
3
74.57880622303438 232.1144318261612
0.25 0.25 0.25 0.25
38.05033628937086
45.0
188.84349653797216 471.7243112325276
1
188.84349653797216 476.07155041695296
0.25 0.25 0.25 0.25
4.347239184425334
45.0
36.31352161938844 489.5079763557721
3
5.395192518559895 489.5079763557721
0.25 0.25 0.25 0.25
30.918329100828544
45.0
108.31458520765962 114.6656154871272
3
84.38465195497909 114.6656154871272
0.25 0.25 0.25 0.25
23.92993325268053
45.0
244.10678109984144 405.7779047449566
3
224.08704116134248 405.7779047449566
0.25 0.25 0.25 0.25
20.019739938498955
45.0
139.4396518552353 50.862486491871714
3
137.38526618471172 50.862486491871714
0.25 0.25 0.25 0.25
2.0543856705235672
45.0
121.1435793673927 305.2748697311712
2
146.7066352401256 305.2748697311712
0.25 0.25 0.25 0.25
25.56305587273289
45.0
489.5621801651326 187.84444757700857
3
485.72158521474927 187.84444757700857
0.25 0.25 0.25 0.25
3.8405949503833248
45.0
418.59931258093116 191.5682554283332
2
443.92315789367484 191.5682554283332
0.25 0.25 0.25 0.25
25.323845312743682
45.0
293.7398991444875 425.1883513794429
1
293.7398991444875 448.2327479923314
0.25 0.25 0.25 0.25
23.044396612888455
45.0
