99034
244.25192147578502 185.3540643728856
1
244.25192147578502 278.27796992412334
0.25 0.25 0.25 0.25
92.92390555123774
45.0
307.0481514615294 145.22444521403946
2
409.3845921601579 145.22444521403946
0.25 0.25 0.25 0.25
102.33644069862848
45.0
219.62137741164557 302.75729045180105
2
325.2456158156748 302.75729045180105
0.25 0.25 0.25 0.25
105.62423840402923
45.0
336.6788266216198 402.52391754311645
3
191.77150906695908 402.52391754311645
0.25 0.25 0.25 0.25
144.9073175546607
45.0
278.87617611156907 156.60446779361666
2
437.535396206628 156.60446779361666
0.25 0.25 0.25 0.25
158.6592200950589
45.0
335.86303823860317 259.82682129627733
2
451.0839343032387 259.82682129627733
0.25 0.25 0.25 0.25
115.22089606463553
45.0
21.18360664902758 232.04735325386525
2
149.76391243739764 232.04735325386525
0.25 0.25 0.25 0.25
128.58030578837005
45.0
364.7441505728771 145.68004736636152
0
364.7441505728771 31.261022079752138
0.25 0.25 0.25 0.25
114.41902528660938
45.0
313.5461038441408 354.1665543811637
1
313.5461038441408 468.30905418098325
0.25 0.25 0.25 0.25
114.14249979981955
45.0
202.44874690617803 307.72869250417193
2
304.9225951072716 307.72869250417193
0.25 0.25 0.25 0.25
102.47384820109357
45.0
74.41872461077025 496.476816152634
0
74.41872461077025 367.6711182231654
0.25 0.25 0.25 0.25
128.80569792946858
45.0
403.3355594389136 40.764921700839665
1
403.3355594389136 161.5833381266042
0.25 0.25 0.25 0.25
120.81841642576453
45.0
282.7795089669461 180.68828740358106
2
381.22681386060344 180.68828740358106
0.25 0.25 0.25 0.25
98.44730489365737
45.0
217.8420895494129 313.9762987736306
1
217.8420895494129 422.8019154941328
0.25 0.25 0.25 0.25
108.82561672050218
45.0
137.72408755627976 373.2419836100013
0
137.72408755627976 253.50034248172244
0.25 0.25 0.25 0.25
119.74164112827884
45.0
343.1924357514047 480.14594997581935
0
343.1924357514047 431.6569371280242
0.25 0.25 0.25 0.25
88.19711289615648
45.0
239.54374049408557 243.22436142151963
2
351.83773968821896 243.22436142151963
0.25 0.25 0.25 0.25
112.2939991941334
45.0
359.17701588292687 297.6690827282057
1
359.17701588292687 439.0974813978912
0.25 0.25 0.25 0.25
141.42839866968555
45.0
380.3136948534161 83.38153854080173
1
380.3136948534161 224.55239078314233
0.25 0.25 0.25 0.25
141.1708522423406
45.0
422.62024228852147 50.186970335239664
3
440.72899560283895 50.186970335239664
0.25 0.25 0.25 0.25
136.6507621086396
45.0
146.3992062443442 360.82445066166997
2
248.4049874202724 360.82445066166997
0.25 0.25 0.25 0.25
102.00578117592818
45.0
81.89554143555324 383.05650647105034
1
81.89554143555324 472.7307947347092
0.25 0.25 0.25 0.25
89.67428826365887
45.0
441.3961167935372 362.77562405775905
1
441.3961167935372 497.79623460420527
0.25 0.25 0.25 0.25
135.02061054644622
45.0
164.2032889180157 445.5621407518481
3
47.80755031778878 445.5621407518481
0.25 0.25 0.25 0.25
116.39573860022692
45.0
480.8735240460336 78.6116504361101
3
348.2802851510844 78.6116504361101
0.25 0.25 0.25 0.25
132.59323889494917
45.0
48.165099932233545 292.3554358442187
2
193.84264443436018 292.3554358442187
0.25 0.25 0.25 0.25
145.67754450212664
45.0
34.01130173951941 179.24244373247012
1
34.01130173951941 338.8826478111886
0.25 0.25 0.25 0.25
159.64020407871845
45.0
479.6142845193041 136.78368061434492
0
479.6142845193041 41.26035887245767
0.25 0.25 0.25 0.25
95.52332174188724
45.0
424.56077098892274 290.0002529250662
0
424.56077098892274 155.6136632907277
0.25 0.25 0.25 0.25
134.38658963433852
45.0
255.09261596291526 269.272831815409
0
255.09261596291526 251.90661060226086
0.25 0.25 0.25 0.25
17.366221213148155
45.0
231.72262944611134 132.89322861895027
3
206.5559372461206 132.89322861895027
0.25 0.25 0.25 0.25
25.16669219999072
45.0
405.88873106159343 81.08364334829693
0
405.88873106159343 59.51624619020349
0.25 0.25 0.25 0.25
21.567397158093442
45.0
487.11548203935365 90.96821643557314
0
487.11548203935365 42.46206089095808
0.25 0.25 0.25 0.25
48.50615554461506
45.0
287.2226893426549 25.508354172827215
2
315.3513607710953 25.508354172827215
0.25 0.25 0.25 0.25
28.128671428440366
45.0
195.33875892727417 391.48497238852684
2
200.7267105571084 391.48497238852684
0.25 0.25 0.25 0.25
5.387951629834231
45.0
269.7662067874548 488.16505194300015
2
309.28272132541247 488.16505194300015
0.25 0.25 0.25 0.25
39.51651453795769
45.0
425.57430200599697 467.1411015520855
2
472.80429445882896 467.1411015520855
0.25 0.25 0.25 0.25
47.22999245283198
45.0
227.41869669565193 72.27999903954742
0
227.41869669565193 58.210036512643214
0.25 0.25 0.25 0.25
14.069962526904206
45.0
208.44137113921784 90.60434314503507
2
246.4917074285887 90.60434314503507
0.25 0.25 0.25 0.25
38.05033628937086
45.0
371.4275422838368 402.2057524191373
0
371.4275422838368 397.85851323471195
0.25 0.25 0.25 0.25
4.347239184425334
45.0
314.57848352684533 77.6354162326283
2
345.4968126276739 77.6354162326283
0.25 0.25 0.25 0.25
30.918329100828544
45.0
460.94661624409065 138.5955487398077
0
460.94661624409065 114.66561548712716
0.25 0.25 0.25 0.25
23.92993325268053
45.0
155.30102074518982 465.83712456045345
3
135.28128080669086 465.83712456045345
0.25 0.25 0.25 0.25
20.019739938498955
45.0
164.09227990151817 40.590558139253886
3
162.0378942309946 40.590558139253886
0.25 0.25 0.25 0.25
2.0543856705235672
45.0
456.5041266763376 288.75705726851993
2
482.0671825490705 288.75705726851993
0.25 0.25 0.25 0.25
25.56305587273289
45.0
358.9819518520997 299.22170113812484
2
362.82254680248303 299.22170113812484
0.25 0.25 0.25 0.25
3.8405949503833248
45.0
469.2470032064185 267.53979136656426
2
494.5708485191622 267.53979136656426
0.25 0.25 0.25 0.25
25.323845312743682
45.0
328.4588094035008 35.6995808783263
0
328.4588094035008 12.655184265437846
0.25 0.25 0.25 0.25
23.044396612888455
45.0
