99034
36.24114930969449 17.39715303724796
1
36.24114930969449 110.3210585884857
0.25 0.25 0.25 0.25
92.92390555123774
45.0
432.74899914644277 217.39250360790479
0
432.74899914644277 115.0560629092763
0.25 0.25 0.25 0.25
102.33644069862848
45.0
97.25133780044212 358.9996744920934
2
8.372900603587112 358.9996744920934
0.25 0.25 0.25 0.25
105.62423840402923
45.0
445.26265268218344 112.70928243379504
1
445.26265268218344 32.198035120865654
0.25 0.25 0.25 0.25
144.9073175546607
45.0
297.8704919289769 113.02892237525862
1
297.8704919289769 271.68814247031753
0.25 0.25 0.25 0.25
158.6592200950589
45.0
474.93993653332154 418.7284481331077
3
409.8391674020429 418.7284481331077
0.25 0.25 0.25 0.25
115.22089606463553
45.0
378.5678312766105 324.9268367671034
1
378.5678312766105 453.5071425554735
0.25 0.25 0.25 0.25
128.58030578837005
45.0
245.65924025493916 366.87262390771645
2
360.07826554154855 366.87262390771645
0.25 0.25 0.25 0.25
114.41902528660938
45.0
313.5461038441408 357.9709426161295
1
313.5461038441408 472.11344241594907
0.25 0.25 0.25 0.25
114.14249979981955
45.0
309.92049409928984 127.51947811292052
0
309.92049409928984 25.04562991182695
0.25 0.25 0.25 0.25
102.47384820109357
45.0
392.9212873412047 231.8420561072228
1
392.9212873412047 360.64775403669137
0.25 0.25 0.25 0.25
128.80569792946858
45.0
148.7064686376142 349.3070917401361
3
27.88805221184967 349.3070917401361
0.25 0.25 0.25 0.25
120.81841642576453
45.0
412.2807159874561 487.63029727549497
0
412.2807159874561 413.9223978308477
0.25 0.25 0.25 0.25
98.44730489365737
45.0
176.32147830163524 287.4284801150497
3
67.49586158113306 287.4284801150497
0.25 0.25 0.25 0.25
108.82561672050218
45.0
185.89293664781644 198.51552792189534
0
185.89293664781644 78.7738867936165
0.25 0.25 0.25 0.25
119.74164112827884
45.0
254.9953228552482 461.48869527030297
2
343.1924357514047 461.48869527030297
0.25 0.25 0.25 0.25
88.19711289615648
45.0
412.9282691763136 93.65763616088059
1
412.9282691763136 205.951635355014
0.25 0.25 0.25 0.25
112.2939991941334
45.0
246.54141604462026 459.0999000222937
2
387.9698147143058 459.0999000222937
0.25 0.25 0.25 0.25
141.42839866968555
45.0
148.9576112050992 106.98960714803312
1
148.9576112050992 248.16045939037372
0.25 0.25 0.25 0.25
141.1708522423406
45.0
117.66603975596576 440.3378800796536
0
117.66603975596576 423.01135781170683
0.25 0.25 0.25 0.25
136.6507621086396
45.0
432.35873801284697 7.083050523479187
1
432.35873801284697 109.08883169940736
0.25 0.25 0.25 0.25
102.00578117592818
45.0
469.7330172461525 258.24634047431414
3
440.5926944901887 258.24634047431414
0.25 0.25 0.25 0.25
89.67428826365887
45.0
445.6335265750272 227.92513452141242
3
419.34586287852653 227.92513452141242
0.25 0.25 0.25 0.25
135.02061054644622
45.0
429.01432825974564 424.28969695570584
0
429.01432825974564 307.8939583554789
0.25 0.25 0.25 0.25
116.39573860022692
45.0
132.44817584488115 131.06774447497676
1
132.44817584488115 1.5254944199724036
0.25 0.25 0.25 0.25
132.59323889494917
45.0
492.6755973365351 408.81161125360643
3
361.6468581613383 408.81161125360643
0.25 0.25 0.25 0.25
145.67754450212664
45.0
327.4278819456069 257.5193929759959
1
327.4278819456069 417.15959705471437
0.25 0.25 0.25 0.25
159.64020407871845
45.0
384.09096277741685 481.12303241810616
0
384.09096277741685 423.3536458400066
0.25 0.25 0.25 0.25
95.52332174188724
45.0
85.28940401895659 171.4125078058055
1
85.28940401895659 305.799097440144
0.25 0.25 0.25 0.25
134.38658963433852
45.0
116.16284625773005 147.70928332337195
2
133.5290674708782 147.70928332337195
0.25 0.25 0.25 0.25
17.366221213148155
45.0
13.276604554166767 352.7257704192376
1
13.276604554166767 377.89246261922835
0.25 0.25 0.25 0.25
25.16669219999072
45.0
162.76332577653739 110.55077123409161
0
162.76332577653739 88.98337407599817
0.25 0.25 0.25 0.25
21.567397158093442
45.0
57.699851622194394 188.82109416133494
0
57.699851622194394 140.31493861671987
0.25 0.25 0.25 0.25
48.50615554461506
45.0
65.05764649586564 375.684582737965
3
36.92897506742527 375.684582737965
0.25 0.25 0.25 0.25
28.128671428440366
45.0
222.27851707644527 262.17413327250557
1
222.27851707644527 267.5620849023398
0.25 0.25 0.25 0.25
5.387951629834231
45.0
256.0356187570531 49.72391015256565
2
295.5521332950108 49.72391015256565
0.25 0.25 0.25 0.25
39.51651453795769
45.0
377.3355696921468 183.76114683509354
3
330.1055772393148 183.76114683509354
0.25 0.25 0.25 0.25
47.22999245283198
45.0
241.48865922255612 449.34127504571
0
241.48865922255612 435.2713125188058
0.25 0.25 0.25 0.25
14.069962526904206
45.0
229.82388409193254 107.27216648169123
3
191.77354780256167 107.27216648169123
0.25 0.25 0.25 0.25
38.05033628937086
45.0
188.84349653797216 428.25191938827413
1
188.84349653797216 432.5991585726995
0.25 0.25 0.25 0.25
4.347239184425334
45.0
190.90516712353116 232.22706173677102
3
159.9868380227026 232.22706173677102
0.25 0.25 0.25 0.25
30.918329100828544
45.0
130.98474731914567 124.63371703967807
3
107.05481406646514 124.63371703967807
0.25 0.25 0.25 0.25
23.92993325268053
45.0
295.4392003146826 25.40284591347636
1
295.4392003146826 45.42258585197531
0.25 0.25 0.25 0.25
20.019739938498955
45.0
139.4396518552353 54.971257832918845
0
139.4396518552353 52.91687216239528
0.25 0.25 0.25 0.25
2.0543856705235672
45.0
223.39580285832426 52.607912487089266
3
197.83274698559137 52.607912487089266
0.25 0.25 0.25 0.25
25.56305587273289
45.0
497.2433700658992 249.29396678314168
1
497.2433700658992 253.134561733525
0.25 0.25 0.25 0.25
3.8405949503833248
45.0
291.9800860172127 14.301338239127407
1
291.9800860172127 11.022507073616275
0.25 0.25 0.25 0.25
25.323845312743682
45.0
199.28337537196612 436.54526894322623
1
199.28337537196612 459.5896655561147
0.25 0.25 0.25 0.25
23.044396612888455
45.0
