99034
478.69771600226807 398.62439129493316
1
478.69771600226807 491.5482968461709
0.25 0.25 0.25 0.25
92.92390555123774
45.0
23.403236351928882 12.719622210647827
1
23.403236351928882 115.0560629092763
0.25 0.25 0.25 0.25
102.33644069862848
45.0
301.6392849319451 253.37543608806422
0
301.6392849319451 147.751197684035
0.25 0.25 0.25 0.25
105.62423840402923
45.0
98.0431260423623 345.1190260126167
2
242.950443597023 345.1190260126167
0.25 0.25 0.25 0.25
144.9073175546607
45.0
461.9061109227905 60.155479525919645
1
461.9061109227905 218.81469962097856
0.25 0.25 0.25 0.25
158.6592200950589
45.0
179.39737527277182 68.80905761972502
2
294.61827133740735 68.80905761972502
0.25 0.25 0.25 0.25
115.22089606463553
45.0
335.6291108396888 96.40867149732384
3
207.04880505131874 96.40867149732384
0.25 0.25 0.25 0.25
128.58030578837005
45.0
296.66465859862325 197.57702849346663
0
296.66465859862325 83.15800320685725
0.25 0.25 0.25 0.25
114.41902528660938
45.0
253.96860044107322 385.25344081450555
2
368.11110024089277 385.25344081450555
0.25 0.25 0.25 0.25
114.14249979981955
45.0
309.92049409928984 102.16670030020236
1
309.92049409928984 204.64054850129594
0.25 0.25 0.25 0.25
102.47384820109357
45.0
6.504193552798938 360.64775403669137
2
135.30989148226752 360.64775403669137
0.25 0.25 0.25 0.25
128.80569792946858
45.0
247.20144923356307 20.304511056726284
3
126.38303280779854 20.304511056726284
0.25 0.25 0.25 0.25
120.81841642576453
45.0
421.87857635208184 47.26022451058667
1
421.87857635208184 145.70752940424404
0.25 0.25 0.25 0.25
98.44730489365737
45.0
108.63476061209366 427.23356875440436
0
108.63476061209366 318.4079520339022
0.25 0.25 0.25 0.25
108.82561672050218
45.0
137.72408755627976 353.8650682309145
1
137.72408755627976 473.60670935919336
0.25 0.25 0.25 0.25
119.74164112827884
45.0
127.62488687165654 390.65067554898303
0
127.62488687165654 302.4535626528266
0.25 0.25 0.25 0.25
88.19711289615648
45.0
36.24772760021993 414.58239607378346
0
36.24772760021993 473.12360473208315
0.25 0.25 0.25 0.25
112.2939991941334
45.0
309.17096932192067 248.042093326134
0
309.17096932192067 106.61369465644844
0.25 0.25 0.25 0.25
141.42839866968555
45.0
145.1881275831977 377.52727732909864
0
145.1881275831977 236.356425086758
0.25 0.25 0.25 0.25
141.1708522423406
45.0
112.1908192217906 490.09931170924756
0
112.1908192217906 353.448549600608
0.25 0.25 0.25 0.25
136.6507621086396
45.0
66.16795920721711 238.76085772646002
1
66.16795920721711 340.7666389023882
0.25 0.25 0.25 0.25
102.00578117592818
45.0
220.49563066361372 361.50345783772553
2
310.1699189272726 361.50345783772553
0.25 0.25 0.25 0.25
89.67428826365887
45.0
389.7992949003433 92.9045239749662
1
389.7992949003433 227.92513452141242
0.25 0.25 0.25 0.25
135.02061054644622
45.0
84.13027354320441 143.9365723532096
0
84.13027354320441 27.540833752982692
0.25 0.25 0.25 0.25
116.39573860022692
45.0
469.48198137013526 84.47423873109042
3
336.88874247518606 84.47423873109042
0.25 0.25 0.25 0.25
132.59323889494917
45.0
30.806146127312047 223.64844372170688
0
30.806146127312047 77.97089921958025
0.25 0.25 0.25 0.25
145.67754450212664
45.0
428.6143629202962 55.72041336958813
1
428.6143629202962 103.91979070913033
0.25 0.25 0.25 0.25
159.64020407871845
45.0
424.8623937388087 200.54282377207647
0
424.8623937388087 105.01950203018923
0.25 0.25 0.25 0.25
95.52332174188724
45.0
338.2637387725558 457.02541232133456
2
472.65032840689435 457.02541232133456
0.25 0.25 0.25 0.25
134.38658963433852
45.0
428.75482809439677 217.17416817596455
0
428.75482809439677 199.8079469628164
0.25 0.25 0.25 0.25
17.366221213148155
45.0
164.2767577541111 201.7256172192932
1
164.2767577541111 226.89230941928395
0.25 0.25 0.25 0.25
25.16669219999072
45.0
160.7476315948643 441.96145933319457
0
160.7476315948643 420.3940621751011
0.25 0.25 0.25 0.25
21.567397158093442
45.0
136.0828962745082 140.3149386167199
0
136.0828962745082 91.80878307210483
0.25 0.25 0.25 0.25
48.50615554461506
45.0
318.2156893518289 391.181082742552
1
318.2156893518289 419.3097541709924
0.25 0.25 0.25 0.25
28.128671428440366
45.0
179.17490403777148 229.84642349350023
3
173.78695240793726 229.84642349350023
0.25 0.25 0.25 0.25
5.387951629834231
45.0
177.0025896811377 444.88905553214244
2
216.51910421909537 444.88905553214244
0.25 0.25 0.25 0.25
39.51651453795769
45.0
86.79419634564478 230.99113928792553
0
86.79419634564478 183.76114683509354
0.25 0.25 0.25 0.25
47.22999245283198
45.0
297.7685093301729 477.4812000995184
3
283.6985468032687 477.4812000995184
0.25 0.25 0.25 0.25
14.069962526904206
45.0
199.42107156750433 17.57009886277875
3
161.37073527813345 17.57009886277875
0.25 0.25 0.25 0.25
38.05033628937086
45.0
162.76006143142007 315.2237005932151
1
162.76006143142007 319.57093977764043
0.25 0.25 0.25 0.25
4.347239184425334
45.0
376.23822546486923 428.35050511522894
3
345.3198963640407 428.35050511522894
0.25 0.25 0.25 0.25
30.918329100828544
45.0
36.52478544961804 324.97781814866954
2
60.454718702298564 324.97781814866954
0.25 0.25 0.25 0.25
23.92993325268053
45.0
175.32076068368883 334.9524729795049
2
195.3405006221878 334.9524729795049
0.25 0.25 0.25 0.25
20.019739938498955
45.0
180.52736526570675 133.03791331281457
1
180.52736526570675 135.09229898333814
0.25 0.25 0.25 0.25
2.0543856705235672
45.0
367.5953031779495 154.86013597802082
2
393.1583590506824 154.86013597802082
0.25 0.25 0.25 0.25
25.56305587273289
45.0
497.2433700658992 326.1058657908081
0
497.2433700658992 322.26527084042476
0.25 0.25 0.25 0.25
3.8405949503833248
45.0
418.59931258093116 162.96557895007837
2
443.92315789367484 162.96557895007837
0.25 0.25 0.25 0.25
25.323845312743682
45.0
245.372168597743 252.19009604011845
3
222.32777198485456 252.19009604011845
0.25 0.25 0.25 0.25
23.044396612888455
45.0
