99034
198.2046452167885 93.4176522808275
3
105.28073966555075 93.4176522808275
0.25 0.25 0.25 0.25
92.92390555123774
45.0
23.403236351928825 36.08402919693262
1
23.403236351928825 66.25241150169586
0.25 0.25 0.25 0.25
102.33644069862848
45.0
357.88166897223743 309.61782012835647
2
463.5059073762667 309.61782012835647
0.25 0.25 0.25 0.25
105.62423840402923
45.0
134.36661753645936 250.25655581706238
1
134.36661753645936 395.16387337172307
0.25 0.25 0.25 0.25
144.9073175546607
45.0
437.535396206628 160.71397239650116
0
437.535396206628 2.0547523014422495
0.25 0.25 0.25 0.25
158.6592200950589
45.0
46.78771453702319 242.30152986346062
1
46.78771453702319 357.52242592809614
0.25 0.25 0.25 0.25
115.22089606463553
45.0
435.5669703210983 25.113258322874827
1
435.5669703210983 103.46704746549523
0.25 0.25 0.25 0.25
128.58030578837005
45.0
291.9987735672947 86.13759220739252
1
291.9987735672947 200.5566174940019
0.25 0.25 0.25 0.25
114.41902528660938
45.0
28.881395555317823 180.44655117827668
2
85.26110424450172 180.44655117827668
0.25 0.25 0.25 0.25
114.14249979981955
45.0
182.70816388726053 25.04562991182695
1
182.70816388726053 127.51947811292052
0.25 0.25 0.25 0.25
102.47384820109357
45.0
498.3047660213987 49.168555492731
1
498.3047660213987 79.63714243673758
0.25 0.25 0.25 0.25
128.80569792946858
45.0
94.79338939961707 470.12550816590067
2
215.6118058253816 470.12550816590067
0.25 0.25 0.25 0.25
120.81841642576453
45.0
323.4312714584245 491.55715314797953
0
323.4312714584245 393.1098482543222
0.25 0.25 0.25 0.25
98.44730489365737
45.0
346.8554435685783 359.5468510648628
1
346.8554435685783 468.37246778536496
0.25 0.25 0.25 0.25
108.82561672050218
45.0
60.04931740177017 189.8583228506526
2
59.692323726508675 189.8583228506526
0.25 0.25 0.25 0.25
119.74164112827884
45.0
225.16356471296942 157.18925653347225
0
225.16356471296942 68.99214363731576
0.25 0.25 0.25 0.25
88.19711289615648
45.0
250.18973324128615 104.30362890808122
3
137.89573404715276 104.30362890808122
0.25 0.25 0.25 0.25
112.2939991941334
45.0
397.97102402650705 106.61369465644844
3
460.6005773038074 106.61369465644844
0.25 0.25 0.25 0.25
141.42839866968555
45.0
227.3388083074598 57.78931370153887
2
368.5096605498004 57.78931370153887
0.25 0.25 0.25 0.25
141.1708522423406
45.0
105.87405283171947 416.69459142163566
0
105.87405283171947 280.0438293129961
0.25 0.25 0.25 0.25
136.6507621086396
45.0
323.5140761167331 231.15242463461732
1
323.5140761167331 333.1582058105455
0.25 0.25 0.25 0.25
102.00578117592818
45.0
274.8269470626233 182.1548813104078
1
274.8269470626233 271.82916957406667
0.25 0.25 0.25 0.25
89.67428826365887
45.0
141.80832772246163 312.32742867447206
0
141.80832772246163 177.30681812802584
0.25 0.25 0.25 0.25
135.02061054644622
45.0
0.2459029157464272 1.2516301470826363
1
0.2459029157464272 117.64736874730956
0.25 0.25 0.25 0.25
116.39573860022692
45.0
458.38056479437296 258.422155089144
3
325.78732589942376 258.422155089144
0.25 0.25 0.25 0.25
132.59323889494917
45.0
77.7696330550067 18.742464674920996
2
67.90791144711994 18.742464674920996
0.25 0.25 0.25 0.25
145.67754450212664
45.0
92.46502484354846 61.76101518144094
1
92.46502484354846 221.4012192601594
0.25 0.25 0.25 0.25
159.64020407871845
45.0
339.32418019628926 245.30960635320406
0
339.32418019628926 149.78628461131683
0.25 0.25 0.25 0.25
95.52332174188724
45.0
188.0783046231395 424.3868425594047
2
322.464894257478 424.3868425594047
0.25 0.25 0.25 0.25
134.38658963433852
45.0
432.315402200418 425.5688227337424
3
414.94918098726987 425.5688227337424
0.25 0.25 0.25 0.25
17.366221213148155
45.0
55.55578404617624 118.77369338095691
1
55.55578404617624 143.94038558094763
0.25 0.25 0.25 0.25
25.16669219999072
45.0
319.6191424292196 285.5621083392917
2
341.18653958731306 285.5621083392917
0.25 0.25 0.25 0.25
21.567397158093442
45.0
244.5847043162783 132.93329485058584
0
244.5847043162783 84.42713930597077
0.25 0.25 0.25 0.25
48.50615554461506
45.0
259.09401791421453 194.2803827434694
1
259.09401791421453 222.40905417190976
0.25 0.25 0.25 0.25
28.128671428440366
45.0
146.8471942587662 391.48497238852684
2
152.2351458886004 391.48497238852684
0.25 0.25 0.25 0.25
5.387951629834231
45.0
467.34877947724317 92.99990656342338
0
467.34877947724317 53.48339202546569
0.25 0.25 0.25 0.25
39.51651453795769
45.0
282.8755847864828 33.901010986069366
2
330.1055772393148 33.901010986069366
0.25 0.25 0.25 0.25
47.22999245283198
45.0
171.13884658803516 198.9096617816852
2
185.20880911493936 198.9096617816852
0.25 0.25 0.25 0.25
14.069962526904206
45.0
411.0552659670734 251.84868345930272
1
411.0552659670734 289.8990197486736
0.25 0.25 0.25 0.25
38.05033628937086
45.0
362.7330639149861 380.46955649701056
3
358.3858247305607 380.46955649701056
0.25 0.25 0.25 0.25
4.347239184425334
45.0
129.06850892187407 108.55374533345685
2
159.9868380227026 108.55374533345685
0.25 0.25 0.25 0.25
30.918329100828544
45.0
299.75405122910394 124.63371703967815
3
275.8241179764234 124.63371703967815
0.25 0.25 0.25 0.25
23.92993325268053
45.0
44.89637863979975 325.69894499096074
1
44.89637863979975 345.7186849294597
0.25 0.25 0.25 0.25
20.019739938498955
45.0
168.2010512425653 1.5572303993061283
3
166.14666557204174 1.5572303993061283
0.25 0.25 0.25 0.25
2.0543856705235672
45.0
303.12579143994026 299.1932278043365
2
328.68884731267315 299.1932278043365
0.25 0.25 0.25 0.25
25.56305587273289
45.0
370.5037367032497 360.67122034425796
0
370.5037367032497 356.83062539387464
0.25 0.25 0.25 0.25
3.8405949503833248
45.0
190.68470476623799 470.13055386851374
1
190.68470476623799 495.45439918125743
0.25 0.25 0.25 0.25
25.323845312743682
45.0
302.83084479028355 125.61119541189288
2
325.875241403172 125.61119541189288
0.25 0.25 0.25 0.25
23.044396612888455
45.0
