99034
384.05245631926397 326.87595334813096
2
476.9763618705017 326.87595334813096
0.25 0.25 0.25 0.25
92.92390555123774
45.0
0.03882936564403394 224.1964789263831
0
0.03882936564403394 121.86003822775461
0.25 0.25 0.25 0.25
102.33644069862848
45.0
364.74219864879296 56.63674944746802
1
364.74219864879296 48.98748895656121
0.25 0.25 0.25 0.25
105.62423840402923
45.0
3.8105228644236036 162.7541297929014
2
148.7178404190843 162.7541297929014
0.25 0.25 0.25 0.25
144.9073175546607
45.0
72.17227658686363 146.1887905903818
2
86.48694350819528 146.1887905903818
0.25 0.25 0.25 0.25
158.6592200950589
45.0
298.8749736568834 320.5343613463764
2
414.09586972151897 320.5343613463764
0.25 0.25 0.25 0.25
115.22089606463553
45.0
406.9245240141378 417.91255165615644
3
464.49517019749214 417.91255165615644
0.25 0.25 0.25 0.25
128.58030578837005
45.0
406.41779885390406 230.3278450734864
0
406.41779885390406 115.90881978687702
0.25 0.25 0.25 0.25
114.41902528660938
45.0
85.2611042445017 354.1665543811637
2
199.40360404432124 354.1665543811637
0.25 0.25 0.25 0.25
114.14249979981955
45.0
309.92049409928984 409.5882449034831
3
207.44664589819627 409.5882449034831
0.25 0.25 0.25 0.25
102.47384820109357
45.0
440.80406710710406 473.07760041161737
0
440.80406710710406 398.11670165891405
0.25 0.25 0.25 0.25
128.80569792946858
45.0
200.75652268990908 403.2201709781333
2
321.5749391156736 403.2201709781333
0.25 0.25 0.25 0.25
120.81841642576453
45.0
251.72560684009346 213.10093217104873
0
251.72560684009346 114.65362727739135
0.25 0.25 0.25 0.25
98.44730489365737
45.0
414.5421612581199 141.8956176238584
0
414.5421612581199 33.07000090335623
0.25 0.25 0.25 0.25
108.82561672050218
45.0
454.88213996734703 14.017060225164755
3
335.1404988390682 14.017060225164755
0.25 0.25 0.25 0.25
119.74164112827884
45.0
215.82199976781303 273.91996604122767
1
215.82199976781303 362.1170789373841
0.25 0.25 0.25 0.25
88.19711289615648
45.0
250.18973324128615 318.24563454914744
3
137.89573404715276 318.24563454914744
0.25 0.25 0.25 0.25
112.2939991941334
45.0
196.53536948361406 126.61611328085095
3
55.10697081392851 126.61611328085095
0.25 0.25 0.25 0.25
141.42839866968555
45.0
250.9468769146912 59.77346993357031
3
109.77602467235059 59.77346993357031
0.25 0.25 0.25 0.25
141.1708522423406
45.0
242.52481494035905 483.7825453191764
2
379.17557704899866 483.7825453191764
0.25 0.25 0.25 0.25
136.6507621086396
45.0
179.6759490427221 238.76085772646002
0
179.6759490427221 136.75507655053184
0.25 0.25 0.25 0.25
102.00578117592818
45.0
171.5698296992121 114.03364168007363
0
171.5698296992121 24.359353416414763
0.25 0.25 0.25 0.25
89.67428826365887
45.0
306.375506247091 282.7808606962888
3
171.35489570064476 282.7808606962888
0.25 0.25 0.25 0.25
135.02061054644622
45.0
137.4222794806227 226.52308724361342
3
21.026540880395785 226.52308724361342
0.25 0.25 0.25 0.25
116.39573860022692
45.0
49.4994315337631 42.88017188307677
2
83.09380736118607 42.88017188307677
0.25 0.25 0.25 0.25
132.59323889494917
45.0
445.71211040884054 310.09755367917415
3
300.0345659067139 310.09755367917415
0.25 0.25 0.25 0.25
145.67754450212664
45.0
294.26400444995625 296.7238722834993
0
294.26400444995625 137.08366820478085
0.25 0.25 0.25 0.25
159.64020407871845
45.0
479.6142845193041 143.79652803168477
0
479.6142845193041 48.273206289797514
0.25 0.25 0.25 0.25
95.52332174188724
45.0
128.78443206350914 424.3868425594047
2
5.602157570829377 424.3868425594047
0.25 0.25 0.25 0.25
134.38658963433852
45.0
98.79662504458187 182.44172574966825
0
98.79662504458187 165.0755045365201
0.25 0.25 0.25 0.25
17.366221213148155
45.0
19.94429255379592 219.44046218091984
2
45.11098475378664 219.44046218091984
0.25 0.25 0.25 0.25
25.16669219999072
45.0
427.4561282196869 455.62912576358684
2
449.02352537778035 455.62912576358684
0.25 0.25 0.25 0.25
21.567397158093442
45.0
464.37836241603134 139.47437198018824
0
464.37836241603134 90.96821643557317
0.25 0.25 0.25 0.25
48.50615554461506
45.0
371.6087036279761 440.0468886868057
3
343.48003219953574 440.0468886868057
0.25 0.25 0.25 0.25
28.128671428440366
45.0
292.3218882642901 468.42828523578345
2
297.70983989412434 468.42828523578345
0.25 0.25 0.25 0.25
5.387951629834231
45.0
388.3157504013278 369.6155083291271
0
388.3157504013278 330.09899379116945
0.25 0.25 0.25 0.25
39.51651453795769
45.0
0.5043699305090996 335.7687701460583
2
47.73436238334108 335.7687701460583
0.25 0.25 0.25 0.25
47.22999245283198
45.0
72.64910889970577 86.34996156645163
1
72.64910889970577 100.41992409335583
0.25 0.25 0.25 0.25
14.069962526904206
45.0
324.2633369119743 61.59700201244837
3
286.21300062260343 61.59700201244837
0.25 0.25 0.25 0.25
38.05033628937086
45.0
249.70484511992703 210.927228304422
0
249.70484511992703 206.57998911999664
0.25 0.25 0.25 0.25
4.347239184425334
45.0
314.40156726321214 386.81870724091374
2
345.3198963640407 386.81870724091374
0.25 0.25 0.25 0.25
30.918329100828544
45.0
204.0343182183818 234.31528175052983
3
180.10438496570126 234.31528175052983
0.25 0.25 0.25 0.25
23.92993325268053
45.0
444.304180484831 53.68911691557156
2
464.32392042333 53.68911691557156
0.25 0.25 0.25 0.25
20.019739938498955
45.0
168.2010512425653 98.11335691391383
1
168.2010512425653 100.1677425844374
0.25 0.25 0.25 0.25
2.0543856705235672
45.0
456.5041266763376 46.60349004042496
2
482.0671825490705 46.60349004042496
0.25 0.25 0.25 0.25
25.56305587273289
45.0
424.27206600861615 195.5256374777752
3
420.43147105823283 195.5256374777752
0.25 0.25 0.25 0.25
3.8405949503833248
45.0
165.3608594534943 64.9490288646148
3
140.0370141407506 64.9490288646148
0.25 0.25 0.25 0.25
25.323845312743682
45.0
397.59199924216625 217.78878186344664
0
397.59199924216625 194.7443852505582
0.25 0.25 0.25 0.25
23.044396612888455
45.0
