83360
290.0416892226243 370.452444547441
3
153.7144688277983 370.452444547441
0.25 0.25 0.25 0.25
136.327220394826
45.0
437.7136639960444 227.5883802638388
3
469.96483364905225 227.5883802638388
0.25 0.25 0.25 0.25
92.32150235490334
45.0
204.91161507701742 176.1789447910316
2
374.46321341044916 176.1789447910316
0.25 0.25 0.25 0.25
169.55159833343174
45.0
63.779274825242794 330.14785507658155
2
194.17077375446286 330.14785507658155
0.25 0.25 0.25 0.25
130.39149892922006
45.0
206.37454061773087 288.7839391382065
2
327.89976950111907 288.7839391382065
0.25 0.25 0.25 0.25
121.52522888338821
45.0
273.79928722513785 449.3181155288885
0
273.79928722513785 332.1162197549687
0.25 0.25 0.25 0.25
117.2018957739198
45.0
114.20843301430375 349.51738729992826
0
114.20843301430375 261.69812945763397
0.25 0.25 0.25 0.25
87.81925784229429
45.0
429.3628813438381 233.30183861246843
0
429.3628813438381 73.32114011326246
0.25 0.25 0.25 0.25
159.98069849920597
45.0
274.54250655931 318.41883700472425
1
274.54250655931 407.3718270631572
0.25 0.25 0.25 0.25
88.95299005843292
45.0
434.59581073645325 109.33569845004067
1
434.59581073645325 265.82520098296084
0.25 0.25 0.25 0.25
156.48950253292017
45.0
222.38928450904683 153.25933410376504
0
222.38928450904683 152.14681107144023
0.25 0.25 0.25 0.25
1.1125230323248192
45.0
84.82678213081215 343.65420414023606
3
39.83175718910641 343.65420414023606
0.25 0.25 0.25 0.25
44.995024941705736
45.0
388.4979906885829 14.026463496508324
2
399.0514127730462 14.026463496508324
0.25 0.25 0.25 0.25
10.553422084463303
45.0
497.1476317211905 417.93329675537797
1
497.1476317211905 426.28234909654805
0.25 0.25 0.25 0.25
8.349052341170104
45.0
150.0308664347937 488.1325203863605
0
150.0308664347937 487.53644562058685
0.25 0.25 0.25 0.25
24.33103399305262
45.0
313.68876385300996 176.40501216844007
2
328.2880215747475 176.40501216844007
0.25 0.25 0.25 0.25
14.599257721737558
45.0
284.53325994029757 79.30969275343222
2
330.59099296600954 79.30969275343222
0.25 0.25 0.25 0.25
46.05773302571199
45.0
245.96624500255194 473.5274369360784
3
224.34879182038696 473.5274369360784
0.25 0.25 0.25 0.25
21.617453182164965
45.0
251.21441945188502 225.49673927563742
1
251.21441945188502 247.17198435378572
0.25 0.25 0.25 0.25
21.675245078148304
45.0
3.611940595041169 146.65413885063214
2
16.966085812120497 146.65413885063214
0.25 0.25 0.25 0.25
13.354145217079328
45.0
222.0654513829359 274.5048201554067
3
200.56234113309037 274.5048201554067
0.25 0.25 0.25 0.25
21.50311024984551
45.0
0.25710720374390217 224.83821674452952
1
0.25710720374390217 228.3753505261147
0.25 0.25 0.25 0.25
3.5371337815851667
45.0
439.35254718904065 25.443110247301277
0
439.35254718904065 12.04700210334765
0.25 0.25 0.25 0.25
13.396108143953628
45.0
479.5868006547237 89.34181890845262
1
479.5868006547237 139.09991359240908
0.25 0.25 0.25 0.25
49.75809468395646
45.0
138.4367911285235 74.46734292093024
0
138.4367911285235 47.20183048900124
0.25 0.25 0.25 0.25
27.265512431928997
45.0
212.19772377816827 20.087737005186817
1
212.19772377816827 6.866030836382908
0.25 0.25 0.25 0.25
26.953767841569725
45.0
247.69459273331285 334.0603673580563
0
247.69459273331285 321.64065389544595
0.25 0.25 0.25 0.25
12.419713462610332
45.0
305.44165347939855 462.4343043734222
1
305.44165347939855 465.9544284712161
0.25 0.25 0.25 0.25
3.5201240977938753
45.0
171.43182342083287 445.6806456099234
0
171.43182342083287 410.5272332463602
0.25 0.25 0.25 0.25
35.15341236356318
45.0
335.2408854415984 226.06236560564486
0
335.2408854415984 179.0607282611547
0.25 0.25 0.25 0.25
47.001637344490156
45.0
184.0882973805621 444.1246375027706
0
184.0882973805621 435.7450300371618
0.25 0.25 0.25 0.25
8.379607465608796
45.0
350.86375112647505 458.23553224150567
3
309.73135551045425 458.23553224150567
0.25 0.25 0.25 0.25
41.13239561602081
45.0
322.008504291854 183.57553543099812
1
322.008504291854 193.25792754798337
0.25 0.25 0.25 0.25
9.682392116985255
45.0
12.536938886752933 284.09284306868165
2
21.889945899613004 284.09284306868165
0.25 0.25 0.25 0.25
9.35300701286007
45.0
355.47868083295526 20.107337714904332
0
355.47868083295526 8.633766410697568
0.25 0.25 0.25 0.25
11.473571304206764
45.0
60.75041694345765 191.980656549213
1
60.75041694345765 212.6922240540082
0.25 0.25 0.25 0.25
20.711567504795212
45.0
439.2971409551328 119.56928715883275
0
439.2971409551328 93.5853099576521
0.25 0.25 0.25 0.25
25.983977201180647
45.0
244.39939405432375 192.738854312074
1
244.39939405432375 224.4973414631511
0.25 0.25 0.25 0.25
31.758487151077087
45.0
181.57799497289602 298.1294438160667
1
181.57799497289602 324.2307877773803
0.25 0.25 0.25 0.25
26.101343961313596
45.0
400.8625212632172 21.07273164554806
1
400.8625212632172 28.1520287000817
0.25 0.25 0.25 0.25
49.22476034562976
45.0
435.49143208678584 430.4181770471961
3
419.5976607922486 430.4181770471961
0.25 0.25 0.25 0.25
15.893771294537284
45.0
446.50086222319794 344.6902414563947
0
446.50086222319794 320.44960885072385
0.25 0.25 0.25 0.25
24.240632605670836
45.0
372.47654484881195 100.06040921145883
3
324.36944389829574 100.06040921145883
0.25 0.25 0.25 0.25
48.1071009505162
45.0
263.4625007247532 80.38042651509797
2
269.25768512632294 80.38042651509797
0.25 0.25 0.25 0.25
5.79518440156972
45.0
10.38194259470039 222.97150911940304
0
10.38194259470039 177.54067736600342
0.25 0.25 0.25 0.25
45.43083175339962
45.0
289.0987650698144 499.29794803888956
0
289.0987650698144 455.3751791904499
0.25 0.25 0.25 0.25
45.326872770660536
45.0
389.2045294345127 389.1342493841097
3
366.7361217646466 389.1342493841097
0.25 0.25 0.25 0.25
22.468407669866135
45.0
249.18567392451357 168.80005008279656
0
249.18567392451357 150.04737910617388
0.25 0.25 0.25 0.25
18.752670976622674
45.0
