83360
424.76660698979435 401.801420585297
3
288.43938659496837 401.801420585297
0.25 0.25 0.25 0.25
136.327220394826
45.0
484.323241707855 350.9829344266159
0
484.323241707855 258.6614320717125
0.25 0.25 0.25 0.25
92.32150235490334
45.0
152.98284507524585 106.94058478867004
1
152.98284507524585 62.611013544761704
0.25 0.25 0.25 0.25
169.55159833343174
45.0
414.654729457877 497.3241791883764
0
414.654729457877 372.28432188240356
0.25 0.25 0.25 0.25
130.39149892922006
45.0
421.6268294516128 468.1656030950171
0
421.6268294516128 410.30916802159464
0.25 0.25 0.25 0.25
121.52522888338821
45.0
62.6708564098945 207.34655213768528
2
179.8727521838143 207.34655213768528
0.25 0.25 0.25 0.25
117.2018957739198
45.0
101.11594341582224 105.90254414581409
1
101.11594341582224 193.72180198810838
0.25 0.25 0.25 0.25
87.81925784229429
45.0
450.2896916418694 366.50514637959145
3
290.30899314266344 366.50514637959145
0.25 0.25 0.25 0.25
159.98069849920597
45.0
293.175063287066 385.85471770591926
2
382.1280533454989 385.85471770591926
0.25 0.25 0.25 0.25
88.95299005843292
45.0
285.7703892569782 360.13280914871984
0
285.7703892569782 483.37768831836
0.25 0.25 0.25 0.25
156.48950253292017
45.0
216.82666934742275 161.04699533003875
0
216.82666934742275 159.93447229771394
0.25 0.25 0.25 0.25
1.1125230323248192
45.0
5.1632677525993245 106.29604527682136
1
5.1632677525993245 151.2910702185271
0.25 0.25 0.25 0.25
44.995024941705736
45.0
282.9637698439498 281.4693548684642
2
293.5171919284131 281.4693548684642
0.25 0.25 0.25 0.25
10.553422084463303
45.0
269.07890272604726 451.3295061200583
0
269.07890272604726 442.9804537788882
0.25 0.25 0.25 0.25
8.349052341170104
45.0
271.68603640005676 388.3807781293077
2
296.0170703931094 388.3807781293077
0.25 0.25 0.25 0.25
24.33103399305262
45.0
226.0932175225846 497.58868204666635
0
226.0932175225846 482.9894243249288
0.25 0.25 0.25 0.25
14.599257721737558
45.0
100.30232783744958 302.42229801792735
2
146.36006086316158 302.42229801792735
0.25 0.25 0.25 0.25
46.05773302571199
45.0
181.113885456057 62.79582647494385
2
202.73133863822198 62.79582647494385
0.25 0.25 0.25 0.25
21.617453182164965
45.0
334.0171976581191 30.419533572302715
3
312.3419525799708 30.419533572302715
0.25 0.25 0.25 0.25
21.675245078148304
45.0
129.9295115757521 479.4297950711463
2
143.2836567928314 479.4297950711463
0.25 0.25 0.25 0.25
13.354145217079328
45.0
466.0340766121206 155.5573848415035
3
444.5309663622751 155.5573848415035
0.25 0.25 0.25 0.25
21.50311024984551
45.0
145.27959224873578 214.226815399774
2
148.81672603032095 214.226815399774
0.25 0.25 0.25 0.25
3.5371337815851667
45.0
292.72528993188627 81.72575490432774
1
292.72528993188627 95.12186304828137
0.25 0.25 0.25 0.25
13.396108143953628
45.0
131.28013786702832 69.60867778515814
2
181.0382325509848 69.60867778515814
0.25 0.25 0.25 0.25
49.75809468395646
45.0
392.6503629972568 252.71880626221775
2
419.9158754291858 252.71880626221775
0.25 0.25 0.25 0.25
27.265512431928997
45.0
57.33995463752895 225.20676343086058
2
84.29372247909868 225.20676343086058
0.25 0.25 0.25 0.25
26.953767841569725
45.0
218.25772837444288 231.2496614505821
1
218.25772837444288 243.66937491319243
0.25 0.25 0.25 0.25
12.419713462610332
45.0
196.3178064477882 437.79343568886503
1
196.3178064477882 441.3135597866589
0.25 0.25 0.25 0.25
3.5201240977938753
45.0
468.3635761495693 234.7601714285443
3
496.4830114868675 234.7601714285443
0.25 0.25 0.25 0.25
35.15341236356318
45.0
442.20977589628535 119.09347515095803
3
395.2081385517952 119.09347515095803
0.25 0.25 0.25 0.25
47.001637344490156
45.0
217.60672724299724 25.133380571321613
3
209.22711977738845 25.133380571321613
0.25 0.25 0.25 0.25
8.379607465608796
45.0
389.51936996189943 280.88344456192175
1
389.51936996189943 322.01584017794255
0.25 0.25 0.25 0.25
41.13239561602081
45.0
375.1237281310848 409.7639956556202
3
365.44133601409953 409.7639956556202
0.25 0.25 0.25 0.25
9.682392116985255
45.0
162.18505109251407 491.43498862267654
0
162.18505109251407 499.2120043644634
0.25 0.25 0.25 0.25
9.35300701286007
45.0
412.84653735398905 283.9994777116598
1
412.84653735398905 295.47304901586654
0.25 0.25 0.25 0.25
11.473571304206764
45.0
267.8660919914097 429.3663685946432
3
247.1545244866145 429.3663685946432
0.25 0.25 0.25 0.25
20.711567504795212
45.0
101.50543733978432 158.16213071514858
0
101.50543733978432 132.17815351396794
0.25 0.25 0.25 0.25
25.983977201180647
45.0
85.60695829893834 330.88383842176984
0
85.60695829893834 299.12535127069276
0.25 0.25 0.25 0.25
31.758487151077087
45.0
53.334100678926355 384.5824051700907
1
53.334100678926355 410.6837491314043
0.25 0.25 0.25 0.25
26.101343961313596
45.0
105.51395918943865 104.0174592494028
0
105.51395918943865 54.792698903773044
0.25 0.25 0.25 0.25
49.22476034562976
45.0
6.359607134279393 478.09949093080786
1
6.359607134279393 493.9932622253451
0.25 0.25 0.25 0.25
15.893771294537284
45.0
426.1619115809522 296.208976245053
0
426.1619115809522 271.96834363938217
0.25 0.25 0.25 0.25
24.240632605670836
45.0
252.9157675078987 282.2396930526834
2
301.0228684584149 282.2396930526834
0.25 0.25 0.25 0.25
48.1071009505162
45.0
43.24549346510409 242.64558975904998
0
43.24549346510409 236.85040535748027
0.25 0.25 0.25 0.25
5.79518440156972
45.0
419.78112980050537 450.6473693116096
2
465.211961553905 450.6473693116096
0.25 0.25 0.25 0.25
45.43083175339962
45.0
300.1505809487726 184.81863768973398
1
300.1505809487726 230.14551046039452
0.25 0.25 0.25 0.25
45.326872770660536
45.0
475.9850245462907 434.0710647238419
1
475.9850245462907 456.539472393708
0.25 0.25 0.25 0.25
22.468407669866135
45.0
80.41163513490943 474.8992013613729
2
99.16430611153211 474.8992013613729
0.25 0.25 0.25 0.25
18.752670976622674
45.0
