83360
436.50271867389574 461.871359019877
0
436.50271867389574 401.801420585297
0.25 0.25 0.25 0.25
136.327220394826
45.0
99.50070638430475 218.48260560674103
2
191.8222087392081 218.48260560674103
0.25 0.25 0.25 0.25
92.32150235490334
45.0
239.53079507819842 432.7890885403336
2
409.08239341163016 432.7890885403336
0.25 0.25 0.25 0.25
169.55159833343174
45.0
238.2982898161619 363.9461063753407
0
238.2982898161619 233.55460744612066
0.25 0.25 0.25 0.25
130.39149892922006
45.0
251.9282059829277 233.18760127241785
0
251.9282059829277 111.66237238902963
0.25 0.25 0.25 0.25
121.52522888338821
45.0
202.57606771390496 495.86482250583344
0
202.57606771390496 378.66292673191367
0.25 0.25 0.25 0.25
117.2018957739198
45.0
397.50913691395533 488.98933037747724
3
309.68987907166104 488.98933037747724
0.25 0.25 0.25 0.25
87.81925784229429
45.0
469.4786903486022 233.30183861246843
3
309.4979918493962 233.30183861246843
0.25 0.25 0.25 0.25
159.98069849920597
45.0
259.17543379128756 258.3333220603489
0
259.17543379128756 169.38033200191597
0.25 0.25 0.25 0.25
88.95299005843292
45.0
495.6587955389323 5.126190101472332
1
495.6587955389323 161.6156926343925
0.25 0.25 0.25 0.25
156.48950253292017
45.0
213.4891002504483 186.63502507350952
2
214.60162328277312 186.63502507350952
0.25 0.25 0.25 0.25
1.1125230323248192
45.0
150.25779386019002 198.55967803264528
0
150.25779386019002 153.56465309093954
0.25 0.25 0.25 0.25
44.995024941705736
45.0
356.83772443519297 24.579885580971624
1
356.83772443519297 35.13330766543493
0.25 0.25 0.25 0.25
10.553422084463303
45.0
422.0061606506598 309.39561632016694
3
413.65710830948973 309.39561632016694
0.25 0.25 0.25 0.25
8.349052341170104
45.0
71.37604578752206 414.5433436414289
1
71.37604578752206 438.87437763448156
0.25 0.25 0.25 0.25
24.33103399305262
45.0
284.49024840953484 234.80204305539027
1
284.49024840953484 249.40130077712783
0.25 0.25 0.25 0.25
14.599257721737558
45.0
271.263133374634 434.5014303934645
0
271.263133374634 388.4436973677525
0.25 0.25 0.25 0.25
46.05773302571199
45.0
99.91300591208758 94.12349942062198
2
121.53045909425255 94.12349942062198
0.25 0.25 0.25 0.25
21.617453182164965
45.0
182.29048211108102 254.29737884880353
3
160.61523703293273 254.29737884880353
0.25 0.25 0.25 0.25
21.675245078148304
45.0
196.70023766114866 133.29999363355282
0
196.70023766114866 119.9458484164735
0.25 0.25 0.25 0.25
13.354145217079328
45.0
57.47498186505575 5.035613092584917
1
57.47498186505575 16.467497157260592
0.25 0.25 0.25 0.25
21.50311024984551
45.0
28.03996304893743 330.9522301920846
0
28.03996304893743 327.4150964104994
0.25 0.25 0.25 0.25
3.5371337815851667
45.0
238.4109250297359 175.49851191200312
3
225.01481688578227 175.49851191200312
0.25 0.25 0.25 0.25
13.396108143953628
45.0
429.8287059707672 44.421830545366845
1
429.8287059707672 94.1799252293233
0.25 0.25 0.25 0.25
49.75809468395646
45.0
398.0494975286838 170.92226896643075
0
398.0494975286838 143.65675653450177
0.25 0.25 0.25 0.25
27.265512431928997
45.0
427.82786651072615 465.08008414306835
0
427.82786651072615 438.1263163014986
0.25 0.25 0.25 0.25
26.953767841569725
45.0
309.7931600463645 247.12237311978396
2
322.21287350897484 247.12237311978396
0.25 0.25 0.25 0.25
12.419713462610332
45.0
326.56239806616185 497.63554535136103
0
326.56239806616185 494.11542125356715
0.25 0.25 0.25 0.25
3.5201240977938753
45.0
320.7159496690516 39.54415106739617
3
285.56253730548843 39.54415106739617
0.25 0.25 0.25 0.25
35.15341236356318
45.0
369.7836747257539 324.9916667625304
2
416.78531207024406 324.9916667625304
0.25 0.25 0.25 0.25
47.001637344490156
45.0
413.6905442702162 371.5239982538361
0
413.6905442702162 363.1443907882273
0.25 0.25 0.25 0.25
8.379607465608796
45.0
145.20177304637104 265.3960593769023
3
104.06937743035024 265.3960593769023
0.25 0.25 0.25 0.25
41.13239561602081
45.0
387.51973219858746 357.858593536733
0
387.51973219858746 348.1762014197477
0.25 0.25 0.25 0.25
9.682392116985255
45.0
21.889945899613018 330.857878132982
3
12.536938886752948 330.857878132982
0.25 0.25 0.25 0.25
9.35300701286007
45.0
483.89132090815013 2.8398048935091964
2
495.3648922123569 2.8398048935091964
0.25 0.25 0.25 0.25
11.473571304206764
45.0
495.69333454415687 160.11599103230554
3
483.59509795104793 160.11599103230554
0.25 0.25 0.25 0.25
20.711567504795212
45.0
288.2542206779254 171.537241561194
1
288.2542206779254 197.52121876237464
0.25 0.25 0.25 0.25
25.983977201180647
45.0
38.36157283125068 351.5312900674594
0
38.36157283125068 319.7728029163823
0.25 0.25 0.25 0.25
31.758487151077087
45.0
157.73947652418076 324.2307877773803
2
183.84082048549436 324.2307877773803
0.25 0.25 0.25 0.25
26.101343961313596
45.0
26.655528760045854 339.00538386126505
2
75.88028910567562 339.00538386126505
0.25 0.25 0.25 0.25
49.22476034562976
45.0
260.659947846876 394.75033871289406
2
276.55371914141324 394.75033871289406
0.25 0.25 0.25 0.25
15.893771294537284
45.0
446.500862223198 199.2464458223697
0
446.500862223198 175.00581321669887
0.25 0.25 0.25 0.25
24.240632605670836
45.0
242.6666475470584 92.36799459060593
0
242.6666475470584 44.26089364008973
0.25 0.25 0.25 0.25
48.1071009505162
45.0
240.28176311847434 128.24621194141187
1
240.28176311847434 134.04139634298159
0.25 0.25 0.25 0.25
5.79518440156972
45.0
125.91055266549847 359.7857058048102
1
125.91055266549847 405.21653755820984
0.25 0.25 0.25 0.25
45.43083175339962
45.0
206.68803636198342 272.66358418558684
3
161.36116359132288 272.66358418558684
0.25 0.25 0.25 0.25
45.326872770660536
45.0
276.86249108518217 453.58689692682754
2
299.3308987550483 453.58689692682754
0.25 0.25 0.25 0.25
22.468407669866135
45.0
75.71817091707064 356.32675984902323
3
56.96549994044796 356.32675984902323
0.25 0.25 0.25 0.25
18.752670976622674
45.0
