83360
288.43938659496837 493.220335057733
3
152.11216620014235 493.220335057733
0.25 0.25 0.25 0.25
136.327220394826
45.0
115.3176970646578 110.62457734790081
3
22.996194709754462 110.62457734790081
0.25 0.25 0.25 0.25
92.32150235490334
45.0
492.08604174210933 332.4758502092635
3
338.36235992445893 332.4758502092635
0.25 0.25 0.25 0.25
169.55159833343174
45.0
239.2938144441004 236.54118132993625
2
369.68531337332047 236.54118132993625
0.25 0.25 0.25 0.25
130.39149892922006
45.0
185.99931496532827 73.53165030432443
3
64.47408608194006 73.53165030432443
0.25 0.25 0.25 0.25
121.52522888338821
45.0
398.56895484242114 97.71242820712905
1
398.56895484242114 214.91432398104885
0.25 0.25 0.25 0.25
117.2018957739198
45.0
203.08043462011062 159.7336382533456
0
203.08043462011062 71.9143804110513
0.25 0.25 0.25 0.25
87.81925784229429
45.0
108.91894682557569 353.6492656267608
2
51.06175167363028 353.6492656267608
0.25 0.25 0.25 0.25
159.98069849920597
45.0
38.23523495994621 51.55986682942542
2
50.717755098486705 51.55986682942542
0.25 0.25 0.25 0.25
88.95299005843292
45.0
224.70740445449914 142.58032181332064
1
224.70740445449914 299.0698243462408
0.25 0.25 0.25 0.25
156.48950253292017
45.0
233.514514832295 147.69671894214096
1
233.514514832295 148.80924197446578
0.25 0.25 0.25 0.25
1.1125230323248192
45.0
240.24784374360152 476.3656960929409
2
285.24286868530726 476.3656960929409
0.25 0.25 0.25 0.25
44.995024941705736
45.0
114.10901649253691 418.6638419664872
0
114.10901649253691 408.1104198820239
0.25 0.25 0.25 0.25
10.553422084463303
45.0
461.1071065729591 484.7257154847386
2
469.45615891412916 484.7257154847386
0.25 0.25 0.25 0.25
8.349052341170104
45.0
77.03776445563585 365.88127565532363
3
52.70673046258323 365.88127565532363
0.25 0.25 0.25 0.25
24.33103399305262
45.0
138.49767119215926 191.00426989017762
0
138.49767119215926 176.40501216844007
0.25 0.25 0.25 0.25
14.599257721737558
45.0
146.36006086316164 473.3831035551116
3
100.30232783744964 473.3831035551116
0.25 0.25 0.25 0.25
46.05773302571199
45.0
397.2884172777068 84.41327965710882
0
397.2884172777068 62.79582647494385
0.25 0.25 0.25 0.25
21.617453182164965
45.0
56.13721374855032 355.5482097445272
3
34.461968670402015 355.5482097445272
0.25 0.25 0.25 0.25
21.675245078148304
45.0
196.7002376611487 479.4297950711463
0
196.7002376611487 466.07564985406697
0.25 0.25 0.25 0.25
13.354145217079328
45.0
423.02785611242956 134.054274591658
1
423.02785611242956 155.5573848415035
0.25 0.25 0.25 0.25
21.50311024984551
45.0
134.66819090398027 263.7466883419664
1
134.66819090398027 267.28382212355154
0.25 0.25 0.25 0.25
3.5371337815851667
45.0
493.6669120911911 162.1024037680495
0
493.6669120911911 148.70629562409587
0.25 0.25 0.25 0.25
13.396108143953628
45.0
285.39252823976847 363.31913956802623
0
285.39252823976847 313.56104488406976
0.25 0.25 0.25 0.25
49.75809468395646
45.0
234.4564229371099 365.5640196907765
0
234.4564229371099 338.2985072588475
0.25 0.25 0.25 0.25
27.265512431928997
45.0
158.29018809502884 316.57918326245385
2
185.24395593659855 316.57918326245385
0.25 0.25 0.25 0.25
26.953767841569725
45.0
156.15916106139122 479.64393070278874
2
168.57887452400155 479.64393070278874
0.25 0.25 0.25 0.25
12.419713462610332
45.0
316.0020257727802 420.1928151998956
1
316.0020257727802 423.7129392976895
0.25 0.25 0.25 0.25
3.5201240977938753
45.0
101.12499869370646 11.31371511639793
1
101.12499869370646 46.46712747996111
0.25 0.25 0.25 0.25
35.15341236356318
45.0
275.2736323314017 384.95891987272717
2
322.2752696758919 384.95891987272717
0.25 0.25 0.25 0.25
47.001637344490156
45.0
284.6435869678675 184.35680606889827
2
293.0231944334763 184.35680606889827
0.25 0.25 0.25 0.25
8.379607465608796
45.0
402.3418751774001 171.57290721430712
0
402.3418751774001 130.44051159828632
0.25 0.25 0.25 0.25
41.13239561602081
45.0
94.33435673851213 338.49380930276243
3
84.65196462152687 338.49380930276243
0.25 0.25 0.25 0.25
9.682392116985255
45.0
6.169075138967234 274.73983605582157
2
15.522082151827304 274.73983605582157
0.25 0.25 0.25 0.25
9.35300701286007
45.0
309.58439561612823 421.68233336214087
2
321.057966920335 421.68233336214087
0.25 0.25 0.25 0.25
11.473571304206764
45.0
235.05628789350556 35.846586003534284
3
214.34472038871036 35.846586003534284
0.25 0.25 0.25 0.25
20.711567504795212
45.0
196.92717822833797 158.16213071514858
1
196.92717822833797 184.1461079163292
0.25 0.25 0.25 0.25
25.983977201180647
45.0
149.12393260109252 362.6423255728469
0
149.12393260109252 330.88383842176984
0.25 0.25 0.25 0.25
31.758487151077087
45.0
285.9833708181504 227.97434140220906
3
259.8820268568368 227.97434140220906
0.25 0.25 0.25 0.25
26.101343961313596
45.0
139.23392644766363 289.7806235156353
2
188.4586867932934 289.7806235156353
0.25 0.25 0.25 0.25
49.22476034562976
45.0
136.6843345165562 140.44999800029768
1
136.6843345165562 156.34376929483497
0.25 0.25 0.25 0.25
15.893771294537284
45.0
228.3351687721604 490.1340370904197
0
228.3351687721604 465.8934044847489
0.25 0.25 0.25 0.25
24.240632605670836
45.0
146.45244564602598 474.6680968547482
2
194.5595465965422 474.6680968547482
0.25 0.25 0.25 0.25
48.1071009505162
45.0
251.8721319216138 178.8985613417831
0
251.8721319216138 173.1033769402134
0.25 0.25 0.25 0.25
5.79518440156972
45.0
80.47972091209886 95.04431315439425
2
125.91055266549847 95.04431315439425
0.25 0.25 0.25 0.25
45.43083175339962
45.0
337.23443688594307 41.815726163568776
2
382.5613096566036 41.815726163568776
0.25 0.25 0.25 0.25
45.326872770660536
45.0
411.6729371043788 15.297088673480648
1
411.6729371043788 7.171318996385487
0.25 0.25 0.25 0.25
22.468407669866135
45.0
125.86774560794001 375.0794308256459
1
125.86774560794001 393.83210180226854
0.25 0.25 0.25 0.25
18.752670976622674
45.0
