83360
300.97664959289773 129.14697979564502
1
300.97664959289773 7.180240599180991
0.25 0.25 0.25 0.25
136.327220394826
45.0
100.67882422943882 319.90988261874213
0
100.67882422943882 227.5883802638388
0.25 0.25 0.25 0.25
92.32150235490334
45.0
239.5307950781982 228.10771479280282
1
239.5307950781982 397.65931312623457
0.25 0.25 0.25 0.25
169.55159833343174
45.0
413.6592048299385 417.40736257204105
0
413.6592048299385 287.015863642821
0.25 0.25 0.25 0.25
130.39149892922006
45.0
449.42499838450726 495.9637720279114
3
429.04977273210454 495.9637720279114
0.25 0.25 0.25 0.25
121.52522888338821
45.0
94.21255764257631 308.71032107990845
0
94.21255764257631 191.50842530598865
0.25 0.25 0.25 0.25
117.2018957739198
45.0
255.85878496412954 35.7478078040117
1
255.85878496412954 123.56706564630599
0.25 0.25 0.25 0.25
87.81925784229429
45.0
210.55991265298582 86.65955838594351
1
210.55991265298582 246.64025688514948
0.25 0.25 0.25 0.25
159.98069849920597
45.0
452.4484866761759 37.39312322900744
3
363.49549661774296 37.39312322900744
0.25 0.25 0.25 0.25
88.95299005843292
45.0
374.55115380266454 48.2727136475616
3
468.9593436644153 48.2727136475616
0.25 0.25 0.25 0.25
156.48950253292017
45.0
202.36386992720014 179.95988687956063
1
202.36386992720014 181.07240991188544
0.25 0.25 0.25 0.25
1.1125230323248192
45.0
39.83175718910641 18.579578265822363
2
5.1632677525993245 18.579578265822363
0.25 0.25 0.25 0.25
44.995024941705736
45.0
409.6048348575095 56.24015183436154
2
420.1582569419728 56.24015183436154
0.25 0.25 0.25 0.25
10.553422084463303
45.0
419.3618448671087 351.14087802601733
0
419.3618448671087 342.79182568484725
0.25 0.25 0.25 0.25
8.349052341170104
45.0
363.34845370415354 317.21920766921835
3
339.0174197111009 317.21920766921835
0.25 0.25 0.25 0.25
24.33103399305262
45.0
342.8872792964851 88.80946583801472
1
342.8872792964851 103.40872355975227
0.25 0.25 0.25 0.25
14.599257721737558
45.0
409.4363324517699 296.3282313163286
0
409.4363324517699 250.2704982906166
0.25 0.25 0.25 0.25
46.05773302571199
45.0
267.5836981847169 288.6805780601068
1
267.5836981847169 310.2980312422718
0.25 0.25 0.25 0.25
21.617453182164965
45.0
99.48770390484694 362.673604239545
1
99.48770390484694 384.3488493176933
0.25 0.25 0.25 0.25
21.675245078148304
45.0
23.096349839117494 200.07071971894942
1
23.096349839117494 213.42486493602874
0.25 0.25 0.25 0.25
13.354145217079328
45.0
57.47498186505575 339.0141509049433
3
35.97187161521025 339.0141509049433
0.25 0.25 0.25 0.25
21.50311024984551
45.0
32.0913112380104 235.44961808928502
2
35.62844501959557 235.44961808928502
0.25 0.25 0.25 0.25
3.5371337815851667
45.0
358.9758983253187 269.2712689196785
0
358.9758983253187 255.87516077572488
0.25 0.25 0.25 0.25
13.396108143953628
45.0
167.26843023671034 442.48658801701856
3
117.51033555275389 442.48658801701856
0.25 0.25 0.25 0.25
49.75809468395646
45.0
106.95282075883746 116.39124410257277
1
106.95282075883746 143.65675653450177
0.25 0.25 0.25 0.25
27.265512431928997
45.0
57.33995463752896 235.7178797377446
3
30.386186795959237 235.7178797377446
0.25 0.25 0.25 0.25
26.953767841569725
45.0
496.0888619855195 234.70265965717363
3
483.66914852290915 234.70265965717363
0.25 0.25 0.25 0.25
12.419713462610332
45.0
270.24041250145973 462.4343043734222
1
270.24041250145973 465.9544284712161
0.25 0.25 0.25 0.25
3.5201240977938753
45.0
215.25571257836208 11.313715116397987
3
180.1023002147989 11.313715116397987
0.25 0.25 0.25 0.25
35.15341236356318
45.0
416.7853120702441 4.019794648900714
1
416.7853120702441 42.98184269558944
0.25 0.25 0.25 0.25
47.001637344490156
45.0
318.16201683030266 488.8385027723591
2
326.54162429591145 488.8385027723591
0.25 0.25 0.25 0.25
8.379607465608796
45.0
350.86375112647505 282.1475888468688
2
391.99614674249585 282.1475888468688
0.25 0.25 0.25 0.25
41.13239561602081
45.0
302.64372005788346 164.2107511970276
0
302.64372005788346 154.52835908004235
0.25 0.25 0.25 0.25
9.682392116985255
45.0
40.59595992533314 405.6819342358626
3
31.242952912473072 405.6819342358626
0.25 0.25 0.25 0.25
9.35300701286007
45.0
426.52346438711635 8.633766410697568
3
415.0498930829096 8.633766410697568
0.25 0.25 0.25 0.25
11.473571304206764
45.0
392.1354970201809 274.8269265683938
3
371.4239295153857 274.8269265683938
0.25 0.25 0.25 0.25
20.711567504795212
45.0
132.35035747084154 88.30253045061244
3
106.3663802696609 88.30253045061244
0.25 0.25 0.25 0.25
25.983977201180647
45.0
183.94783722628893 2.1879314056115007
3
152.18935007521185 2.1879314056115007
0.25 0.25 0.25 0.25
31.758487151077087
45.0
207.67933893420962 480.83885154526195
2
233.78068289552323 480.83885154526195
0.25 0.25 0.25 0.25
26.101343961313596
45.0
337.5088839212292 240.55586317000552
2
386.73364426685896 240.55586317000552
0.25 0.25 0.25 0.25
49.22476034562976
45.0
324.235033025025 478.09949093080786
1
324.235033025025 493.9932622253451
0.25 0.25 0.25 0.25
15.893771294537284
45.0
408.055342142777 461.3846976982386
2
432.29597474844786 461.3846976982386
0.25 0.25 0.25 0.25
24.240632605670836
45.0
156.70156560686627 51.95330826094266
0
156.70156560686627 3.8462073104264647
0.25 0.25 0.25 0.25
48.1071009505162
45.0
199.71547230748638 18.13770831158726
0
199.71547230748638 12.34252391001754
0.25 0.25 0.25 0.25
5.79518440156972
45.0
10.38194259470039 496.0782010650091
2
55.812774348100014 496.0782010650091
0.25 0.25 0.25 0.25
45.43083175339962
45.0
481.45807203141476 180.60514352101853
3
473.2150551979247 180.60514352101853
0.25 0.25 0.25 0.25
45.326872770660536
45.0
119.5836373961192 434.0710647238419
0
119.5836373961192 411.6026570539758
0.25 0.25 0.25 0.25
22.468407669866135
45.0
380.45437076087217 187.55272105941924
2
399.2070417374948 187.55272105941924
0.25 0.25 0.25 0.25
18.752670976622674
45.0
