83360
438.90617261537966 280.635832702661
3
424.76660698979435 280.635832702661
0.25 0.25 0.25 0.25
136.327220394826
45.0
161.6468100000522 187.40955379886734
0
161.6468100000522 95.08805144396399
0.25 0.25 0.25 0.25
92.32150235490334
45.0
305.224853408087 315.16626020867324
2
474.7764517415187 315.16626020867324
0.25 0.25 0.25 0.25
169.55159833343174
45.0
195.16629838240135 238.53223058581324
3
64.77479945318129 238.53223058581324
0.25 0.25 0.25 0.25
130.39149892922006
45.0
484.6461105978933 28.26786559034643
1
484.6461105978933 149.79309447373464
0.25 0.25 0.25 0.25
121.52522888338821
45.0
226.54999710322326 253.8932591146303
2
343.75189287714306 253.8932591146303
0.25 0.25 0.25 0.25
117.2018957739198
45.0
188.93520125811654 211.38632348860028
2
276.7544591004108 211.38632348860028
0.25 0.25 0.25 0.25
87.81925784229429
45.0
189.63310235495447 166.8911763954718
2
349.61380085416044 166.8911763954718
0.25 0.25 0.25 0.25
159.98069849920597
45.0
240.5428770635317 207.9487375890534
2
329.49586712196464 207.9487375890534
0.25 0.25 0.25 0.25
88.95299005843292
45.0
7.1549171190999346 447.89524582571585
2
149.33458541382024 447.89524582571585
0.25 0.25 0.25 0.25
156.48950253292017
45.0
261.3275906404154 143.2466268128417
1
261.3275906404154 144.3591498451665
0.25 0.25 0.25 0.25
1.1125230323248192
45.0
355.01401600377176 16.30599539340986
1
355.01401600377176 61.301020335115595
0.25 0.25 0.25 0.25
44.995024941705736
45.0
160.27995770350904 218.14882236168438
1
160.27995770350904 228.7022444461477
0.25 0.25 0.25 0.25
10.553422084463303
45.0
118.79596058498535 50.57499374389377
3
110.44690824381524 50.57499374389377
0.25 0.25 0.25 0.25
8.349052341170104
45.0
193.0312157527852 264.2980018792023
1
193.0312157527852 288.6290358722549
0.25 0.25 0.25 0.25
24.33103399305262
45.0
189.64422715726346 380.7946202727659
0
189.64422715726346 366.1953625510283
0.25 0.25 0.25 0.25
14.599257721737558
45.0
425.8502153397669 486.6532301207752
0
425.8502153397669 467.2890368535128
0.25 0.25 0.25 0.25
46.05773302571199
45.0
348.4563572929657 106.03073283927378
0
348.4563572929657 84.41327965710882
0.25 0.25 0.25 0.25
21.617453182164965
45.0
337.9153997644782 471.04982963028647
0
337.9153997644782 449.3745845521382
0.25 0.25 0.25 0.25
21.675245078148304
45.0
282.48809887275684 25.388857690448937
3
269.1339536556775 25.388857690448937
0.25 0.25 0.25 0.25
13.354145217079328
45.0
39.394387641432516 230.92364409814633
1
39.394387641432516 252.42675434799185
0.25 0.25 0.25 0.25
21.50311024984551
45.0
177.1137962830023 429.9919760764693
3
173.57666250141713 429.9919760764693
0.25 0.25 0.25 0.25
3.5371337815851667
45.0
158.76420849234995 349.64791778340043
0
158.76420849234995 336.2518096394468
0.25 0.25 0.25 0.25
13.396108143953628
45.0
344.82683556546624 134.26180727153843
1
344.82683556546624 184.0199019554949
0.25 0.25 0.25 0.25
49.75809468395646
45.0
79.68730832690855 19.9363180570721
3
52.42179589497955 19.9363180570721
0.25 0.25 0.25 0.25
27.265512431928997
45.0
371.2097409656667 340.8223612421037
2
398.16350880723644 340.8223612421037
0.25 0.25 0.25 0.25
26.953767841569725
45.0
193.4183014492222 396.15893467110794
0
193.4183014492222 383.7392212084976
0.25 0.25 0.25 0.25
12.419713462610332
45.0
118.87507629632279 437.79343568886503
3
115.3549521985289 437.79343568886503
0.25 0.25 0.25 0.25
3.5201240977938753
45.0
234.70467112169428 187.08077693421387
1
234.70467112169428 222.23418929777705
0.25 0.25 0.25 0.25
35.15341236356318
45.0
361.1721169730116 337.9572825282369
1
361.1721169730116 384.95891987272705
0.25 0.25 0.25 0.25
47.001637344490156
45.0
351.6804466927378 108.94033887841915
3
343.300839227129 108.94033887841915
0.25 0.25 0.25 0.25
8.379607465608796
45.0
196.67989709729605 88.04397169731845
2
237.81229271331685 88.04397169731845
0.25 0.25 0.25 0.25
41.13239561602081
45.0
421.5460374122242 400.0816035386349
0
421.5460374122242 390.3992114216496
0.25 0.25 0.25 0.25
9.682392116985255
45.0
90.34613825470787 349.5638921587022
1
90.34613825470787 358.91689917156225
0.25 0.25 0.25 0.25
9.35300701286007
45.0
483.89132090815013 48.734090110336254
3
472.4177496039434 48.734090110336254
0.25 0.25 0.25 0.25
11.473571304206764
45.0
471.9055784113874 446.36422637658563
3
451.1940109065922 446.36422637658563
0.25 0.25 0.25 0.25
20.711567504795212
45.0
67.00729222243474 210.13008511750985
0
67.00729222243474 184.1461079163292
0.25 0.25 0.25 0.25
25.983977201180647
45.0
73.1854774564471 282.85376243622613
3
41.42699030537001 282.85376243622613
0.25 0.25 0.25 0.25
31.758487151077087
45.0
155.47665101158242 219.82541193212592
0
155.47665101158242 193.7240679708123
0.25 0.25 0.25 0.25
26.101343961313596
45.0
106.88987528048517 414.87081441058615
0
106.88987528048517 365.6460540649564
0.25 0.25 0.25 0.25
49.22476034562976
45.0
200.25941969470534 29.19359893853668
0
200.25941969470534 13.299827643999397
0.25 0.25 0.25 0.25
15.893771294537284
45.0
159.51495291857293 18.91924762866788
2
183.75558552424377 18.91924762866788
0.25 0.25 0.25 0.25
24.240632605670836
45.0
314.12032393745545 79.56216928977834
2
362.22742488797167 79.56216928977834
0.25 0.25 0.25 0.25
48.1071009505162
45.0
43.24549346510409 277.41669616846826
0
43.24549346510409 271.62151176689855
0.25 0.25 0.25 0.25
5.79518440156972
45.0
329.9628691441228 178.58408021642038
3
284.5320373907232 178.58408021642038
0.25 0.25 0.25 0.25
45.43083175339962
45.0
206.87141666489777 323.6080550471837
1
206.87141666489777 368.93492781784425
0.25 0.25 0.25 0.25
45.326872770660536
45.0
150.0372546422745 344.1974340443775
1
150.0372546422745 366.6658417142436
0.25 0.25 0.25 0.25
22.468407669866135
45.0
369.65246830403464 399.8885174548823
3
350.899797327412 399.8885174548823
0.25 0.25 0.25 0.25
18.752670976622674
45.0
