95140
219.79479370190361 180.4887657110329
1
219.79479370190361 181.99594093647576
0.25 0.25 0.25 0.25
1.5071752254428583
45.0
472.64232751071097 417.74521902733943
1
472.64232751071097 445.912867177064
0.25 0.25 0.25 0.25
28.167648149724574
45.0
360.9143942782878 366.37472233712526
1
360.9143942782878 402.80668207518727
0.25 0.25 0.25 0.25
36.431959738062034
45.0
123.90137854897114 351.0503253359012
0
123.90137854897114 309.7384990484951
0.25 0.25 0.25 0.25
41.31182628740609
45.0
31.510904019010056 122.51155947807003
2
16.281210455390863 122.51155947807003
0.25 0.25 0.25 0.25
47.79211447440092
45.0
235.4956373261397 277.82869511652814
1
235.4956373261397 307.75126608913683
0.25 0.25 0.25 0.25
29.922570972608714
45.0
106.8498487701092 470.2504231791513
3
58.083394678403835 470.2504231791513
0.25 0.25 0.25 0.25
48.76645409170537
45.0
338.9034109869455 468.11738509423463
1
338.9034109869455 470.6056763856331
0.25 0.25 0.25 0.25
2.48829129139847
45.0
65.23527589252149 171.03419218493184
1
65.23527589252149 205.36490031628955
0.25 0.25 0.25 0.25
34.33070813135771
45.0
245.85612781172006 10.6386442502627
2
292.4283097370851 10.6386442502627
0.25 0.25 0.25 0.25
46.572181925365044
45.0
474.73901865994264 221.62952683210523
3
425.384612179228 221.62952683210523
0.25 0.25 0.25 0.25
49.35440648071465
45.0
243.98568715560705 357.06397935276095
2
286.15463170986993 357.06397935276095
0.25 0.25 0.25 0.25
42.16894455426288
45.0
100.80118224722247 341.8844555064421
0
100.80118224722247 307.3350005095493
0.25 0.25 0.25 0.25
34.549454996892855
45.0
91.66592047250649 85.47228933999162
2
113.54636058286815 85.47228933999162
0.25 0.25 0.25 0.25
21.880440110361665
45.0
336.19927182353183 202.05649408830266
3
328.68784677484837 202.05649408830266
0.25 0.25 0.25 0.25
7.511425048683451
45.0
138.38938412766203 115.36119556918324
3
92.4172848073547 115.36119556918324
0.25 0.25 0.25 0.25
45.97209932030732
45.0
383.45518771121147 259.5032182611032
3
356.364646308725 259.5032182611032
0.25 0.25 0.25 0.25
27.09054140248643
45.0
367.08977864956205 216.0876731437493
2
400.96024593483617 216.0876731437493
0.25 0.25 0.25 0.25
33.87046728527411
45.0
25.619212529464424 312.2577174416085
2
51.10338587589594 312.2577174416085
0.25 0.25 0.25 0.25
25.484173346431515
45.0
165.32484686199714 95.36229795399944
2
178.45966365006433 95.36229795399944
0.25 0.25 0.25 0.25
13.134816788067184
45.0
425.48256961913967 14.605320858414347
2
439.27877560523086 14.605320858414347
0.25 0.25 0.25 0.25
13.796205986091186
45.0
367.49856812772845 166.79196945276337
1
367.49856812772845 170.81904088032155
0.25 0.25 0.25 0.25
4.027071427558171
45.0
420.02566689455875 108.76818820461301
0
420.02566689455875 80.63611890111186
0.25 0.25 0.25 0.25
28.13206930350116
45.0
344.588700540869 168.7317085000677
2
381.671807097199 168.7317085000677
0.25 0.25 0.25 0.25
37.083106556329966
45.0
128.10795987277854 123.89449929233567
2
156.39811784859012 123.89449929233567
0.25 0.25 0.25 0.25
28.290157975811574
45.0
224.38709345508136 4.114675018584151
1
224.38709345508136 40.02983019143769
0.25 0.25 0.25 0.25
35.91515517285354
45.0
234.75737097592548 78.30503594425247
1
234.75737097592548 118.71910192408123
0.25 0.25 0.25 0.25
40.414065979828756
45.0
450.0673119352727 416.2475523461477
2
483.297528447372 416.2475523461477
0.25 0.25 0.25 0.25
33.23021651209927
45.0
73.66638589077525 208.29824017048838
2
121.812513435617 208.29824017048838
0.25 0.25 0.25 0.25
48.14612754484176
45.0
69.91861005639328 335.00243098023657
1
69.91861005639328 370.8547414499423
0.25 0.25 0.25 0.25
35.85231046970576
45.0
416.76889859638027 180.0474217033426
1
416.76889859638027 229.95603440632354
0.25 0.25 0.25 0.25
49.90861270298094
45.0
192.7079116899609 348.58723760095296
3
151.61866634941123 348.58723760095296
0.25 0.25 0.25 0.25
41.08924534054968
45.0
437.69674893650506 273.27230340966116
2
474.83725158603534 273.27230340966116
0.25 0.25 0.25 0.25
37.140502649530255
45.0
453.893674914368 351.0860247779083
0
453.893674914368 318.03869099322134
0.25 0.25 0.25 0.25
33.04733378468694
45.0
389.75306303696 352.9221255298521
3
365.11287900598455 352.9221255298521
0.25 0.25 0.25 0.25
24.640184030975448
45.0
329.42617269026096 466.5825452957963
1
329.42617269026096 499.1980339204174
0.25 0.25 0.25 0.25
32.61548862462107
45.0
31.644731345873367 222.9560759207826
3
20.447391597919307 222.9560759207826
0.25 0.25 0.25 0.25
11.19733974795406
45.0
305.91878007776927 259.7140872215495
1
305.91878007776927 299.81105969707676
0.25 0.25 0.25 0.25
40.09697247552726
45.0
327.20288019656755 273.13721353261644
0
327.20288019656755 252.68820914076562
0.25 0.25 0.25 0.25
20.44900439185081
45.0
404.5837896261436 422.63749336813805
1
404.5837896261436 454.60522149278455
0.25 0.25 0.25 0.25
31.967728124646495
45.0
142.2394784650401 275.7623227719858
0
142.2394784650401 263.77652326408975
0.25 0.25 0.25 0.25
11.985799507896072
45.0
413.1492314194219 379.69288228180767
1
413.1492314194219 383.96511320954716
0.25 0.25 0.25 0.25
4.272230927739495
45.0
194.62715338995247 367.20052216274973
0
194.62715338995247 320.8583516718746
0.25 0.25 0.25 0.25
46.34217049087517
45.0
183.86944032331354 441.740049608554
0
183.86944032331354 428.8932464962484
0.25 0.25 0.25 0.25
12.846803112305583
45.0
16.836031201105225 21.505508723749166
1
16.836031201105225 6.443592158513507
0.25 0.25 0.25 0.25
27.949100882262673
45.0
95.73187173577915 207.4818358581727
2
132.0162380769131 207.4818358581727
0.25 0.25 0.25 0.25
36.28436634113395
45.0
441.41654145330926 356.3583492258242
2
466.1535391648853 356.3583492258242
0.25 0.25 0.25 0.25
24.73699771157599
45.0
140.93520991338212 246.18647385084083
1
140.93520991338212 257.34073378515143
0.25 0.25 0.25 0.25
11.154259934310613
45.0
