37102
419.0297380009707 299.8870263696248
3
424.33860067784406 299.8870263696248
0.25 0.25 0.25 0.25
156.6316613211852
45.0
460.7379956875817 275.74566141183345
0
460.7379956875817 118.73759000094515
0.25 0.25 0.25 0.25
157.0080714108883
45.0
397.09854085338543 311.28398070348044
3
232.42824916143667 311.28398070348044
0.25 0.25 0.25 0.25
164.67029169194876
45.0
117.0668170098536 487.67213549134124
0
117.0668170098536 367.0420261334209
0.25 0.25 0.25 0.25
145.28583837523786
45.0
344.7724996783702 426.8893769184442
0
344.7724996783702 401.72404343728226
0.25 0.25 0.25 0.25
171.38657964427347
45.0
117.68837693982698 45.6253811024194
2
277.45843996515237 45.6253811024194
0.25 0.25 0.25 0.25
159.77006302532538
45.0
471.05039395079893 203.27921303958507
3
359.02179881820746 203.27921303958507
0.25 0.25 0.25 0.25
169.92780723099364
45.0
437.47773211792196 391.1037881121934
0
437.47773211792196 299.6716607948857
0.25 0.25 0.25 0.25
91.43212731730766
45.0
107.68665932182411 84.27084600819326
1
107.68665932182411 4.742928349870255
0.25 0.25 0.25 0.25
89.01377435806351
45.0
418.65152763126923 312.92872156155875
3
431.74672262567276 312.92872156155875
0.25 0.25 0.25 0.25
149.60174974305798
45.0
242.11800723146789 135.33174375032715
1
242.11800723146789 2.8744629613269694
0.25 0.25 0.25 0.25
138.20620671165412
45.0
491.7751744234379 382.2178045967694
0
491.7751744234379 223.63905967323737
0.25 0.25 0.25 0.25
158.578744923532
45.0
110.40410819617387 439.2240126416814
2
61.17591937523707 439.2240126416814
0.25 0.25 0.25 0.25
171.58002757141094
45.0
328.27951964709956 377.1148760754786
2
478.6368410946486 377.1148760754786
0.25 0.25 0.25 0.25
150.35732144754905
45.0
87.86424244838071 91.65509797057308
2
247.5499256354162 91.65509797057308
0.25 0.25 0.25 0.25
159.6856831870355
45.0
16.676571024869247 299.7891892982514
1
16.676571024869247 467.13313796220996
0.25 0.25 0.25 0.25
167.34394866395854
45.0
95.23842979943743 307.6314807708253
2
39.56799796515361 307.6314807708253
0.25 0.25 0.25 0.25
134.80642776459104
45.0
299.8837196227628 58.74027434477122
1
299.8837196227628 147.3871901663295
0.25 0.25 0.25 0.25
88.64691582155828
45.0
284.4989754093946 146.96690996237652
1
284.4989754093946 246.08297098799756
0.25 0.25 0.25 0.25
99.11606102562104
45.0
187.0482999916949 144.63235710278133
2
287.6883447238781 144.63235710278133
0.25 0.25 0.25 0.25
100.64004473218321
45.0
384.19824873980156 99.88574161582409
3
225.0555575674038 99.88574161582409
0.25 0.25 0.25 0.25
159.14269117239775
45.0
81.31218646819957 331.5203725625014
0
81.31218646819957 179.38237339114403
0.25 0.25 0.25 0.25
152.13799917135736
45.0
472.7045110660911 400.2125021831746
3
416.44820354911303 400.2125021831746
0.25 0.25 0.25 0.25
110.84728538479595
45.0
210.440715507279 378.7816610659228
2
369.748996201694 378.7816610659228
0.25 0.25 0.25 0.25
159.308280694415
45.0
23.360548771432605 449.3703537892021
0
23.360548771432605 287.4285169298794
0.25 0.25 0.25 0.25
161.94183685932273
45.0
140.6659713399967 398.06230092242265
1
140.6659713399967 495.34282144757645
0.25 0.25 0.25 0.25
97.28052052515382
45.0
45.03422316694807 145.4877753744904
2
70.15179050885814 145.4877753744904
0.25 0.25 0.25 0.25
115.18601367580621
45.0
255.67204915369018 465.62408215578796
3
112.48417255837725 465.62408215578796
0.25 0.25 0.25 0.25
143.18787659531293
45.0
208.34773023970558 464.70285740424777
0
208.34773023970558 415.43776230567835
0.25 0.25 0.25 0.25
119.85938029007384
45.0
149.6498842525336 54.217492619269535
1
149.6498842525336 171.21702422708708
0.25 0.25 0.25 0.25
116.99953160781754
45.0
49.08614122434216 170.9864117453754
0
49.08614122434216 58.04196182726605
0.25 0.25 0.25 0.25
112.94444991810934
45.0
149.41410272107015 28.33024218114258
1
149.41410272107015 137.50527317904454
0.25 0.25 0.25 0.25
165.83551536018712
45.0
171.02891892193733 326.3737925119185
0
171.02891892193733 155.02915487350296
0.25 0.25 0.25 0.25
171.34463763841555
45.0
344.69806954462103 473.3640733416655
0
344.69806954462103 312.1172877885548
0.25 0.25 0.25 0.25
161.2467855531107
45.0
211.73243035874458 424.82744500993806
0
211.73243035874458 463.1551378146594
0.25 0.25 0.25 0.25
112.01741717540254
45.0
221.17507424572185 95.20857160485076
2
373.6701797208706 95.20857160485076
0.25 0.25 0.25 0.25
152.49510547514873
45.0
447.02396589300065 311.66457491735173
3
395.3487810596564 311.66457491735173
0.25 0.25 0.25 0.25
157.62725304734295
45.0
202.80177726376814 78.53727759182023
2
327.20900427295265 78.53727759182023
0.25 0.25 0.25 0.25
124.4072270091845
45.0
298.8325653067306 478.45444315394025
3
191.38851568957614 478.45444315394025
0.25 0.25 0.25 0.25
107.44404961715446
45.0
266.4577697895693 427.0667909652823
3
256.61491260076235 427.0667909652823
0.25 0.25 0.25 0.25
9.842857188806924
45.0
495.41230830989275 78.62867860297186
3
456.85920818959073 78.62867860297186
0.25 0.25 0.25 0.25
38.55310012030205
45.0
230.49816716332046 82.40522422791237
0
230.49816716332046 69.71727917597192
0.25 0.25 0.25 0.25
12.687945051940442
45.0
85.41274433946968 137.28188126025947
1
85.41274433946968 153.19606778880745
0.25 0.25 0.25 0.25
15.914186528547974
45.0
482.91439266393104 257.6503425863839
0
482.91439266393104 212.3909022261125
0.25 0.25 0.25 0.25
45.259440360271356
45.0
273.98397282632664 63.04585642930112
0
273.98397282632664 32.22766551651067
0.25 0.25 0.25 0.25
30.81819091279045
45.0
345.984187872015 487.3588133466582
1
345.984187872015 492.8180987954299
0.25 0.25 0.25 0.25
5.459285448771678
45.0
326.11064073739504 296.7000767481766
0
326.11064073739504 291.75793392779434
0.25 0.25 0.25 0.25
4.942142820382289
45.0
115.20326322673534 212.6206913053324
2
151.4909846533715 212.6206913053324
0.25 0.25 0.25 0.25
36.287721426636146
45.0
