31795
120.32451436224306 450.7048294215399
0
120.32451436224306 332.2876807957295
0.25 0.25 0.25 0.25
118.4171486258104
45.0
145.73174248274807 323.94515206126465
1
145.73174248274807 412.7877586646541
0.25 0.25 0.25 0.25
88.84260660338948
45.0
37.77859208288427 467.91289029297695
0
37.77859208288427 331.9193284286556
0.25 0.25 0.25 0.25
135.99356186432138
45.0
267.1755580070507 39.36848970097503
2
397.98815195174416 39.36848970097503
0.25 0.25 0.25 0.25
130.81259394469345
45.0
385.8219784165087 326.98949514670534
0
385.8219784165087 184.58050579149585
0.25 0.25 0.25 0.25
142.40898935520948
45.0
205.78384651037572 265.80273818422154
2
363.37500693655 265.80273818422154
0.25 0.25 0.25 0.25
157.59116042617427
45.0
142.75868633756087 245.42090975086964
1
142.75868633756087 378.53182088617496
0.25 0.25 0.25 0.25
133.11091113530532
45.0
129.77225985252994 41.726776859577
2
281.329233035076 41.726776859577
0.25 0.25 0.25 0.25
151.55697318254607
45.0
372.28506429340985 168.50194220884754
1
372.28506429340985 291.55941033647025
0.25 0.25 0.25 0.25
123.05746812762271
45.0
8.879622473242478 66.80199989335293
2
135.24853999500354 66.80199989335293
0.25 0.25 0.25 0.25
126.36891752176106
45.0
190.0337691385164 257.0302093084231
2
299.770905642172 257.0302093084231
0.25 0.25 0.25 0.25
109.73713650365563
45.0
478.85204961799013 384.9837319649662
0
478.85204961799013 250.15115766367376
0.25 0.25 0.25 0.25
134.83257430129242
45.0
394.4004814830471 155.43454979069523
3
290.3479990343774 155.43454979069523
0.25 0.25 0.25 0.25
104.05248244866968
45.0
64.29221058337669 49.76648788890236
2
32.75568531445538 49.76648788890236
0.25 0.25 0.25 0.25
97.04789589783206
45.0
444.7958421382009 141.00618485107566
3
426.81424650808367 141.00618485107566
0.25 0.25 0.25 0.25
128.38991135371543
45.0
127.74004078406699 296.1628534392124
2
268.9671300919782 296.1628534392124
0.25 0.25 0.25 0.25
141.22708930791123
45.0
420.020404829742 84.56464270686766
1
420.020404829742 75.49165913126336
0.25 0.25 0.25 0.25
160.05630183813102
45.0
252.34201031952426 359.8693284296205
1
252.34201031952426 452.27103541578515
0.25 0.25 0.25 0.25
92.40170698616465
45.0
318.174856779565 32.310773979355844
3
211.79499917194738 32.310773979355844
0.25 0.25 0.25 0.25
106.37985760761761
45.0
175.03364204995606 339.6894541301625
3
23.503440561991795 339.6894541301625
0.25 0.25 0.25 0.25
151.53020148796426
45.0
204.50632540910965 327.31263948066385
2
351.48541802213515 327.31263948066385
0.25 0.25 0.25 0.25
146.9790926130255
45.0
397.77382626253484 9.988600204964484
1
397.77382626253484 138.1301486657453
0.25 0.25 0.25 0.25
148.1187488707098
45.0
498.8654035837667 229.5689541264584
3
398.02413185081457 229.5689541264584
0.25 0.25 0.25 0.25
100.8412717329521
45.0
44.41507153601674 383.79044983033714
2
92.14380618807479 383.79044983033714
0.25 0.25 0.25 0.25
136.55887772409153
45.0
113.75521455758292 473.4317418199389
2
240.49643391472028 473.4317418199389
0.25 0.25 0.25 0.25
126.74121935713737
45.0
331.46595300231263 199.77408780117696
1
331.46595300231263 294.82774114314327
0.25 0.25 0.25 0.25
95.05365334196631
45.0
56.95726090937586 51.03556404836621
1
56.95726090937586 189.25621919923958
0.25 0.25 0.25 0.25
138.22065515087337
45.0
328.2415766057419 150.0071899032339
2
442.37605886572555 150.0071899032339
0.25 0.25 0.25 0.25
114.13448225998366
45.0
144.46677928484186 190.5417024177478
1
144.46677928484186 359.5421172842573
0.25 0.25 0.25 0.25
169.0004148665095
45.0
318.3040606316762 394.3700774931193
0
318.3040606316762 256.7251077770999
0.25 0.25 0.25 0.25
137.64496971601943
45.0
31.57204863870419 194.5942338082852
2
167.0540071385002 194.5942338082852
0.25 0.25 0.25 0.25
135.481958499796
45.0
388.17868456650535 68.61223424757185
1
388.17868456650535 177.8497699971999
0.25 0.25 0.25 0.25
109.23753574962805
45.0
493.4287775016064 492.5222293281993
0
493.4287775016064 346.47577573278545
0.25 0.25 0.25 0.25
161.00199493901528
45.0
378.0801152791794 180.06372397512627
3
205.1749720166619 180.06372397512627
0.25 0.25 0.25 0.25
172.90514326251747
45.0
46.21663098329981 98.74448186920839
1
46.21663098329981 257.92501060011
0.25 0.25 0.25 0.25
159.1805287309016
45.0
387.66575305694244 169.73417411567453
0
387.66575305694244 52.680884549815076
0.25 0.25 0.25 0.25
117.05328956585946
45.0
131.58412135822454 219.6598312084049
1
131.58412135822454 334.06851987509356
0.25 0.25 0.25 0.25
114.40868866668863
45.0
416.70968172635594 210.79836702561687
0
416.70968172635594 57.543508590901524
0.25 0.25 0.25 0.25
153.25485843471535
45.0
24.36480152192695 444.33703138368287
2
168.94315133942277 444.33703138368287
0.25 0.25 0.25 0.25
144.57834981749582
45.0
488.77102849160104 268.10494181028315
3
359.26981435568723 268.10494181028315
0.25 0.25 0.25 0.25
151.95915715271173
45.0
350.7277485183893 166.6163892216971
0
350.7277485183893 42.20605368865249
0.25 0.25 0.25 0.25
124.4103355330446
45.0
289.21043117515103 39.30921288115016
1
289.21043117515103 93.00637048016432
0.25 0.25 0.25 0.25
132.31558336131448
45.0
317.6012531721519 357.903201984937
3
174.28705095182113 357.903201984937
0.25 0.25 0.25 0.25
143.3142022203308
45.0
244.9540542122818 246.3341925887886
0
244.9540542122818 88.10000705288371
0.25 0.25 0.25 0.25
158.23418553590489
45.0
249.48684568131247 210.02818356637712
3
135.58186061870475 210.02818356637712
0.25 0.25 0.25 0.25
113.90498506260772
45.0
260.0336493256 319.93919724182535
3
151.29159089173913 319.93919724182535
0.25 0.25 0.25 0.25
108.74205843386085
45.0
284.0747630917949 208.43095650677398
0
284.0747630917949 118.2532002611195
0.25 0.25 0.25 0.25
90.17775624565448
45.0
112.71953715542801 228.49142585795866
2
27.374735166555126 228.49142585795866
0.25 0.25 0.25 0.25
140.09427232198314
45.0
