84366
407.9543349761856 38.96587089566219
3
265.7137641792567 38.96587089566219
0.25 0.25 0.25 0.25
142.24057079692886
45.0
79.3767795139166 227.10633127602577
0
79.3767795139166 108.05500167687427
0.25 0.25 0.25 0.25
119.0513295991515
45.0
209.5219254188679 9.774386059468014
2
317.7792505153167 9.774386059468014
0.25 0.25 0.25 0.25
108.25732509644878
45.0
320.249213233934 214.79068945502456
0
320.249213233934 88.70291494162001
0.25 0.25 0.25 0.25
126.08777451340455
45.0
91.96774466882721 498.40282694303096
2
64.53868676428988 498.40282694303096
0.25 0.25 0.25 0.25
156.5064314331171
45.0
141.03890782365124 252.71789313526835
2
298.9852265017822 252.71789313526835
0.25 0.25 0.25 0.25
157.94631867813098
45.0
21.814382995681683 310.3382791768048
2
122.61596597685636 310.3382791768048
0.25 0.25 0.25 0.25
144.43034897253804
45.0
215.64687650870147 308.0391463222454
2
371.75288426254053 308.0391463222454
0.25 0.25 0.25 0.25
156.10600775383907
45.0
298.96008763038367 226.05836899592236
0
298.96008763038367 98.72285798032375
0.25 0.25 0.25 0.25
127.33551101559861
45.0
118.70702309352527 225.03937035201773
1
118.70702309352527 336.40559683924863
0.25 0.25 0.25 0.25
111.3662264872309
45.0
338.75099064163624 0.7782418746164694
3
242.01016189517543 0.7782418746164694
0.25 0.25 0.25 0.25
96.7408287464608
45.0
57.28332376058819 114.35139441133782
2
104.86981989054505 114.35139441133782
0.25 0.25 0.25 0.25
162.15314365113323
45.0
248.1147506235037 275.4398072795557
0
248.1147506235037 151.0515202285286
0.25 0.25 0.25 0.25
124.38828705102708
45.0
125.55505107436306 83.19847384444688
2
280.42601763146706 83.19847384444688
0.25 0.25 0.25 0.25
154.870966557104
45.0
267.5789585739021 60.67860857654864
3
105.52254835438964 60.67860857654864
0.25 0.25 0.25 0.25
162.0564102195125
45.0
430.3140495777333 242.44341748213833
3
268.1635601293377 242.44341748213833
0.25 0.25 0.25 0.25
162.15048944839552
45.0
86.08855191850205 116.756678978553
1
86.08855191850205 55.05605791654864
0.25 0.25 0.25 0.25
171.81273689510164
45.0
224.68980290317518 295.4580824582093
1
224.68980290317518 401.49404761205506
0.25 0.25 0.25 0.25
106.0359651538458
45.0
47.80921521897926 105.82448393419781
1
47.80921521897926 25.674245592583418
0.25 0.25 0.25 0.25
131.49872952678123
45.0
175.2104637462013 191.95269720251537
0
175.2104637462013 87.95411849985673
0.25 0.25 0.25 0.25
103.99857870265863
45.0
14.129757645633703 215.12742415732419
0
14.129757645633703 108.33514741892698
0.25 0.25 0.25 0.25
106.7922767383972
45.0
390.58715402212636 68.85099294394428
1
390.58715402212636 106.08674514300063
0.25 0.25 0.25 0.25
174.9377380869449
45.0
306.72646021294224 376.741313500813
3
169.27821933974508 376.741313500813
0.25 0.25 0.25 0.25
137.44824087319716
45.0
86.05380597163133 6.763063646674311
1
86.05380597163133 125.57374328676619
0.25 0.25 0.25 0.25
132.3368069334405
45.0
320.69285461787956 445.40641269312744
0
320.69285461787956 342.27423605130593
0.25 0.25 0.25 0.25
103.1321766418215
45.0
8.842912368419235 36.23024202864033
2
89.07497973833102 36.23024202864033
0.25 0.25 0.25 0.25
97.91789210675026
45.0
384.1642060747695 496.9831724538044
2
472.1989265942211 496.9831724538044
0.25 0.25 0.25 0.25
88.03472051945161
45.0
259.951203512164 417.4857058895657
0
259.951203512164 283.76281260371314
0.25 0.25 0.25 0.25
133.72289328585254
45.0
98.94606820828278 428.5798582178164
2
47.38703124837457 428.5798582178164
0.25 0.25 0.25 0.25
146.33309945665735
45.0
455.00376463306594 164.59088171428658
1
455.00376463306594 188.64164624571686
0.25 0.25 0.25 0.25
24.050764531430286
45.0
338.9643733295496 75.01094018955145
3
334.8354821169041 75.01094018955145
0.25 0.25 0.25 0.25
4.1288912126454855
45.0
10.133919853561373 173.9093802728528
2
18.691644283332508 173.9093802728528
0.25 0.25 0.25 0.25
8.557724429771135
45.0
119.50695649165532 335.4626727215702
1
119.50695649165532 356.8785677313475
0.25 0.25 0.25 0.25
21.41589500977734
45.0
254.6837876913395 340.23863052752375
1
254.6837876913395 389.23936334727705
0.25 0.25 0.25 0.25
49.000732819753296
45.0
261.11638772432934 148.93406742913692
3
238.58927395899508 148.93406742913692
0.25 0.25 0.25 0.25
22.527113765334267
45.0
330.80135398425165 476.38184230525866
3
315.26008337824504 476.38184230525866
0.25 0.25 0.25 0.25
15.541270606006618
45.0
339.11806131450146 185.60629998267848
1
339.11806131450146 197.78507434474008
0.25 0.25 0.25 0.25
12.178774362061612
45.0
153.7888727430613 184.95637471158213
1
153.7888727430613 210.40209822884927
0.25 0.25 0.25 0.25
25.445723517267147
45.0
447.0329521973877 353.2584061755244
2
471.9479336547196 353.2584061755244
0.25 0.25 0.25 0.25
24.914981457331876
45.0
77.24112365886683 254.5331713494569
2
104.58954869318164 254.5331713494569
0.25 0.25 0.25 0.25
27.348425034314815
45.0
104.07380543497025 363.6616901078902
1
104.07380543497025 381.4399690269212
0.25 0.25 0.25 0.25
17.77827891903097
45.0
449.5822943816921 463.57007227796726
2
475.07020723094956 463.57007227796726
0.25 0.25 0.25 0.25
25.487912849257466
45.0
207.04615292435616 349.7872273273224
1
207.04615292435616 357.6482552682443
0.25 0.25 0.25 0.25
7.861027940921944
45.0
407.18562324702896 96.65609836701
2
420.07629617699814 96.65609836701
0.25 0.25 0.25 0.25
12.890672929969178
45.0
127.49756875399085 117.06578462703642
3
89.87778640356899 117.06578462703642
0.25 0.25 0.25 0.25
37.61978235042186
45.0
78.81007526713239 252.24396346138656
1
78.81007526713239 266.0337735364793
0.25 0.25 0.25 0.25
13.789810075092745
45.0
186.6149444666031 359.4466658551385
0
186.6149444666031 346.13477897491777
0.25 0.25 0.25 0.25
13.311886880220758
45.0
310.04458273808154 28.914238434667126
3
288.0788731217897 28.914238434667126
0.25 0.25 0.25 0.25
21.965709616291868
45.0
