84366
148.05993494703603 461.37157886495083
0
148.05993494703603 396.3878503381203
0.25 0.25 0.25 0.25
142.24057079692886
45.0
253.9046060979626 130.04765752142873
1
253.9046060979626 249.09898712058023
0.25 0.25 0.25 0.25
119.0513295991515
45.0
183.83785128690675 21.430716641097362
1
183.83785128690675 129.68804173754614
0.25 0.25 0.25 0.25
108.25732509644878
45.0
266.6786787969066 371.2420813022329
1
266.6786787969066 497.3298558156375
0.25 0.25 0.25 0.25
126.08777451340455
45.0
473.09656966234365 32.07787875761778
1
473.09656966234365 124.4285526754993
0.25 0.25 0.25 0.25
156.5064314331171
45.0
141.03890782365124 251.73783825077976
2
16.907410854479735 251.73783825077976
0.25 0.25 0.25 0.25
157.94631867813098
45.0
411.05565868223096 109.5771236938584
3
444.51399234523103 109.5771236938584
0.25 0.25 0.25 0.25
144.43034897253804
45.0
374.7913018295973 130.90077613936378
1
374.7913018295973 287.00678389320285
0.25 0.25 0.25 0.25
156.10600775383907
45.0
314.1910698972488 170.00610462155566
2
441.5265809128474 170.00610462155566
0.25 0.25 0.25 0.25
127.33551101559861
45.0
7.3407966062943615 447.77182332647953
0
7.3407966062943615 440.8619501862895
0.25 0.25 0.25 0.25
111.3662264872309
45.0
338.4348105835894 386.18507311122676
1
338.4348105835894 482.92590185768756
0.25 0.25 0.25 0.25
96.7408287464608
45.0
375.34751591448094 303.5856761556717
0
375.34751591448094 141.43253250453847
0.25 0.25 0.25 0.25
162.15314365113323
45.0
9.12558370501631 351.3953315673631
0
9.12558370501631 227.007044516336
0.25 0.25 0.25 0.25
124.38828705102708
45.0
196.32925173173908 25.746838429422837
2
351.2002182888431 25.746838429422837
0.25 0.25 0.25 0.25
154.870966557104
45.0
81.77383154950257 361.04271221068655
2
80.28257867000991 361.04271221068655
0.25 0.25 0.25 0.25
162.0564102195125
45.0
375.68803254911415 269.54048079176516
3
462.1614780024903 269.54048079176516
0.25 0.25 0.25 0.25
162.15048944839552
45.0
443.15981703726237 319.4980589234797
0
443.15981703726237 147.68532202837804
0.25 0.25 0.25 0.25
171.81273689510164
45.0
285.0494544416332 476.16034946485127
3
179.01348928778742 476.16034946485127
0.25 0.25 0.25 0.25
106.0359651538458
45.0
44.760937236665995 81.35370481822952
1
44.760937236665995 50.145024708551716
0.25 0.25 0.25 0.25
131.49872952678123
45.0
191.16924612330138 240.0067065014872
0
191.16924612330138 136.00812779882858
0.25 0.25 0.25 0.25
103.99857870265863
45.0
373.37609721525047 380.0262169548153
1
373.37609721525047 486.81849369321253
0.25 0.25 0.25 0.25
106.7922767383972
45.0
257.0468932817803 356.7093642735515
0
257.0468932817803 181.7716261866066
0.25 0.25 0.25 0.25
174.9377380869449
45.0
468.036000296477 125.70613096475631
1
468.036000296477 263.1543718379535
0.25 0.25 0.25 0.25
137.44824087319716
45.0
483.0642267719528 95.35331111098364
3
350.72741983851233 95.35331111098364
0.25 0.25 0.25 0.25
132.3368069334405
45.0
221.38181223274375 182.55352454497802
1
221.38181223274375 285.6857011867995
0.25 0.25 0.25 0.25
103.1321766418215
45.0
8.842912368419178 434.08931301137784
2
89.07497973833108 434.08931301137784
0.25 0.25 0.25 0.25
97.91789210675026
45.0
327.74755984135004 472.18460050641715
0
327.74755984135004 439.7806789741312
0.25 0.25 0.25 0.25
88.03472051945161
45.0
201.85485580091978 272.07601402813697
1
201.85485580091978 405.7989073139895
0.25 0.25 0.25 0.25
133.72289328585254
45.0
440.618581791849 108.08914721561007
3
413.04831875149364 108.08914721561007
0.25 0.25 0.25 0.25
146.33309945665735
45.0
270.3057152011293 116.48935265142599
0
270.3057152011293 92.4385881199957
0.25 0.25 0.25 0.25
24.050764531430286
45.0
454.57332728362354 77.7580346783315
2
458.70221849626904 77.7580346783315
0.25 0.25 0.25 0.25
4.1288912126454855
45.0
95.71116415127267 250.92890014079293
3
87.15343972150154 250.92890014079293
0.25 0.25 0.25 0.25
8.557724429771135
45.0
183.75464152098732 135.68701749353124
3
162.33874651121 135.68701749353124
0.25 0.25 0.25 0.25
21.41589500977734
45.0
422.2964261753215 423.7877509835948
2
471.2971589950748 423.7877509835948
0.25 0.25 0.25 0.25
49.000732819753296
45.0
446.03113332632523 130.1982920801667
3
423.50401956099097 130.1982920801667
0.25 0.25 0.25 0.25
22.527113765334267
45.0
268.6362715602252 160.8102525410124
2
284.17754216623183 160.8102525410124
0.25 0.25 0.25 0.25
15.541270606006618
45.0
161.5521898409719 302.8851768107332
0
161.5521898409719 290.70640244867155
0.25 0.25 0.25 0.25
12.178774362061612
45.0
484.5832784675341 235.8478217461165
0
484.5832784675341 210.40209822884935
0.25 0.25 0.25 0.25
25.445723517267147
45.0
322.4580449107284 250.19773863947165
0
322.4580449107284 225.2827571821398
0.25 0.25 0.25 0.25
24.914981457331876
45.0
90.41439904204125 90.44262114356806
2
117.76282407635607 90.44262114356806
0.25 0.25 0.25 0.25
27.348425034314815
45.0
175.18692111109414 120.76822124021136
2
192.96520003012512 120.76822124021136
0.25 0.25 0.25 0.25
17.77827891903097
45.0
214.21967985941586 491.4255009024771
2
239.70759270867333 491.4255009024771
0.25 0.25 0.25 0.25
25.487912849257466
45.0
442.8769911520142 168.9835846861177
3
435.0159632110923 168.9835846861177
0.25 0.25 0.25 0.25
7.861027940921944
45.0
432.9669691069673 186.89080887679427
0
432.9669691069673 174.00013594682508
0.25 0.25 0.25 0.25
12.890672929969178
45.0
113.95524880993072 281.01769776621376
0
113.95524880993072 243.39791541579189
0.25 0.25 0.25 0.25
37.61978235042186
45.0
16.994699484990193 306.48211413564513
2
30.784509560082938 306.48211413564513
0.25 0.25 0.25 0.25
13.789810075092745
45.0
121.16693776191767 14.894650774486017
3
107.85505088169691 14.894650774486017
0.25 0.25 0.25 0.25
13.311886880220758
45.0
63.37248073888013 102.88001926308408
3
41.40677112258826 102.88001926308408
0.25 0.25 0.25 0.25
21.965709616291868
45.0
