84366
449.80509422688556 176.8904372710931
0
449.80509422688556 34.64986647416424
0.25 0.25 0.25 0.25
142.24057079692886
45.0
222.3007122986434 393.74702408196526
3
103.24938269949189 393.74702408196526
0.25 0.25 0.25 0.25
119.0513295991515
45.0
32.67679890599071 206.7402641334296
1
32.67679890599071 314.9975892298784
0.25 0.25 0.25 0.25
108.25732509644878
45.0
301.4874632258523 458.26404237459724
0
301.4874632258523 415.64818311199815
0.25 0.25 0.25 0.25
126.08777451340455
45.0
438.51296103182153 127.62289878943739
1
438.51296103182153 284.1293302225545
0.25 0.25 0.25 0.25
156.5064314331171
45.0
280.47796027952757 357.3620689976966
2
438.42427895765854 357.3620689976966
0.25 0.25 0.25 0.25
157.94631867813098
45.0
166.66573720792118 422.8259084936516
0
166.66573720792118 432.7437425338104
0.25 0.25 0.25 0.25
144.43034897253804
45.0
152.28292303173592 342.02499899930297
1
152.28292303173592 498.13100675314206
0.25 0.25 0.25 0.25
156.10600775383907
45.0
64.36235729162321 480.7293910271196
0
64.36235729162321 391.93509795728176
0.25 0.25 0.25 0.25
127.33551101559861
45.0
452.805702555218 6.898994147712301
3
435.82807095755106 6.898994147712301
0.25 0.25 0.25 0.25
111.3662264872309
45.0
402.9001068527051 452.92498193124356
0
402.9001068527051 450.33418932229563
0.25 0.25 0.25 0.25
96.7408287464608
45.0
348.26637782128023 303.5856761556715
0
348.26637782128023 141.43253250453824
0.25 0.25 0.25 0.25
162.15314365113323
45.0
377.39674126631417 475.78361861839016
3
253.0084542152871 475.78361861839016
0.25 0.25 0.25 0.25
124.38828705102708
45.0
480.60624991170096 180.61780498652683
1
480.60624991170096 335.48877154363083
0.25 0.25 0.25 0.25
154.870966557104
45.0
322.9020359397523 195.07348011313604
0
322.9020359397523 33.01706989362356
0.25 0.25 0.25 0.25
162.0564102195125
45.0
272.48203483510247 323.3027170016534
2
434.632524283498 323.3027170016534
0.25 0.25 0.25 0.25
162.15048944839552
45.0
23.971342235380007 116.756678978553
2
147.84139465972163 116.756678978553
0.25 0.25 0.25 0.25
171.81273689510164
45.0
270.3661165185631 249.4050812340896
3
164.33015136471732 249.4050812340896
0.25 0.25 0.25 0.25
106.0359651538458
45.0
231.29778096001036 105.82448393419781
2
362.7965104867916 105.82448393419781
0.25 0.25 0.25 0.25
131.49872952678123
45.0
279.2090424488599 111.98112314934268
2
383.20762115151854 111.98112314934268
0.25 0.25 0.25 0.25
103.99857870265863
45.0
334.5065878608254 69.46563806450173
1
334.5065878608254 176.25791480289894
0.25 0.25 0.25 0.25
106.7922767383972
45.0
309.16379832565326 42.79254042200779
1
309.16379832565326 217.7302785089527
0.25 0.25 0.25 0.25
174.9377380869449
45.0
356.65344494270596 73.46572300639832
1
356.65344494270596 210.91396387959549
0.25 0.25 0.25 0.25
137.44824087319716
45.0
369.651070296214 418.7213804453885
3
237.31426336277354 418.7213804453885
0.25 0.25 0.25 0.25
132.3368069334405
45.0
352.0146210360946 451.46141066505106
0
352.0146210360946 348.32923402322956
0.25 0.25 0.25 0.25
103.1321766418215
45.0
323.4176676211673 190.42386837714608
0
323.4176676211673 92.50597627039582
0.25 0.25 0.25 0.25
97.91789210675026
45.0
176.4766907498341 88.42764414257846
3
88.44197023038248 88.42764414257846
0.25 0.25 0.25 0.25
88.03472051945161
45.0
205.15722334442592 251.1287605396971
3
71.43433005857338 251.1287605396971
0.25 0.25 0.25 0.25
133.72289328585254
45.0
245.27916766494013 184.57705169770463
2
391.6122671215975 184.57705169770463
0.25 0.25 0.25 0.25
146.33309945665735
45.0
472.84394177264323 68.38782358856544
0
472.84394177264323 44.33705905713515
0.25 0.25 0.25 0.25
24.050764531430286
45.0
417.41330636981405 17.206463212514663
3
413.28441515716855 17.206463212514663
0.25 0.25 0.25 0.25
4.1288912126454855
45.0
27.249368713103642 199.58255356216617
0
27.249368713103642 191.02482913239504
0.25 0.25 0.25 0.25
8.557724429771135
45.0
12.427481442768599 121.30372262379687
2
8.988413567008742 121.30372262379687
0.25 0.25 0.25 0.25
21.41589500977734
45.0
284.32427332594676 51.7672320305025
1
284.32427332594676 100.7679648502558
0.25 0.25 0.25 0.25
49.000732819753296
45.0
216.06216019366082 36.2984986024656
3
193.53504642832655 36.2984986024656
0.25 0.25 0.25 0.25
22.527113765334267
45.0
113.22356550015915 383.7467222406819
1
113.22356550015915 399.2879928466885
0.25 0.25 0.25 0.25
15.541270606006618
45.0
441.6640001683892 270.8577205171097
0
441.6640001683892 258.6789461550481
0.25 0.25 0.25 0.25
12.178774362061612
45.0
1.1145316394584128 108.61920415978074
1
1.1145316394584128 134.06492767704788
0.25 0.25 0.25 0.25
25.445723517267147
45.0
272.6280819960647 447.4217421658207
1
272.6280819960647 472.3367236231526
0.25 0.25 0.25 0.25
24.914981457331876
45.0
430.48722572346674 444.6341532730803
3
403.13880068915194 444.6341532730803
0.25 0.25 0.25 0.25
27.348425034314815
45.0
281.85659462528 405.22068394470705
2
299.634873544311 405.22068394470705
0.25 0.25 0.25 0.25
17.77827891903097
45.0
448.4660542212781 336.13050803168005
1
448.4660542212781 361.6184208809375
0.25 0.25 0.25 0.25
25.487912849257466
45.0
73.40867792868299 396.95339497285397
1
73.40867792868299 404.8144229137759
0.25 0.25 0.25 0.25
7.861027940921944
45.0
394.2949503170598 225.56282766670182
1
394.2949503170598 238.453500596671
0.25 0.25 0.25 0.25
12.890672929969178
45.0
361.5596018014934 281.01769776621364
0
361.5596018014934 243.39791541579177
0.25 0.25 0.25 0.25
37.61978235042186
45.0
51.2304551169469 183.29491308592276
3
37.440645041854154 183.29491308592276
0.25 0.25 0.25 0.25
13.789810075092745
45.0
333.0457001490314 386.07043961558
1
333.0457001490314 399.3823264958008
0.25 0.25 0.25 0.25
13.311886880220758
45.0
288.0788731217897 204.63991536500203
3
266.1131635054978 204.63991536500203
0.25 0.25 0.25 0.25
21.965709616291868
45.0
