84366
161.00794821152988 452.73957002195493
0
161.00794821152988 310.49899922502607
0.25 0.25 0.25 0.25
142.24057079692886
45.0
317.4794387122196 179.51696806923766
3
198.42810911306807 179.51696806923766
0.25 0.25 0.25 0.25
119.0513295991515
45.0
209.5219254188678 143.71578528787802
1
209.5219254188678 251.9731103843268
0.25 0.25 0.25 0.25
108.25732509644878
45.0
410.17084552478406 162.57751281160603
3
284.0830710113795 162.57751281160603
0.25 0.25 0.25 0.25
126.08777451340455
45.0
99.122295394812 432.4299557959248
2
57.38413603830509 432.4299557959248
0.25 0.25 0.25 0.25
156.5064314331171
45.0
351.30731443299635 199.41575031956563
1
351.30731443299635 357.3620689976966
0.25 0.25 0.25 0.25
157.94631867813098
45.0
122.1949607371549 498.81839938040764
0
122.1949607371549 354.3880504078696
0.25 0.25 0.25 0.25
144.43034897253804
45.0
379.3990537067468 25.20523161447528
3
223.29304595290776 25.20523161447528
0.25 0.25 0.25 0.25
156.10600775383907
45.0
375.0856436971872 212.00042842524016
3
247.75013268158858 212.00042842524016
0.25 0.25 0.25 0.25
127.33551101559861
45.0
232.36928796583436 338.7016352243268
1
232.36928796583436 450.0678617115577
0.25 0.25 0.25 0.25
111.3662264872309
45.0
178.57917448577473 257.886840689089
0
178.57917448577473 161.1460119426282
0.25 0.25 0.25 0.25
96.7408287464608
45.0
462.4993404343859 195.26112378286888
3
375.34751591448094 195.26112378286888
0.25 0.25 0.25 0.25
162.15314365113323
45.0
496.89132472555787 461.10250784304003
0
496.89132472555787 336.71422079201295
0.25 0.25 0.25 0.25
124.38828705102708
45.0
435.29698418857106 392.9404069586549
0
435.29698418857106 452.1886264842411
0.25 0.25 0.25 0.25
154.870966557104
45.0
214.6774502065973 152.788057130776
2
376.7338604261098 152.788057130776
0.25 0.25 0.25 0.25
162.0564102195125
45.0
83.66637248644557 269.54048079176516
2
78.48411696194995 269.54048079176516
0.25 0.25 0.25 0.25
162.15048944839552
45.0
460.590447079315 412.12732303530925
0
460.590447079315 240.3145861402076
0.25 0.25 0.25 0.25
171.81273689510164
45.0
365.8496744045115 494.47297468900894
3
259.81370925066574 494.47297468900894
0.25 0.25 0.25 0.25
106.0359651538458
45.0
439.25712581700964 185.33337724672919
3
429.2441446562091 185.33337724672919
0.25 0.25 0.25 0.25
131.49872952678123
45.0
295.16782482596005 111.98112314934257
0
295.16782482596005 7.9825444466839315
0.25 0.25 0.25 0.25
103.99857870265863
45.0
160.58528647673558 192.8046760915958
1
160.58528647673558 299.59695282999303
0.25 0.25 0.25 0.25
106.7922767383972
45.0
416.64560654406284 491.92087363923656
0
416.64560654406284 333.1413882738185
0.25 0.25 0.25 0.25
174.9377380869449
45.0
268.8641463253224 386.2245186404125
0
268.8641463253224 476.32724048639034
0.25 0.25 0.25 0.25
137.44824087319716
45.0
46.283000961809165 80.40541511259093
2
86.05380597163133 80.40541511259093
0.25 0.25 0.25 0.25
132.3368069334405
45.0
7.037430081937828 23.710828738664986
1
7.037430081937828 79.42134790315652
0.25 0.25 0.25 0.25
103.1321766418215
45.0
106.76080447516944 236.70235535911314
0
106.76080447516944 138.78446325236288
0.25 0.25 0.25 0.25
97.91789210675026
45.0
208.09476503586623 384.1498799869655
3
120.06004451641462 384.1498799869655
0.25 0.25 0.25 0.25
88.03472051945161
45.0
387.83069751022833 405.7989073139895
0
387.83069751022833 272.07601402813697
0.25 0.25 0.25 0.25
133.72289328585254
45.0
294.28548233519166 108.08914721561007
2
440.618581791849 108.08914721561007
0.25 0.25 0.25 0.25
146.33309945665735
45.0
392.98358135884683 51.86599906858599
3
368.93281682741656 51.86599906858599
0.25 0.25 0.25 0.25
24.050764531430286
45.0
400.89774151923206 110.78916437949538
0
400.89774151923206 106.66027316684989
0.25 0.25 0.25 0.25
4.1288912126454855
45.0
92.55877330369225 276.6020734301064
3
84.00104887392112 276.6020734301064
0.25 0.25 0.25 0.25
8.557724429771135
45.0
51.82020358656342 178.5188075130859
0
51.82020358656342 157.10291250330857
0.25 0.25 0.25 0.25
21.41589500977734
45.0
59.30595283211437 345.7716289490222
1
59.30595283211437 394.7723617687755
0.25 0.25 0.25 0.25
49.000732819753296
45.0
310.86845073431965 332.9423159681751
0
310.86845073431965 310.4152022028408
0.25 0.25 0.25 0.25
22.527113765334267
45.0
299.71881277223844 320.9691362451926
0
299.71881277223844 305.427865639186
0.25 0.25 0.25 0.25
15.541270606006618
45.0
253.86664078007007 490.0756590342191
2
266.0454151421317 490.0756590342191
0.25 0.25 0.25 0.25
12.178774362061612
45.0
456.9084916713501 134.06492767704793
0
456.9084916713501 108.6192041597808
0.25 0.25 0.25 0.25
25.445723517267147
45.0
229.07228885729808 125.62283135281227
1
229.07228885729808 150.53781281014415
0.25 0.25 0.25 0.25
24.914981457331876
45.0
363.8986493851893 225.8467529985619
3
336.5502243508745 225.8467529985619
0.25 0.25 0.25 0.25
27.348425034314815
45.0
104.07380543497024 316.32928934955214
0
104.07380543497024 298.55101043052116
0.25 0.25 0.25 0.25
17.77827891903097
45.0
377.973714552465 177.23163205717606
3
352.4858017032076 177.23163205717606
0.25 0.25 0.25 0.25
25.487912849257466
45.0
309.23951615634144 310.48208762271275
2
317.10054409726337 310.48208762271275
0.25 0.25 0.25 0.25
7.861027940921944
45.0
438.1263015933408 251.3441735266402
0
438.1263015933408 238.453500596671
0.25 0.25 0.25 0.25
12.890672929969178
45.0
375.1019217455535 33.413344774651065
2
412.7217040959754 33.413344774651065
0.25 0.25 0.25 0.25
37.61978235042186
45.0
485.8482420381439 485.749645111851
1
485.8482420381439 499.53945518694377
0.25 0.25 0.25 0.25
13.789810075092745
45.0
466.16456895123895 307.7561621393426
3
452.8526820710182 307.7561621393426
0.25 0.25 0.25 0.25
13.311886880220758
45.0
52.94983838945449 36.982890414208484
3
30.984128773162624 36.982890414208484
0.25 0.25 0.25 0.25
21.965709616291868
45.0
