84366
436.8570809623917 181.20644169259106
1
436.8570809623917 323.4470124895199
0.25 0.25 0.25 0.25
142.24057079692886
45.0
293.76267869100684 391.8670767409444
2
412.8140082901583 391.8670767409444
0.25 0.25 0.25 0.25
119.0513295991515
45.0
451.7206497437263 411.59858374469746
0
451.7206497437263 303.3412586482487
0.25 0.25 0.25 0.25
108.25732509644878
45.0
284.0830710113795 179.98190502607883
0
284.0830710113795 53.89413051267428
0.25 0.25 0.25 0.25
126.08777451340455
45.0
186.46150956688484 63.46714127420182
3
29.955078133767756 63.46714127420182
0.25 0.25 0.25 0.25
156.5064314331171
45.0
387.082245910933 93.79151957264878
3
229.13592723280203 93.79151957264878
0.25 0.25 0.25 0.25
157.94631867813098
45.0
255.6128669019267 133.96521054857553
3
111.18251792938867 133.96521054857553
0.25 0.25 0.25 0.25
144.43034897253804
45.0
350.02095290683883 29.812983491624834
3
493.8730393393221 29.812983491624834
0.25 0.25 0.25 0.25
156.10600775383907
45.0
261.59191138080587 61.35468173074595
2
388.9274223964045 61.35468173074595
0.25 0.25 0.25 0.25
127.33551101559861
45.0
210.79957959801106 229.6314471221741
0
210.79957959801106 118.2652206349432
0.25 0.25 0.25 0.25
111.3662264872309
45.0
305.1249692465293 452.92498193124356
3
208.3841405000685 452.92498193124356
0.25 0.25 0.25 0.25
96.7408287464608
45.0
462.4993404343859 237.03603098412958
0
462.4993404343859 74.88288733299635
0.25 0.25 0.25 0.25
162.15314365113323
45.0
5.555527070333824 351.3953315673631
1
5.555527070333824 475.78361861839016
0.25 0.25 0.25 0.25
124.38828705102708
45.0
423.1546144966769 238.06944040155088
0
423.1546144966769 83.19847384444688
0.25 0.25 0.25 0.25
154.870966557104
45.0
270.0005275724475 195.07348011313604
2
432.05693779195997 195.07348011313604
0.25 0.25 0.25 0.25
162.0564102195125
45.0
375.68803254911415 406.15854031144374
3
213.53754310071864 406.15854031144374
0.25 0.25 0.25 0.25
162.15048944839552
45.0
227.02486744299398 460.3821527687562
0
227.02486744299398 367.8051103361422
0.25 0.25 0.25 0.25
171.81273689510164
45.0
482.4380468262548 127.05947831099586
3
411.5259880198994 127.05947831099586
0.25 0.25 0.25 0.25
106.0359651538458
45.0
86.73779229011524 102.13486092280164
1
86.73779229011524 233.63359044958287
0.25 0.25 0.25 0.25
131.49872952678123
45.0
399.16640352861873 16.04446020280207
1
399.16640352861873 120.0430389054607
0.25 0.25 0.25 0.25
103.99857870265863
45.0
198.66105309288116 127.57215412359575
3
91.86877635448396 127.57215412359575
0.25 0.25 0.25 0.25
106.7922767383972
45.0
390.58715402212636 406.335792795221
3
434.4751078909287 406.335792795221
0.25 0.25 0.25 0.25
174.9377380869449
45.0
268.8641463253224 476.32724048639034
2
406.31238719851956 476.32724048639034
0.25 0.25 0.25 0.25
137.44824087319716
45.0
443.2934217621306 125.57374328676619
1
443.2934217621306 257.9105502202067
0.25 0.25 0.25 0.25
132.3368069334405
45.0
347.75572642561735 198.65341560409297
1
347.75572642561735 301.7855922459145
0.25 0.25 0.25 0.25
103.1321766418215
45.0
249.45610864257335 154.9692130678879
1
249.45610864257335 252.88710517463815
0.25 0.25 0.25 0.25
97.91789210675026
45.0
359.36563412738224 320.9137314149011
0
359.36563412738224 232.8790108954495
0.25 0.25 0.25 0.25
88.03472051945161
45.0
286.62716820682243 481.4254528885979
3
152.9042749209699 481.4254528885979
0.25 0.25 0.25 0.25
133.72289328585254
45.0
367.280570924996 135.91365930450172
1
367.280570924996 10.41944015215563
0.25 0.25 0.25 0.25
146.33309945665735
45.0
248.67899417026518 75.91676360001628
3
224.6282296388349 75.91676360001628
0.25 0.25 0.25 0.25
24.050764531430286
45.0
446.31554485833254 69.50025225304053
3
442.18665364568704 69.50025225304053
0.25 0.25 0.25 0.25
4.1288912126454855
45.0
152.46284431209014 139.67848255376828
1
152.46284431209014 148.2362069835394
0.25 0.25 0.25 0.25
8.557724429771135
45.0
287.3950486941141 178.5188075130859
2
308.81094370389144 178.5188075130859
0.25 0.25 0.25 0.25
21.41589500977734
45.0
136.6969784468988 2.7664992107492026
1
136.6969784468988 46.23423360900409
0.25 0.25 0.25 0.25
49.000732819753296
45.0
148.48081889765803 310.4152022028408
1
148.48081889765803 332.9423159681751
0.25 0.25 0.25 0.25
22.527113765334267
45.0
330.80135398425165 367.5929480632124
2
346.34262459025825 367.5929480632124
0.25 0.25 0.25 0.25
15.541270606006618
45.0
217.33031769388526 149.06997689649367
0
217.33031769388526 136.89120253443207
0.25 0.25 0.25 0.25
12.178774362061612
45.0
151.55980946414445 413.9678863669865
1
151.55980946414445 439.4136098842536
0.25 0.25 0.25 0.25
25.445723517267147
45.0
378.56217760128925 347.76181633649327
1
378.56217760128925 372.67679779382513
0.25 0.25 0.25 0.25
24.914981457331876
45.0
89.13284992851467 417.2857282387655
3
61.78442489419986 417.2857282387655
0.25 0.25 0.25 0.25
27.348425034314815
45.0
104.07380543497024 45.23872502982225
3
86.29552651593927 45.23872502982225
0.25 0.25 0.25 0.25
17.77827891903097
45.0
86.78011561312852 179.59914783242849
3
61.292202763871046 179.59914783242849
0.25 0.25 0.25 0.25
25.487912849257466
45.0
324.9615720381853 208.28872439072748
0
324.9615720381853 200.42769644980552
0.25 0.25 0.25 0.25
7.861027940921944
45.0
244.76620764380306 122.43744422694834
3
231.87553471383387 122.43744422694834
0.25 0.25 0.25 0.25
12.890672929969178
45.0
262.2425746942879 117.06578462703642
0
262.2425746942879 79.44600227661456
0.25 0.25 0.25 0.25
37.61978235042186
45.0
458.2686218879584 416.8005947363872
2
472.05843196305113 416.8005947363872
0.25 0.25 0.25 0.25
13.789810075092745
45.0
479.4764558314597 387.62748342066715
1
479.4764558314597 400.9393703008879
0.25 0.25 0.25 0.25
13.311886880220758
45.0
338.5040634012487 6.948528818375259
3
316.5383537849568 6.948528818375259
0.25 0.25 0.25 0.25
21.965709616291868
45.0
