84366
23.083381836098965 314.815003646524
0
23.083381836098965 172.57443284959515
0.25 0.25 0.25 0.25
142.24057079692886
45.0
341.35204189779495 393.74702408196526
3
222.30071229864345 393.74702408196526
0.25 0.25 0.25 0.25
119.0513295991515
45.0
49.89645205849693 169.39985941983917
1
49.89645205849693 277.65718451628794
0.25 0.25 0.25 0.25
108.25732509644878
45.0
346.35580155564327 133.1090167513853
0
346.35580155564327 7.0212422379807435
0.25 0.25 0.25 0.25
126.08777451340455
45.0
221.04511819740696 2.5057298729043396
2
377.55154963052405 2.5057298729043396
0.25 0.25 0.25 0.25
156.5064314331171
45.0
437.44422407316995 275.4032605993159
1
437.44422407316995 433.3495792774469
0.25 0.25 0.25 0.25
157.94631867813098
45.0
0.21050261985072893 87.55223807832596
1
0.21050261985072893 56.878110894212085
0.25 0.25 0.25 0.25
144.43034897253804
45.0
93.52672143191995 244.67519284527987
0
93.52672143191995 88.5691850914408
0.25 0.25 0.25 0.25
156.10600775383907
45.0
322.48648518074424 151.32201649676682
2
449.82199619634287 151.32201649676682
0.25 0.25 0.25 0.25
127.33551101559861
45.0
343.73551445306526 213.53742044167132
1
343.73551445306526 324.9036469289022
0.25 0.25 0.25 0.25
111.3662264872309
45.0
338.4348105835894 289.44424436476595
3
241.6939818371286 289.44424436476595
0.25 0.25 0.25 0.25
96.7408287464608
45.0
483.67206828728354 411.57654362040375
3
354.1747880615833 411.57654362040375
0.25 0.25 0.25 0.25
162.15314365113323
45.0
364.0392774480649 390.040687147016
3
239.65099039703784 390.040687147016
0.25 0.25 0.25 0.25
124.38828705102708
45.0
339.05784859694893 142.44669337003313
3
184.18688203984493 142.44669337003313
0.25 0.25 0.25 0.25
154.870966557104
45.0
243.83024176901506 259.5213899844383
0
243.83024176901506 97.46497976492583
0.25 0.25 0.25 0.25
162.0564102195125
45.0
321.92579633922594 323.7346074110188
0
321.92579633922594 161.5841179626233
0.25 0.25 0.25 0.25
162.15048944839552
45.0
474.03623840787213 116.80890065776833
3
354.1510246970263 116.80890065776833
0.25 0.25 0.25 0.25
171.81273689510164
45.0
396.8426500968294 160.05544145822347
3
290.8066849429836 160.05544145822347
0.25 0.25 0.25 0.25
106.0359651538458
45.0
491.24696203125956 344.351163871792
3
359.7482325044783 344.351163871792
0.25 0.25 0.25 0.25
131.49872952678123
45.0
120.82648998467458 423.97055274105094
2
224.82506868733321 423.97055274105094
0.25 0.25 0.25 0.25
103.99857870265863
45.0
334.50658786082533 192.80467609159587
1
334.50658786082533 299.5969528299931
0.25 0.25 0.25 0.25
106.7922767383972
45.0
118.88703541404598 307.082935751882
2
293.8247735009909 307.082935751882
0.25 0.25 0.25 0.25
174.9377380869449
45.0
392.31137252123733 286.6385916548352
3
470.2403866055655 286.6385916548352
0.25 0.25 0.25 0.25
137.44824087319716
45.0
119.92535242772573 169.32030275589736
0
119.92535242772573 36.98349582245686
0.25 0.25 0.25 0.25
132.3368069334405
45.0
118.24963559092225 38.932704097765054
1
118.24963559092225 64.19947254405645
0.25 0.25 0.25 0.25
103.1321766418215
45.0
302.59658868867 21.59666565187942
1
302.59658868867 119.51455775862968
0.25 0.25 0.25 0.25
97.91789210675026
45.0
415.7822803608017 472.18460050641715
0
415.7822803608017 384.1498799869655
0.25 0.25 0.25 0.25
88.03472051945161
45.0
327.1933180547023 74.41337374325212
1
327.1933180547023 59.30951954260041
0.25 0.25 0.25 0.25
133.72289328585254
45.0
294.28548233519166 278.7539428688689
0
294.28548233519166 132.42084341221152
0.25 0.25 0.25 0.25
146.33309945665735
45.0
77.89959894968707 332.9462334342985
0
77.89959894968707 308.89546890286823
0.25 0.25 0.25 0.25
24.050764531430286
45.0
376.12439424335906 119.04694680478634
2
380.25328545600456 119.04694680478634
0.25 0.25 0.25 0.25
4.1288912126454855
45.0
129.94206187035718 310.832971149191
3
121.38433744058605 310.832971149191
0.25 0.25 0.25 0.25
8.557724429771135
45.0
119.50695649165532 92.85522747397656
2
140.92285150143266 92.85522747397656
0.25 0.25 0.25 0.25
21.41589500977734
45.0
381.70064254566535 17.218844394184885
2
430.70137536541864 17.218844394184885
0.25 0.25 0.25 0.25
49.000732819753296
45.0
328.69772902033213 72.54573180784169
0
328.69772902033213 50.01861804250743
0.25 0.25 0.25 0.25
22.527113765334267
45.0
244.225658437993 248.62146443073664
0
244.225658437993 233.08019382473003
0.25 0.25 0.25 0.25
15.541270606006618
45.0
185.9097385650951 388.1365973451646
3
173.7309642030335 388.1365973451646
0.25 0.25 0.25 0.25
12.178774362061612
45.0
26.560255156725574 433.3577725294107
1
26.560255156725574 458.8034960466778
0.25 0.25 0.25 0.25
25.445723517267147
45.0
478.2221034306167 223.1869090498339
3
453.30712197328484 223.1869090498339
0.25 0.25 0.25 0.25
24.914981457331876
45.0
336.5502243508745 418.6237215553457
1
336.5502243508745 445.9721465896605
0.25 0.25 0.25 0.25
27.348425034314815
45.0
192.96520003012512 234.79735714040805
1
192.96520003012512 252.57563605943903
0.25 0.25 0.25 0.25
17.77827891903097
45.0
367.14715695496056 160.08263386213025
1
367.14715695496056 185.57054671138772
0.25 0.25 0.25 0.25
25.487912849257466
45.0
309.23951615634144 27.48508174952265
2
317.10054409726337 27.48508174952265
0.25 0.25 0.25 0.25
7.861027940921944
45.0
445.8576420369365 341.5788840364245
1
445.8576420369365 354.46955696639367
0.25 0.25 0.25 0.25
12.890672929969178
45.0
189.1948135107744 305.16469637914565
2
226.81459586119627 305.16469637914565
0.25 0.25 0.25 0.25
37.61978235042186
45.0
51.954350890473535 85.84515293416104
0
51.954350890473535 72.05534285906829
0.25 0.25 0.25 0.25
13.789810075092745
45.0
27.98372960037238 307.7561621393426
2
41.29561648059314 307.7561621393426
0.25 0.25 0.25 0.25
13.311886880220758
45.0
129.26960958775572 380.3655922953369
3
107.30389997146386 380.3655922953369
0.25 0.25 0.25 0.25
21.965709616291868
45.0
