84366
161.00794821152988 254.14727954119144
3
18.767377414601015 254.14727954119144
0.25 0.25 0.25 0.25
142.24057079692886
45.0
253.9046060979626 274.6956944828138
2
372.9559356971141 274.6956944828138
0.25 0.25 0.25 0.25
119.0513295991515
45.0
58.360873037951805 360.23043548077544
2
166.6181981344006 360.23043548077544
0.25 0.25 0.25 0.25
108.25732509644878
45.0
166.69749260521138 306.96480081306646
3
40.609718091806826 306.96480081306646
0.25 0.25 0.25 0.25
126.08777451340455
45.0
283.0577847324664 318.7129388530766
1
283.0577847324664 475.2193702861937
0.25 0.25 0.25 0.25
156.5064314331171
45.0
490.74636688887267 146.1136075038629
1
490.74636688887267 304.0599261819939
0.25 0.25 0.25 0.25
157.94631867813098
45.0
177.67818001568742 421.7312997260442
3
33.247831043149375 421.7312997260442
0.25 0.25 0.25 0.25
144.43034897253804
45.0
464.4949385394141 434.7670532761765
3
379.3990537067468 434.7670532761765
0.25 0.25 0.25 0.25
156.10600775383907
45.0
426.2955986459823 98.72285798032375
3
446.3688903384191 98.72285798032375
0.25 0.25 0.25 0.25
127.33551101559861
45.0
343.73551445306526 213.53742044167132
3
232.36928796583436 213.53742044167132
0.25 0.25 0.25 0.25
111.3662264872309
45.0
273.56756557085237 160.1117030829132
3
176.82673682439156 160.1117030829132
0.25 0.25 0.25 0.25
96.7408287464608
45.0
489.58047852758654 290.8646222624602
0
489.58047852758654 128.71147861132698
0.25 0.25 0.25 0.25
162.15314365113323
45.0
129.9438141213609 404.72179792236614
0
129.9438141213609 470.8899150266068
0.25 0.25 0.25 0.25
124.38828705102708
45.0
351.2002182888431 283.99509468478516
0
351.2002182888431 129.12412812768116
0.25 0.25 0.25 0.25
154.870966557104
45.0
459.71847647488505 463.86322318631085
0
459.71847647488505 301.80681296679836
0.25 0.25 0.25 0.25
162.0564102195125
45.0
407.96735138323663 433.2556036210706
0
407.96735138323663 404.5939069305339
0.25 0.25 0.25 0.25
162.15048944839552
45.0
226.66050050109146 398.6293100275368
0
226.66050050109146 226.81657313243517
0.25 0.25 0.25 0.25
171.81273689510164
45.0
436.7617332108668 54.01947630437779
1
436.7617332108668 160.05544145822358
0.25 0.25 0.25 0.25
106.0359651538458
45.0
151.788887647479 316.83210677351036
0
151.788887647479 185.33337724672913
0.25 0.25 0.25 0.25
131.49872952678123
45.0
368.8094344165779 279.99249352807357
0
368.8094344165779 175.99391482541495
0.25 0.25 0.25 0.25
103.99857870265863
45.0
480.96211669192724 418.89572630924044
0
480.96211669192724 474.3119969523624
0.25 0.25 0.25 0.25
106.7922767383972
45.0
434.4751078909287 42.79254042200779
1
434.4751078909287 132.14519766493711
0.25 0.25 0.25 0.25
174.9377380869449
45.0
81.75696319631163 239.29307262761586
1
81.75696319631163 376.741313500813
0.25 0.25 0.25 0.25
137.44824087319716
45.0
163.67191189685693 256.4887815151626
2
296.0087188302974 256.4887815151626
0.25 0.25 0.25 0.25
132.3368069334405
45.0
280.2042108124881 7.610937679550034
1
280.2042108124881 110.74311432137154
0.25 0.25 0.25 0.25
103.1321766418215
45.0
400.51448079542024 417.9045631958528
3
302.59658868866995 417.9045631958528
0.25 0.25 0.25 0.25
97.91789210675026
45.0
439.76635288632724 326.9473865072923
3
351.7316323668756 326.9473865072923
0.25 0.25 0.25 0.25
88.03472051945161
45.0
478.4464092039191 251.128760539697
1
478.4464092039191 384.85165382554953
0.25 0.25 0.25 0.25
133.72289328585254
45.0
23.055335051773113 156.75253960881298
1
23.055335051773113 303.08563906547033
0.25 0.25 0.25 0.25
146.33309945665735
45.0
238.54688385019347 284.84470437143796
0
238.54688385019347 260.7939398400077
0.25 0.25 0.25 0.25
24.050764531430286
45.0
347.22215575484057 7.566884063358248
0
347.22215575484057 3.437992850712763
0.25 0.25 0.25 0.25
4.1288912126454855
45.0
6.981529005980896 173.9093802728528
2
15.53925343575203 173.9093802728528
0.25 0.25 0.25 0.25
8.557724429771135
45.0
94.65199360611811 92.85522747397656
1
94.65199360611811 114.2711224837539
0.25 0.25 0.25 0.25
21.41589500977734
45.0
401.6859861505994 95.23496642875739
3
352.6852533308461 95.23496642875739
0.25 0.25 0.25 0.25
49.000732819753296
45.0
31.736091225016093 171.46118119447118
2
54.26320499035036 171.46118119447118
0.25 0.25 0.25 0.25
22.527113765334267
45.0
190.9299185301922 476.9943458767215
1
190.9299185301922 492.53561648272813
0.25 0.25 0.25 0.25
15.541270606006618
45.0
290.40296386625494 209.96384870680168
3
278.2241895041933 209.96384870680168
0.25 0.25 0.25 0.25
12.178774362061612
45.0
126.11408594687731 57.727757125246434
1
126.11408594687731 83.17348064251358
0.25 0.25 0.25 0.25
25.445723517267147
45.0
372.2880078253921 372.67679779382513
1
372.2880078253921 397.591779251157
0.25 0.25 0.25 0.25
24.914981457331876
45.0
211.69982544894833 418.6237215553457
1
211.69982544894833 445.9721465896605
0.25 0.25 0.25 0.25
27.348425034314815
45.0
175.18692111109414 209.65961583536625
1
175.18692111109414 227.43789475439723
0.25 0.25 0.25 0.25
17.77827891903097
45.0
346.51440282424835 157.71511808687785
3
321.0264899749909 157.71511808687785
0.25 0.25 0.25 0.25
25.487912849257466
45.0
175.60204116066834 239.7328361544153
3
167.74101321974638 239.7328361544153
0.25 0.25 0.25 0.25
7.861027940921944
45.0
407.18562324702896 302.90686524651693
2
420.07629617699814 302.90686524651693
0.25 0.25 0.25 0.25
12.890672929969178
45.0
474.41894885275906 320.8988198405362
1
474.41894885275906 358.51860219095806
0.25 0.25 0.25 0.25
37.61978235042186
45.0
9.861024891668663 293.61339368666484
0
9.861024891668663 279.8235836115721
0.25 0.25 0.25 0.25
13.789810075092745
45.0
492.78834271168046 452.6298740166838
3
479.4764558314597 452.6298740166838
0.25 0.25 0.25 0.25
13.311886880220758
45.0
353.97600197066527 160.7084961324183
0
353.97600197066527 138.74278651612644
0.25 0.25 0.25 0.25
21.965709616291868
45.0
