38683
69.84715528722762 204.59008690505874
2
89.34207381504872 204.59008690505874
0.25 0.25 0.25 0.25
19.4949185278211
45.0
199.76832197724565 39.3222672860067
1
199.76832197724565 68.5350462785897
0.25 0.25 0.25 0.25
29.212778992583004
45.0
236.950694933064 304.5169950902916
3
224.93927425355236 304.5169950902916
0.25 0.25 0.25 0.25
12.011420679511648
45.0
47.25221566993558 432.48346079168226
2
71.7229531813833 432.48346079168226
0.25 0.25 0.25 0.25
24.47073751144772
45.0
198.80880160931937 465.7761140489874
3
196.49808880499862 465.7761140489874
0.25 0.25 0.25 0.25
2.310712804320758
45.0
93.04623881968342 159.83997336245022
2
118.10777796353301 159.83997336245022
0.25 0.25 0.25 0.25
25.061539143849593
45.0
289.2937737083989 27.44825926740804
1
289.2937737083989 45.209431168269774
0.25 0.25 0.25 0.25
17.761171900861733
45.0
229.09023652615258 72.39538596318403
3
224.96234512593287 72.39538596318403
0.25 0.25 0.25 0.25
4.127891400219724
45.0
47.64293234894569 173.1620897041924
2
64.96637152587161 173.1620897041924
0.25 0.25 0.25 0.25
17.32343917692592
45.0
332.84087130694496 183.42060792092622
3
290.0639103377381 183.42060792092622
0.25 0.25 0.25 0.25
42.776960969206876
45.0
155.5296084210669 211.47606445856178
3
126.3926565214128 211.47606445856178
0.25 0.25 0.25 0.25
29.136951899654107
45.0
49.960698855432604 73.20421293535804
0
49.960698855432604 63.0430693393895
0.25 0.25 0.25 0.25
10.161143595968541
45.0
256.18211386498217 348.3851014580299
3
215.76788604613625 348.3851014580299
0.25 0.25 0.25 0.25
40.4142278188459
45.0
401.6892484294527 218.33159071423313
1
401.6892484294527 259.44085780096293
0.25 0.25 0.25 0.25
41.1092670867298
45.0
391.12090311005 25.899632629200838
2
401.40934268587273 25.899632629200838
0.25 0.25 0.25 0.25
10.288439575822716
45.0
78.51695925256348 52.59815438125335
0
78.51695925256348 22.509324020807433
0.25 0.25 0.25 0.25
30.088830360445918
45.0
322.3568791306296 66.16934650772924
1
322.3568791306296 103.08548618188215
0.25 0.25 0.25 0.25
36.916139674152895
45.0
335.01345976891395 396.74611847524716
1
335.01345976891395 442.2747647130822
0.25 0.25 0.25 0.25
45.528646237835055
45.0
478.91507276699133 291.30909124690385
3
484.8992091574495 291.30909124690385
0.25 0.25 0.25 0.25
36.18571807555914
45.0
1.727389420222707 341.6052068164222
0
1.727389420222707 297.08664276775687
0.25 0.25 0.25 0.25
44.51856404866531
45.0
335.58710805586514 13.206708751580486
1
335.58710805586514 18.790566115799933
0.25 0.25 0.25 0.25
31.99727486738042
45.0
119.60432546787752 238.65585151969958
2
159.89580026185735 238.65585151969958
0.25 0.25 0.25 0.25
40.29147479397982
45.0
117.69164434114367 344.47505201204325
2
161.98509923445042 344.47505201204325
0.25 0.25 0.25 0.25
44.29345489330675
45.0
232.34598877185422 137.58854734819016
3
226.95856862032502 137.58854734819016
0.25 0.25 0.25 0.25
5.387420151529204
45.0
131.80315433332004 70.99687545717845
3
103.1775988752455 70.99687545717845
0.25 0.25 0.25 0.25
28.62555545807454
45.0
74.36324012744512 205.70355316520124
2
119.19859649822905 205.70355316520124
0.25 0.25 0.25 0.25
44.83535637078392
45.0
244.39175043241477 419.9874839237415
0
244.39175043241477 412.55871810764825
0.25 0.25 0.25 0.25
7.428765816093231
45.0
261.75064597147315 452.21775709887095
2
292.166603529978 452.21775709887095
0.25 0.25 0.25 0.25
30.41595755850483
45.0
263.0532585187283 185.33041024734626
1
263.0532585187283 221.9863751311597
0.25 0.25 0.25 0.25
36.655964883813425
45.0
250.89229075904464 198.85687027471005
3
213.6915271491569 198.85687027471005
0.25 0.25 0.25 0.25
37.20076360988773
45.0
145.4525789591855 345.9687279955937
3
143.11881396879522 345.9687279955937
0.25 0.25 0.25 0.25
2.3337649903902746
45.0
133.44802930458445 387.09206791933025
2
172.221552759645 387.09206791933025
0.25 0.25 0.25 0.25
38.773523455060534
45.0
439.7772986542516 173.4451134757402
1
439.7772986542516 218.90059497217703
0.25 0.25 0.25 0.25
45.455481496436846
45.0
493.7298692153757 436.5138780778633
3
471.41529038708757 436.5138780778633
0.25 0.25 0.25 0.25
22.314578828288134
45.0
237.50334371023234 43.20687398070939
1
237.50334371023234 90.97494207979985
0.25 0.25 0.25 0.25
47.768068099090456
45.0
276.6155997451363 379.6657386355796
1
276.6155997451363 389.63058267202257
0.25 0.25 0.25 0.25
9.96484403644295
45.0
255.14464488142076 53.0894842729042
1
255.14464488142076 62.32270194396446
0.25 0.25 0.25 0.25
9.233217671060261
45.0
235.0160501057578 203.66950795324578
3
198.76799821479955 203.66950795324578
0.25 0.25 0.25 0.25
36.24805189095826
45.0
231.9938772177117 343.7559457257253
0
231.9938772177117 311.4640933588414
0.25 0.25 0.25 0.25
32.291852366883916
45.0
237.27798086168968 267.2360303406131
0
237.27798086168968 229.73008260308376
0.25 0.25 0.25 0.25
37.50594773752936
45.0
214.93284827305908 76.57222081868616
2
219.79160902809238 76.57222081868616
0.25 0.25 0.25 0.25
4.858760755033298
45.0
444.5662481263134 121.3134085944458
2
452.0321402781927 121.3134085944458
0.25 0.25 0.25 0.25
7.465892151879277
45.0
179.02277004501775 159.3920388474787
1
179.02277004501775 174.20454745644787
0.25 0.25 0.25 0.25
14.812508608969182
45.0
97.94885306699541 270.84594515722074
2
133.50747325283962 270.84594515722074
0.25 0.25 0.25 0.25
35.5586201858442
45.0
108.42057157670664 437.5103422847737
2
140.5841507887917 437.5103422847737
0.25 0.25 0.25 0.25
32.16357921208506
45.0
283.4907241760357 387.27458412294203
3
274.8296639220125 387.27458412294203
0.25 0.25 0.25 0.25
8.661060254023178
45.0
355.0291405990281 78.09505152012412
2
382.50553028435934 78.09505152012412
0.25 0.25 0.25 0.25
27.476389685331238
45.0
90.5321453108766 308.60708778614406
2
132.43529881812924 308.60708778614406
0.25 0.25 0.25 0.25
41.90315350725264
45.0
