84633
85.48970933823419 168.40887736200273
0
85.48970933823419 59.86090102443147
0.25 0.25 0.25 0.25
108.54797633757126
45.0
257.81973217311076 342.4127565296484
1
257.81973217311076 483.57480191255206
0.25 0.25 0.25 0.25
141.16204538290364
45.0
4.372249246483818 10.046973035791382
2
139.23181199902368 10.046973035791382
0.25 0.25 0.25 0.25
134.85956275253986
45.0
46.1055590997374 307.6853154851144
3
14.284779795848053 307.6853154851144
0.25 0.25 0.25 0.25
31.820779303889346
45.0
226.43512829581027 379.9152435041127
2
258.02764058746277 379.9152435041127
0.25 0.25 0.25 0.25
31.592512291652497
45.0
35.278817575581186 212.70285645986078
3
30.15818432748999 212.70285645986078
0.25 0.25 0.25 0.25
5.1206332480911945
45.0
143.29585696205754 483.63167273150407
0
143.29585696205754 469.44447483827975
0.25 0.25 0.25 0.25
14.187197893224301
45.0
315.7008824707055 24.388308827138943
3
308.87323299398525 24.388308827138943
0.25 0.25 0.25 0.25
6.827649476720227
45.0
450.79563950461835 22.203277330686923
0
450.79563950461835 2.0024544644350613
0.25 0.25 0.25 0.25
20.200822866251862
45.0
149.6376291215777 43.77455913171688
3
109.9580134989007 43.77455913171688
0.25 0.25 0.25 0.25
39.679615622677
45.0
160.47021527522185 177.54065200887396
0
160.47021527522185 173.83281586155783
0.25 0.25 0.25 0.25
3.7078361473161237
45.0
23.957762266197392 319.41042472085405
2
63.40705167868521 319.41042472085405
0.25 0.25 0.25 0.25
39.449289412487815
45.0
482.42758668325666 34.73278580892532
1
482.42758668325666 78.43872863311478
0.25 0.25 0.25 0.25
43.70594282418946
45.0
497.0755515287707 76.6140896085027
0
497.0755515287707 69.91299352338147
0.25 0.25 0.25 0.25
6.701096085121227
45.0
65.88912220992815 20.863216643440765
1
65.88912220992815 67.85029313633626
0.25 0.25 0.25 0.25
46.9870764928955
45.0
237.12784249426198 487.5984454555502
2
279.6710515157703 487.5984454555502
0.25 0.25 0.25 0.25
42.543209021508304
45.0
499.8116980922182 180.1395129749003
3
485.0925701891151 180.1395129749003
0.25 0.25 0.25 0.25
14.719127903103058
45.0
324.4686946239152 479.0897230723025
3
278.4846715468234 479.0897230723025
0.25 0.25 0.25 0.25
45.9840230770918
45.0
86.58428468132672 71.27705956585504
0
86.58428468132672 50.274729809595726
0.25 0.25 0.25 0.25
21.002329756259314
45.0
416.5863763325066 355.5092120978175
3
387.88272926245446 355.5092120978175
0.25 0.25 0.25 0.25
28.703647070052103
45.0
125.7403102569365 195.68832490768273
0
125.7403102569365 154.52453577474233
0.25 0.25 0.25 0.25
41.16378913294038
45.0
91.58410452985532 335.0149213466117
2
95.04254795127025 335.0149213466117
0.25 0.25 0.25 0.25
3.45844342141492
45.0
381.9643674200207 403.8708014122549
1
381.9643674200207 436.14698365746926
0.25 0.25 0.25 0.25
32.27618224521437
45.0
278.9329076959693 423.85301219520557
3
265.73662264675596 423.85301219520557
0.25 0.25 0.25 0.25
13.196285049213335
45.0
330.2586694654317 363.3110677093182
3
301.7388386970424 363.3110677093182
0.25 0.25 0.25 0.25
28.519830768389305
45.0
382.1114985448439 472.45789131970514
2
422.40811072239933 472.45789131970514
0.25 0.25 0.25 0.25
40.2966121775554
45.0
360.1907745309572 469.18370309879526
0
360.1907745309572 430.19428721691344
0.25 0.25 0.25 0.25
38.98941588188185
45.0
471.5780063225458 121.09246623308985
3
445.4373375942997 121.09246623308985
0.25 0.25 0.25 0.25
26.14066872824603
45.0
126.84823831522748 43.15147249142133
0
126.84823831522748 20.821898661462544
0.25 0.25 0.25 0.25
22.329573829958786
45.0
346.69452637791073 271.12876080397905
1
346.69452637791073 303.0312479424156
0.25 0.25 0.25 0.25
31.90248713843655
45.0
86.73565679099153 237.51000580818084
3
66.50964085754327 237.51000580818084
0.25 0.25 0.25 0.25
20.226015933448256
45.0
173.48347940730486 497.3376644611202
3
164.54697193160564 497.3376644611202
0.25 0.25 0.25 0.25
8.936507475699207
45.0
107.81035194783976 339.62940881569074
1
107.81035194783976 384.4679727576722
0.25 0.25 0.25 0.25
44.83856394198147
45.0
155.28226282910978 412.97061476917906
3
154.2897486841896 412.97061476917906
0.25 0.25 0.25 0.25
0.992514144920198
45.0
47.211607388041045 374.0472208364483
0
47.211607388041045 353.0564810257908
0.25 0.25 0.25 0.25
20.990739810657484
45.0
468.97425438089016 126.75376589694811
3
465.6559696389991 126.75376589694811
0.25 0.25 0.25 0.25
3.3182847418910146
45.0
424.66922451812763 65.03361690204233
3
397.2140370255187 65.03361690204233
0.25 0.25 0.25 0.25
27.455187492608978
45.0
103.83621123212698 153.86208097547888
2
133.92119410897828 153.86208097547888
0.25 0.25 0.25 0.25
30.084982876851303
45.0
210.2525362537577 304.00430717374104
0
210.2525362537577 254.03274189363682
0.25 0.25 0.25 0.25
49.97156528010421
45.0
63.850783890016515 108.76393302464591
1
63.850783890016515 147.91297314946917
0.25 0.25 0.25 0.25
39.14904012482326
45.0
451.5405856377297 54.82917914231604
2
462.99551538379643 54.82917914231604
0.25 0.25 0.25 0.25
11.454929746066744
45.0
123.41070821692423 422.70591053632137
0
123.41070821692423 419.0208470332429
0.25 0.25 0.25 0.25
3.685063503078462
45.0
310.20490735115226 288.99735181968344
0
310.20490735115226 269.4513304312829
0.25 0.25 0.25 0.25
19.546021388400547
45.0
384.0751963591405 151.17092407726665
0
384.0751963591405 117.97259575566494
0.25 0.25 0.25 0.25
33.198328321601714
45.0
316.3141665912295 374.2092522514452
0
316.3141665912295 325.0621075685774
0.25 0.25 0.25 0.25
49.14714468286782
45.0
239.53586109101138 444.1924289117757
3
228.58789905138482 444.1924289117757
0.25 0.25 0.25 0.25
10.947962039626551
45.0
491.4712939635785 251.18709064325304
2
496.67800729702947 251.18709064325304
0.25 0.25 0.25 0.25
5.206713333450963
45.0
398.19967940217475 215.05506925726957
0
398.19967940217475 200.26587348047593
0.25 0.25 0.25 0.25
14.789195776793623
45.0
