14430
458.85347652636017 447.6987041543937
3
335.5931360029314 447.6987041543937
0.25 0.25 0.25 0.25
123.26034052342877
45.0
354.33693479798046 278.0821118219843
3
203.40191451982528 278.0821118219843
0.25 0.25 0.25 0.25
150.93502027815518
45.0
1.46582288251048 346.4311948000146
0
1.46582288251048 231.6248283106586
0.25 0.25 0.25 0.25
114.80636648935605
45.0
381.14252667169956 188.8474096943948
1
381.14252667169956 225.69560373787326
0.25 0.25 0.25 0.25
36.848194043478465
45.0
249.42780872537878 47.26134838444037
2
298.3320807419826 47.26134838444037
0.25 0.25 0.25 0.25
48.90427201660383
45.0
138.7925102516523 12.213584311565072
1
138.7925102516523 50.805983677056865
0.25 0.25 0.25 0.25
38.592399365491794
45.0
125.5360718888914 209.09993848703783
0
125.5360718888914 174.04852076836184
0.25 0.25 0.25 0.25
35.051417718676
45.0
331.4528856402462 408.1095553261755
3
285.0123212011164 408.1095553261755
0.25 0.25 0.25 0.25
46.44056443912982
45.0
250.5334407186287 411.1236580097515
2
254.54204658394292 411.1236580097515
0.25 0.25 0.25 0.25
4.008605865314224
45.0
430.23092059947567 367.69352533033486
2
456.1881140316369 367.69352533033486
0.25 0.25 0.25 0.25
25.95719343216129
45.0
4.38186673287576 419.7869207709008
0
4.38186673287576 414.73603354864485
0.25 0.25 0.25 0.25
5.0508872222559456
45.0
130.82694628158094 112.88614625149579
3
105.3368176578483 112.88614625149579
0.25 0.25 0.25 0.25
25.490128623732645
45.0
165.5994894347864 137.40651145712386
0
165.5994894347864 111.63907642024122
0.25 0.25 0.25 0.25
25.767435036882624
45.0
245.744006428928 403.4412707632868
0
245.744006428928 378.34532057678155
0.25 0.25 0.25 0.25
25.095950186505274
45.0
467.5578638978313 302.17926215430145
1
467.5578638978313 321.62113945016966
0.25 0.25 0.25 0.25
19.44187729586821
45.0
187.37383208584373 163.88547882133963
1
187.37383208584373 191.7005878228569
0.25 0.25 0.25 0.25
27.815109001517257
45.0
426.4199334732301 354.47353020930154
2
467.4115956093676 354.47353020930154
0.25 0.25 0.25 0.25
40.99166213613751
45.0
33.74649705277403 80.82013636752419
3
20.698999221981268 80.82013636752419
0.25 0.25 0.25 0.25
13.047497830792764
45.0
411.77612663748846 437.2723836697475
0
411.77612663748846 428.3027796317022
0.25 0.25 0.25 0.25
8.969604038045304
45.0
45.91194915665901 438.92945805290503
1
45.91194915665901 472.52957100306253
0.25 0.25 0.25 0.25
33.600112950157516
45.0
15.575399508370165 312.34502055922997
1
15.575399508370165 333.19385211062524
0.25 0.25 0.25 0.25
20.848831551395254
45.0
84.4319734435907 238.38324716640662
1
84.4319734435907 260.0118347822224
0.25 0.25 0.25 0.25
21.628587615815793
45.0
1.9193451242382054 105.21622255423259
1
1.9193451242382054 142.4752420262388
0.25 0.25 0.25 0.25
37.25901947200621
45.0
325.7359345470338 425.8444250272219
0
325.7359345470338 391.1919367465405
0.25 0.25 0.25 0.25
34.65248828068144
45.0
386.72136561109835 308.62985525011953
1
386.72136561109835 343.15807209147204
0.25 0.25 0.25 0.25
34.528216841352524
45.0
417.7560667751625 12.389938593407848
1
417.7560667751625 36.67683088758915
0.25 0.25 0.25 0.25
49.066769480996996
45.0
458.4604182874081 258.6118942273446
1
458.4604182874081 264.59617002963074
0.25 0.25 0.25 0.25
5.984275802286176
45.0
448.94040153772585 132.8493892646486
2
484.0777804262235 132.8493892646486
0.25 0.25 0.25 0.25
35.137378888497665
45.0
213.75470771790117 251.71643360525275
0
213.75470771790117 224.3645743037298
0.25 0.25 0.25 0.25
27.351859301522936
45.0
259.1985553117717 451.14885837605465
1
259.1985553117717 455.21578053838385
0.25 0.25 0.25 0.25
4.066922162329223
45.0
113.95210840656799 120.7117734691127
3
91.45952487489487 120.7117734691127
0.25 0.25 0.25 0.25
22.492583531673123
45.0
178.0822789771841 425.8487679442676
3
158.96788720220724 425.8487679442676
0.25 0.25 0.25 0.25
19.114391774976863
45.0
239.6089568510477 172.70525854331754
0
239.6089568510477 132.2356693511977
0.25 0.25 0.25 0.25
40.46958919211983
45.0
323.1960595081527 21.506649474325776
1
323.1960595081527 14.978991813912344
0.25 0.25 0.25 0.25
36.48564128823812
45.0
402.09840536569897 296.85655009051226
3
400.9041000710351 296.85655009051226
0.25 0.25 0.25 0.25
1.194305294663861
45.0
202.08921055290887 327.70954344788055
2
248.72161973222984 327.70954344788055
0.25 0.25 0.25 0.25
46.63240917932097
45.0
42.688740665743694 21.101283162469734
1
42.688740665743694 6.360792096370528
0.25 0.25 0.25 0.25
27.46207525884026
45.0
454.1112648335806 297.5956306205137
0
454.1112648335806 286.5052539608886
0.25 0.25 0.25 0.25
11.090376659625134
45.0
408.3683993875345 156.4153532319291
2
456.60301942749686 156.4153532319291
0.25 0.25 0.25 0.25
48.23462003996236
45.0
321.0521693313765 382.41610157949367
0
321.0521693313765 344.03866472245255
0.25 0.25 0.25 0.25
38.37743685704112
45.0
110.1920436226466 236.2855256619343
1
110.1920436226466 241.45054830062455
0.25 0.25 0.25 0.25
5.165022638690253
45.0
203.25556449345132 187.4581288171537
1
203.25556449345132 199.01491302328523
0.25 0.25 0.25 0.25
11.556784206131526
45.0
479.7241283802419 198.1632162936344
3
464.9036732750541 198.1632162936344
0.25 0.25 0.25 0.25
14.820455105187808
45.0
490.0153554641436 108.72038957474155
1
490.0153554641436 148.12539400825395
0.25 0.25 0.25 0.25
39.405004433512396
45.0
198.83493507943382 362.3887375033947
2
235.42878978689475 362.3887375033947
0.25 0.25 0.25 0.25
36.59385470746093
45.0
142.78139781386227 56.13340553239608
3
111.89243726425148 56.13340553239608
0.25 0.25 0.25 0.25
30.888960549610783
45.0
81.4294666874807 107.10579277721092
3
39.20711704040922 107.10579277721092
0.25 0.25 0.25 0.25
42.222349647071475
45.0
387.352280370702 484.38529689541406
0
387.352280370702 488.85520996846606
0.25 0.25 0.25 0.25
26.75949313611986
45.0
