14430
240.95188096620225 347.532442236458
2
364.212221489631 347.532442236458
0.25 0.25 0.25 0.25
123.26034052342877
45.0
60.17946439472763 70.6019495967428
1
60.17946439472763 80.33307068141238
0.25 0.25 0.25 0.25
150.93502027815518
45.0
312.884334032072 294.95106926834876
0
312.884334032072 180.14470277899272
0.25 0.25 0.25 0.25
114.80636648935605
45.0
339.1955718021398 111.0369034795142
1
339.1955718021398 147.88509752299265
0.25 0.25 0.25 0.25
36.848194043478465
45.0
369.15091242650976 165.19514666914097
1
369.15091242650976 214.0994186857448
0.25 0.25 0.25 0.25
48.90427201660383
45.0
93.39534388058703 482.12714370304013
3
54.80294451509524 482.12714370304013
0.25 0.25 0.25 0.25
38.592399365491794
45.0
274.4514468226812 489.51128023644594
0
274.4514468226812 475.43730204487804
0.25 0.25 0.25 0.25
35.051417718676
45.0
31.11708134461093 383.361408547902
1
31.11708134461093 429.80197298703183
0.25 0.25 0.25 0.25
46.44056443912982
45.0
286.6108935064567 250.7794233971826
3
282.6022876411425 250.7794233971826
0.25 0.25 0.25 0.25
4.008605865314224
45.0
491.89749910404055 198.32371515949572
3
482.1453074637982 198.32371515949572
0.25 0.25 0.25 0.25
25.95719343216129
45.0
334.0275771582724 327.66871811630233
1
334.0275771582724 332.71960533855827
0.25 0.25 0.25 0.25
5.0508872222559456
45.0
61.324115359425605 291.31704661762416
3
35.83398673569296 291.31704661762416
0.25 0.25 0.25 0.25
25.490128623732645
45.0
325.13406609450413 312.84859027688026
3
299.36663105762153 312.84859027688026
0.25 0.25 0.25 0.25
25.767435036882624
45.0
177.04913928145095 52.12384005401864
0
177.04913928145095 27.02788986751337
0.25 0.25 0.25 0.25
25.095950186505274
45.0
11.930428182141156 226.92511444525417
2
7.511449113727053 226.92511444525417
0.25 0.25 0.25 0.25
19.44187729586821
45.0
36.49096398091592 87.79442624693732
2
64.30607298243318 87.79442624693732
0.25 0.25 0.25 0.25
27.815109001517257
45.0
164.26985192370546 473.9511571841866
0
164.26985192370546 485.05718067967587
0.25 0.25 0.25 0.25
40.99166213613751
45.0
281.6489558378365 2.5351493827675995
3
268.6014580070438 2.5351493827675995
0.25 0.25 0.25 0.25
13.047497830792764
45.0
21.709201224569142 109.99268652314532
0
21.709201224569142 101.02308248510002
0.25 0.25 0.25 0.25
8.969604038045304
45.0
440.4964091549966 136.52844150148752
0
440.4964091549966 102.92832855133
0.25 0.25 0.25 0.25
33.600112950157516
45.0
98.22681124697851 42.82903028146208
2
119.07564279837376 42.82903028146208
0.25 0.25 0.25 0.25
20.848831551395254
45.0
175.1110779461988 437.18793859635673
1
175.1110779461988 458.8165262121725
0.25 0.25 0.25 0.25
21.628587615815793
45.0
64.45033257991491 173.74073575407724
2
101.70935205192112 173.74073575407724
0.25 0.25 0.25 0.25
37.25901947200621
45.0
231.62278998451285 128.5953874636811
2
266.2752782651943 128.5953874636811
0.25 0.25 0.25 0.25
34.65248828068144
45.0
78.60399083737164 206.363493125285
2
113.13220767872417 206.363493125285
0.25 0.25 0.25 0.25
34.528216841352524
45.0
86.02622912906007 36.67683088758915
1
86.02622912906007 85.74360036858614
0.25 0.25 0.25 0.25
49.066769480996996
45.0
231.05793780053392 384.281686075354
3
225.07366199824776 384.281686075354
0.25 0.25 0.25 0.25
5.984275802286176
45.0
250.97657958786056 202.37100849826265
3
215.8392006993629 202.37100849826265
0.25 0.25 0.25 0.25
35.137378888497665
45.0
5.06016669428233 443.1794487159134
0
5.06016669428233 415.82758941439045
0.25 0.25 0.25 0.25
27.351859301522936
45.0
273.1053960203696 402.3457924281042
2
277.1723181826988 402.3457924281042
0.25 0.25 0.25 0.25
4.066922162329223
45.0
23.98177427987559 171.6918124426379
1
23.98177427987559 194.18439597431103
0.25 0.25 0.25 0.25
22.492583531673123
45.0
357.12069072216804 281.3837277298764
2
376.2350824971449 281.3837277298764
0.25 0.25 0.25 0.25
19.114391774976863
45.0
84.14775668591085 382.1292603433643
1
84.14775668591085 422.59884953548413
0.25 0.25 0.25 0.25
40.46958919211983
45.0
301.5981034374852 306.86412211981735
2
338.0837447257233 306.86412211981735
0.25 0.25 0.25 0.25
36.48564128823812
45.0
365.07494123111877 304.0223818584955
2
366.26924652578265 304.0223818584955
0.25 0.25 0.25 0.25
1.194305294663861
45.0
212.4088773501781 306.99013621362104
3
165.77646817085713 306.99013621362104
0.25 0.25 0.25 0.25
46.63240917932097
45.0
204.46993666381866 418.29192097897464
1
204.46993666381866 445.75399623781493
0.25 0.25 0.25 0.25
27.46207525884026
45.0
476.29201815283085 447.3257062081085
2
487.38239481245597 447.3257062081085
0.25 0.25 0.25 0.25
11.090376659625134
45.0
241.06223949351954 407.0420109540747
3
192.8276194535572 407.0420109540747
0.25 0.25 0.25 0.25
48.23462003996236
45.0
453.05649296023853 111.58740186327492
0
453.05649296023853 73.2099650062338
0.25 0.25 0.25 0.25
38.37743685704112
45.0
456.24856041489295 339.58597843573904
2
461.4135830535832 339.58597843573904
0.25 0.25 0.25 0.25
5.165022638690253
45.0
108.77760907209995 372.36667611525803
1
108.77760907209995 383.92346032138954
0.25 0.25 0.25 0.25
11.556784206131526
45.0
283.148589936753 460.9663162870458
1
283.148589936753 475.7867713922336
0.25 0.25 0.25 0.25
14.820455105187808
45.0
223.8355505386888 221.71573982222034
2
263.2405549722012 221.71573982222034
0.25 0.25 0.25 0.25
39.405004433512396
45.0
223.46286688834 276.53901917812146
3
186.86901218087905 276.53901917812146
0.25 0.25 0.25 0.25
36.59385470746093
45.0
154.55494526979032 221.86723941410094
1
154.55494526979032 252.7561999637117
0.25 0.25 0.25 0.25
30.888960549610783
45.0
292.5412149228381 328.4540952232194
0
292.5412149228381 286.2317455761479
0.25 0.25 0.25 0.25
42.222349647071475
45.0
257.812323650749 223.75235074320565
2
284.5718167868689 223.75235074320565
0.25 0.25 0.25 0.25
26.75949313611986
45.0
