14430
212.3327954795026 447.6987041543937
0
212.3327954795026 324.4383636309649
0.25 0.25 0.25 0.25
123.26034052342877
45.0
98.46812603648507 127.14709154382913
2
52.466894241670104 127.14709154382913
0.25 0.25 0.25 0.25
150.93502027815518
45.0
113.34054360684557 231.6248283106586
0
113.34054360684557 116.81846182130253
0.25 0.25 0.25 0.25
114.80636648935605
45.0
270.5979445412641 225.69560373787326
2
307.4461385847426 225.69560373787326
0.25 0.25 0.25 0.25
36.848194043478465
45.0
347.23635275858646 340.6869804840634
0
347.23635275858646 291.78270846745954
0.25 0.25 0.25 0.25
48.90427201660383
45.0
293.16210771361943 166.58318177353223
1
293.16210771361943 205.17558113902402
0.25 0.25 0.25 0.25
38.592399365491794
45.0
20.381818732863415 174.04852076836184
1
20.381818732863415 209.09993848703783
0.25 0.25 0.25 0.25
35.051417718676
45.0
238.57175676198656 408.1095553261755
0
238.57175676198656 361.66899088704565
0.25 0.25 0.25 0.25
46.44056443912982
45.0
242.51622898800025 427.1580814710084
0
242.51622898800025 423.1494756056942
0.25 0.25 0.25 0.25
4.008605865314224
45.0
430.23092059947567 367.69352533033486
0
430.23092059947567 341.7363318981736
0.25 0.25 0.25 0.25
25.95719343216129
45.0
0.6690204893801859 424.83780799315673
0
0.6690204893801859 419.7869207709008
0.25 0.25 0.25 0.25
5.0508872222559456
45.0
156.31707490531358 138.37627487522843
0
156.31707490531358 112.88614625149579
0.25 0.25 0.25 0.25
25.490128623732645
45.0
88.2971843241385 163.1739464940065
3
62.529749287255875 163.1739464940065
0.25 0.25 0.25 0.25
25.767435036882624
45.0
195.55210605591748 453.63317113629734
0
195.55210605591748 428.5372209497921
0.25 0.25 0.25 0.25
25.095950186505274
45.0
435.23274962282767 399.3886486336425
2
454.6746269186959 399.3886486336425
0.25 0.25 0.25 0.25
19.44187729586821
45.0
159.55872308432646 80.44015181678787
3
131.74361408280922 80.44015181678787
0.25 0.25 0.25 0.25
27.815109001517257
45.0
450.60508011835736 313.48186807316404
2
491.59674225449487 313.48186807316404
0.25 0.25 0.25 0.25
40.99166213613751
45.0
7.6515013911885035 106.91513202910971
2
20.698999221981268 106.91513202910971
0.25 0.25 0.25 0.25
13.047497830792764
45.0
429.71533471357907 401.3939675175663
0
429.71533471357907 392.424363479521
0.25 0.25 0.25 0.25
8.969604038045304
45.0
146.71228800713158 472.52957100306253
3
113.11217505697405 472.52957100306253
0.25 0.25 0.25 0.25
33.600112950157516
45.0
57.27306261116067 354.0426836620205
3
36.42423105976542 354.0426836620205
0.25 0.25 0.25 0.25
20.848831551395254
45.0
19.546210596143336 216.75465955059082
0
19.546210596143336 195.126071934775
0.25 0.25 0.25 0.25
21.628587615815793
45.0
39.178364596244414 216.9932809702512
0
39.178364596244414 179.734261498245
0.25 0.25 0.25 0.25
37.25901947200621
45.0
325.7359345470338 435.5456218500523
0
325.7359345470338 400.8931335693709
0.25 0.25 0.25 0.25
34.65248828068144
45.0
145.02384772163074 343.15807209147204
1
145.02384772163074 377.68628893282454
0.25 0.25 0.25 0.25
34.528216841352524
45.0
466.82283625615946 61.456708074404844
0
466.82283625615946 12.389938593407848
0.25 0.25 0.25 0.25
49.066769480996996
45.0
440.5075908805496 288.5332732387754
1
440.5075908805496 294.51754904106156
0.25 0.25 0.25 0.25
5.984275802286176
45.0
375.37270401978583 27.437252599155613
2
410.5100829082835 27.437252599155613
0.25 0.25 0.25 0.25
35.137378888497665
45.0
186.40284841637822 224.3645743037298
2
213.75470771790117 224.3645743037298
0.25 0.25 0.25 0.25
27.351859301522936
45.0
267.3323996364301 459.28270270071306
3
263.2654774741009 459.28270270071306
0.25 0.25 0.25 0.25
4.066922162329223
45.0
136.4446919382411 143.20435700078582
3
113.95210840656797 143.20435700078582
0.25 0.25 0.25 0.25
22.492583531673123
45.0
216.31106252713784 497.69366495582494
0
216.31106252713784 478.5792731808481
0.25 0.25 0.25 0.25
19.114391774976863
45.0
118.20018927468823 29.642687417281593
1
118.20018927468823 10.826901774838234
0.25 0.25 0.25 0.25
40.46958919211983
45.0
250.22477693167644 51.464633102150465
1
250.22477693167644 87.95027439038859
0.25 0.25 0.25 0.25
36.48564128823812
45.0
400.9041000710351 293.2736342065206
1
400.9041000710351 294.4679395011845
0.25 0.25 0.25 0.25
1.194305294663861
45.0
388.61884727019276 420.9743618065225
0
388.61884727019276 374.3419526272015
0.25 0.25 0.25 0.25
46.63240917932097
45.0
42.688740665743694 33.82286735521079
1
42.688740665743694 61.28494261405105
0.25 0.25 0.25 0.25
27.46207525884026
45.0
398.659381535455 286.5052539608886
0
398.659381535455 275.41487730126346
0.25 0.25 0.25 0.25
11.090376659625134
45.0
456.60301942749686 204.64997327189144
0
456.60301942749686 156.4153532319291
0.25 0.25 0.25 0.25
48.23462003996236
45.0
282.67473247433537 267.2837910083703
3
244.29729561729425 267.2837910083703
0.25 0.25 0.25 0.25
38.37743685704112
45.0
99.86199834526607 256.9456162166953
1
99.86199834526607 262.11063885538556
0.25 0.25 0.25 0.25
5.165022638690253
45.0
203.25556449345132 187.4581288171537
1
203.25556449345132 199.01491302328523
0.25 0.25 0.25 0.25
11.556784206131526
45.0
479.7241283802419 198.1632162936344
3
464.9036732750541 198.1632162936344
0.25 0.25 0.25 0.25
14.820455105187808
45.0
490.0153554641436 29.910380707716747
3
450.61035103063125 29.910380707716747
0.25 0.25 0.25 0.25
39.405004433512396
45.0
272.0226444943557 289.2010280884728
0
272.0226444943557 252.60717338101188
0.25 0.25 0.25 0.25
36.59385470746093
45.0
111.89243726425148 25.2444449827853
2
142.78139781386227 25.2444449827853
0.25 0.25 0.25 0.25
30.888960549610783
45.0
81.4294666874807 107.10579277721092
1
81.4294666874807 149.3281424242824
0.25 0.25 0.25 0.25
42.222349647071475
45.0
387.352280370702 484.38529689541406
3
360.5927872345821 484.38529689541406
0.25 0.25 0.25 0.25
26.75949313611986
45.0
