14430
198.41551966693282 442.9582311347473
3
75.15517914350406 442.9582311347473
0.25 0.25 0.25 0.25
123.26034052342877
45.0
52.466894241670076 334.62725376907065
2
98.4681260364851 334.62725376907065
0.25 0.25 0.25 0.25
150.93502027815518
45.0
312.62762394637423 379.68849320421907
2
427.43399043573027 379.68849320421907
0.25 0.25 0.25 0.25
114.80636648935605
45.0
160.05336241082873 373.0883799117872
3
123.20516836735027 373.0883799117872
0.25 0.25 0.25 0.25
36.848194043478465
45.0
92.90209539084803 145.06989241764802
3
43.997823374244206 145.06989241764802
0.25 0.25 0.25 0.25
48.90427201660383
45.0
398.09869736244605 26.378815053926722
1
398.09869736244605 64.97121441941852
0.25 0.25 0.25 0.25
38.592399365491794
45.0
260.02952301654454 419.4084447990939
2
295.08094073522057 419.4084447990939
0.25 0.25 0.25 0.25
35.051417718676
45.0
52.809499005467295 195.6177823825122
0
52.809499005467295 149.17721794338237
0.25 0.25 0.25 0.25
46.44056443912982
45.0
254.54204658394292 379.05481108723774
0
254.54204658394292 375.0462052219235
0.25 0.25 0.25 0.25
4.008605865314224
45.0
352.3593403029919 4.2928172800769175
1
352.3593403029919 21.664376152084373
0.25 0.25 0.25 0.25
25.95719343216129
45.0
4.38186673287576 445.0413568821805
2
0.6690204893801859 445.0413568821805
0.25 0.25 0.25 0.25
5.0508872222559456
45.0
455.4460120642697 265.8269179938916
0
455.4460120642697 240.33678937015895
0.25 0.25 0.25 0.25
25.490128623732645
45.0
423.27383980361253 249.10501409611553
1
423.27383980361253 274.87244913299816
0.25 0.25 0.25 0.25
25.767435036882624
45.0
478.2005415195141 453.63317113629734
3
453.10459133300884 453.63317113629734
0.25 0.25 0.25 0.25
25.095950186505274
45.0
253.69721364328097 347.8669465200708
0
253.69721364328097 328.4250692242026
0.25 0.25 0.25 0.25
19.44187729586821
45.0
243.00405008887827 142.08072019535018
0
243.00405008887827 114.26561119383292
0.25 0.25 0.25 0.25
27.815109001517257
45.0
205.26151405984277 465.3597125134486
2
246.25317619598027 465.3597125134486
0.25 0.25 0.25 0.25
40.99166213613751
45.0
18.443494270397025 15.582647213560364
3
5.395996439604261 15.582647213560364
0.25 0.25 0.25 0.25
13.047497830792764
45.0
411.77612663748846 392.424363479521
3
402.80652259944316 392.424363479521
0.25 0.25 0.25 0.25
8.969604038045304
45.0
180.3124009572891 270.92889330211756
0
180.3124009572891 237.32878035196003
0.25 0.25 0.25 0.25
33.600112950157516
45.0
318.0059053139539 125.48044202007037
0
318.0059053139539 104.63161046867512
0.25 0.25 0.25 0.25
20.848831551395254
45.0
127.68914867522228 260.0118347822224
3
106.0605610594065 260.0118347822224
0.25 0.25 0.25 0.25
21.628587615815793
45.0
445.1888885398364 397.29485258611453
1
445.1888885398364 434.55387205812076
0.25 0.25 0.25 0.25
37.25901947200621
45.0
395.0409111083967 44.66705393972609
1
395.0409111083967 79.31954222040753
0.25 0.25 0.25 0.25
34.65248828068144
45.0
455.77779929380335 274.10163840876703
1
455.77779929380335 308.62985525011953
0.25 0.25 0.25 0.25
34.528216841352524
45.0
202.8243784711143 429.21098673556503
3
153.7576089901173 429.21098673556503
0.25 0.25 0.25 0.25
49.066769480996996
45.0
452.47614248512195 306.4861006456339
2
458.4604182874081 306.4861006456339
0.25 0.25 0.25 0.25
5.984275802286176
45.0
202.9787493182422 77.97488406633738
2
238.11612820673986 77.97488406633738
0.25 0.25 0.25 0.25
35.137378888497665
45.0
104.34727051180938 279.0682929067757
1
104.34727051180938 306.42015220829865
0.25 0.25 0.25 0.25
27.351859301522936
45.0
291.73393261040536 357.6096486424829
2
295.80085477273457 357.6096486424829
0.25 0.25 0.25 0.25
4.066922162329223
45.0
113.95210840656799 278.15985819082454
2
136.4446919382411 278.15985819082454
0.25 0.25 0.25 0.25
22.492583531673123
45.0
25.167144777369177 478.5792731808481
0
25.167144777369177 459.4648814058712
0.25 0.25 0.25 0.25
19.114391774976863
45.0
441.9569028116469 224.9145775384331
0
441.9569028116469 184.44498834631327
0.25 0.25 0.25 0.25
40.46958919211983
45.0
67.79657049048586 51.464633102150465
0
67.79657049048586 14.978991813912344
0.25 0.25 0.25 0.25
36.48564128823812
45.0
398.51548948170733 284.9134971438735
3
397.32118418704346 284.9134971438735
0.25 0.25 0.25 0.25
1.194305294663861
45.0
331.58669765388134 255.16413232349817
2
378.2191068332023 255.16413232349817
0.25 0.25 0.25 0.25
46.63240917932097
45.0
42.688740665743694 48.56335842131
3
15.226665406903432 48.56335842131
0.25 0.25 0.25 0.25
27.46207525884026
45.0
476.29201815283085 286.5052539608886
0
476.29201815283085 275.41487730126346
0.25 0.25 0.25 0.25
11.090376659625134
45.0
109.28540021284198 265.8116141510632
0
109.28540021284198 217.57699411110087
0.25 0.25 0.25 0.25
48.23462003996236
45.0
167.54242190321202 497.548412150617
0
167.54242190321202 464.07415099234186
0.25 0.25 0.25 0.25
38.37743685704112
45.0
74.03688515181477 329.2559331583586
0
74.03688515181477 324.09091051966834
0.25 0.25 0.25 0.25
5.165022638690253
45.0
496.26804614712927 337.6963234968635
3
492.1751696467392 337.6963234968635
0.25 0.25 0.25 0.25
11.556784206131526
45.0
420.4423079594906 35.138210136568475
3
405.6218528543028 35.138210136568475
0.25 0.25 0.25 0.25
14.820455105187808
45.0
292.99033329658175 127.70963702633284
2
332.3953377300941 127.70963702633284
0.25 0.25 0.25 0.25
39.405004433512396
45.0
362.03880843103497 130.85968636007428
2
398.6326631384959 130.85968636007428
0.25 0.25 0.25 0.25
36.59385470746093
45.0
389.89308221074845 345.423081612544
3
359.0041216611377 345.423081612544
0.25 0.25 0.25 0.25
30.888960549610783
45.0
327.4576382535185 272.8953540464323
3
285.235288606447 272.8953540464323
0.25 0.25 0.25 0.25
42.222349647071475
45.0
345.0527882680992 404.1068174870544
0
345.0527882680992 377.3473243509345
0.25 0.25 0.25 0.25
26.75949313611986
45.0
