33771
431.7061190314332 166.93183217487706
1
431.7061190314332 192.4394086195851
0.25 0.25 0.25 0.25
25.507576444708025
45.0
32.000587175287905 250.6103654637234
2
66.61730681489627 250.6103654637234
0.25 0.25 0.25 0.25
34.61671963960836
45.0
75.6642435494885 137.42591091655652
0
75.6642435494885 102.40665903675753
0.25 0.25 0.25 0.25
35.019251879798986
45.0
119.6294615387676 429.00185162364653
3
75.75650028268112 429.00185162364653
0.25 0.25 0.25 0.25
43.87296125608648
45.0
390.3406911665071 60.8139509422303
2
425.24620583834 60.8139509422303
0.25 0.25 0.25 0.25
34.90551467183294
45.0
109.49979348450233 158.07280169767427
0
109.49979348450233 150.72561627408476
0.25 0.25 0.25 0.25
7.347185423589508
45.0
254.85661842784884 107.99311569474841
1
254.85661842784884 124.54030252900681
0.25 0.25 0.25 0.25
16.547186834258397
45.0
335.2616755741693 252.66567986304662
3
315.8554517072457 252.66567986304662
0.25 0.25 0.25 0.25
19.406223866923618
45.0
21.16834778908678 148.79011385013666
2
69.81057130614741 148.79011385013666
0.25 0.25 0.25 0.25
48.64222351706063
45.0
172.62164315758613 438.7315977462133
1
172.62164315758613 458.6394674960229
0.25 0.25 0.25 0.25
19.90786974980958
45.0
409.59342369671685 206.92027981302107
2
451.3710824838158 206.92027981302107
0.25 0.25 0.25 0.25
41.777658787099
45.0
377.5278414011882 339.59151065940745
0
377.5278414011882 320.5777037630957
0.25 0.25 0.25 0.25
19.013806896311724
45.0
207.25263987051682 160.01020453610857
1
207.25263987051682 188.5757969498212
0.25 0.25 0.25 0.25
28.565592413712622
45.0
114.14422622704137 466.3452215819424
3
68.55975254017329 466.3452215819424
0.25 0.25 0.25 0.25
45.58447368686808
45.0
19.195548328651977 177.0208416908817
0
19.195548328651977 162.8831857004619
0.25 0.25 0.25 0.25
14.137655990419805
45.0
332.2591369138275 265.5919395956995
0
332.2591369138275 226.83464938456126
0.25 0.25 0.25 0.25
38.757290211138255
45.0
399.10843480672577 473.44763896621544
0
399.10843480672577 488.55870718554684
0.25 0.25 0.25 0.25
37.99365384823773
45.0
475.62254992362307 53.03199310486509
3
429.87152847444924 53.03199310486509
0.25 0.25 0.25 0.25
45.751021449173855
45.0
448.16465586409237 159.928031261964
3
442.9946863756734 159.928031261964
0.25 0.25 0.25 0.25
5.16996948841898
45.0
160.97460644758243 48.68855609574143
2
172.26046751191194 48.68855609574143
0.25 0.25 0.25 0.25
11.285861064329506
45.0
65.80562689057012 396.7326658957544
3
44.60249191482462 396.7326658957544
0.25 0.25 0.25 0.25
21.203134975745506
45.0
427.52002793645096 250.4775078115506
2
464.32159237177837 250.4775078115506
0.25 0.25 0.25 0.25
36.80156443532739
45.0
464.2635404727469 275.31144538488604
0
464.2635404727469 260.4890378673405
0.25 0.25 0.25 0.25
14.822407517545539
45.0
40.83514224063172 111.89757656239124
3
4.566542611228883 111.89757656239124
0.25 0.25 0.25 0.25
36.268599629402836
45.0
463.7038774467677 116.69661983594179
3
435.00030561664187 116.69661983594179
0.25 0.25 0.25 0.25
28.703571830125856
45.0
321.21657563914846 323.3354011102087
1
321.21657563914846 325.63700595061977
0.25 0.25 0.25 0.25
2.3016048404110867
45.0
466.1164546695069 41.96258099853385
3
431.60319887529994 41.96258099853385
0.25 0.25 0.25 0.25
34.513255794206955
45.0
433.4383567331788 480.35953323177955
1
433.4383567331788 488.9185645585599
0.25 0.25 0.25 0.25
8.559031326780374
45.0
40.51150898221351 334.50122486084376
0
40.51150898221351 304.84333748965514
0.25 0.25 0.25 0.25
29.65788737118865
45.0
302.35558810694147 259.5279755065342
3
274.8696620656798 259.5279755065342
0.25 0.25 0.25 0.25
27.485926041261678
45.0
93.62773238318275 110.21775304171499
3
76.33116835091982 110.21775304171499
0.25 0.25 0.25 0.25
17.29656403226293
45.0
366.5124753103664 155.42844965586286
1
366.5124753103664 203.51170454764457
0.25 0.25 0.25 0.25
48.083254891781706
45.0
32.41559475617916 215.40365433948554
0
32.41559475617916 170.39389203311129
0.25 0.25 0.25 0.25
45.009762306374256
45.0
287.5588534766341 201.999990146581
3
244.38416344688045 201.999990146581
0.25 0.25 0.25 0.25
43.17469002975368
45.0
198.48178711182516 234.76357213606335
1
198.48178711182516 235.1011374648564
0.25 0.25 0.25 0.25
0.3375653287930602
45.0
468.76493917320283 288.5855345860414
0
468.76493917320283 287.6609206416554
0.25 0.25 0.25 0.25
0.9246139443859658
45.0
468.78784314263225 146.27351096028625
0
468.78784314263225 103.55553120546298
0.25 0.25 0.25 0.25
42.71797975482327
45.0
325.8912930442019 58.30625797635109
1
325.8912930442019 91.18020221556938
0.25 0.25 0.25 0.25
32.87394423921829
45.0
482.17172457629783 443.26414381468146
1
482.17172457629783 458.9563204816047
0.25 0.25 0.25 0.25
15.692176666923203
45.0
114.10719193131804 289.91726123104553
1
114.10719193131804 292.94222687144514
0.25 0.25 0.25 0.25
3.024965640399635
45.0
385.85448323671096 263.15929155347726
0
385.85448323671096 227.5955106049955
0.25 0.25 0.25 0.25
35.563780948481764
45.0
30.113641308342988 216.26080863669893
1
30.113641308342988 247.44712812730847
0.25 0.25 0.25 0.25
31.186319490609538
45.0
445.2491838174441 19.042098981977844
1
445.2491838174441 18.752333030462843
0.25 0.25 0.25 0.25
37.79443201244069
45.0
463.74516307496424 431.56648908275014
2
473.527376259541 431.56648908275014
0.25 0.25 0.25 0.25
9.782213184576754
45.0
430.3115683137987 85.7985560705988
1
430.3115683137987 111.70216876330096
0.25 0.25 0.25 0.25
25.903612692702154
45.0
92.60043980341224 5.300595723715823
1
92.60043980341224 22.786415458153346
0.25 0.25 0.25 0.25
17.485819734437523
45.0
433.6302609476947 394.43632861329604
1
433.6302609476947 437.1368037008993
0.25 0.25 0.25 0.25
42.70047508760326
45.0
199.49830840180317 152.54179618671088
3
167.69653517913108 152.54179618671088
0.25 0.25 0.25 0.25
31.801773222672093
45.0
