33771
83.64992851911413 169.871180262714
1
83.64992851911413 195.37875670742204
0.25 0.25 0.25 0.25
25.507576444708025
45.0
379.51517895136965 256.9858204844734
2
414.13189859097804 256.9858204844734
0.25 0.25 0.25 0.25
34.61671963960836
45.0
434.0662301333259 426.78476201168564
1
434.0662301333259 461.8040138914846
0.25 0.25 0.25 0.25
35.019251879798986
45.0
406.8460735342701 350.33403800146243
0
406.8460735342701 306.461076745376
0.25 0.25 0.25 0.25
43.87296125608648
45.0
180.9076031355095 21.25700388459061
1
180.9076031355095 56.16251855642355
0.25 0.25 0.25 0.25
34.90551467183294
45.0
442.3218956765377 268.0639528705172
1
442.3218956765377 275.4111382941067
0.25 0.25 0.25 0.25
7.347185423589508
45.0
113.10072686401868 468.94881655902844
1
113.10072686401868 485.49600339328686
0.25 0.25 0.25 0.25
16.547186834258397
45.0
5.355869836467832 407.1459316123563
1
5.355869836467832 426.5521554792799
0.25 0.25 0.25 0.25
19.406223866923618
45.0
27.473875727973834 154.40089885325483
1
27.473875727973834 203.04312237031547
0.25 0.25 0.25 0.25
48.64222351706063
45.0
325.0751005876534 441.82118375492905
2
344.98297033746303 441.82118375492905
0.25 0.25 0.25 0.25
19.90786974980958
45.0
326.0381061225189 499.3638913227139
3
284.26044733541994 499.3638913227139
0.25 0.25 0.25 0.25
41.777658787099
45.0
367.56090344223753 16.356793422108023
3
348.5470965459258 16.356793422108023
0.25 0.25 0.25 0.25
19.013806896311724
45.0
50.246222893012586 131.64887764245384
3
21.680630479299964 131.64887764245384
0.25 0.25 0.25 0.25
28.565592413712622
45.0
68.55975254017335 345.60004144838996
2
114.14422622704143 345.60004144838996
0.25 0.25 0.25 0.25
45.58447368686808
45.0
47.4708603094916 180.79441701068862
1
47.4708603094916 194.93207300110842
0.25 0.25 0.25 0.25
14.137655990419805
45.0
132.82834561983157 64.11594305041396
0
132.82834561983157 25.358652839275706
0.25 0.25 0.25 0.25
38.757290211138255
45.0
411.27343475254486 32.63486100669411
1
411.27343475254486 5.358792841543618
0.25 0.25 0.25 0.25
37.99365384823773
45.0
142.32045601575672 38.47004979348268
3
96.56943456658286 38.47004979348268
0.25 0.25 0.25 0.25
45.751021449173855
45.0
282.72563223468484 72.03854995884126
2
287.8956017231038 72.03854995884126
0.25 0.25 0.25 0.25
5.16996948841898
45.0
188.88708654663233 303.82172584999495
0
188.88708654663233 292.53586478566547
0.25 0.25 0.25 0.25
11.285861064329506
45.0
19.006913012411893 37.68800203903864
2
2.1962219633336133 37.68800203903864
0.25 0.25 0.25 0.25
21.203134975745506
45.0
286.6715304413015 379.9554818560133
1
286.6715304413015 416.7570462913407
0.25 0.25 0.25 0.25
36.80156443532739
45.0
227.10502019201863 468.0027431129777
0
227.10502019201863 453.1803355954322
0.25 0.25 0.25 0.25
14.822407517545539
45.0
394.3880533122024 157.5034104667082
2
430.6566529416052 157.5034104667082
0.25 0.25 0.25 0.25
36.268599629402836
45.0
315.91757602103513 117.55696885946979
2
344.62114785116097 117.55696885946979
0.25 0.25 0.25 0.25
28.703571830125856
45.0
367.2486724473699 210.5567639300661
2
369.550277287781 210.5567639300661
0.25 0.25 0.25 0.25
2.3016048404110867
45.0
222.3798251506293 7.449325204327067
2
256.89308094483624 7.449325204327067
0.25 0.25 0.25 0.25
34.513255794206955
45.0
315.01858339155706 204.36297291065014
0
315.01858339155706 195.80394158386977
0.25 0.25 0.25 0.25
8.559031326780374
45.0
167.51122908738185 373.4732769372175
1
167.51122908738185 403.13116430840614
0.25 0.25 0.25 0.25
29.65788737118865
45.0
367.8132993979184 341.9857536303192
0
367.8132993979184 314.49982758905753
0.25 0.25 0.25 0.25
27.485926041261678
45.0
439.36503874571787 210.79642336404228
2
456.6616027779808 210.79642336404228
0.25 0.25 0.25 0.25
17.29656403226293
45.0
411.90944694025836 482.26288117091883
2
459.9927018320401 482.26288117091883
0.25 0.25 0.25 0.25
48.083254891781706
45.0
417.6820283075633 9.645157192385739
1
417.6820283075633 35.36460511398852
0.25 0.25 0.25 0.25
45.009762306374256
45.0
330.7335435063878 6.891330686521883
3
287.5588534766341 6.891330686521883
0.25 0.25 0.25 0.25
43.17469002975368
45.0
208.94631230441007 227.337134902616
1
208.94631230441007 227.67470023140905
0.25 0.25 0.25 0.25
0.3375653287930602
45.0
453.9711160630276 333.8916178609531
1
453.9711160630276 334.81623180533904
0.25 0.25 0.25 0.25
0.9246139443859658
45.0
249.67276421266985 274.42745022475606
3
206.95478445784659 274.42745022475606
0.25 0.25 0.25 0.25
42.71797975482327
45.0
457.38707000107513 158.02967887472596
2
490.26101424029343 158.02967887472596
0.25 0.25 0.25 0.25
32.87394423921829
45.0
141.21603541754496 47.49263954302367
1
141.21603541754496 63.184816209946874
0.25 0.25 0.25 0.25
15.692176666923203
45.0
129.23202013331615 283.8673299502463
0
129.23202013331615 280.8423643098467
0.25 0.25 0.25 0.25
3.024965640399635
45.0
132.69388315482774 58.20487274760859
1
132.69388315482774 93.76865369609035
0.25 0.25 0.25 0.25
35.563780948481764
45.0
61.29996079895254 341.0060865991371
2
92.48628028956207 341.0060865991371
0.25 0.25 0.25 0.25
31.186319490609538
45.0
177.58326307100324 475.6801797906221
0
177.58326307100324 486.52538819693723
0.25 0.25 0.25 0.25
37.79443201244069
45.0
209.40762027596904 89.18902762256397
1
209.40762027596904 98.97124080714073
0.25 0.25 0.25 0.25
9.782213184576754
45.0
77.90188563135257 189.41300684140742
2
103.80549832405472 189.41300684140742
0.25 0.25 0.25 0.25
25.903612692702154
45.0
407.3451950232877 302.55953120915365
1
407.3451950232877 320.0453509435912
0.25 0.25 0.25 0.25
17.485819734437523
45.0
114.55358607379472 230.55675738023592
1
114.55358607379472 273.2572324678392
0.25 0.25 0.25 0.25
42.70047508760326
45.0
407.9656908633423 479.9819552383897
3
376.1639176406702 479.9819552383897
0.25 0.25 0.25 0.25
31.801773222672093
45.0
