33771
380.69096614201715 13.88637350662891
1
380.69096614201715 39.393949951336936
0.25 0.25 0.25 0.25
25.507576444708025
45.0
106.46629138314555 389.07724402215695
0
106.46629138314555 354.46052438254856
0.25 0.25 0.25 0.25
34.61671963960836
45.0
99.43201584950643 312.5221703155514
2
134.4512677293054 312.5221703155514
0.25 0.25 0.25 0.25
35.019251879798986
45.0
266.1490808760219 220.0144583276618
3
222.27611961993543 220.0144583276618
0.25 0.25 0.25 0.25
43.87296125608648
45.0
6.380029776344784 485.41435832394154
0
6.380029776344784 479.6801270042255
0.25 0.25 0.25 0.25
34.90551467183294
45.0
234.40194568552397 136.03124542690574
3
227.05476026193446 136.03124542690574
0.25 0.25 0.25 0.25
7.347185423589508
45.0
139.02631058803996 488.57841288269185
0
139.02631058803996 472.03122604843344
0.25 0.25 0.25 0.25
16.547186834258397
45.0
470.6760857565947 213.85323212919937
2
490.0823096235183 213.85323212919937
0.25 0.25 0.25 0.25
19.406223866923618
45.0
334.508382749724 218.86098042807498
1
334.508382749724 267.5032039451356
0.25 0.25 0.25 0.25
48.64222351706063
45.0
6.549184590700072 458.6394674960229
1
6.549184590700072 478.5473372458325
0.25 0.25 0.25 0.25
19.90786974980958
45.0
493.1487412709148 43.74567290957293
3
465.07359994198623 43.74567290957293
0.25 0.25 0.25 0.25
41.777658787099
45.0
394.306475843071 339.59151065940745
3
375.29266894675925 339.59151065940745
0.25 0.25 0.25 0.25
19.013806896311724
45.0
392.8290663375063 160.01020453610857
1
392.8290663375063 188.5757969498212
0.25 0.25 0.25 0.25
28.565592413712622
45.0
475.59551059114597 32.22556786250874
1
475.59551059114597 77.81004154937682
0.25 0.25 0.25 0.25
45.58447368686808
45.0
192.86929152764506 191.1584976813015
0
192.86929152764506 177.0208416908817
0.25 0.25 0.25 0.25
14.137655990419805
45.0
29.89036071431589 188.07735917342308
2
68.64765092545414 188.07735917342308
0.25 0.25 0.25 0.25
38.757290211138255
45.0
475.0957425032012 134.4508226055882
1
475.0957425032012 172.44447645382593
0.25 0.25 0.25 0.25
37.99365384823773
45.0
63.86335688105846 84.22107124265648
3
18.112335431884603 84.22107124265648
0.25 0.25 0.25 0.25
45.751021449173855
45.0
463.9458628327849 206.45775665773488
2
469.11583232120387 206.45775665773488
0.25 0.25 0.25 0.25
5.16996948841898
45.0
228.6897728335595 64.17005454755363
3
217.40391176922998 64.17005454755363
0.25 0.25 0.25 0.25
11.285861064329506
45.0
23.399356939079112 396.7326658957544
3
2.196221963333606 396.7326658957544
0.25 0.25 0.25 0.25
21.203134975745506
45.0
87.70187415813265 117.53813654172338
2
124.50343859346005 117.53813654172338
0.25 0.25 0.25 0.25
36.80156443532739
45.0
434.6187254376559 275.31144538488604
1
434.6187254376559 290.13385290243156
0.25 0.25 0.25 0.25
14.822407517545539
45.0
466.92525257100806 323.3256189904429
3
430.6566529416052 323.3256189904429
0.25 0.25 0.25 0.25
36.268599629402836
45.0
110.3675591557493 112.93195480506503
0
110.3675591557493 84.22838297493918
0.25 0.25 0.25 0.25
28.703571830125856
45.0
295.89892239462665 307.2241672273312
3
293.5973175542156 307.2241672273312
0.25 0.25 0.25 0.25
2.3016048404110867
45.0
397.089943081093 249.04211576377554
0
397.089943081093 214.5288599695686
0.25 0.25 0.25 0.25
34.513255794206955
45.0
412.4990793847745 343.4150320032936
0
412.4990793847745 334.85600067651325
0.25 0.25 0.25 0.25
8.559031326780374
45.0
40.51150898221351 309.6041266848928
1
40.51150898221351 339.2620140560814
0.25 0.25 0.25 0.25
29.65788737118865
45.0
439.78521831324986 152.760915112391
2
467.27114435451153 152.760915112391
0.25 0.25 0.25 0.25
27.485926041261678
45.0
335.7796288348638 166.5272714744918
3
318.48306480260084 166.5272714744918
0.25 0.25 0.25 0.25
17.29656403226293
45.0
18.153563823887282 213.26005727506066
2
29.929691067894424 213.26005727506066
0.25 0.25 0.25 0.25
48.083254891781706
45.0
472.4770198737042 350.43294125860825
3
482.5132178199216 350.43294125860825
0.25 0.25 0.25 0.25
45.009762306374256
45.0
194.22734410146114 445.6203602997241
2
237.4020341312148 445.6203602997241
0.25 0.25 0.25 0.25
43.17469002975368
45.0
203.88283237251414 234.08844147847722
1
203.88283237251414 234.42600680727028
0.25 0.25 0.25 0.25
0.3375653287930602
45.0
451.1972742298697 291.35937641919924
0
451.1972742298697 290.4347624748133
0.25 0.25 0.25 0.25
0.9246139443859658
45.0
146.7503390639584 188.99149071510953
3
104.03235930913513 188.99149071510953
0.25 0.25 0.25 0.25
42.71797975482327
45.0
312.49532032439674 106.06346321974037
3
279.62137608517844 106.06346321974037
0.25 0.25 0.25 0.25
32.87394423921829
45.0
388.01866457475853 129.42061047621712
2
403.71084124168175 129.42061047621712
0.25 0.25 0.25 0.25
15.692176666923203
45.0
89.90746680812101 295.96719251184476
2
92.93243244852064 295.96719251184476
0.25 0.25 0.25 0.25
3.024965640399635
45.0
187.38014538150816 49.77660586258665
0
187.38014538150816 14.212824914104885
0.25 0.25 0.25 0.25
35.563780948481764
45.0
373.163155705048 496.93768405218486
2
404.34947519565753 496.93768405218486
0.25 0.25 0.25 0.25
31.186319490609538
45.0
479.1619521576746 451.83585284385265
0
479.1619521576746 414.041420831412
0.25 0.25 0.25 0.25
37.79443201244069
45.0
414.8340971520806 382.57146041029193
0
414.8340971520806 372.7892472257152
0.25 0.25 0.25 0.25
9.782213184576754
45.0
414.26675552998836 448.44913376842896
2
440.1703682226905 448.44913376842896
0.25 0.25 0.25 0.25
25.903612692702154
45.0
389.85937528885023 127.7013338647785
3
372.3735555544127 127.7013338647785
0.25 0.25 0.25 0.25
17.485819734437523
45.0
78.77544010354438 349.3608208610844
3
36.074965015941125 349.3608208610844
0.25 0.25 0.25 0.25
42.70047508760326
45.0
199.49830840180317 279.74888907739927
3
167.69653517913108 279.74888907739927
0.25 0.25 0.25 0.25
31.801773222672093
45.0
