33771
58.142352074406105 370.99244373254135
2
83.64992851911413 370.99244373254135
0.25 0.25 0.25 0.25
25.507576444708025
45.0
37.23285210392882 57.05524174410897
2
71.84957174353718 57.05524174410897
0.25 0.25 0.25 0.25
34.61671963960836
45.0
410.298457833308 382.56067407514934
3
375.27920595350906 382.56067407514934
0.25 0.25 0.25 0.25
35.019251879798986
45.0
207.37538405094057 130.96923172103
2
251.24834530702705 130.96923172103
0.25 0.25 0.25 0.25
43.87296125608648
45.0
6.380029776344784 275.98127029294403
2
28.525484895488155 275.98127029294403
0.25 0.25 0.25 0.25
34.90551467183294
45.0
329.9153561921876 158.07280169767427
1
329.9153561921876 165.41998712126377
0.25 0.25 0.25 0.25
7.347185423589508
45.0
205.2150579250736 389.2952918771414
3
188.6678710908152 389.2952918771414
0.25 0.25 0.25 0.25
16.547186834258397
45.0
315.42629482120594 175.04078439535212
3
296.02007095428235 175.04078439535212
0.25 0.25 0.25 0.25
19.406223866923618
45.0
139.9394886814814 218.86098042807498
2
188.58171219854205 218.86098042807498
0.25 0.25 0.25 0.25
48.64222351706063
45.0
225.53575183860545 202.92674675721386
2
245.44362158841503 202.92674675721386
0.25 0.25 0.25 0.25
19.90786974980958
45.0
89.07467085809537 206.92027981302107
0
89.07467085809537 165.14262102592207
0.25 0.25 0.25 0.25
41.777658787099
45.0
375.29266894675925 489.28422727378694
3
356.2788620504475 489.28422727378694
0.25 0.25 0.25 0.25
19.013806896311724
45.0
292.9494171116547 325.60486649700607
0
292.9494171116547 297.03927408329344
0.25 0.25 0.25 0.25
28.565592413712622
45.0
338.8420895305417 286.8657479455678
0
338.8420895305417 241.28127425869974
0.25 0.25 0.25 0.25
45.58447368686808
45.0
461.4847553456217 290.12208961424017
1
461.4847553456217 304.25974560466
0.25 0.25 0.25 0.25
14.137655990419805
45.0
378.7059726145601 381.8638102291143
1
378.7059726145601 420.6211004402525
0.25 0.25 0.25 0.25
38.757290211138255
45.0
475.0957425032012 397.46033126974
3
486.91060364856105 397.46033126974
0.25 0.25 0.25 0.25
37.99365384823773
45.0
439.3978790598539 129.97209269183034
1
439.3978790598539 175.7231141410042
0.25 0.25 0.25 0.25
45.751021449173855
45.0
489.52441177144425 221.96766512299183
2
494.69438125986323 221.96766512299183
0.25 0.25 0.25 0.25
5.16996948841898
45.0
93.25944006160537 402.74588647743855
2
104.54530112593488 402.74588647743855
0.25 0.25 0.25 0.25
11.285861064329506
45.0
19.0069130124119 94.39209468635329
0
19.0069130124119 73.18895971060778
0.25 0.25 0.25 0.25
21.203134975745506
45.0
96.30594801850431 404.0415257990204
3
59.50438358317692 404.0415257990204
0.25 0.25 0.25 0.25
36.80156443532739
45.0
345.6842803323828 186.37700027961282
2
360.5066878499283 186.37700027961282
0.25 0.25 0.25 0.25
14.822407517545539
45.0
460.53754817018626 105.71402121402582
0
460.53754817018626 69.44542158462298
0.25 0.25 0.25 0.25
36.268599629402836
45.0
52.960415495497585 342.5605294460719
0
52.960415495497585 313.85695761594604
0.25 0.25 0.25 0.25
28.703571830125856
45.0
307.406946596682 286.5097236636315
1
307.406946596682 288.8113285040426
0.25 0.25 0.25 0.25
2.3016048404110867
45.0
16.184708417388947 490.63490632322413
0
16.184708417388947 474.85183788256893
0.25 0.25 0.25 0.25
34.513255794206955
45.0
292.6726408098493 446.12340792465807
2
301.2316721366297 446.12340792465807
0.25 0.25 0.25 0.25
8.559031326780374
45.0
396.4061574364772 46.290521769371
3
366.7482700652886 46.290521769371
0.25 0.25 0.25 0.25
29.65788737118865
45.0
494.7570703957732 262.7046192774377
3
477.7570035629651 262.7046192774377
0.25 0.25 0.25 0.25
27.485926041261678
45.0
128.22086044770862 270.30665566806937
2
145.51742447997154 270.30665566806937
0.25 0.25 0.25 0.25
17.29656403226293
45.0
114.3200736074507 309.4265670586241
1
114.3200736074507 357.5098219504058
0.25 0.25 0.25 0.25
48.083254891781706
45.0
382.45749526095574 260.4134166458598
2
427.46725756732997 260.4134166458598
0.25 0.25 0.25 0.25
45.009762306374256
45.0
280.69424622582926 229.74691015095578
2
323.8689362555829 229.74691015095578
0.25 0.25 0.25 0.25
43.17469002975368
45.0
204.55796303010027 234.76357213606335
3
204.2203977013072 234.76357213606335
0.25 0.25 0.25 0.25
0.3375653287930602
45.0
446.57420450793995 290.4347624748133
3
445.649590563554 290.4347624748133
0.25 0.25 0.25 0.25
0.9246139443859658
45.0
61.314379554311834 42.08487369807175
2
104.0323593091351 42.08487369807175
0.25 0.25 0.25 0.25
42.71797975482327
45.0
30.025794891237226 40.31557474130379
2
2.848149347981064 40.31557474130379
0.25 0.25 0.25 0.25
32.87394423921829
45.0
435.0951945755282 74.57768619378452
1
435.0951945755282 90.26986286070772
0.25 0.25 0.25 0.25
15.692176666923203
45.0
95.95739808892027 259.6676048270494
0
95.95739808892027 256.6426391866498
0.25 0.25 0.25 0.25
3.024965640399635
45.0
187.38014538150816 305.86120362223096
2
222.94392632998992 305.86120362223096
0.25 0.25 0.25 0.25
35.563780948481764
45.0
497.9084336674862 185.07448914608938
0
497.9084336674862 153.88816965547983
0.25 0.25 0.25 0.25
31.186319490609538
45.0
63.4232000208271 190.66949136763895
2
101.21763203326779 190.66949136763895
0.25 0.25 0.25 0.25
37.79443201244069
45.0
346.35860486004344 470.69534182105707
2
356.1408180446202 470.69534182105707
0.25 0.25 0.25 0.25
9.782213184576754
45.0
326.6971175429901 396.64190838302466
1
326.6971175429901 422.5455210757268
0.25 0.25 0.25 0.25
25.903612692702154
45.0
494.7742936954754 222.01506082397194
0
494.7742936954754 204.52924108953442
0.25 0.25 0.25 0.25
17.485819734437523
45.0
206.87686536635414 291.14630545296444
2
249.5773404539574 291.14630545296444
0.25 0.25 0.25 0.25
42.70047508760326
45.0
422.1107209605077 434.0351519185522
1
422.1107209605077 465.83692514122424
0.25 0.25 0.25 0.25
31.801773222672093
45.0
