33771
7.127199184990058 166.93183217487706
0
7.127199184990058 141.42425573016902
0.25 0.25 0.25 0.25
25.507576444708025
45.0
374.28291402272873 122.40381147468284
1
374.28291402272873 157.0205311142912
0.25 0.25 0.25 0.25
34.61671963960836
45.0
200.18294655451422 273.60027558429397
1
200.18294655451422 308.6195274640929
0.25 0.25 0.25 0.25
35.019251879798986
45.0
286.0431976731247 0.6496520472293952
2
329.9161589292112 0.6496520472293952
0.25 0.25 0.25 0.25
43.87296125608648
45.0
225.69864744333077 3.2628470817194994
3
190.79313277149782 3.2628470817194994
0.25 0.25 0.25 0.25
34.90551467183294
45.0
418.08158127526167 179.8977277874431
2
425.4287666988512 179.8977277874431
0.25 0.25 0.25 0.25
7.347185423589508
45.0
291.2005471026785 15.0059820895559
1
291.2005471026785 31.553168923814297
0.25 0.25 0.25 0.25
16.547186834258397
45.0
354.23874255505314 135.45879747542583
2
373.64496642197673 135.45879747542583
0.25 0.25 0.25 0.25
19.406223866923618
45.0
318.69052469196447 467.74093381389207
0
318.69052469196447 483.6168426690473
0.25 0.25 0.25 0.25
48.64222351706063
45.0
344.98297033746303 438.7315977462133
2
364.89084008727264 438.7315977462133
0.25 0.25 0.25 0.25
19.90786974980958
45.0
258.84911689686703 368.70329318066547
3
217.07145810976803 368.70329318066547
0.25 0.25 0.25 0.25
41.777658787099
45.0
52.057951709459815 149.4534416962901
1
52.057951709459815 168.46724859260183
0.25 0.25 0.25 0.25
19.013806896311724
45.0
178.48278193674628 474.4359866070055
0
178.48278193674628 445.87039419329284
0.25 0.25 0.25 0.25
28.565592413712622
45.0
433.23554203511793 244.13969536979738
0
433.23554203511793 198.5552216829293
0.25 0.25 0.25 0.25
45.58447368686808
45.0
150.45632355638566 2.995110864768815
1
150.45632355638566 11.14254512565099
0.25 0.25 0.25 0.25
14.137655990419805
45.0
184.9195215588689 346.83515829291804
3
146.16223134773065 346.83515829291804
0.25 0.25 0.25 0.25
38.757290211138255
45.0
285.1274732620126 488.55870718554684
0
285.1274732620126 450.5650533373091
0.25 0.25 0.25 0.25
37.99365384823773
45.0
177.93669412846026 397.9557495050488
0
177.93669412846026 352.20472805587497
0.25 0.25 0.25 0.25
45.751021449173855
45.0
215.51602888523803 134.07818381986908
1
215.51602888523803 139.24815330828807
0.25 0.25 0.25 0.25
5.16996948841898
45.0
160.97460644758243 484.39550287926664
3
149.68874538325292 484.39550287926664
0.25 0.25 0.25 0.25
11.285861064329506
45.0
19.006913012411893 161.45415575355076
2
40.2100479881574 161.45415575355076
0.25 0.25 0.25 0.25
21.203134975745506
45.0
382.1143896407518 367.239961363693
1
382.1143896407518 404.0415257990204
0.25 0.25 0.25 0.25
36.80156443532739
45.0
479.0859479902924 443.0628117817492
3
464.2635404727469 443.0628117817492
0.25 0.25 0.25 0.25
14.822407517545539
45.0
104.23925627697963 386.5255839743344
3
67.97065664757679 386.5255839743344
0.25 0.25 0.25 0.25
36.268599629402836
45.0
454.8104211172596 285.1533857858202
2
483.5139929473854 285.1533857858202
0.25 0.25 0.25 0.25
28.703571830125856
45.0
387.9631160110696 288.8113285040426
0
387.9631160110696 286.5097236636315
0.25 0.25 0.25 0.25
2.3016048404110867
45.0
154.23773159421683 76.47583679274081
3
119.72447580000987 76.47583679274081
0.25 0.25 0.25 0.25
34.513255794206955
45.0
169.51505083629073 172.2344054676862
3
160.95601950951036 172.2344054676862
0.25 0.25 0.25 0.25
8.559031326780374
45.0
167.51122908738185 63.972857094969896
2
197.1691164585705 63.972857094969896
0.25 0.25 0.25 0.25
29.65788737118865
45.0
312.84144731539504 59.796474474026354
3
285.35552127413337 59.796474474026354
0.25 0.25 0.25 0.25
27.485926041261678
45.0
128.22086044770862 374.086039861647
0
128.22086044770862 356.78947582938406
0.25 0.25 0.25 0.25
17.29656403226293
45.0
383.3228975033088 59.26193987229945
0
383.3228975033088 11.178684980517744
0.25 0.25 0.25 0.25
48.083254891781706
45.0
87.21058632232007 379.5084849031464
0
87.21058632232007 334.49872259677215
0.25 0.25 0.25 0.25
45.009762306374256
45.0
100.89583472628821 107.20496937736048
2
144.0705247560419 107.20496937736048
0.25 0.25 0.25 0.25
43.17469002975368
45.0
204.89552835889333 222.94878562830618
2
205.2330936876864 222.94878562830618
0.25 0.25 0.25 0.25
0.3375653287930602
45.0
461.3680276181152 312.62549714007616
3
460.44341367372925 312.62549714007616
0.25 0.25 0.25 0.25
0.9246139443859658
45.0
297.9159241233392 488.01734899887236
2
340.63390387816247 488.01734899887236
0.25 0.25 0.25 0.25
42.71797975482327
45.0
62.899739130455515 388.1472885492541
0
62.899739130455515 355.2733443100358
0.25 0.25 0.25 0.25
32.87394423921829
45.0
298.1378020867771 435.49774953301846
0
298.1378020867771 419.80557286609525
0.25 0.25 0.25 0.25
15.692176666923203
45.0
241.15574882810293 168.91863561506014
2
244.18071446850257 168.91863561506014
0.25 0.25 0.25 0.25
3.024965640399635
45.0
92.915968763835 159.39194638579295
2
128.47974971231676 159.39194638579295
0.25 0.25 0.25 0.25
35.563780948481764
45.0
184.00746246089614 432.5272687704712
3
152.8211429702866 432.5272687704712
0.25 0.25 0.25 0.25
31.186319490609538
45.0
479.1619521576746 149.48039674432724
1
479.1619521576746 187.27482875676793
0.25 0.25 0.25 0.25
37.79443201244069
45.0
444.1807367058108 79.40681443798721
2
453.9629498903875 79.40681443798721
0.25 0.25 0.25 0.25
9.782213184576754
45.0
129.70911101675688 318.9310703049182
0
129.70911101675688 293.02745761221604
0.25 0.25 0.25 0.25
25.903612692702154
45.0
249.97281741334987 232.6162522714036
3
232.48699767891236 232.6162522714036
0.25 0.25 0.25 0.25
17.485819734437523
45.0
395.56783870189224 187.85628229263273
2
438.2683137894955 187.85628229263273
0.25 0.25 0.25 0.25
42.70047508760326
45.0
89.94795863662144 292.68302893069847
3
58.14618541394934 292.68302893069847
0.25 0.25 0.25 0.25
31.801773222672093
45.0
