26180
339.2527216017362 373.3967968757147
0
339.2527216017362 225.37152751082033
0.25 0.25 0.25 0.25
148.02526936489437
45.0
232.1979593846135 261.32898114811525
0
232.1979593846135 103.71395075941018
0.25 0.25 0.25 0.25
157.61503038870507
45.0
297.2813904667097 254.6833600653519
0
297.2813904667097 165.8515808454956
0.25 0.25 0.25 0.25
88.83177921985632
45.0
341.602120407792 331.25740415982636
3
199.72282147545263 331.25740415982636
0.25 0.25 0.25 0.25
141.8792989323393
45.0
412.11460467864106 166.39924701674033
1
412.11460467864106 331.34640327864054
0.25 0.25 0.25 0.25
164.9471562619002
45.0
290.41284577831755 79.80298771208983
1
290.41284577831755 171.30786508773775
0.25 0.25 0.25 0.25
91.50487737564792
45.0
183.80372548843042 194.2076400110767
3
94.59235569700435 194.2076400110767
0.25 0.25 0.25 0.25
89.21136979142607
45.0
414.3709146229595 388.5432342863709
0
414.3709146229595 277.00261175415835
0.25 0.25 0.25 0.25
111.5406225322125
45.0
82.80826069273164 204.69458959429952
0
82.80826069273164 91.40376043208516
0.25 0.25 0.25 0.25
113.29082916221435
45.0
382.3264890879077 234.25862326824011
0
382.3264890879077 141.74891710289612
0.25 0.25 0.25 0.25
92.509706165344
45.0
320.32440687720083 67.86275597773641
3
301.0786353325333 67.86275597773641
0.25 0.25 0.25 0.25
19.245771544667527
45.0
60.45201646570398 160.78400431247425
0
60.45201646570398 129.69484471929826
0.25 0.25 0.25 0.25
31.089159593175996
45.0
258.9774537290739 62.03904572855319
3
215.94685758788725 62.03904572855319
0.25 0.25 0.25 0.25
43.030596141186635
45.0
114.71200660826281 84.28340028198588
1
114.71200660826281 101.15791770475647
0.25 0.25 0.25 0.25
16.8745174227706
45.0
7.905764065267432 25.626879008524433
1
7.905764065267432 35.18272077658746
0.25 0.25 0.25 0.25
9.555841768063027
45.0
334.686112524885 125.72943290373638
0
334.686112524885 80.03965817278029
0.25 0.25 0.25 0.25
45.68977473095608
45.0
185.86724411509476 182.15278513236757
2
232.20458670992272 182.15278513236757
0.25 0.25 0.25 0.25
46.33734259482795
45.0
408.2495869419093 487.42075442541403
2
416.54057712447644 487.42075442541403
0.25 0.25 0.25 0.25
8.290990182567171
45.0
449.9383402790289 26.55319398917039
1
449.9383402790289 14.963766904002867
0.25 0.25 0.25 0.25
41.516960893173255
45.0
90.39250295506945 422.6223589136682
0
90.39250295506945 408.8884983237408
0.25 0.25 0.25 0.25
13.733860589927405
45.0
451.7937229573597 208.65235728421894
0
451.7937229573597 180.7095414533978
0.25 0.25 0.25 0.25
27.94281583082112
45.0
103.50746701713348 430.0740862956155
3
92.2315454888124 430.0740862956155
0.25 0.25 0.25 0.25
11.27592152832107
45.0
339.0064223675505 367.0180022517433
3
315.0056467100224 367.0180022517433
0.25 0.25 0.25 0.25
24.000775657528095
45.0
62.65057720177987 383.78554832281355
1
62.65057720177987 402.0025122860228
0.25 0.25 0.25 0.25
18.216963963209267
45.0
240.29216698145524 141.6563264117775
0
240.29216698145524 118.96634739612522
0.25 0.25 0.25 0.25
22.689979015652295
45.0
18.24491887653209 477.3878890955155
2
31.56265549173236 477.3878890955155
0.25 0.25 0.25 0.25
13.317736615200271
45.0
69.91588479106528 104.57673179931965
3
23.74751692768001 104.57673179931965
0.25 0.25 0.25 0.25
46.16836786338527
45.0
354.2331246597501 482.99860034048265
0
354.2331246597501 474.78534996465805
0.25 0.25 0.25 0.25
42.21604969485935
45.0
135.90685346323502 42.27472216691397
0
135.90685346323502 7.2200925863631795
0.25 0.25 0.25 0.25
35.05462958055079
45.0
375.2818291350442 136.64086213603727
1
375.2818291350442 173.85977581012446
0.25 0.25 0.25 0.25
37.21891367408719
45.0
245.2347868556827 485.2194574595434
0
245.2347868556827 478.53799982456115
0.25 0.25 0.25 0.25
36.24254271589543
45.0
283.1436139465239 274.07429879411194
0
283.1436139465239 267.3671497519218
0.25 0.25 0.25 0.25
6.707149042190147
45.0
489.70333598843035 193.22264873002734
3
471.8735769654841 193.22264873002734
0.25 0.25 0.25 0.25
17.829759022946234
45.0
185.12928351665744 148.7169605727488
1
185.12928351665744 184.94110539580686
0.25 0.25 0.25 0.25
36.224144823058054
45.0
227.78456106867753 167.37388960385726
0
227.78456106867753 142.62821192292182
0.25 0.25 0.25 0.25
24.74567768093543
45.0
304.8043975999941 341.21172734552783
1
304.8043975999941 380.24527856112934
0.25 0.25 0.25 0.25
39.03355121560149
45.0
118.7045148006797 29.19151577140645
1
118.7045148006797 66.43332207580409
0.25 0.25 0.25 0.25
37.241806304397635
45.0
394.3258016708426 384.0411022952299
3
382.00338019559047 384.0411022952299
0.25 0.25 0.25 0.25
12.32242147525217
45.0
128.4729607531254 410.4277721006567
0
128.4729607531254 364.1098881037751
0.25 0.25 0.25 0.25
46.31788399688158
45.0
284.84672477640186 230.61323657879694
0
284.84672477640186 207.28523924589288
0.25 0.25 0.25 0.25
23.32799733290406
45.0
381.7388058494246 323.9740074654295
3
340.5497080303952 323.9740074654295
0.25 0.25 0.25 0.25
41.18909781902935
45.0
32.07184916582517 427.64351369905523
2
36.95184530289208 427.64351369905523
0.25 0.25 0.25 0.25
4.879996137066911
45.0
320.45218349215713 266.30687514564283
1
320.45218349215713 292.7737713653896
0.25 0.25 0.25 0.25
26.466896219746783
45.0
173.6987007930245 83.61132317999463
3
159.23743578386586 83.61132317999463
0.25 0.25 0.25 0.25
14.46126500915863
45.0
321.98459911712166 461.76495709886944
1
321.98459911712166 490.44141176440473
0.25 0.25 0.25 0.25
28.676454665535317
45.0
145.25497751075056 163.75338302889736
1
145.25497751075056 189.31159431124513
0.25 0.25 0.25 0.25
25.558211282347777
45.0
360.12353183010805 57.78506812802603
2
407.7468182294839 57.78506812802603
0.25 0.25 0.25 0.25
47.62328639937585
45.0
39.82538055793098 129.51431575393588
0
39.82538055793098 95.87015130826296
0.25 0.25 0.25 0.25
33.64416444567291
45.0
