47857
496.39493878349805 132.20888088944753
3
374.8948046267235 132.20888088944753
0.25 0.25 0.25 0.25
121.50013415677456
45.0
314.47943976005115 160.522997928805
1
314.47943976005115 332.40099541696213
0.25 0.25 0.25 0.25
171.87799748815712
45.0
54.26781362974485 494.0366229919396
0
54.26781362974485 406.21168458913934
0.25 0.25 0.25 0.25
87.8249384028003
45.0
246.0865372705903 135.1697040355383
0
246.0865372705903 21.99220042840929
0.25 0.25 0.25 0.25
113.17750360712901
45.0
245.12160228859952 311.96079463496073
2
408.5387008780086 311.96079463496073
0.25 0.25 0.25 0.25
163.4170985894091
45.0
498.5438477588328 183.6487806853948
0
498.5438477588328 79.70088784425567
0.25 0.25 0.25 0.25
103.94789284113911
45.0
114.98234409071608 218.51082302334794
0
114.98234409071608 77.96355496584454
0.25 0.25 0.25 0.25
140.5472680575034
45.0
422.4399264440358 122.94409579182332
1
422.4399264440358 273.5822857926843
0.25 0.25 0.25 0.25
150.63819000086096
45.0
362.3736477437993 146.13589796957478
3
246.85722014345913 146.13589796957478
0.25 0.25 0.25 0.25
115.5164276003402
45.0
393.8402220227597 187.28269417014735
0
393.8402220227597 49.18056917678541
0.25 0.25 0.25 0.25
138.10212499336194
45.0
209.09049093319254 325.9942972052222
3
58.27290117132861 325.9942972052222
0.25 0.25 0.25 0.25
150.81758976186393
45.0
435.975514804349 341.23163009032044
3
313.02199562973055 341.23163009032044
0.25 0.25 0.25 0.25
122.95351917461844
45.0
34.50185155419871 251.49445680943688
2
191.3141507769204 251.49445680943688
0.25 0.25 0.25 0.25
156.8122992227217
45.0
440.97305057958056 362.97498954332
3
398.5427047201839 362.97498954332
0.25 0.25 0.25 0.25
160.4842447002355
45.0
93.74541782750248 375.6540961603812
3
1.3072064694347603 375.6540961603812
0.25 0.25 0.25 0.25
92.43821135806772
45.0
118.9319047689402 294.71849473543807
1
118.9319047689402 465.4472354362158
0.25 0.25 0.25 0.25
170.7287407007777
45.0
297.724793902996 202.60288543744878
1
297.724793902996 373.85038910023513
0.25 0.25 0.25 0.25
171.24750366278636
45.0
387.7417902431364 449.10913195711316
0
387.7417902431364 394.10269085461636
0.25 0.25 0.25 0.25
156.78817718827048
45.0
291.00508906988415 296.00611720969783
0
291.00508906988415 190.72634716445646
0.25 0.25 0.25 0.25
105.27977004524136
45.0
403.46792402239174 14.099877634696668
3
232.5712277583816 14.099877634696668
0.25 0.25 0.25 0.25
170.89669626401013
45.0
67.74122309614228 194.00730014552246
1
67.74122309614228 290.8370259364634
0.25 0.25 0.25 0.25
96.82972579094096
45.0
166.26937231434167 221.136613657688
1
166.26937231434167 359.2333188778108
0.25 0.25 0.25 0.25
138.0967052201228
45.0
120.48996774968697 216.89785780671298
0
120.48996774968697 102.09120035016241
0.25 0.25 0.25 0.25
114.80665745655057
45.0
428.48983717891747 26.518421931571822
3
421.4885727485116 26.518421931571822
0.25 0.25 0.25 0.25
150.02159007257097
45.0
285.28110361731626 186.7418619026571
1
285.28110361731626 295.03007039697513
0.25 0.25 0.25 0.25
108.28820849431803
45.0
288.54868734495113 264.4779510587489
2
457.6902314860645 264.4779510587489
0.25 0.25 0.25 0.25
169.14154414111334
45.0
411.77627924065615 367.8281109707169
3
305.6868150616836 367.8281109707169
0.25 0.25 0.25 0.25
106.08946417897253
45.0
385.4335444363867 229.02095069401275
1
385.4335444363867 376.8570666259477
0.25 0.25 0.25 0.25
147.83611593193496
45.0
52.1935697595672 349.61433195886343
2
119.64925635538961 349.61433195886343
0.25 0.25 0.25 0.25
171.8428261149568
45.0
242.10479684770726 135.0437034175077
3
219.27694395595165 135.0437034175077
0.25 0.25 0.25 0.25
22.827852891755622
45.0
439.15467078847547 127.87683079712689
1
439.15467078847547 130.997830842436
0.25 0.25 0.25 0.25
3.121000045309119
45.0
176.5369234453599 427.2340662302696
1
176.5369234453599 469.2921429869301
0.25 0.25 0.25 0.25
42.0580767566605
45.0
255.22054220773043 300.28049744743623
3
235.47506722280525 300.28049744743623
0.25 0.25 0.25 0.25
19.745474984925167
45.0
52.67654373846905 450.9557145759847
2
86.25974127649496 450.9557145759847
0.25 0.25 0.25 0.25
33.583197538025914
45.0
12.087693650194286 16.9828453015648
3
11.698043943269585 16.9828453015648
0.25 0.25 0.25 0.25
0.3896497069246996
45.0
105.29109604360679 437.2625465842514
1
105.29109604360679 481.5782886430451
0.25 0.25 0.25 0.25
44.31574205879365
45.0
432.16173742559437 35.769450948493144
0
432.16173742559437 13.823738536210637
0.25 0.25 0.25 0.25
21.945712412282507
45.0
457.1079415950879 145.561781908415
1
457.1079415950879 172.326763023792
0.25 0.25 0.25 0.25
26.764981115376997
45.0
292.1074829197891 24.08064030185506
3
267.5800786323748 24.08064030185506
0.25 0.25 0.25 0.25
24.527404287414296
45.0
341.647836560544 55.59694373102105
1
341.647836560544 79.13100179956416
0.25 0.25 0.25 0.25
23.53405806854311
45.0
84.36841255044567 148.62469082761865
2
128.4262483024872 148.62469082761865
0.25 0.25 0.25 0.25
44.05783575204155
45.0
399.4691268986883 294.53302920821875
1
399.4691268986883 324.4400104959614
0.25 0.25 0.25 0.25
29.906981287742653
45.0
72.27067756115221 146.81845950746697
2
113.46294477100913 146.81845950746697
0.25 0.25 0.25 0.25
41.19226720985692
45.0
380.97159984845985 59.69159385970284
1
380.97159984845985 92.16206111080669
0.25 0.25 0.25 0.25
32.47046725110385
45.0
328.2001507251685 322.21335132030623
1
328.2001507251685 354.75666730388343
0.25 0.25 0.25 0.25
32.54331598357722
45.0
470.2496578708666 478.61037978291506
0
470.2496578708666 482.18258027519033
0.25 0.25 0.25 0.25
39.207039941894614
45.0
56.68578437331492 487.93076814819574
2
73.32673613539217 487.93076814819574
0.25 0.25 0.25 0.25
16.640951762077254
45.0
245.43890635308028 18.818754893991006
0
245.43890635308028 8.026425623408683
0.25 0.25 0.25 0.25
10.792329270582323
45.0
