89773
135.7100545921657 287.29474433878306
0
135.7100545921657 173.7679641436289
0.25 0.25 0.25 0.25
113.52678019515415
45.0
303.6717714572636 258.71654290275296
1
303.6717714572636 400.0254578641683
0.25 0.25 0.25 0.25
141.30891496141533
45.0
430.21668716448096 200.50107440867248
3
318.46183916656787 200.50107440867248
0.25 0.25 0.25 0.25
111.7548479979131
45.0
205.4620563409287 366.4704325505684
3
111.93971028431088 366.4704325505684
0.25 0.25 0.25 0.25
93.52234605661783
45.0
163.70114176173664 472.2618885560414
2
298.9701769667656 472.2618885560414
0.25 0.25 0.25 0.25
135.26903520502898
45.0
237.74289017587793 285.91581482020297
2
354.15246650908387 285.91581482020297
0.25 0.25 0.25 0.25
116.40957633320593
45.0
215.02928867545 433.40877965889274
0
215.02928867545 453.6848056048766
0.25 0.25 0.25 0.25
112.90641473623064
45.0
64.65129010884499 204.66246611219592
2
106.5545471905418 204.66246611219592
0.25 0.25 0.25 0.25
171.2058372993868
45.0
9.736728730777827 409.1163599134346
2
111.0337464447901 409.1163599134346
0.25 0.25 0.25 0.25
101.29701771401227
45.0
135.96780828034878 128.44226028655305
1
135.96780828034878 227.6395403455533
0.25 0.25 0.25 0.25
99.19728005900026
45.0
299.73990045846176 398.91039225269935
0
299.73990045846176 242.66920799275624
0.25 0.25 0.25 0.25
156.2411842599431
45.0
227.8807245948093 300.3156604371602
3
129.13173061298704 300.3156604371602
0.25 0.25 0.25 0.25
98.74899398182225
45.0
129.60248749846164 8.639521734288053
1
129.60248749846164 155.00585726462282
0.25 0.25 0.25 0.25
146.36633553033477
45.0
230.0774087393277 221.79155345661061
0
230.0774087393277 117.54991745682986
0.25 0.25 0.25 0.25
104.24163599978075
45.0
184.50393456747582 87.34531757424531
1
184.50393456747582 258.75221001584083
0.25 0.25 0.25 0.25
171.40689244159552
45.0
429.81528338429655 256.63459072368846
3
416.9279933179448 256.63459072368846
0.25 0.25 0.25 0.25
153.2567232977586
45.0
49.195034951437464 67.68561334654704
1
49.195034951437464 163.27058573359295
0.25 0.25 0.25 0.25
95.58497238704591
45.0
61.17851323408922 217.82587656321675
2
162.2907645780557 217.82587656321675
0.25 0.25 0.25 0.25
101.11225134396648
45.0
11.856869215007862 332.8371968895178
0
11.856869215007862 167.52675265672454
0.25 0.25 0.25 0.25
165.3104442327933
45.0
219.73236864592013 95.9677109100383
3
48.937762190464866 95.9677109100383
0.25 0.25 0.25 0.25
170.79460645545527
45.0
298.47051341075286 402.17919467223663
3
250.3868843570641 402.17919467223663
0.25 0.25 0.25 0.25
48.08362905368876
45.0
63.12035945822607 350.2190332357769
0
63.12035945822607 318.1633884952291
0.25 0.25 0.25 0.25
32.055644740547784
45.0
425.40634619069954 353.3447841296096
3
384.4789213509101 353.3447841296096
0.25 0.25 0.25 0.25
40.92742483978938
45.0
177.0385420697964 205.98150525261332
2
181.72223161203203 205.98150525261332
0.25 0.25 0.25 0.25
4.6836895422356415
45.0
73.31447404961739 400.0147944263403
1
73.31447404961739 403.70060697847043
0.25 0.25 0.25 0.25
3.685812552130158
45.0
485.5932941047961 230.9244853563661
1
485.5932941047961 280.31682996333564
0.25 0.25 0.25 0.25
49.39234460696954
45.0
252.69812203224944 220.4564429559154
3
230.9617080645461 220.4564429559154
0.25 0.25 0.25 0.25
21.736413967703346
45.0
440.2174579704423 434.9884296363126
2
481.31390716027215 434.9884296363126
0.25 0.25 0.25 0.25
41.09644918982987
45.0
265.00144106911296 110.80798464102725
0
265.00144106911296 76.11904923462254
0.25 0.25 0.25 0.25
34.68893540640472
45.0
70.68787640501068 46.56593407947793
1
70.68787640501068 68.93336004773323
0.25 0.25 0.25 0.25
22.367425968255304
45.0
409.7428392789078 6.611239355249737
2
421.45841604953944 6.611239355249737
0.25 0.25 0.25 0.25
11.715576770631642
45.0
469.83006421497817 63.39854709720993
1
469.83006421497817 80.08186307541295
0.25 0.25 0.25 0.25
16.683315978203026
45.0
305.8314848350799 444.75967974936054
2
348.7748897108494 444.75967974936054
0.25 0.25 0.25 0.25
42.94340487576948
45.0
215.5470597056725 424.1608130268896
3
203.54736609977653 424.1608130268896
0.25 0.25 0.25 0.25
11.999693605895978
45.0
345.2212044220751 101.3078820942379
1
345.2212044220751 111.94809529708743
0.25 0.25 0.25 0.25
10.64021320284953
45.0
324.19239101209064 142.16991277067123
0
324.19239101209064 129.4281461498183
0.25 0.25 0.25 0.25
12.741766620852918
45.0
185.73487824367288 230.6718978088665
2
193.480077697123 230.6718978088665
0.25 0.25 0.25 0.25
7.745199453450113
45.0
463.5369538309865 238.30844318151645
3
416.67350253407807 238.30844318151645
0.25 0.25 0.25 0.25
46.86345129690842
45.0
255.42424076740247 494.70018043994173
3
251.02938878301825 494.70018043994173
0.25 0.25 0.25 0.25
4.394851984384224
45.0
132.45839062391542 130.51546715704563
2
149.65948897269968 130.51546715704563
0.25 0.25 0.25 0.25
17.20109834878425
45.0
188.36224626721466 66.29474449418254
3
178.14580790564497 66.29474449418254
0.25 0.25 0.25 0.25
10.21643836156969
45.0
28.25139999522183 16.81427044290357
2
48.88240789331376 16.81427044290357
0.25 0.25 0.25 0.25
20.63100789809193
45.0
122.77055485987317 411.75478762139323
3
88.69446268394276 411.75478762139323
0.25 0.25 0.25 0.25
34.07609217593041
45.0
255.44444640476326 100.1170312844582
0
255.44444640476326 99.28594170387122
0.25 0.25 0.25 0.25
0.8310895805869967
45.0
421.5141225491274 24.611427945840035
2
455.6554418613438 24.611427945840035
0.25 0.25 0.25 0.25
34.14131931221635
45.0
102.05327808107869 455.5337015267105
1
102.05327808107869 497.4751139919067
0.25 0.25 0.25 0.25
41.94141246519622
45.0
323.7493921210528 417.5830196275885
3
316.9803601505417 417.5830196275885
0.25 0.25 0.25 0.25
6.769031970511074
45.0
443.57936877506353 118.52158492080048
0
443.57936877506353 101.94118237601685
0.25 0.25 0.25 0.25
16.580402544783617
45.0
