89773
139.64722072413446 38.500162192087316
1
139.64722072413446 75.02661800306683
0.25 0.25 0.25 0.25
113.52678019515415
45.0
109.41737815688964 95.7324374011522
2
250.72629311830497 95.7324374011522
0.25 0.25 0.25 0.25
141.30891496141533
45.0
28.389968789607323 381.4476935057645
1
28.389968789607323 493.2025415036776
0.25 0.25 0.25 0.25
111.7548479979131
45.0
334.2111395642114 14.903877864132255
2
427.73348562082924 14.903877864132255
0.25 0.25 0.25 0.25
93.52234605661783
45.0
197.6909724232445 158.51566975333222
3
62.421937218215504 158.51566975333222
0.25 0.25 0.25 0.25
135.26903520502898
45.0
142.3705161781713 280.30403249234826
1
142.3705161781713 396.71360882555416
0.25 0.25 0.25 0.25
116.40957633320593
45.0
166.7538044435226 147.0833130020361
1
166.7538044435226 259.98972773826677
0.25 0.25 0.25 0.25
112.90641473623064
45.0
394.496174196674 410.89902172936615
0
394.496174196674 239.69318442997937
0.25 0.25 0.25 0.25
171.2058372993868
45.0
192.85730669724683 359.70005075991344
3
91.56028898323456 359.70005075991344
0.25 0.25 0.25 0.25
101.29701771401227
45.0
118.61714770763331 53.32657845754488
3
19.419867648633044 53.32657845754488
0.25 0.25 0.25 0.25
99.19728005900026
45.0
455.6989810365844 226.33644846889354
3
299.4577967766413 226.33644846889354
0.25 0.25 0.25 0.25
156.2411842599431
45.0
264.0794176677438 237.76535952827243
0
264.0794176677438 139.01636554645017
0.25 0.25 0.25 0.25
98.74899398182225
45.0
7.800500680470407 112.14270833997773
2
154.16683621080517 112.14270833997773
0.25 0.25 0.25 0.25
146.36633553033477
45.0
209.89657925343735 276.40918254865096
1
209.89657925343735 380.65081854843174
0.25 0.25 0.25 0.25
104.24163599978075
45.0
101.4271410165689 287.1935646654142
0
101.4271410165689 115.7866722238187
0.25 0.25 0.25 0.25
171.40689244159552
45.0
52.94267789639301 475.1649483264838
2
100.3140454013656 475.1649483264838
0.25 0.25 0.25 0.25
153.2567232977586
45.0
482.9696207571261 255.9351598161673
3
421.445406855828 255.9351598161673
0.25 0.25 0.25 0.25
95.58497238704591
45.0
264.40326767713975 4.478860435619026
3
163.29101633317327 4.478860435619026
0.25 0.25 0.25 0.25
101.11225134396648
45.0
458.96419429394643 292.15052387331673
3
293.6537500611531 292.15052387331673
0.25 0.25 0.25 0.25
165.3104442327933
45.0
440.0622525668382 288.95109142455914
3
389.1431409777065 288.95109142455914
0.25 0.25 0.25 0.25
170.79460645545527
45.0
163.97583637715044 411.23798321606984
3
115.89220732346169 411.23798321606984
0.25 0.25 0.25 0.25
48.08362905368876
45.0
385.658666909443 387.0607957968223
3
353.6030221688952 387.0607957968223
0.25 0.25 0.25 0.25
32.055644740547784
45.0
124.39198057161707 435.1996338091884
1
124.39198057161707 476.1270586489778
0.25 0.25 0.25 0.25
40.92742483978938
45.0
195.77330023873893 369.91063923086074
0
195.77330023873893 365.2269496886251
0.25 0.25 0.25 0.25
4.6836895422356415
45.0
228.11860123908406 234.15322958048426
1
228.11860123908406 237.83904213261442
0.25 0.25 0.25 0.25
3.685812552130158
45.0
189.23922646297893 70.59434367484812
3
139.8468818560094 70.59434367484812
0.25 0.25 0.25 0.25
49.39234460696954
45.0
404.7280623205272 431.6359760751851
3
382.99164835282386 431.6359760751851
0.25 0.25 0.25 0.25
21.736413967703346
45.0
436.49319446006814 489.8108891278056
2
477.589643649898 489.8108891278056
0.25 0.25 0.25 0.25
41.09644918982987
45.0
340.358438667659 306.98334350798217
0
340.358438667659 272.29440810157746
0.25 0.25 0.25 0.25
34.68893540640472
45.0
367.9985825638183 378.41515931737285
1
367.9985825638183 400.78258528562816
0.25 0.25 0.25 0.25
22.367425968255304
45.0
245.724764490065 466.18780596632683
1
245.724764490065 477.90338273695846
0.25 0.25 0.25 0.25
11.715576770631642
45.0
330.96910273876756 181.18071763681343
1
330.96910273876756 197.86403361501647
0.25 0.25 0.25 0.25
16.683315978203026
45.0
50.01744202837771 408.07007646216533
3
7.074037152608227 408.07007646216533
0.25 0.25 0.25 0.25
42.94340487576948
45.0
175.52254817735022 84.14396135116809
0
175.52254817735022 72.14426774527212
0.25 0.25 0.25 0.25
11.999693605895978
45.0
175.96920144969675 79.84741462068368
1
175.96920144969675 90.48762782353322
0.25 0.25 0.25 0.25
10.64021320284953
45.0
18.38999211162062 99.9236530255342
3
5.648225490767704 99.9236530255342
0.25 0.25 0.25 0.25
12.741766620852918
45.0
481.22154525797134 463.0278814123706
2
488.9667447114215 463.0278814123706
0.25 0.25 0.25 0.25
7.745199453450113
45.0
113.95286749897637 199.3301412555826
1
113.95286749897637 246.193592552491
0.25 0.25 0.25 0.25
46.86345129690842
45.0
335.8545246848653 468.3310685336364
3
331.45967270048106 468.3310685336364
0.25 0.25 0.25 0.25
4.394851984384224
45.0
270.0671774141895 132.17359961574607
1
270.0671774141895 149.37469796453033
0.25 0.25 0.25 0.25
17.20109834878425
45.0
462.99512259576613 66.29474449418254
2
473.21156095733585 66.29474449418254
0.25 0.25 0.25 0.25
10.21643836156969
45.0
435.3423946543881 241.67721134070382
0
435.3423946543881 221.0462034426119
0.25 0.25 0.25 0.25
20.63100789809193
45.0
418.96594606335304 105.06995803801964
2
453.04203823928344 105.06995803801964
0.25 0.25 0.25 0.25
34.07609217593041
45.0
225.52522150363157 76.01543344743548
0
225.52522150363157 75.1843438668485
0.25 0.25 0.25 0.25
0.8310895805869967
45.0
76.26782771335309 439.029203004424
1
76.26782771335309 473.17052231664036
0.25 0.25 0.25 0.25
34.14131931221635
45.0
414.43146983069414 180.1813846159419
2
456.37288229589035 180.1813846159419
0.25 0.25 0.25 0.25
41.94141246519622
45.0
412.25836102901457 79.13142110203444
1
412.25836102901457 85.90045307254552
0.25 0.25 0.25 0.25
6.769031970511074
45.0
186.47592792671412 405.5642754951047
2
203.05633047149774 405.5642754951047
0.25 0.25 0.25 0.25
16.580402544783617
45.0
