89773
319.2815714696993 38.500162192087316
2
432.8083516648535 38.500162192087316
0.25 0.25 0.25 0.25
113.52678019515415
45.0
413.71039861990573 165.21020198149301
0
413.71039861990573 23.90128702007769
0.25 0.25 0.25 0.25
141.30891496141533
45.0
251.89966478543352 88.74622641075938
1
251.89966478543352 200.50107440867248
0.25 0.25 0.25 0.25
111.7548479979131
45.0
46.35917520612861 352.9625292795781
2
139.88152126274645 352.9625292795781
0.25 0.25 0.25 0.25
93.52234605661783
45.0
28.43210655670765 283.8760997862154
1
28.43210655670765 419.1451349912444
0.25 0.25 0.25 0.25
135.26903520502898
45.0
31.572722172820107 460.22783017788595
2
84.83685416038583 460.22783017788595
0.25 0.25 0.25 0.25
116.40957633320593
45.0
26.941273423087083 340.77839086864594
2
139.84768815931773 340.77839086864594
0.25 0.25 0.25 0.25
112.90641473623064
45.0
298.1228695223359 145.54490300804045
1
298.1228695223359 25.660934291346337
0.25 0.25 0.25 0.25
171.2058372993868
45.0
91.56028898323444 185.6955692305163
0
91.56028898323444 84.39855151650403
0.25 0.25 0.25 0.25
101.29701771401227
45.0
351.9913926046552 260.31966053945064
0
351.9913926046552 161.12238048045037
0.25 0.25 0.25 0.25
99.19728005900026
45.0
455.9810847184049 163.7835540285522
3
299.73990045846176 163.7835540285522
0.25 0.25 0.25 0.25
156.2411842599431
45.0
265.8642453143019 115.32773265529329
0
265.8642453143019 16.578738673471037
0.25 0.25 0.25 0.25
98.74899398182225
45.0
422.3351585591313 381.3307874320294
0
422.3351585591313 234.96445190169464
0.25 0.25 0.25 0.25
146.36633553033477
45.0
248.71441126176845 55.724641454856794
1
248.71441126176845 159.96627745463755
0.25 0.25 0.25 0.25
104.24163599978075
45.0
444.24092589976 483.75806904968766
3
272.83403345816447 483.75806904968766
0.25 0.25 0.25 0.25
171.40689244159552
45.0
437.47788051343446 402.2287168923092
3
284.2211572156758 402.2287168923092
0.25 0.25 0.25 0.25
153.2567232977586
45.0
188.9302834680242 258.8555581206389
1
188.9302834680242 354.4405305076848
0.25 0.25 0.25 0.25
95.58497238704591
45.0
39.933738109877254 366.60260462125257
0
39.933738109877254 265.4903532772861
0.25 0.25 0.25 0.25
101.11225134396648
45.0
326.203088474114 485.5776896712084
2
491.5135327069073 485.5776896712084
0.25 0.25 0.25 0.25
165.3104442327933
45.0
440.0622525668389 170.2706271082332
3
389.1431409777058 170.2706271082332
0.25 0.25 0.25 0.25
170.79460645545527
45.0
210.93698592489574 20.81725668349832
2
259.0206149785845 20.81725668349832
0.25 0.25 0.25 0.25
48.08362905368876
45.0
415.73245160425176 355.0051510562744
1
415.73245160425176 387.0607957968222
0.25 0.25 0.25 0.25
32.055644740547784
45.0
343.5514965111207 196.45354263270696
0
343.5514965111207 155.52611779291757
0.25 0.25 0.25 0.25
40.92742483978938
45.0
266.02864337227356 168.5119889147282
3
261.3449538300379 168.5119889147282
0.25 0.25 0.25 0.25
4.6836895422356415
45.0
77.00028660174755 363.156668905039
0
77.00028660174755 359.47085635290887
0.25 0.25 0.25 0.25
3.685812552130158
45.0
28.909084781460976 176.36737935999957
0
28.909084781460976 126.97503475303003
0.25 0.25 0.25 0.25
49.39234460696954
45.0
144.01605219373266 90.0379591496953
2
165.75246616143602 90.0379591496953
0.25 0.25 0.25 0.25
21.736413967703346
45.0
272.1073977007487 236.23997684504855
0
272.1073977007487 195.1435276552187
0.25 0.25 0.25 0.25
41.09644918982987
45.0
81.88791299493417 145.49692004743196
3
47.19897758852945 145.49692004743196
0.25 0.25 0.25 0.25
34.68893540640472
45.0
331.9257910235848 113.66821198424384
3
309.5583650553295 113.66821198424384
0.25 0.25 0.25 0.25
22.367425968255304
45.0
269.15591803132827 262.8470263692779
0
269.15591803132827 251.13144959864627
0.25 0.25 0.25 0.25
11.715576770631642
45.0
386.41348432396296 397.0648666612707
1
386.41348432396296 413.7481826394737
0.25 0.25 0.25 0.25
16.683315978203026
45.0
166.54596879838442 358.87286999782157
2
209.4893736741539 358.87286999782157
0.25 0.25 0.25 0.25
42.94340487576948
45.0
491.5400126412798 407.8434764905668
0
491.5400126412798 395.8437828846708
0.25 0.25 0.25 0.25
11.999693605895978
45.0
473.89517112948323 271.55129333983047
0
473.89517112948323 260.91108013698096
0.25 0.25 0.25 0.25
10.64021320284953
45.0
69.35705859503229 333.296412083465
1
69.35705859503229 346.0381787043179
0.25 0.25 0.25 0.25
12.741766620852918
45.0
108.28288370917176 176.45550163471572
1
108.28288370917176 184.20070108816583
0.25 0.25 0.25 0.25
7.745199453450113
45.0
182.35624604953603 3.991186696974367
1
182.35624604953603 50.85463799388279
0.25 0.25 0.25 0.25
46.86345129690842
45.0
229.05512886109716 490.3053284555575
1
229.05512886109716 494.70018043994173
0.25 0.25 0.25 0.25
4.394851984384224
45.0
125.55808460784837 199.31986055218266
1
125.55808460784837 216.52095890096692
0.25 0.25 0.25 0.25
17.20109834878425
45.0
24.899232482099674 107.38470765250216
1
24.899232482099674 117.60114601407184
0.25 0.25 0.25 0.25
10.21643836156969
45.0
193.29946317995723 367.5414047104663
3
172.6684552818653 367.5414047104663
0.25 0.25 0.25 0.25
20.63100789809193
45.0
93.47932509372762 207.29823456581084
3
59.40323291779721 207.29823456581084
0.25 0.25 0.25 0.25
34.07609217593041
45.0
267.0797005329811 89.31286673682733
1
267.0797005329811 90.14395631741432
0.25 0.25 0.25 0.25
0.8310895805869967
45.0
407.7792808897908 180.23648792745809
0
407.7792808897908 146.09516861524173
0.25 0.25 0.25 0.25
34.14131931221635
45.0
18.170453150686242 334.75923614730846
2
23.77095931450998 334.75923614730846
0.25 0.25 0.25 0.25
41.94141246519622
45.0
310.2113281800306 410.8139876570774
0
310.2113281800306 404.0449556865663
0.25 0.25 0.25 0.25
6.769031970511074
45.0
460.15977131984715 85.36077983123323
0
460.15977131984715 68.7803772864496
0.25 0.25 0.25 0.25
16.580402544783617
45.0
