89773
248.35232950607136 96.76763975945425
1
248.35232950607136 210.2944199546084
0.25 0.25 0.25 0.25
113.52678019515415
45.0
141.9301639671678 165.21020198149301
2
283.2390789285831 165.21020198149301
0.25 0.25 0.25 0.25
141.30891496141533
45.0
195.1197272062189 364.066797562111
1
195.1197272062189 475.8216455600241
0.25 0.25 0.25 0.25
111.7548479979131
45.0
18.417364227693042 72.39549110972462
1
18.417364227693042 165.91783716634245
0.25 0.25 0.25 0.25
93.52234605661783
45.0
459.5272806986113 339.35232267413255
3
324.2582454935823 339.35232267413255
0.25 0.25 0.25 0.25
135.26903520502898
45.0
380.80145117243785 169.50623848699703
2
497.21102750564376 169.50623848699703
0.25 0.25 0.25 0.25
116.40957633320593
45.0
478.5669323680097 320.5023649226621
3
408.52665289575964 320.5023649226621
0.25 0.25 0.25 0.25
112.90641473623064
45.0
442.093683025402 91.07485541539913
1
442.093683025402 262.2806927147859
0.25 0.25 0.25 0.25
171.2058372993868
45.0
313.62778187281464 463.64626809230754
0
313.62778187281464 362.34925037829527
0.25 0.25 0.25 0.25
101.29701771401227
45.0
360.01859201465254 161.12238048045037
1
360.01859201465254 260.31966053945064
0.25 0.25 0.25 0.25
99.19728005900026
45.0
268.6045050792013 445.130527169178
0
268.6045050792013 398.6282885708789
0.25 0.25 0.25 0.25
156.2411842599431
45.0
227.88072459480935 279.6682432719958
0
227.88072459480935 180.91924929017352
0.25 0.25 0.25 0.25
98.74899398182225
45.0
431.298505910534 381.3307874320294
0
431.298505910534 234.96445190169464
0.25 0.25 0.25 0.25
146.36633553033477
45.0
353.727960743274 98.14100145266445
1
353.727960743274 6.1006345471163
0.25 0.25 0.25 0.25
104.24163599978075
45.0
158.30985031571532 2.0212536255256737
2
329.71674275731084 2.0212536255256737
0.25 0.25 0.25 0.25
171.40689244159552
45.0
130.9644339179172 444.51455980993217
2
22.292289379841407 444.51455980993217
0.25 0.25 0.25 0.25
153.2567232977586
45.0
328.665531984611 35.18377916846312
1
328.665531984611 130.76875155550903
0.25 0.25 0.25 0.25
95.58497238704591
45.0
72.301026673754 431.1728926908145
2
173.41327801772047 431.1728926908145
0.25 0.25 0.25 0.25
101.11225134396648
45.0
334.3404230773542 34.76564683689213
2
499.65086731014753 34.76564683689213
0.25 0.25 0.25 0.25
165.3104442327933
45.0
415.29461383410717 391.64846972359595
0
415.29461383410717 220.85386326814069
0.25 0.25 0.25 0.25
170.79460645545527
45.0
77.56478839723684 68.90088573718708
2
125.64841745092559 68.90088573718708
0.25 0.25 0.25 0.25
48.08362905368876
45.0
415.73245160425176 228.27146731660434
2
447.78809634479956 228.27146731660434
0.25 0.25 0.25 0.25
32.055644740547784
45.0
410.8839544501428 353.3447841296096
0
410.8839544501428 312.4173592898202
0.25 0.25 0.25 0.25
40.92742483978938
45.0
205.14067932321024 168.5119889147282
1
205.14067932321024 173.19567845696383
0.25 0.25 0.25 0.25
4.6836895422356415
45.0
80.6860991538777 341.0417935922582
2
84.37191170600786 341.0417935922582
0.25 0.25 0.25 0.25
3.685812552130158
45.0
168.6602936464172 366.94841131666533
1
168.6602936464172 416.34075592363484
0.25 0.25 0.25 0.25
49.39234460696954
45.0
209.22529409684273 263.9292708913221
3
187.48888012913937 263.9292708913221
0.25 0.25 0.25 0.25
21.736413967703346
45.0
440.2174579704423 92.53161667359038
0
440.2174579704423 51.43516748376051
0.25 0.25 0.25 0.25
41.09644918982987
45.0
185.95471921414833 284.2526616730508
0
185.95471921414833 249.56372626664609
0.25 0.25 0.25 0.25
34.68893540640472
45.0
354.2932169918401 247.87276779377567
3
331.9257910235848 247.87276779377567
0.25 0.25 0.25 0.25
22.367425968255304
45.0
198.8624574075385 344.8560637636993
3
187.14688063690687 344.8560637636993
0.25 0.25 0.25 0.25
11.715576770631642
45.0
480.1199878504127 280.2816548138494
2
496.80330382861575 280.2816548138494
0.25 0.25 0.25 0.25
16.683315978203026
45.0
467.1498029287709 101.21244074320464
3
424.2063980530014 101.21244074320464
0.25 0.25 0.25 0.25
42.94340487576948
45.0
484.46060014692824 395.8437828846708
0
484.46060014692824 383.84408927877485
0.25 0.25 0.25 0.25
11.999693605895978
45.0
441.9745315209347 26.374676339956487
0
441.9745315209347 15.734463137106957
0.25 0.25 0.25 0.25
10.64021320284953
45.0
56.61529197417937 358.7799453251708
1
56.61529197417937 371.5217119460237
0.25 0.25 0.25 0.25
12.741766620852918
45.0
54.06648753502097 222.9266983554164
0
54.06648753502097 215.18149890196628
0.25 0.25 0.25 0.25
7.745199453450113
45.0
192.55136432573136 488.4932224309818
3
145.68791302882295 488.4932224309818
0.25 0.25 0.25 0.25
46.86345129690842
45.0
193.89631298602342 478.93070765375296
0
193.89631298602342 474.53585566936874
0.25 0.25 0.25 0.25
4.394851984384224
45.0
39.5525928639271 130.51546715704563
3
22.351494515142853 130.51546715704563
0.25 0.25 0.25 0.25
17.20109834878425
45.0
137.28005445936623 86.95183092936279
0
137.28005445936623 76.7353925677931
0.25 0.25 0.25 0.25
10.21643836156969
45.0
69.51341579140569 470.6964442009259
2
90.14442368949761 470.6964442009259
0.25 0.25 0.25 0.25
20.63100789809193
45.0
366.08806250117084 486.01693585081557
2
400.16415467710124 486.01693585081557
0.25 0.25 0.25 0.25
34.07609217593041
45.0
259.5998943076982 81.00197093095743
3
258.7688047271112 81.00197093095743
0.25 0.25 0.25 0.25
0.8310895805869967
45.0
319.09016461247836 9.529891366376319
1
319.09016461247836 24.611427945840035
0.25 0.25 0.25 0.25
34.14131931221635
45.0
443.1850839664721 166.99358628652362
2
485.12649643166833 166.99358628652362
0.25 0.25 0.25 0.25
41.94141246519622
45.0
276.3661683274751 437.8901155391218
0
276.3661683274751 431.1210835686107
0.25 0.25 0.25 0.25
6.769031970511074
45.0
490.099021045802 85.36077983123323
3
493.3205764094144 85.36077983123323
0.25 0.25 0.25 0.25
16.580402544783617
45.0
