23072
171.14639949404096 261.7898136103717
0
171.14639949404096 99.75374713894996
0.25 0.25 0.25 0.25
162.03606647142175
45.0
259.9749096445185 441.14140494127247
3
128.82530218412842 441.14140494127247
0.25 0.25 0.25 0.25
131.1496074603901
45.0
213.65047774777037 277.2242611635941
3
49.86419611263557 277.2242611635941
0.25 0.25 0.25 0.25
163.7862816351348
45.0
118.30962381980407 31.21525133170053
1
118.30962381980407 148.1363436875912
0.25 0.25 0.25 0.25
116.92109235589066
45.0
40.28140694235907 166.8105888755016
0
40.28140694235907 34.030784544175674
0.25 0.25 0.25 0.25
132.77980433132592
45.0
482.5636287982438 30.42143139715307
3
333.86288660651377 30.42143139715307
0.25 0.25 0.25 0.25
148.70074219173006
45.0
418.1526232710089 348.9426867873086
3
458.04921849392395 348.9426867873086
0.25 0.25 0.25 0.25
123.79815823506715
45.0
147.58026329825725 167.020494520596
1
147.58026329825725 292.18510031188464
0.25 0.25 0.25 0.25
125.16460579128862
45.0
389.0887701095112 140.21439929718775
1
389.0887701095112 237.48551996892706
0.25 0.25 0.25 0.25
97.2711206717393
45.0
44.485341002589166 331.9313705153035
1
44.485341002589166 424.20278865825117
0.25 0.25 0.25 0.25
92.27141814294765
45.0
403.98419204823506 283.43318979239484
1
403.98419204823506 392.93406821120436
0.25 0.25 0.25 0.25
109.50087841880949
45.0
52.249978400689784 190.54293768293877
1
52.249978400689784 295.90784332787183
0.25 0.25 0.25 0.25
105.36490564493305
45.0
388.16444189495814 201.78311562665786
3
448.04379046568545 201.78311562665786
0.25 0.25 0.25 0.25
163.79176763935638
45.0
454.4845812154656 19.833255353077902
1
454.4845812154656 146.49011892055535
0.25 0.25 0.25 0.25
166.32337427363325
45.0
370.39611647521326 96.4231873404331
2
489.2351448012765 96.4231873404331
0.25 0.25 0.25 0.25
118.83902832606323
45.0
125.01469981232015 311.14669709565646
1
125.01469981232015 482.4423272533905
0.25 0.25 0.25 0.25
171.29563015773402
45.0
88.3813490109203 108.05050412319349
1
88.3813490109203 65.55887535623236
0.25 0.25 0.25 0.25
173.60937947942585
45.0
129.25024449276907 450.9559352402712
2
39.51879630595067 450.9559352402712
0.25 0.25 0.25 0.25
168.76904079871974
45.0
110.95252136855129 259.16800839246025
2
29.307967477189777 259.16800839246025
0.25 0.25 0.25 0.25
140.26048884574107
45.0
278.4869602919247 198.41137117002424
1
278.4869602919247 312.4040835512102
0.25 0.25 0.25 0.25
113.99271238118595
45.0
287.42076469663107 453.14708391698764
0
287.42076469663107 423.4328825625597
0.25 0.25 0.25 0.25
29.714201354427928
45.0
60.199056195960594 118.33152243372322
1
60.199056195960594 129.98985020311494
0.25 0.25 0.25 0.25
11.658327769391718
45.0
61.59043092729098 306.90904601040336
3
45.91845928454711 306.90904601040336
0.25 0.25 0.25 0.25
15.67197164274387
45.0
91.2760105023921 336.75861042708436
1
91.2760105023921 338.62985867031466
0.25 0.25 0.25 0.25
1.8712482432302724
45.0
254.07426627183585 26.437121505418347
1
254.07426627183585 39.64677537159232
0.25 0.25 0.25 0.25
13.209653866173971
45.0
157.17626676515812 78.68061917864325
3
151.8272105525933 78.68061917864325
0.25 0.25 0.25 0.25
5.349056212564807
45.0
256.16606708018253 121.15545230591533
2
264.81417904384796 121.15545230591533
0.25 0.25 0.25 0.25
8.6481119636654
45.0
335.5711798470687 161.39183335945768
3
327.07781586859556 161.39183335945768
0.25 0.25 0.25 0.25
8.49336397847315
45.0
434.6669710449602 241.02929316742993
0
434.6669710449602 195.5442092721774
0.25 0.25 0.25 0.25
45.48508389525253
45.0
460.8390159286479 50.56850001610023
1
460.8390159286479 79.67788739963643
0.25 0.25 0.25 0.25
29.109387383536202
45.0
235.23357815467295 63.25825142458029
3
223.9154074555382 63.25825142458029
0.25 0.25 0.25 0.25
11.318170699134761
45.0
314.3616398470461 346.8738876937158
3
291.7045355406889 346.8738876937158
0.25 0.25 0.25 0.25
22.6571043063572
45.0
115.73262978647767 22.1744978476494
1
115.73262978647767 28.828615284971036
0.25 0.25 0.25 0.25
6.654117437321638
45.0
27.002340447775797 406.1168073466224
3
8.221394644145981 406.1168073466224
0.25 0.25 0.25 0.25
18.780945803629816
45.0
284.76653262213114 203.50400668929396
3
283.48607455602786 203.50400668929396
0.25 0.25 0.25 0.25
1.2804580661032794
45.0
355.86841140993636 192.9579309087896
2
391.8153116227918 192.9579309087896
0.25 0.25 0.25 0.25
35.946900212855425
45.0
156.35531979304739 308.0965131063703
3
107.90984009770638 308.0965131063703
0.25 0.25 0.25 0.25
48.44547969534101
45.0
36.57037425995867 196.1309264217362
1
36.57037425995867 218.10369783128402
0.25 0.25 0.25 0.25
21.972771409547804
45.0
90.1070908039398 305.0952464908421
0
90.1070908039398 258.639595702881
0.25 0.25 0.25 0.25
46.45565078796107
45.0
498.0899701109423 404.1527534004872
3
493.3088169757176 404.1527534004872
0.25 0.25 0.25 0.25
4.781153135224719
45.0
363.39159932790153 318.7805454983102
1
363.39159932790153 337.3261532238057
0.25 0.25 0.25 0.25
18.5456077254955
45.0
48.66104891347868 219.19123727439853
1
48.66104891347868 263.3581026880223
0.25 0.25 0.25 0.25
44.16686541362378
45.0
9.983477055075994 374.6795690446352
2
54.81547778850049 374.6795690446352
0.25 0.25 0.25 0.25
44.83200073342449
45.0
280.2431462045585 152.47647291674917
2
310.70801247103344 152.47647291674917
0.25 0.25 0.25 0.25
30.464866266474942
45.0
30.196172407388996 179.140927869309
2
47.22260714760313 179.140927869309
0.25 0.25 0.25 0.25
17.026434740214132
45.0
497.9912095951158 405.0327762522507
3
480.9658100534474 405.0327762522507
0.25 0.25 0.25 0.25
17.025399541668378
45.0
11.09079212989279 420.66834709595554
0
11.09079212989279 386.9444365161902
0.25 0.25 0.25 0.25
33.72391057976533
45.0
51.383192020846096 183.41941504466172
3
27.337994078072906 183.41941504466172
0.25 0.25 0.25 0.25
24.04519794277319
45.0
