38422
53.836716141610225 480.50370108562765
2
87.70571391053102 480.50370108562765
0.25 0.25 0.25 0.25
141.54243005214124
45.0
371.11379848702063 442.2488510579693
3
273.5688893384964 442.2488510579693
0.25 0.25 0.25 0.25
97.54490914852425
45.0
448.98015726289736 2.0079615589096704
1
448.98015726289736 125.95688729428902
0.25 0.25 0.25 0.25
127.96484885319869
45.0
269.3597661578991 7.499933933516218
3
126.23106370054279 7.499933933516218
0.25 0.25 0.25 0.25
143.12870245735633
45.0
42.09295033843992 372.8143400659137
2
59.468832616222315 372.8143400659137
0.25 0.25 0.25 0.25
101.56178295466223
45.0
427.3054783712845 40.47029352752976
3
303.4881599266631 40.47029352752976
0.25 0.25 0.25 0.25
123.81731844462136
45.0
390.6385419297776 455.1502418192547
3
477.3961086947629 455.1502418192547
0.25 0.25 0.25 0.25
131.96534937545948
45.0
275.78099813446215 420.01888345334146
0
275.78099813446215 474.2823636600343
0.25 0.25 0.25 0.25
105.69875288662418
45.0
5.282987197045998 140.28205868263947
2
149.76098876791266 140.28205868263947
0.25 0.25 0.25 0.25
155.04397596495866
45.0
99.24934040554278 347.2627947313062
2
220.84078143434215 347.2627947313062
0.25 0.25 0.25 0.25
121.59144102879937
45.0
328.73434689958367 216.25700784797667
1
328.73434689958367 361.38540192908624
0.25 0.25 0.25 0.25
145.12839408110958
45.0
442.8243799969248 198.86690711077637
0
442.8243799969248 103.56355087151341
0.25 0.25 0.25 0.25
95.30335623926295
45.0
455.23370035112015 218.578797286608
3
285.607632364173 218.578797286608
0.25 0.25 0.25 0.25
169.62606798694713
45.0
490.32157474102456 111.15825895138005
3
379.59299628105373 111.15825895138005
0.25 0.25 0.25 0.25
130.0854289779217
45.0
179.3842408177452 471.73370016627854
3
84.46033575610629 471.73370016627854
0.25 0.25 0.25 0.25
94.9239050616389
45.0
344.1444160337385 211.66611941741564
2
498.1270610447955 211.66611941741564
0.25 0.25 0.25 0.25
153.982645011057
45.0
365.3627239136556 484.6455145434819
0
365.3627239136556 393.250313662404
0.25 0.25 0.25 0.25
91.39520088107794
45.0
107.91795178144943 58.568710933706
1
107.91795178144943 80.96531523984282
0.25 0.25 0.25 0.25
139.53402617354882
45.0
328.8000254391749 427.1551506767129
0
328.8000254391749 411.3372200461305
0.25 0.25 0.25 0.25
161.5076292771566
45.0
419.08999075034683 323.72403590828685
1
419.08999075034683 444.4525671158183
0.25 0.25 0.25 0.25
120.72853120753143
45.0
329.57545515347385 397.95608314213325
0
329.57545515347385 352.1578161069458
0.25 0.25 0.25 0.25
45.79826703518743
45.0
40.7614093544633 471.5777423171106
0
40.7614093544633 491.43705882196775
0.25 0.25 0.25 0.25
36.985198860921656
45.0
420.243271563583 416.9707980848551
0
420.243271563583 408.44672363817097
0.25 0.25 0.25 0.25
8.52407444668415
45.0
331.2948686631651 218.71246336408404
2
376.2613309320509 218.71246336408404
0.25 0.25 0.25 0.25
44.966462268885785
45.0
57.43501047909429 273.02671584982255
1
57.43501047909429 280.2487198885469
0.25 0.25 0.25 0.25
7.222004038724339
45.0
340.1382047953041 179.99356259735433
0
340.1382047953041 177.471754625661
0.25 0.25 0.25 0.25
2.5218079716933293
45.0
365.17684372335725 149.17140191777185
2
410.90635260076056 149.17140191777185
0.25 0.25 0.25 0.25
45.729508877403305
45.0
58.29111901974187 313.39110031278386
2
103.9740643526377 313.39110031278386
0.25 0.25 0.25 0.25
45.68294533289583
45.0
80.06304238760885 474.30741765310154
0
80.06304238760885 431.6818919700718
0.25 0.25 0.25 0.25
42.62552568302977
45.0
152.7454923938849 473.06566472178065
2
191.2621221814606 473.06566472178065
0.25 0.25 0.25 0.25
38.516629787575695
45.0
426.6457997603911 13.395052570683479
1
426.6457997603911 5.908776184574528
0.25 0.25 0.25 0.25
19.303828755258007
45.0
21.982894231438845 125.75271549888575
0
21.982894231438845 106.35642009988771
0.25 0.25 0.25 0.25
19.39629539899804
45.0
243.21592937050178 199.86717325440787
0
243.21592937050178 181.52636508641126
0.25 0.25 0.25 0.25
18.340808167996613
45.0
429.9272480897738 405.359549933436
3
394.41140026233177 405.359549933436
0.25 0.25 0.25 0.25
35.515847827442016
45.0
331.09475112785606 341.95433891532633
3
292.1844869392583 341.95433891532633
0.25 0.25 0.25 0.25
38.91026418859777
45.0
481.8608147271626 78.20141313435089
1
481.8608147271626 99.19596915325374
0.25 0.25 0.25 0.25
20.99455601890286
45.0
33.73591767723724 460.8121796545058
3
14.15494617205536 460.8121796545058
0.25 0.25 0.25 0.25
19.58097150518188
45.0
23.42482967392965 497.2408607770451
2
6.501101404466596 497.2408607770451
0.25 0.25 0.25 0.25
29.925931078396246
45.0
207.51268463522993 301.6502688052834
0
207.51268463522993 291.8356764450443
0.25 0.25 0.25 0.25
9.814592360239061
45.0
173.37391526174883 368.32981326852473
2
215.22919336575285 368.32981326852473
0.25 0.25 0.25 0.25
41.855278104004014
45.0
146.76154652625917 370.55211264015406
2
176.8722280711289 370.55211264015406
0.25 0.25 0.25 0.25
30.110681544869728
45.0
116.33629689628205 152.98316427395096
0
116.33629689628205 112.62510349547821
0.25 0.25 0.25 0.25
40.35806077847274
45.0
101.54727917794108 280.33188693205614
3
67.00517263351563 280.33188693205614
0.25 0.25 0.25 0.25
34.54210654442546
45.0
131.88675303061052 387.98456927297536
2
155.79622562282046 387.98456927297536
0.25 0.25 0.25 0.25
23.909472592209944
45.0
207.1502011044595 391.0468837476274
2
209.28189983917645 391.0468837476274
0.25 0.25 0.25 0.25
2.1316987347169247
45.0
280.18203499726724 442.8666808469592
0
280.18203499726724 407.26535297367036
0.25 0.25 0.25 0.25
35.60132787328883
45.0
407.98681463595324 389.8107703957838
0
407.98681463595324 358.04233586235625
0.25 0.25 0.25 0.25
31.768434533427538
45.0
265.62382916000104 293.21665409235356
0
265.62382916000104 250.74672096070245
0.25 0.25 0.25 0.25
42.469933131651125
45.0
