38422
213.78512546377414 480.5037010856279
0
213.78512546377414 377.95386886223093
0.25 0.25 0.25 0.25
141.54243005214124
45.0
53.92816252669053 344.04521699893945
0
53.92816252669053 246.5003078504152
0.25 0.25 0.25 0.25
97.54490914852425
45.0
238.28166865427517 210.50007761412803
1
238.28166865427517 338.46492646732673
0.25 0.25 0.25 0.25
127.96484885319869
45.0
416.290303018244 416.1834218340699
3
440.58099452439967 416.1834218340699
0.25 0.25 0.25 0.25
143.12870245735633
45.0
28.23317352297751 357.19651051929134
1
28.23317352297751 458.7582934739536
0.25 0.25 0.25 0.25
101.56178295466223
45.0
458.3386556271232 40.47029352752976
1
458.3386556271232 83.3470249170916
0.25 0.25 0.25 0.25
123.81731844462136
45.0
390.6385419297776 357.16161380161
1
390.6385419297776 489.12696317706946
0.25 0.25 0.25 0.25
131.96534937545948
45.0
324.49222215484457 151.63384881385144
2
430.19097504146873 151.63384881385144
0.25 0.25 0.25 0.25
105.69875288662418
45.0
374.5411089431193 154.2342057028151
3
219.49713297816064 154.2342057028151
0.25 0.25 0.25 0.25
155.04397596495866
45.0
491.292135261546 409.55432321109504
3
387.11642370965467 409.55432321109504
0.25 0.25 0.25 0.25
121.59144102879937
45.0
312.83558833181655 55.229855199099944
1
312.83558833181655 89.89853888200963
0.25 0.25 0.25 0.25
145.12839408110958
45.0
489.7908176042953 40.07672399964193
3
394.48746136503235 40.07672399964193
0.25 0.25 0.25 0.25
95.30335623926295
45.0
419.72088450775436 31.19632137797754
1
419.72088450775436 138.4297466089696
0.25 0.25 0.25 0.25
169.62606798694713
45.0
327.5878474475299 241.24368792930164
1
327.5878474475299 371.32911690722335
0.25 0.25 0.25 0.25
130.0854289779217
45.0
105.38747436717152 287.65754032683265
1
105.38747436717152 382.58144538847154
0.25 0.25 0.25 0.25
94.9239050616389
45.0
269.8146712438215 211.66611941741564
3
115.83202623276452 211.66611941741564
0.25 0.25 0.25 0.25
153.982645011057
45.0
182.57232215149975 307.2023224731833
2
273.9675230325777 307.2023224731833
0.25 0.25 0.25 0.25
91.39520088107794
45.0
38.169375963375586 243.76115819854996
2
101.36465021017324 243.76115819854996
0.25 0.25 0.25 0.25
139.53402617354882
45.0
286.2762673323913 274.0473075141789
0
286.2762673323913 112.53967823702229
0.25 0.25 0.25 0.25
161.5076292771566
45.0
56.90439712775253 150.61047417272107
2
177.63292833528396 150.61047417272107
0.25 0.25 0.25 0.25
120.72853120753143
45.0
428.7338639979723 161.40287319207252
1
428.7338639979723 207.20114022725994
0.25 0.25 0.25 0.25
45.79826703518743
45.0
108.57901684433898 137.31132181370026
0
108.57901684433898 100.3261229527786
0.25 0.25 0.25 0.25
36.985198860921656
45.0
471.3877182436879 255.0133835978562
0
471.3877182436879 246.48930915117205
0.25 0.25 0.25 0.25
8.52407444668415
45.0
106.46255731873623 128.77953882631243
2
151.429019587622 128.77953882631243
0.25 0.25 0.25 0.25
44.966462268885785
45.0
28.54699432419694 179.14066334640606
0
28.54699432419694 171.9186593076817
0.25 0.25 0.25 0.25
7.222004038724339
45.0
367.87809248393046 255.64780174815436
2
370.39990045562377 255.64780174815436
0.25 0.25 0.25 0.25
2.5218079716933293
45.0
223.257576380013 57.712384162965236
2
268.9870852574163 57.712384162965236
0.25 0.25 0.25 0.25
45.729508877403305
45.0
195.33995501842935 52.07246235038275
1
195.33995501842935 97.75540768327858
0.25 0.25 0.25 0.25
45.68294533289583
45.0
303.5666887596591 122.44994190931527
1
303.5666887596591 165.07546759234503
0.25 0.25 0.25 0.25
42.62552568302977
45.0
459.44615621752223 181.7170416670063
2
497.96278600509794 181.7170416670063
0.25 0.25 0.25 0.25
38.516629787575695
45.0
21.265395899973203 13.395052570683479
3
1.9615671447151968 13.395052570683479
0.25 0.25 0.25 0.25
19.303828755258007
45.0
118.964371226429 436.09344188285456
1
118.964371226429 455.4897372818526
0.25 0.25 0.25 0.25
19.39629539899804
45.0
279.897545706495 144.84474875041803
3
261.5567375384984 144.84474875041803
0.25 0.25 0.25 0.25
18.340808167996613
45.0
315.9055562865087 121.2327673138998
3
280.3897084590667 121.2327673138998
0.25 0.25 0.25 0.25
35.515847827442016
45.0
97.63316599626941 385.6738117644894
0
97.63316599626941 346.76354757589166
0.25 0.25 0.25 0.25
38.91026418859777
45.0
455.15551721612877 372.125197398991
1
455.15551721612877 393.1197534178939
0.25 0.25 0.25 0.25
20.99455601890286
45.0
170.8027182135104 421.65023664414207
0
170.8027182135104 402.0692651389602
0.25 0.25 0.25 0.25
19.58097150518188
45.0
305.20248379241934 407.4630675418563
0
305.20248379241934 377.53713646346
0.25 0.25 0.25 0.25
29.925931078396246
45.0
207.51268463522993 311.4648611655225
3
197.69809227499087 311.4648611655225
0.25 0.25 0.25 0.25
9.814592360239061
45.0
131.51863715774482 117.19814464450064
1
131.51863715774482 159.05342274850466
0.25 0.25 0.25 0.25
41.855278104004014
45.0
214.56663201217754 358.4517534560182
1
214.56663201217754 388.56243500088794
0.25 0.25 0.25 0.25
30.110681544869728
45.0
4.737885439136207 426.53807026144153
2
45.09594621760895 426.53807026144153
0.25 0.25 0.25 0.25
40.35806077847274
45.0
341.6209352005811 383.9582065653325
1
341.6209352005811 418.50031310975794
0.25 0.25 0.25 0.25
34.54210654442546
45.0
83.298500299279 329.29960849332303
1
83.298500299279 353.209081085533
0.25 0.25 0.25 0.25
23.909472592209944
45.0
266.83776567653354 388.9151850129105
0
266.83776567653354 386.7834862781936
0.25 0.25 0.25 0.25
2.1316987347169247
45.0
137.77672350411194 165.51871254686375
1
137.77672350411194 201.12004042015258
0.25 0.25 0.25 0.25
35.60132787328883
45.0
274.3288400297715 294.5054667955012
3
242.560405496344 294.5054667955012
0.25 0.25 0.25 0.25
31.768434533427538
45.0
498.83496720971925 100.14538359372511
0
498.83496720971925 57.67545046207399
0.25 0.25 0.25 0.25
42.469933131651125
45.0
