38422
355.32755551591526 151.40389280628858
1
355.32755551591526 292.9463228584298
0.25 0.25 0.25 0.25
141.54243005214124
45.0
53.92816252669053 465.4823097517158
2
151.47307167521478 465.4823097517158
0.25 0.25 0.25 0.25
97.54490914852425
45.0
65.08561070330127 64.17140954277143
1
65.08561070330127 192.13625839597012
0.25 0.25 0.25 0.25
127.96484885319869
45.0
425.7948890257154 436.8860413055852
3
431.07640851692827 436.8860413055852
0.25 0.25 0.25 0.25
143.12870245735633
45.0
129.79495647763974 134.99457470739742
3
28.23317352297751 134.99457470739742
0.25 0.25 0.25 0.25
101.56178295466223
45.0
67.96379540720092 154.82615952912204
1
67.96379540720092 278.6434779737434
0.25 0.25 0.25 0.25
123.81731844462136
45.0
293.8762281898862 453.92392754150137
2
425.8415775653457 453.92392754150137
0.25 0.25 0.25 0.25
131.96534937545948
45.0
7.395963494971937 182.01501953773942
2
113.09471638159611 182.01501953773942
0.25 0.25 0.25 0.25
105.69875288662418
45.0
304.8049647328713 394.5860134224845
3
149.76098876791266 394.5860134224845
0.25 0.25 0.25 0.25
155.04397596495866
45.0
401.86734152888073 347.2627947313062
3
280.2759005000814 347.2627947313062
0.25 0.25 0.25 0.25
121.59144102879937
45.0
25.117475533703953 219.12817439535206
2
120.01091854740562 219.12817439535206
0.25 0.25 0.25 0.25
145.12839408110958
45.0
33.69240119939016 389.4736195893023
2
61.61095503987279 389.4736195893023
0.25 0.25 0.25 0.25
95.30335623926295
45.0
232.33840859912442 165.30957352155912
1
232.33840859912442 334.93564150850625
0.25 0.25 0.25 0.25
169.62606798694713
45.0
376.3064127787044 368.50002513693323
3
493.6081582433739 368.50002513693323
0.25 0.25 0.25 0.25
130.0854289779217
45.0
17.061563011115794 338.4184897104437
2
111.9854680727547 338.4184897104437
0.25 0.25 0.25 0.25
94.9239050616389
45.0
271.58905638756255 174.17768568209738
0
271.58905638756255 20.195040671040374
0.25 0.25 0.25 0.25
153.982645011057
45.0
446.49966463233125 205.11270220839083
3
462.1051344865908 205.11270220839083
0.25 0.25 0.25 0.25
91.39520088107794
45.0
363.76106188078984 151.57910353693816
3
224.22703570724101 151.57910353693816
0.25 0.25 0.25 0.25
139.53402617354882
45.0
485.47462853846343 18.013726703074042
1
485.47462853846343 179.52135598023065
0.25 0.25 0.25 0.25
161.5076292771566
45.0
332.53320988256394 159.19008892183888
1
332.53320988256394 279.9186201293703
0.25 0.25 0.25 0.25
120.72853120753143
45.0
54.785852942349315 260.56128203657096
0
54.785852942349315 214.76301500138354
0.25 0.25 0.25 0.25
45.79826703518743
45.0
256.5198122880256 270.9254964115536
1
256.5198122880256 307.9106952724752
0.25 0.25 0.25 0.25
36.985198860921656
45.0
403.1951226702147 289.1096813845928
0
403.1951226702147 280.58560693790866
0.25 0.25 0.25 0.25
8.52407444668415
45.0
478.10145217677893 184.483831179711
0
478.10145217677893 139.5173689108252
0.25 0.25 0.25 0.25
44.966462268885785
45.0
152.00310664391154 128.5866350753356
2
159.2251106826359 128.5866350753356
0.25 0.25 0.25 0.25
7.222004038724339
45.0
463.7067954082761 205.2116423142877
1
463.7067954082761 207.73345028598104
0.25 0.25 0.25 0.25
2.5218079716933293
45.0
371.22603902622996 256.3449826759852
2
416.95554790363326 256.3449826759852
0.25 0.25 0.25 0.25
45.729508877403305
45.0
373.04693902630447 417.53602501354936
1
373.04693902630447 463.2189703464452
0.25 0.25 0.25 0.25
45.68294533289583
45.0
198.70272810328424 67.66507011311921
2
241.328253786314 67.66507011311921
0.25 0.25 0.25 0.25
42.62552568302977
45.0
349.40306932156756 452.7658246570046
2
387.91969910914327 452.7658246570046
0.25 0.25 0.25 0.25
38.516629787575695
45.0
426.6457997603912 353.37769377921853
0
426.6457997603912 334.07386502396054
0.25 0.25 0.25 0.25
19.303828755258007
45.0
362.50885066550507 261.526783291872
0
362.50885066550507 242.13048789287396
0.25 0.25 0.25 0.25
19.39629539899804
45.0
371.6015865464781 497.0835371294634
2
389.9423947144747 497.0835371294634
0.25 0.25 0.25 0.25
18.340808167996613
45.0
26.222512835349264 26.386884827491528
2
61.73836066279128 26.386884827491528
0.25 0.25 0.25 0.25
35.515847827442016
45.0
136.5434301848672 424.58407595308717
1
136.5434301848672 463.4943401416849
0.25 0.25 0.25 0.25
38.91026418859777
45.0
418.877146670454 372.125197398991
1
418.877146670454 393.1197534178939
0.25 0.25 0.25 0.25
20.99455601890286
45.0
268.7075757394198 480.3931511596877
3
249.1266042342379 480.3931511596877
0.25 0.25 0.25 0.25
19.58097150518188
45.0
131.2422079706009 48.351894601101236
1
131.2422079706009 78.27782567949748
0.25 0.25 0.25 0.25
29.925931078396246
45.0
168.2543151942737 448.86915420886976
0
168.2543151942737 439.05456184863067
0.25 0.25 0.25 0.25
9.814592360239061
45.0
382.6503057817689 217.64408018753147
0
382.6503057817689 175.78880208352746
0.25 0.25 0.25 0.25
41.855278104004014
45.0
418.993893806967 81.10811053289189
1
418.993893806967 111.2187920777616
0.25 0.25 0.25 0.25
30.110681544869728
45.0
309.1750813268271 386.1800094829688
0
309.1750813268271 345.82194870449604
0.25 0.25 0.25 0.25
40.35806077847274
45.0
383.7633022323534 40.258230909416106
3
349.22119568792795 40.258230909416106
0.25 0.25 0.25 0.25
34.54210654442546
45.0
251.43411599166015 49.054104109218095
2
275.3435885838701 49.054104109218095
0.25 0.25 0.25 0.25
23.909472592209944
45.0
313.73513784030547 384.6517875434767
1
313.73513784030547 386.7834862781936
0.25 0.25 0.25 0.25
2.1316987347169247
45.0
312.6205433226432 61.87754847491009
2
348.221871195932 61.87754847491009
0.25 0.25 0.25 0.25
35.60132787328883
45.0
249.14464196881562 182.02105120591176
0
249.14464196881562 150.25261667248424
0.25 0.25 0.25 0.25
31.768434533427538
45.0
224.73697326018524 270.0251161203296
2
267.20690639183636 270.0251161203296
0.25 0.25 0.25 0.25
42.469933131651125
45.0
