38422
149.36419801869465 140.88395693300527
3
7.821767966553409 140.88395693300527
0.25 0.25 0.25 0.25
141.54243005214124
45.0
409.9041996116787 417.03921763270637
3
492.55089123979707 417.03921763270637
0.25 0.25 0.25 0.25
97.54490914852425
45.0
354.10499396053916 206.48415449630863
2
482.06984281373786 206.48415449630863
0.25 0.25 0.25 0.25
127.96484885319869
45.0
425.7948890257154 271.1538021752193
3
431.07640851692827 271.1538021752193
0.25 0.25 0.25 0.25
143.12870245735633
45.0
473.5707701097991 470.9155826646289
3
424.8674469355386 470.9155826646289
0.25 0.25 0.25 0.25
101.56178295466223
45.0
201.24256629485143 312.0587569202761
2
325.0598847394728 312.0587569202761
0.25 0.25 0.25 0.25
123.81731844462136
45.0
50.46528880707501 134.27043378690655
0
50.46528880707501 2.305084411447069
0.25 0.25 0.25 0.25
131.96534937545948
45.0
260.9890711445181 76.31626665111501
3
155.29031825789394 76.31626665111501
0.25 0.25 0.25 0.25
105.69875288662418
45.0
289.2332771884086 154.2342057028151
1
289.2332771884086 309.27818166777377
0.25 0.25 0.25 0.25
155.04397596495866
45.0
300.41283287431037 441.5857639905005
2
422.0042739031097 441.5857639905005
0.25 0.25 0.25 0.25
121.59144102879937
45.0
442.06522384515904 297.7903676580178
0
442.06522384515904 152.6619735769082
0.25 0.25 0.25 0.25
145.12839408110958
45.0
252.21766751839857 483.4064948040433
3
156.91431127913563 483.4064948040433
0.25 0.25 0.25 0.25
95.30335623926295
45.0
294.29620328339985 94.28394183482749
3
124.67013529645271 94.28394183482749
0.25 0.25 0.25 0.25
169.62606798694713
45.0
278.86928211635546 403.97741522279625
0
278.86928211635546 465.937155799282
0.25 0.25 0.25 0.25
130.0854289779217
45.0
193.71338572322736 136.20103559775083
2
288.63729078486625 136.20103559775083
0.25 0.25 0.25 0.25
94.9239050616389
45.0
344.34152365666546 331.70910098063644
1
344.34152365666546 485.69174599169344
0.25 0.25 0.25 0.25
153.982645011057
45.0
220.00278999450057 16.975090754377646
2
311.3979908755785 16.975090754377646
0.25 0.25 0.25 0.25
91.39520088107794
45.0
410.24782091370537 337.5998887434025
3
450.21815291274584 337.5998887434025
0.25 0.25 0.25 0.25
139.53402617354882
45.0
383.9719665214402 74.84894630810678
1
383.9719665214402 86.65868296904983
0.25 0.25 0.25 0.25
161.5076292771566
45.0
341.7077568714134 221.20878488904123
0
341.7077568714134 100.4802536815098
0.25 0.25 0.25 0.25
120.72853120753143
45.0
181.7673570077115 176.52662274031974
0
181.7673570077115 130.72835570513232
0.25 0.25 0.25 0.25
45.79826703518743
45.0
438.64654508240255 246.86728764134963
3
401.6613462214809 246.86728764134963
0.25 0.25 0.25 0.25
36.985198860921656
45.0
394.67104822353053 323.20597917132943
1
394.67104822353053 331.7300536180136
0.25 0.25 0.25 0.25
8.52407444668415
45.0
196.39548185650779 285.1545858019954
3
151.429019587622 285.1545858019954
0.25 0.25 0.25 0.25
44.966462268885785
45.0
202.557134914982 143.0306431527843
2
209.77913895370634 143.0306431527843
0.25 0.25 0.25 0.25
7.222004038724339
45.0
463.7067954082761 162.340906795501
1
463.7067954082761 164.86271476719435
0.25 0.25 0.25 0.25
2.5218079716933293
45.0
406.17561188962617 164.88596492117858
0
406.17561188962617 119.15645604377528
0.25 0.25 0.25 0.25
45.729508877403305
45.0
205.7569583302169 206.95081767586782
2
251.43990366311272 206.95081767586782
0.25 0.25 0.25 0.25
45.68294533289583
45.0
136.46429312993902 303.8053149209823
3
93.83876744690926 303.8053149209823
0.25 0.25 0.25 0.25
42.62552568302977
45.0
265.4306328026754 199.15213277784568
0
265.4306328026754 160.63550299026997
0.25 0.25 0.25 0.25
38.516629787575695
45.0
94.55757663157488 449.7849233947855
1
94.55757663157488 469.0887521500435
0.25 0.25 0.25 0.25
19.303828755258007
45.0
478.88662305949344 319.7156694888662
0
478.88662305949344 300.3193740898681
0.25 0.25 0.25 0.25
19.39629539899804
45.0
316.57916204248824 350.3570717854905
2
334.91997021048485 350.3570717854905
0.25 0.25 0.25 0.25
18.340808167996613
45.0
121.6575346544288 476.3912455883201
0
121.6575346544288 440.87539776087806
0.25 0.25 0.25 0.25
35.515847827442016
45.0
396.53339955195963 230.03275501009833
1
396.53339955195963 268.9430191986961
0.25 0.25 0.25 0.25
38.91026418859777
45.0
329.1881811027116 68.76047899796912
2
350.1827371216145 68.76047899796912
0.25 0.25 0.25 0.25
20.99455601890286
45.0
209.96466122387415 323.7971337884935
2
229.54563272905602 323.7971337884935
0.25 0.25 0.25 0.25
19.58097150518188
45.0
11.53848365701586 497.2408607770451
0
11.53848365701586 467.3149296986488
0.25 0.25 0.25 0.25
29.925931078396246
45.0
119.18135339307835 492.2432916296957
3
109.36676103283929 492.2432916296957
0.25 0.25 0.25 0.25
9.814592360239061
45.0
370.74470009030335 405.6584168764324
0
370.74470009030335 363.8031387724284
0.25 0.25 0.25 0.25
41.855278104004014
45.0
267.20427270573805 436.08878005202996
2
297.3149542506078 436.08878005202996
0.25 0.25 0.25 0.25
30.110681544869728
45.0
417.2700126856823 39.855620156594206
1
417.2700126856823 80.21368093506695
0.25 0.25 0.25 0.25
40.35806077847274
45.0
445.2472548338575 96.18910547994756
1
445.2472548338575 130.731212024373
0.25 0.25 0.25 0.25
34.54210654442546
45.0
36.24886266177067 240.32988484689756
2
60.15833525398062 240.32988484689756
0.25 0.25 0.25 0.25
23.909472592209944
45.0
226.33548971691192 388.9151850129105
0
226.33548971691192 386.7834862781936
0.25 0.25 0.25 0.25
2.1316987347169247
45.0
309.4577237747303 478.4680087202481
0
309.4577237747303 485.93066340646305
0.25 0.25 0.25 0.25
35.60132787328883
45.0
265.73454703849654 277.32635480619433
1
265.73454703849654 309.09478933962185
0.25 0.25 0.25 0.25
31.768434533427538
45.0
456.3650340780681 4.072877829204302
2
498.83496720971925 4.072877829204302
0.25 0.25 0.25 0.25
42.469933131651125
45.0
