38422
53.836716141610225 76.46302948792584
2
195.37914619375147 76.46302948792584
0.25 0.25 0.25 0.25
141.54243005214124
45.0
214.15565640412484 94.5775117141668
1
214.15565640412484 192.12242086269106
0.25 0.25 0.25 0.25
97.54490914852425
45.0
193.05045955649996 106.2540195865188
1
193.05045955649996 234.21886843971748
0.25 0.25 0.25 0.25
127.96484885319869
45.0
126.23106370054279 11.301768336504779
2
16.897638756813535 11.301768336504779
0.25 0.25 0.25 0.25
143.12870245735633
45.0
378.0139582956714 33.432791752735255
1
378.0139582956714 68.12899120192698
0.25 0.25 0.25 0.25
101.56178295466223
45.0
160.74793659598356 83.34702491709159
3
36.9306181513622 83.34702491709159
0.25 0.25 0.25 0.25
123.81731844462136
45.0
345.43075931930343 114.9769886965521
1
345.43075931930343 16.988360678907384
0.25 0.25 0.25 0.25
131.96534937545948
45.0
90.0264845457928 45.93509592722725
2
15.67226834083138 45.93509592722725
0.25 0.25 0.25 0.25
105.69875288662418
45.0
459.84894069783 450.3700106125568
3
385.1070833372113 450.3700106125568
0.25 0.25 0.25 0.25
155.04397596495866
45.0
126.51781217514791 468.85423576010555
0
126.51781217514791 409.55432321109504
0.25 0.25 0.25 0.25
121.59144102879937
45.0
328.73434689958367 71.12861376686709
1
328.73434689958367 216.25700784797667
0.25 0.25 0.25 0.25
145.12839408110958
45.0
80.6588388067605 182.34651784627545
1
80.6588388067605 277.6498740855384
0.25 0.25 0.25 0.25
95.30335623926295
45.0
285.60763236417307 102.91693076560358
1
285.60763236417307 66.70913722134355
0.25 0.25 0.25 0.25
169.62606798694713
45.0
160.10557014858398 111.15825895138005
3
30.02014117066227 111.15825895138005
0.25 0.25 0.25 0.25
130.0854289779217
45.0
470.75394970824493 192.73363526519375
0
470.75394970824493 97.80973020355485
0.25 0.25 0.25 0.25
94.9239050616389
45.0
423.9944238778055 365.64876442847265
3
270.0117788667485 365.64876442847265
0.25 0.25 0.25 0.25
153.982645011057
45.0
182.57232215149975 210.45991190024813
2
273.9675230325777 210.45991190024813
0.25 0.25 0.25 0.25
91.39520088107794
45.0
264.1604931688804 174.84092032209648
2
403.6945193424292 174.84092032209648
0.25 0.25 0.25 0.25
139.53402617354882
45.0
67.69321555898219 495.80010694268867
2
229.2008448361388 495.80010694268867
0.25 0.25 0.25 0.25
161.5076292771566
45.0
22.73264678800399 193.36183926158742
2
143.46117799553542 193.36183926158742
0.25 0.25 0.25 0.25
120.72853120753143
45.0
120.84534042427686 352.15781610694586
0
120.84534042427686 306.3595490717584
0.25 0.25 0.25 0.25
45.79826703518743
45.0
77.74660821538495 84.5998713518297
0
77.74660821538495 47.61467249090805
0.25 0.25 0.25 0.25
36.985198860921656
45.0
462.86364379700376 212.39301136443544
1
462.86364379700376 220.9170858111196
0.25 0.25 0.25 0.25
8.52407444668415
45.0
241.36194412539356 376.58937621594396
2
286.32840639427934 376.58937621594396
0.25 0.25 0.25 0.25
44.966462268885785
45.0
42.991002401645616 280.2487198885469
0
42.991002401645616 273.02671584982255
0.25 0.25 0.25 0.25
7.222004038724339
45.0
350.2254366820773 177.471754625661
1
350.2254366820773 179.99356259735433
0.25 0.25 0.25 0.25
2.5218079716933293
45.0
5.389968007003517 194.90091079517515
2
40.33954087039979 194.90091079517515
0.25 0.25 0.25 0.25
45.729508877403305
45.0
12.608173686846044 52.07246235038275
0
12.608173686846044 6.389517017486924
0.25 0.25 0.25 0.25
45.68294533289583
45.0
5.188008978450696 261.17978923795266
1
5.188008978450696 303.8053149209824
0.25 0.25 0.25 0.25
42.62552568302977
45.0
232.4208054818721 49.38273705844789
0
232.4208054818721 10.866107270872192
0.25 0.25 0.25 0.25
38.516629787575695
45.0
457.53122770806084 5.908776184574528
1
457.53122770806084 25.212604939832534
0.25 0.25 0.25 0.25
19.303828755258007
45.0
99.56807582743099 222.73419249387592
1
99.56807582743099 242.13048789287396
0.25 0.25 0.25 0.25
19.39629539899804
45.0
96.48946402652888 291.57121409439094
1
96.48946402652888 309.91202226238755
0.25 0.25 0.25 0.25
18.340808167996613
45.0
74.76876981535352 156.74861514134182
0
74.76876981535352 121.2327673138998
0.25 0.25 0.25 0.25
35.515847827442016
45.0
253.27422275066053 163.8790955364447
3
214.36395856206275 163.8790955364447
0.25 0.25 0.25 0.25
38.91026418859777
45.0
418.877146670454 204.16874924776806
0
418.877146670454 183.1741932288652
0.25 0.25 0.25 0.25
20.99455601890286
45.0
151.2217467083285 206.2595500871414
1
151.2217467083285 225.84052159232328
0.25 0.25 0.25 0.25
19.58097150518188
45.0
96.27889463965533 287.7593432282712
3
66.35296356125909 287.7593432282712
0.25 0.25 0.25 0.25
29.925931078396246
45.0
178.06890755451275 321.2794535257616
0
178.06890755451275 311.4648611655225
0.25 0.25 0.25 0.25
9.814592360239061
45.0
89.6633590537408 75.34286654049663
2
131.51863715774482 75.34286654049663
0.25 0.25 0.25 0.25
41.855278104004014
45.0
116.65086498138942 490.99483881963306
0
116.65086498138942 460.8841572747633
0.25 0.25 0.25 0.25
30.110681544869728
45.0
367.9604324453909 290.95550428924923
3
327.60237166691815 290.95550428924923
0.25 0.25 0.25 0.25
40.35806077847274
45.0
485.6685320772916 203.25760468990023
1
485.6685320772916 237.79971123432568
0.25 0.25 0.25 0.25
34.54210654442546
45.0
251.43411599166018 340.16562408855543
3
227.52464339945024 340.16562408855543
0.25 0.25 0.25 0.25
23.909472592209944
45.0
228.46718845162886 359.0714027268738
0
228.46718845162886 356.9397039921569
0.25 0.25 0.25 0.25
2.1316987347169247
45.0
66.5740677575343 407.26535297367036
3
30.972739884245463 407.26535297367036
0.25 0.25 0.25 0.25
35.60132787328883
45.0
464.93944723033667 230.96859772864616
0
464.93944723033667 199.20016319521864
0.25 0.25 0.25 0.25
31.768434533427538
45.0
223.15389602834992 463.09638661895815
3
180.6839628966988 463.09638661895815
0.25 0.25 0.25 0.25
42.469933131651125
45.0
