62095
225.2780513691025 115.0714107217371
2
324.9862019416342 115.0714107217371
0.25 0.25 0.25 0.25
99.70815057253168
45.0
212.53116639979248 20.28178993928573
1
212.53116639979248 87.97529635615464
0.25 0.25 0.25 0.25
108.25708629544037
45.0
498.43904497414024 363.4332538132463
3
364.70063258965797 363.4332538132463
0.25 0.25 0.25 0.25
133.73841238448227
45.0
492.94197768693164 204.4323236041765
1
492.94197768693164 328.64213038638627
0.25 0.25 0.25 0.25
124.20980678220977
45.0
280.9499448540363 122.03468929837027
0
280.9499448540363 13.00784506717585
0.25 0.25 0.25 0.25
109.02684423119442
45.0
168.20665615191115 400.720582741744
3
61.94023124565871 400.720582741744
0.25 0.25 0.25 0.25
106.26642490625244
45.0
478.75289015185547 219.93616400421482
3
309.26313967367025 219.93616400421482
0.25 0.25 0.25 0.25
169.4897504781852
45.0
227.16400444731383 195.4329286046681
2
378.04097797028953 195.4329286046681
0.25 0.25 0.25 0.25
150.8769735229757
45.0
420.3696686364018 105.22825340286963
3
257.97783333069924 105.22825340286963
0.25 0.25 0.25 0.25
162.39183530570259
45.0
465.9928375306871 487.0723618801952
0
465.9928375306871 336.74569225011544
0.25 0.25 0.25 0.25
150.3266696300798
45.0
446.4726966230155 348.4378657661968
0
446.4726966230155 230.4320736315426
0.25 0.25 0.25 0.25
118.00579213465421
45.0
81.30722706233502 46.04289051086408
2
238.06324745172097 46.04289051086408
0.25 0.25 0.25 0.25
156.75602038938595
45.0
155.4548025366473 67.81914871146043
2
273.6115338169575 67.81914871146043
0.25 0.25 0.25 0.25
118.1567312803102
45.0
87.0460193137954 202.2833450229545
2
79.628094563947 202.2833450229545
0.25 0.25 0.25 0.25
166.6741138777424
45.0
213.63221236543248 487.84801119613167
0
213.63221236543248 349.98984003014914
0.25 0.25 0.25 0.25
162.16214877371917
45.0
112.85998813806174 465.3046107878531
2
234.87775552535356 465.3046107878531
0.25 0.25 0.25 0.25
122.01776738729183
45.0
199.20084782805725 137.70463107234377
1
199.20084782805725 281.0824431490123
0.25 0.25 0.25 0.25
143.37781207666853
45.0
115.73624001193281 106.99889345148455
2
223.53924097352467 106.99889345148455
0.25 0.25 0.25 0.25
107.80300096159186
45.0
372.6705271333211 385.7502065268201
2
488.02794665335705 385.7502065268201
0.25 0.25 0.25 0.25
115.35741952003593
45.0
114.29094102325189 486.6157656971784
0
114.29094102325189 343.17338058322764
0.25 0.25 0.25 0.25
170.210853719594
45.0
3.9305163738976034 316.37199301780856
0
3.9305163738976034 205.10944482302875
0.25 0.25 0.25 0.25
111.26254819477981
45.0
77.03751979823943 134.92521610023766
2
211.6524182483248 134.92521610023766
0.25 0.25 0.25 0.25
134.61489845008538
45.0
185.00933803424942 331.17825707568494
0
185.00933803424942 198.7155763324821
0.25 0.25 0.25 0.25
132.46268074320284
45.0
404.6354037884163 309.94972896237505
0
404.6354037884163 179.17792404132004
0.25 0.25 0.25 0.25
130.771804921055
45.0
480.0270133244722 59.20931333939495
1
480.0270133244722 105.00036025965181
0.25 0.25 0.25 0.25
164.20967359904677
45.0
134.9625928145116 183.9238310763825
1
134.9625928145116 353.403398429994
0.25 0.25 0.25 0.25
169.47956735361151
45.0
198.56216698852052 1.530159631448953
3
73.29959508289033 1.530159631448953
0.25 0.25 0.25 0.25
125.26257190563018
45.0
129.67940668021868 197.760393044363
2
14.385765883101897 197.760393044363
0.25 0.25 0.25 0.25
144.06517256332057
45.0
172.7268255137329 444.88789741875644
0
172.7268255137329 347.22142353428603
0.25 0.25 0.25 0.25
97.66647388447043
45.0
494.0845827865355 82.11367892292554
3
370.9752898405168 82.11367892292554
0.25 0.25 0.25 0.25
134.94012737294767
45.0
239.39655538511772 374.5351174989899
2
386.57644162258015 374.5351174989899
0.25 0.25 0.25 0.25
147.17988623746243
45.0
89.20215509839204 30.58798284475995
1
89.20215509839204 102.55463468328264
0.25 0.25 0.25 0.25
133.1426175280426
45.0
184.98200165783388 227.90492961847875
0
184.98200165783388 125.17743923377247
0.25 0.25 0.25 0.25
102.72749038470627
45.0
401.636957655984 226.20131810974786
3
283.16737287470175 226.20131810974786
0.25 0.25 0.25 0.25
118.4695847812823
45.0
221.2565152623806 88.56512190766279
3
122.77717737747201 88.56512190766279
0.25 0.25 0.25 0.25
98.47933788490857
45.0
99.66393624177593 405.42020927107467
0
99.66393624177593 425.2866513051531
0.25 0.25 0.25 0.25
169.2931394237722
45.0
17.96791993523378 203.65203378155502
2
139.20380916409442 203.65203378155502
0.25 0.25 0.25 0.25
121.23588922886064
45.0
196.67233285277683 212.80879803351752
0
196.67233285277683 112.92260874101542
0.25 0.25 0.25 0.25
99.8861892925021
45.0
13.156772844519764 288.037815684083
1
13.156772844519764 405.30494947630245
0.25 0.25 0.25 0.25
117.26713379221945
45.0
139.78247609492428 218.54573819263794
0
139.78247609492428 74.20177633411163
0.25 0.25 0.25 0.25
144.3439618585263
45.0
5.943765300581177 134.04132674379207
0
5.943765300581177 7.606554444936677
0.25 0.25 0.25 0.25
126.4347722988554
45.0
265.23083168292476 138.38425843249172
2
360.1873312058831 138.38425843249172
0.25 0.25 0.25 0.25
94.95649952295831
45.0
480.6650465681206 342.8335901608326
1
480.6650465681206 483.47153133699135
0.25 0.25 0.25 0.25
140.63794117615876
45.0
110.43740213317815 197.04088037652537
2
40.49818766720222 197.04088037652537
0.25 0.25 0.25 0.25
150.93558980038037
45.0
335.09252607353386 318.19844432750773
3
193.63990140189992 318.19844432750773
0.25 0.25 0.25 0.25
141.45262467163394
45.0
430.9492652141997 391.5380417379432
0
430.9492652141997 239.80452480401615
0.25 0.25 0.25 0.25
151.73351693392706
45.0
157.7180701039332 131.6698697853858
2
321.70205061391255 131.6698697853858
0.25 0.25 0.25 0.25
163.98398050997935
45.0
305.1625213174689 414.6841414835546
3
142.1970214008141 414.6841414835546
0.25 0.25 0.25 0.25
162.96549991665478
45.0
