18821
323.6378146495333 309.038771712068
2
439.7039595900608 309.038771712068
0.25 0.25 0.25 0.25
116.06614494052745
45.0
316.47143715736 389.7172007044901
0
316.47143715736 258.1965680748872
0.25 0.25 0.25 0.25
131.52063262960294
45.0
208.1962661894962 71.81877630399215
2
334.77151021132687 71.81877630399215
0.25 0.25 0.25 0.25
126.57524402183064
45.0
136.73250510409082 233.4785686353727
2
28.01036114158586 233.4785686353727
0.25 0.25 0.25 0.25
164.74286624567668
45.0
430.87786793160114 1.6821727056364182
1
430.87786793160114 119.16925425492151
0.25 0.25 0.25 0.25
120.85142696055793
45.0
312.6702017195936 97.71298371627518
1
312.6702017195936 272.0259141760595
0.25 0.25 0.25 0.25
174.3129304597843
45.0
177.63784022097582 59.94655001070744
3
60.56846838720443 59.94655001070744
0.25 0.25 0.25 0.25
117.0693718337714
45.0
425.52150780502257 314.406394288779
0
425.52150780502257 170.79985610044582
0.25 0.25 0.25 0.25
143.60653818833316
45.0
432.82739588863546 168.15519761449914
3
420.22070866651313 168.15519761449914
0.25 0.25 0.25 0.25
146.95189544485137
45.0
285.5780843625715 469.9296630579861
0
285.5780843625715 428.29881459573164
0.25 0.25 0.25 0.25
101.77152234628232
45.0
114.47359473764828 91.91122119127192
2
278.01058610810514 91.91122119127192
0.25 0.25 0.25 0.25
163.53699137045686
45.0
102.46063317428809 108.44535766705769
2
255.33939943633646 108.44535766705769
0.25 0.25 0.25 0.25
152.87876626204837
45.0
243.92649886862398 309.02698356279996
1
243.92649886862398 476.09942643706313
0.25 0.25 0.25 0.25
167.07244287426317
45.0
104.38858571379268 70.3808367064754
1
104.38858571379268 241.31990808412587
0.25 0.25 0.25 0.25
170.93907137765046
45.0
443.38489371141975 359.5107882503903
0
443.38489371141975 214.70865269086664
0.25 0.25 0.25 0.25
144.80213555952366
45.0
53.46825581105796 443.9600586800609
0
53.46825581105796 304.0323841893311
0.25 0.25 0.25 0.25
139.9276744907298
45.0
442.08920642476846 453.47528983596374
0
442.08920642476846 442.00691720207055
0.25 0.25 0.25 0.25
104.51779296196571
45.0
168.12258259403282 459.3051510096336
0
168.12258259403282 368.30051357933553
0.25 0.25 0.25 0.25
91.00463743029806
45.0
381.37881374738515 32.86400492273046
3
254.96682994193827 32.86400492273046
0.25 0.25 0.25 0.25
126.41198380544687
45.0
295.596012215182 281.6505479253681
3
162.98964932791992 281.6505479253681
0.25 0.25 0.25 0.25
132.60636288726207
45.0
259.35664418695313 306.98625495777145
1
259.35664418695313 437.2677892450679
0.25 0.25 0.25 0.25
130.28153428729644
45.0
267.0757277135483 89.84932092277836
2
356.60235368693066 89.84932092277836
0.25 0.25 0.25 0.25
89.52662597338235
45.0
106.26887126789455 101.75405596313061
1
106.26887126789455 236.23363709736398
0.25 0.25 0.25 0.25
134.47958113423337
45.0
483.2491312603511 196.4118827101142
0
483.2491312603511 29.50556284299938
0.25 0.25 0.25 0.25
166.90631986711483
45.0
442.03616105313347 51.18546032082119
1
442.03616105313347 89.63270772141442
0.25 0.25 0.25 0.25
140.8181680422356
45.0
475.5781113116309 222.57323342203685
3
345.9825993721771 222.57323342203685
0.25 0.25 0.25 0.25
129.59551193945381
45.0
355.30756836837054 350.98772828011056
3
185.6447346677264 350.98772828011056
0.25 0.25 0.25 0.25
169.66283370064414
45.0
294.3733170304022 3.9776132708288117
1
294.3733170304022 97.86127932012943
0.25 0.25 0.25 0.25
93.88366604930061
45.0
492.01119788939127 110.60594397712634
3
397.15340586154514 110.60594397712634
0.25 0.25 0.25 0.25
110.83539624906362
45.0
403.5727682004642 28.962873050657034
3
381.4247466971658 28.962873050657034
0.25 0.25 0.25 0.25
22.1480215032984
45.0
98.94744317278403 106.30644446095926
3
60.02278229222042 106.30644446095926
0.25 0.25 0.25 0.25
38.924660880563614
45.0
224.22484793883348 378.24876392108763
2
273.55051299392505 378.24876392108763
0.25 0.25 0.25 0.25
49.32566505509159
45.0
488.4769645127725 178.22663428951088
0
488.4769645127725 176.31635907462498
0.25 0.25 0.25 0.25
1.910275214885887
45.0
34.73939722920767 339.04766280435126
2
6.6729436235984565 339.04766280435126
0.25 0.25 0.25 0.25
41.412340852806125
45.0
225.46320427188633 175.3111967543129
2
271.1871226203276 175.3111967543129
0.25 0.25 0.25 0.25
45.72391834844129
45.0
19.01058254686118 387.97622248005536
1
19.01058254686118 417.07870929267665
0.25 0.25 0.25 0.25
29.102486812621315
45.0
133.1648557007702 275.88562864051056
2
158.67462056533452 275.88562864051056
0.25 0.25 0.25 0.25
25.50976486456433
45.0
37.33466509353826 14.939120743793453
2
51.95116086635724 14.939120743793453
0.25 0.25 0.25 0.25
14.616495772818983
45.0
444.2443563903066 21.937763601664074
2
465.0036657296198 21.937763601664074
0.25 0.25 0.25 0.25
20.759309339313205
45.0
385.138354535046 116.03714361153261
0
385.138354535046 70.09498325271366
0.25 0.25 0.25 0.25
45.94216035881895
45.0
73.46233430676398 44.15869845667112
1
73.46233430676398 3.4179046284912147
0.25 0.25 0.25 0.25
47.57660308516233
45.0
391.7673345235436 375.51538405738876
3
369.6901791467712 375.51538405738876
0.25 0.25 0.25 0.25
22.077155376772378
45.0
473.473781716222 350.49845743295424
3
426.46346113181573 350.49845743295424
0.25 0.25 0.25 0.25
47.01032058440624
45.0
9.264449028390928 392.88233666024166
1
9.264449028390928 432.06643621485836
0.25 0.25 0.25 0.25
39.18409955461669
45.0
399.9540092721445 203.7782500936267
3
351.8308600621608 203.7782500936267
0.25 0.25 0.25 0.25
48.123149209983715
45.0
331.5863242338662 423.628797784593
1
331.5863242338662 458.30233448061495
0.25 0.25 0.25 0.25
34.67353669602195
45.0
148.99643860200308 333.9295104085691
0
148.99643860200308 331.175379606589
0.25 0.25 0.25 0.25
2.7541308019800983
45.0
88.06375460594148 22.56626152459069
2
105.98827329209516 22.56626152459069
0.25 0.25 0.25 0.25
17.92451868615367
45.0
