28344
472.332444955337 32.27156010331345
1
472.332444955337 191.9620665576306
0.25 0.25 0.25 0.25
159.69050645431716
45.0
493.4029110064757 228.67872571315763
0
493.4029110064757 111.64917741264873
0.25 0.25 0.25 0.25
117.0295483005089
45.0
294.2564725585114 133.70913491949727
2
413.24478274064495 133.70913491949727
0.25 0.25 0.25 0.25
118.98831018213353
45.0
265.80191916437343 171.50178569611182
2
361.3837332306292 171.50178569611182
0.25 0.25 0.25 0.25
95.5818140662558
45.0
440.6150887672925 327.5275717578554
0
440.6150887672925 203.95472569739874
0.25 0.25 0.25 0.25
123.57284606045667
45.0
212.39929247812188 190.1196154505808
0
212.39929247812188 71.89260653343935
0.25 0.25 0.25 0.25
118.22700891714145
45.0
187.93136818390988 224.73023805821072
2
346.20863843741245 224.73023805821072
0.25 0.25 0.25 0.25
158.27727025350256
45.0
449.58464231567496 488.05774319815345
0
449.58464231567496 397.37068147176376
0.25 0.25 0.25 0.25
90.68706172638969
45.0
102.18109560564551 315.9729623080239
2
252.74344706611447 315.9729623080239
0.25 0.25 0.25 0.25
150.56235146046896
45.0
225.2634090599404 412.5244690398598
0
225.2634090599404 497.01018657135467
0.25 0.25 0.25 0.25
90.46534438878552
45.0
276.100850274664 138.14663240421868
3
188.1289860224624 138.14663240421868
0.25 0.25 0.25 0.25
87.9718642522016
45.0
344.4178898322892 238.0613373031515
1
344.4178898322892 365.4496277150292
0.25 0.25 0.25 0.25
127.38829041187769
45.0
245.6500048393466 261.74640692462674
3
106.76112527346211 261.74640692462674
0.25 0.25 0.25 0.25
138.88887956588448
45.0
51.6196337564636 9.950598353616897
1
51.6196337564636 111.68168796214837
0.25 0.25 0.25 0.25
101.73108960853148
45.0
309.0960923100488 68.96718528198187
2
406.0476498318128 68.96718528198187
0.25 0.25 0.25 0.25
96.95155752176402
45.0
429.4120553961304 327.11337615131725
3
313.9630069479427 327.11337615131725
0.25 0.25 0.25 0.25
115.44904844818774
45.0
294.7108480660748 207.7277562411865
1
294.7108480660748 314.19599319135017
0.25 0.25 0.25 0.25
106.46823695016367
45.0
308.77230201782663 472.3935106673099
3
192.33138457326788 472.3935106673099
0.25 0.25 0.25 0.25
116.44091744455875
45.0
26.182436130812874 225.74420135752757
2
69.15795176205883 225.74420135752757
0.25 0.25 0.25 0.25
95.3403878928717
45.0
16.265827674817984 44.32212045596866
2
112.91711367831708 44.32212045596866
0.25 0.25 0.25 0.25
96.6512860034991
45.0
445.5486220127333 181.71941298876834
3
274.34237245315865 181.71941298876834
0.25 0.25 0.25 0.25
171.20624955957464
45.0
392.7884637261152 60.25363014975569
3
494.9703612342926 60.25363014975569
0.25 0.25 0.25 0.25
112.24117503959216
45.0
403.93015779962184 277.08646374311365
3
276.44637442889314 277.08646374311365
0.25 0.25 0.25 0.25
127.4837833707287
45.0
250.78009420349136 142.55733783326247
0
250.78009420349136 53.631053959347554
0.25 0.25 0.25 0.25
88.92628387391491
45.0
434.5276529408929 465.94260796064077
3
263.2690819508896 465.94260796064077
0.25 0.25 0.25 0.25
171.2585709900033
45.0
43.306888651853626 31.8972545825971
1
43.306888651853626 121.86836845148926
0.25 0.25 0.25 0.25
153.76562303408636
45.0
277.14008558940225 418.7017222642538
0
277.14008558940225 277.4599181532186
0.25 0.25 0.25 0.25
141.24180411103518
45.0
69.65029750762378 107.28687529165383
2
53.005679286104524 107.28687529165383
0.25 0.25 0.25 0.25
122.6559767937283
45.0
257.0558712315169 270.3239060661541
0
257.0558712315169 171.14821496013792
0.25 0.25 0.25 0.25
99.17569110601619
45.0
428.10919766831853 166.27450494823992
0
428.10919766831853 23.38913217121916
0.25 0.25 0.25 0.25
142.88537277702076
45.0
122.99862400575215 369.33871754096504
1
122.99862400575215 489.5600695483985
0.25 0.25 0.25 0.25
120.22135200743345
45.0
149.23085043179742 454.9603455817397
2
14.538207807871686 454.9603455817397
0.25 0.25 0.25 0.25
163.7690582396691
45.0
289.7012044476337 288.39623394735395
3
188.22802957259873 288.39623394735395
0.25 0.25 0.25 0.25
101.47317487503497
45.0
235.99782592895403 267.6205544671336
3
119.15722320290513 267.6205544671336
0.25 0.25 0.25 0.25
116.8406027260489
45.0
272.83758814446014 115.78832127761416
3
115.3794684069253 115.78832127761416
0.25 0.25 0.25 0.25
157.45811973753484
45.0
459.89313624956935 57.41950439598435
3
356.72069341308134 57.41950439598435
0.25 0.25 0.25 0.25
103.17244283648805
45.0
420.70809738826097 298.91895544499334
3
412.21960461963226 298.91895544499334
0.25 0.25 0.25 0.25
167.07229799210677
45.0
385.42015761101675 96.589661097668
3
442.9390406216236 96.589661097668
0.25 0.25 0.25 0.25
171.64080176735962
45.0
302.5007323989033 116.70023814043883
3
209.99699568845466 116.70023814043883
0.25 0.25 0.25 0.25
92.50373671044868
45.0
398.9797304562052 242.58015242907425
3
352.29548383509814 242.58015242907425
0.25 0.25 0.25 0.25
46.68424662110703
45.0
352.5290906892991 308.4973836975481
0
352.5290906892991 287.95162492188484
0.25 0.25 0.25 0.25
20.545758775663288
45.0
260.91388126619853 497.8597330499301
2
265.1129890385677 497.8597330499301
0.25 0.25 0.25 0.25
4.199107772369215
45.0
313.0147815618651 104.01895499400406
1
313.0147815618651 130.98138925188888
0.25 0.25 0.25 0.25
26.962434257884826
45.0
273.1653137615227 305.62456795196556
3
231.71898744807797 305.62456795196556
0.25 0.25 0.25 0.25
41.44632631344475
45.0
49.039871420389424 35.34426324445076
2
79.52852824129235 35.34426324445076
0.25 0.25 0.25 0.25
30.488656820902925
45.0
333.4407300043796 205.5671630880267
3
314.9507046568763 205.5671630880267
0.25 0.25 0.25 0.25
18.490025347503252
45.0
253.2384803378257 385.70549357078676
3
237.11686378001014 385.70549357078676
0.25 0.25 0.25 0.25
16.121616557815578
45.0
108.74804608860337 413.8065013790957
2
108.89310031047054 413.8065013790957
0.25 0.25 0.25 0.25
0.1450542218671691
45.0
