28344
14.476413049685277 385.772195643974
0
14.476413049685277 454.5372979017088
0.25 0.25 0.25 0.25
159.69050645431716
45.0
453.33115428894416 239.439467488878
3
336.30160598843526 239.439467488878
0.25 0.25 0.25 0.25
117.0295483005089
45.0
484.13957437984675 252.69744510163082
3
396.8721154380197 252.69744510163082
0.25 0.25 0.25 0.25
118.98831018213353
45.0
351.8708245706034 325.70164988255317
0
351.8708245706034 230.11983581629738
0.25 0.25 0.25 0.25
95.5818140662558
45.0
216.3038596790727 336.00558460981495
3
92.73101361861603 336.00558460981495
0.25 0.25 0.25 0.25
123.57284606045667
45.0
94.17228356098043 81.75175812484407
1
94.17228356098043 199.97876704198552
0.25 0.25 0.25 0.25
118.22700891714145
45.0
87.2586112259408 66.45296780470815
1
87.2586112259408 91.82430244879441
0.25 0.25 0.25 0.25
158.27727025350256
45.0
459.7282959579354 488.05774319815345
0
459.7282959579354 397.37068147176376
0.25 0.25 0.25 0.25
90.68706172638969
45.0
5.555204368459215 135.71409207338297
2
145.00714709200975 135.71409207338297
0.25 0.25 0.25 0.25
150.56235146046896
45.0
141.47918021856094 482.366551401277
0
141.47918021856094 427.1681042099375
0.25 0.25 0.25 0.25
90.46534438878552
45.0
331.76322130108326 355.35646955954974
0
331.76322130108326 267.3846053073481
0.25 0.25 0.25 0.25
87.9718642522016
45.0
126.92262522517858 163.2098572275031
1
126.92262522517858 290.5981476393808
0.25 0.25 0.25 0.25
127.38829041187769
45.0
393.2387069124587 206.19072084700966
3
467.87241352165677 206.19072084700966
0.25 0.25 0.25 0.25
138.88887956588448
45.0
184.33005072787194 451.49674895837234
0
184.33005072787194 349.76565934984086
0.25 0.25 0.25 0.25
101.73108960853148
45.0
436.53207461417264 38.48276049962203
3
466.51636786406334 38.48276049962203
0.25 0.25 0.25 0.25
96.95155752176402
45.0
393.72113866820337 172.6228916694398
1
393.72113866820337 288.07194011762755
0.25 0.25 0.25 0.25
115.44904844818774
45.0
89.37623228605285 188.83839084576914
2
195.84446923621653 188.83839084576914
0.25 0.25 0.25 0.25
106.46823695016367
45.0
163.9508178764346 472.3935106673099
0
163.9508178764346 411.16557188813135
0.25 0.25 0.25 0.25
116.44091744455875
45.0
214.71506616625038 128.25566771434984
3
119.37467827337868 128.25566771434984
0.25 0.25 0.25 0.25
95.3403878928717
45.0
306.2196856853153 304.598972392985
0
306.2196856853153 207.9476863894859
0.25 0.25 0.25 0.25
96.6512860034991
45.0
274.2951389979006 421.39309317718664
3
103.08888943832596 421.39309317718664
0.25 0.25 0.25 0.25
171.20624955957464
45.0
290.82916186776737 162.3242298330183
0
290.82916186776737 50.08305479342614
0.25 0.25 0.25 0.25
112.24117503959216
45.0
488.4563257954791 272.5892036714604
3
384.0598908337922 272.5892036714604
0.25 0.25 0.25 0.25
127.4837833707287
45.0
260.9667316530622 391.000365410227
2
349.89301552697714 391.000365410227
0.25 0.25 0.25 0.25
88.92628387391491
45.0
482.8180692390474 156.92690727053815
3
311.5594982490441 156.92690727053815
0.25 0.25 0.25 0.25
171.2585709900033
45.0
429.2912970723853 31.8972545825971
3
416.9430798935283 31.8972545825971
0.25 0.25 0.25 0.25
153.76562303408636
45.0
39.26563630092906 90.98862915116882
1
39.26563630092906 50.25317495986636
0.25 0.25 0.25 0.25
141.24180411103518
45.0
439.72579531746305 468.4886373766403
3
437.61822788880863 468.4886373766403
0.25 0.25 0.25 0.25
122.6559767937283
45.0
32.228113146693545 468.6752882781865
0
32.228113146693545 369.4995971721703
0.25 0.25 0.25 0.25
99.17569110601619
45.0
428.50441654660904 119.69385004494686
3
428.61021067637023 119.69385004494686
0.25 0.25 0.25 0.25
142.88537277702076
45.0
46.54025612468733 8.674661518664706
2
166.76160813212078 8.674661518664706
0.25 0.25 0.25 0.25
120.22135200743345
45.0
91.379013237614 71.11813026123832
2
72.3900450020551 71.11813026123832
0.25 0.25 0.25 0.25
163.7690582396691
45.0
217.69152707329798 335.1745640532056
1
217.69152707329798 436.6477389282405
0.25 0.25 0.25 0.25
101.47317487503497
45.0
451.33603677017084 370.751403536014
0
451.33603677017084 253.91080080996508
0.25 0.25 0.25 0.25
116.8406027260489
45.0
264.5418631576222 60.53703970282322
1
264.5418631576222 217.99515944035807
0.25 0.25 0.25 0.25
157.45811973753484
45.0
389.2116770653686 120.86836112574508
2
492.3841199018566 120.86836112574508
0.25 0.25 0.25 0.25
103.17244283648805
45.0
251.20201144351358 40.09321644450142
1
251.20201144351358 126.97908154760535
0.25 0.25 0.25 0.25
167.07229799210677
45.0
413.0942300174661 306.3815636453664
1
413.0942300174661 478.022365412726
0.25 0.25 0.25 0.25
171.64080176735962
45.0
67.51421444289132 125.72876436103643
1
67.51421444289132 218.2325010714851
0.25 0.25 0.25 0.25
92.50373671044868
45.0
305.6112372139911 36.212344987893836
1
305.6112372139911 82.89659160900086
0.25 0.25 0.25 0.25
46.68424662110703
45.0
249.80029681098273 390.6804188002012
0
249.80029681098273 370.13466002453794
0.25 0.25 0.25 0.25
20.545758775663288
45.0
357.49336003068987 443.35275813690123
1
357.49336003068987 447.5518659092704
0.25 0.25 0.25 0.25
4.199107772369215
45.0
70.35287324090167 327.3799931321532
0
70.35287324090167 300.41755887426837
0.25 0.25 0.25 0.25
26.962434257884826
45.0
58.40529674603531 264.17824163852083
2
99.85162305948006 264.17824163852083
0.25 0.25 0.25 0.25
41.44632631344475
45.0
201.48315552490402 462.1854587370916
2
231.97181234580694 462.1854587370916
0.25 0.25 0.25 0.25
30.488656820902925
45.0
167.03050187685022 57.646960308000644
1
167.03050187685022 76.13698565550389
0.25 0.25 0.25 0.25
18.490025347503252
45.0
4.7073845872234585 275.74055871508625
1
4.7073845872234585 291.8621752729018
0.25 0.25 0.25 0.25
16.121616557815578
45.0
107.44255809179884 416.1273689289702
0
107.44255809179884 415.98231470710306
0.25 0.25 0.25 0.25
0.1450542218671691
45.0
