28344
493.5479324126368 93.29932371897749
3
333.8574259583196 93.29932371897749
0.25 0.25 0.25 0.25
159.69050645431716
45.0
195.58020080952917 111.64917741264873
1
195.58020080952917 5.380370887860181
0.25 0.25 0.25 0.25
117.0295483005089
45.0
39.90718489161908 252.69744510163088
0
39.90718489161908 133.70913491949733
0.25 0.25 0.25 0.25
118.98831018213353
45.0
74.63829103186178 325.70164988255317
2
20.94352303439402 325.70164988255317
0.25 0.25 0.25 0.25
95.5818140662558
45.0
216.3038596790727 77.44266097255488
2
339.87670573952937 77.44266097255488
0.25 0.25 0.25 0.25
123.57284606045667
45.0
94.17228356098043 81.75175812484407
1
94.17228356098043 199.97876704198552
0.25 0.25 0.25 0.25
118.22700891714145
45.0
245.53588147944336 91.82430244879441
1
245.53588147944336 250.10157270229698
0.25 0.25 0.25 0.25
158.27727025350256
45.0
459.7282959579353 32.18011355649156
1
459.7282959579353 122.86717528288125
0.25 0.25 0.25 0.25
90.68706172638969
45.0
156.11755582892818 315.9729623080239
1
156.11755582892818 466.53531376849287
0.25 0.25 0.25 0.25
150.56235146046896
45.0
412.8752133849175 296.5546509003467
3
322.409868996132 296.5546509003467
0.25 0.25 0.25 0.25
90.46534438878552
45.0
492.2930501945135 355.35646955954974
1
492.2930501945135 443.32833381175135
0.25 0.25 0.25 0.25
87.9718642522016
45.0
127.8539555985768 91.56672359625227
2
255.2422460104545 91.56672359625227
0.25 0.25 0.25 0.25
127.38829041187769
45.0
23.427931785194716 99.36488132356789
1
23.427931785194716 238.25376088945237
0.25 0.25 0.25 0.25
138.88887956588448
45.0
286.0611403364034 146.3034801327779
3
184.33005072787194 146.3034801327779
0.25 0.25 0.25 0.25
101.73108960853148
45.0
369.5648103422993 38.48276049962203
3
272.6132528205353 38.48276049962203
0.25 0.25 0.25 0.25
96.95155752176402
45.0
354.6797026345137 288.0719401176276
2
470.12875108270146 288.0719401176276
0.25 0.25 0.25 0.25
115.44904844818774
45.0
230.02847856443816 82.37015389560547
2
336.4967155146018 82.37015389560547
0.25 0.25 0.25 0.25
106.46823695016367
45.0
280.39173532099335 178.28373699901385
3
163.9508178764346 178.28373699901385
0.25 0.25 0.25 0.25
116.44091744455875
45.0
310.0554540591221 348.4462717500087
1
310.0554540591221 443.7866596428804
0.25 0.25 0.25 0.25
95.3403878928717
45.0
403.82645630418745 14.64511438248772
3
499.5222576923135 14.64511438248772
0.25 0.25 0.25 0.25
96.6512860034991
45.0
410.52985924039797 421.39309317718664
3
418.2638912000274 421.39309317718664
0.25 0.25 0.25 0.25
171.20624955957464
45.0
484.68848805304833 162.3242298330183
3
403.07033690735955 162.3242298330183
0.25 0.25 0.25 0.25
112.24117503959216
45.0
1.6085407216061185 472.4432295870822
0
1.6085407216061185 344.9594462163535
0.25 0.25 0.25 0.25
127.4837833707287
45.0
294.4018489773631 53.631053959347554
1
294.4018489773631 35.29522991456736
0.25 0.25 0.25 0.25
88.92628387391491
45.0
311.5594982490441 41.88308965948511
1
311.5594982490441 129.3754813305182
0.25 0.25 0.25 0.25
171.2585709900033
45.0
44.3537892087308 275.6339914855756
0
44.3537892087308 121.86836845148926
0.25 0.25 0.25 0.25
153.76562303408636
45.0
101.97616781010612 485.2859585157256
2
39.26563630092906 485.2859585157256
0.25 0.25 0.25 0.25
141.24180411103518
45.0
69.6502975076237 223.1766837891837
2
53.005679286104595 223.1766837891837
0.25 0.25 0.25 0.25
122.6559767937283
45.0
131.40380425270973 369.4995971721703
1
131.40380425270973 468.6752882781865
0.25 0.25 0.25 0.25
99.17569110601619
45.0
285.81665320873356 405.46459559898835
3
142.9312804317128 405.46459559898835
0.25 0.25 0.25 0.25
142.88537277702076
45.0
314.123799897613 111.54669048876875
3
193.9024478901796 111.54669048876875
0.25 0.25 0.25 0.25
120.22135200743345
45.0
272.53372203926847 252.27283906289279
2
436.3027802789376 252.27283906289279
0.25 0.25 0.25 0.25
163.7690582396691
45.0
188.2011724268419 55.9863866965847
2
289.6743473018769 55.9863866965847
0.25 0.25 0.25 0.25
101.47317487503497
45.0
100.81422859202411 447.1328155463283
0
100.81422859202411 330.29221282027936
0.25 0.25 0.25 0.25
116.8406027260489
45.0
209.29058158283124 309.6304813470374
2
366.7487013203661 309.6304813470374
0.25 0.25 0.25 0.25
157.45811973753484
45.0
126.65053711707168 394.9938530566951
2
229.82297995355972 394.9938530566951
0.25 0.25 0.25 0.25
103.17244283648805
45.0
418.27430943562035 461.1236775318189
0
418.27430943562035 294.0513795397121
0.25 0.25 0.25 0.25
167.07229799210677
45.0
243.6241664478148 66.74485049351063
3
71.98336468045517 66.74485049351063
0.25 0.25 0.25 0.25
171.64080176735962
45.0
24.989522267557362 411.75255208672024
2
117.49325897800604 411.75255208672024
0.25 0.25 0.25 0.25
92.50373671044868
45.0
72.19000410845595 197.20888811764132
1
72.19000410845595 243.89313473874836
0.25 0.25 0.25 0.25
46.68424662110703
45.0
331.9833319136358 390.6804188002012
0
331.9833319136358 370.13466002453794
0.25 0.25 0.25 0.25
20.545758775663288
45.0
353.2942522583207 447.5518659092704
1
353.2942522583207 451.7509736816396
0.25 0.25 0.25 0.25
4.199107772369215
45.0
16.428004725132023 219.53025610061388
1
16.428004725132023 246.49269035849872
0.25 0.25 0.25 0.25
26.962434257884826
45.0
99.85162305948006 25.94604255559245
1
99.85162305948006 15.500283757852301
0.25 0.25 0.25 0.25
41.44632631344475
45.0
323.4377828085157 476.83722762110256
3
292.9491259876128 476.83722762110256
0.25 0.25 0.25 0.25
30.488656820902925
45.0
167.03050187685022 131.60706169801364
3
148.54047652934696 131.60706169801364
0.25 0.25 0.25 0.25
18.490025347503252
45.0
36.950617702854615 372.4702580619797
1
36.950617702854615 388.59187461979525
0.25 0.25 0.25 0.25
16.121616557815578
45.0
106.717286982463 416.852640038306
0
106.717286982463 416.70758581643884
0.25 0.25 0.25 0.25
0.1450542218671691
45.0
