28344
367.9770485903458 32.27156010331345
3
472.332444955337 32.27156010331345
0.25 0.25 0.25 0.25
159.69050645431716
45.0
195.58020080952917 111.64917741264873
1
195.58020080952917 5.380370887860181
0.25 0.25 0.25 0.25
117.0295483005089
45.0
110.80197653082094 181.80265346242902
1
110.80197653082094 300.79096364456257
0.25 0.25 0.25 0.25
118.98831018213353
45.0
116.52533710064982 394.7710033100512
1
116.52533710064982 490.352817376307
0.25 0.25 0.25 0.25
95.5818140662558
45.0
401.5603706232106 68.96464812059531
1
401.5603706232106 54.608197939861356
0.25 0.25 0.25 0.25
123.57284606045667
45.0
212.39929247812188 490.61671353913675
3
94.17228356098043 490.61671353913675
0.25 0.25 0.25 0.25
118.22700891714145
45.0
346.20863843741245 41.487923969809856
3
495.51409130908496 41.487923969809856
0.25 0.25 0.25 0.25
158.27727025350256
45.0
265.7681978531821 32.18011355649156
3
175.0811361267924 32.18011355649156
0.25 0.25 0.25 0.25
90.68706172638969
45.0
306.67990728939714 135.71409207338297
1
306.67990728939714 14.848259387085989
0.25 0.25 0.25 0.25
150.56235146046896
45.0
406.19409783751144 487.2477631246362
2
496.65944222629696 487.2477631246362
0.25 0.25 0.25 0.25
90.46534438878552
45.0
284.03982846432797 325.0655666574262
1
284.03982846432797 413.0374309096278
0.25 0.25 0.25 0.25
87.9718642522016
45.0
70.53498571351228 91.56672359625229
2
56.853304698365406 91.56672359625229
0.25 0.25 0.25 0.25
127.38829041187769
45.0
301.2056909169637 456.1906369399701
3
162.31681135107922 456.1906369399701
0.25 0.25 0.25 0.25
138.88887956588448
45.0
218.95184289850147 213.41277757067985
3
117.22075328996999 213.41277757067985
0.25 0.25 0.25 0.25
101.73108960853148
45.0
309.0960923100488 476.7594518915579
3
212.14453478828477 476.7594518915579
0.25 0.25 0.25 0.25
96.95155752176402
45.0
84.74016970444853 327.11337615131725
2
30.708878743739206 327.11337615131725
0.25 0.25 0.25 0.25
115.44904844818774
45.0
492.3526780335979 443.5607321946235
3
401.17908501623845 443.5607321946235
0.25 0.25 0.25 0.25
106.46823695016367
45.0
300.8961387634946 157.7793335565126
0
300.8961387634946 41.33841611195385
0.25 0.25 0.25 0.25
116.44091744455875
45.0
454.1401087735826 441.63851389257445
3
450.5195033335457 441.63851389257445
0.25 0.25 0.25 0.25
95.3403878928717
45.0
466.99060234267745 271.11183242797597
0
466.99060234267745 174.4605464244769
0.25 0.25 0.25 0.25
96.6512860034991
45.0
68.11736012124868 236.19440770366407
2
239.32360968082332 236.19440770366407
0.25 0.25 0.25 0.25
171.20624955957464
45.0
178.5879868281752 51.98754488983647
3
66.34681178858304 51.98754488983647
0.25 0.25 0.25 0.25
112.24117503959216
45.0
380.84280939058 129.73241340655534
3
491.6734072386913 129.73241340655534
0.25 0.25 0.25 0.25
127.4837833707287
45.0
272.5909715904272 431.1470668419431
3
183.6646877165123 431.1470668419431
0.25 0.25 0.25 0.25
88.92628387391491
45.0
290.8205078909096 40.77118816057447
1
290.8205078909096 130.48738282942884
0.25 0.25 0.25 0.25
171.2585709900033
45.0
274.47877348142174 122.91526900836644
1
274.47877348142174 30.850354025719923
0.25 0.25 0.25 0.25
153.76562303408636
45.0
191.81481163471793 16.33106129160541
1
191.81481163471793 124.91074281942977
0.25 0.25 0.25 0.25
141.24180411103518
45.0
298.3176328735612 383.3370318832592
0
298.3176328735612 260.6810550895309
0.25 0.25 0.25 0.25
122.6559767937283
45.0
166.12326906533883 71.97252385412173
1
166.12326906533883 27.203167251894456
0.25 0.25 0.25 0.25
99.17569110601619
45.0
429.00542955466074 262.1840039436771
3
286.12005677764 262.1840039436771
0.25 0.25 0.25 0.25
142.88537277702076
45.0
35.451911942213684 73.31750654823637
2
84.76944006521977 73.31750654823637
0.25 0.25 0.25 0.25
120.22135200743345
45.0
236.1591032417242 416.0418973025619
3
72.3900450020551 416.0418973025619
0.25 0.25 0.25 0.25
163.7690582396691
45.0
319.164701948333 218.96964042782096
2
420.63787682336795 218.96964042782096
0.25 0.25 0.25 0.25
101.47317487503497
45.0
314.9827577777313 436.0265817276228
3
198.1421550516824 436.0265817276228
0.25 0.25 0.25 0.25
116.8406027260489
45.0
365.2906157925172 33.37407347308272
3
207.83249605498236 33.37407347308272
0.25 0.25 0.25 0.25
157.45811973753484
45.0
55.202522645464 323.5458385850875
1
55.202522645464 426.7182814215755
0.25 0.25 0.25 0.25
103.17244283648805
45.0
418.27430943562035 207.1655144366082
3
251.20201144351358 207.1655144366082
0.25 0.25 0.25 0.25
167.07229799210677
45.0
413.0942300174661 66.74485049351046
3
241.45342825010647 66.74485049351046
0.25 0.25 0.25 0.25
171.64080176735962
45.0
142.47684733840464 235.77360488642046
0
142.47684733840464 143.2698681759718
0.25 0.25 0.25 0.25
92.50373671044868
45.0
352.29548383509814 335.9486456712883
0
352.29548383509814 289.2643990501813
0.25 0.25 0.25 0.25
46.68424662110703
45.0
352.5290906892991 164.6770722679052
2
373.07484946496237 164.6770722679052
0.25 0.25 0.25 0.25
20.545758775663288
45.0
302.9049589898904 464.3482969987472
2
307.1040667622596 464.3482969987472
0.25 0.25 0.25 0.25
4.199107772369215
45.0
124.27774175667132 111.68051906907455
2
151.24017601455614 111.68051906907455
0.25 0.25 0.25 0.25
26.962434257884826
45.0
65.93368219429894 305.62456795196556
2
107.3800085077437 305.62456795196556
0.25 0.25 0.25 0.25
41.44632631344475
45.0
262.46046916670986 218.27620416986827
1
262.46046916670986 248.76486099077118
0.25 0.25 0.25 0.25
30.488656820902925
45.0
259.48062861436654 334.9973405205495
3
240.99060326686327 334.9973405205495
0.25 0.25 0.25 0.25
18.490025347503252
45.0
220.99524722219456 404.7134911776108
1
220.99524722219456 420.8351077354264
0.25 0.25 0.25 0.25
16.121616557815578
45.0
108.31288342300186 416.1273689289702
1
108.31288342300186 416.27242315083737
0.25 0.25 0.25 0.25
0.1450542218671691
45.0
