12925
176.49230426956115 48.45631228792749
1
176.49230426956115 74.41380249195272
0.25 0.25 0.25 0.25
122.87011477988021
45.0
377.05285925573594 138.90951843521827
1
377.05285925573594 245.37043663498764
0.25 0.25 0.25 0.25
106.46091819976937
45.0
387.7392995396855 92.44854657055708
1
387.7392995396855 13.410204639115733
0.25 0.25 0.25 0.25
105.85875120967282
45.0
231.05102755318313 326.07269390397727
1
231.05102755318313 476.85212311195835
0.25 0.25 0.25 0.25
150.77942920798108
45.0
149.82275275884592 51.63130786010669
1
149.82275275884592 116.47274316992036
0.25 0.25 0.25 0.25
168.10405103002705
45.0
181.83513802215953 367.97492822595314
1
181.83513802215953 488.81665518469106
0.25 0.25 0.25 0.25
120.84172695873792
45.0
65.76469545847732 104.78010607079682
2
77.30951568214789 104.78010607079682
0.25 0.25 0.25 0.25
143.0742111406252
45.0
279.0473290291233 264.7811956216139
0
279.0473290291233 154.47510178023668
0.25 0.25 0.25 0.25
110.30609384137723
45.0
38.18131772270105 87.3744261223316
2
163.80046131220854 87.3744261223316
0.25 0.25 0.25 0.25
125.61914358950749
45.0
136.61178311191964 268.33409712596256
2
269.72538341593486 268.33409712596256
0.25 0.25 0.25 0.25
133.11360030401522
45.0
50.329547465891324 52.228322330037486
2
200.7232805970748 52.228322330037486
0.25 0.25 0.25 0.25
150.39373313118347
45.0
10.849993266043668 387.2801942824346
2
80.43378657193216 387.2801942824346
0.25 0.25 0.25 0.25
91.28377983797583
45.0
282.9399468566664 367.55227939725745
1
282.9399468566664 486.38913307925577
0.25 0.25 0.25 0.25
118.83685368199832
45.0
334.8247953376395 346.7350676081273
2
485.53140499340293 346.7350676081273
0.25 0.25 0.25 0.25
150.70660965576343
45.0
18.423264236651363 426.94719777816033
0
18.423264236651363 451.7562098244314
0.25 0.25 0.25 0.25
121.2965923974083
45.0
180.58393725565728 133.90237651815795
1
180.58393725565728 240.7971155123728
0.25 0.25 0.25 0.25
106.89473899421486
45.0
236.06151431361684 432.9520557776875
3
108.02427622602158 432.9520557776875
0.25 0.25 0.25 0.25
128.03723808759526
45.0
116.69102019608832 344.7552259332997
0
116.69102019608832 496.17448308790733
0.25 0.25 0.25 0.25
159.07029097879294
45.0
420.7452408124784 461.2748502525112
3
332.0740403087265 461.2748502525112
0.25 0.25 0.25 0.25
88.67120050375189
45.0
182.4733576648177 349.8662843146384
1
182.4733576648177 442.6148724521893
0.25 0.25 0.25 0.25
92.74858813755091
45.0
322.8172035370508 372.7821634372956
0
322.8172035370508 224.2362768961788
0.25 0.25 0.25 0.25
148.5458865411168
45.0
310.5280587234365 458.4186383527813
2
400.30320303773766 458.4186383527813
0.25 0.25 0.25 0.25
89.77514431430114
45.0
158.06667242145306 31.23556553475902
3
12.433560523658286 31.23556553475902
0.25 0.25 0.25 0.25
145.63311189779478
45.0
34.251570198050274 275.51070962083645
2
208.38065198081958 275.51070962083645
0.25 0.25 0.25 0.25
174.1290817827693
45.0
247.31447839901364 20.54727927627755
2
419.6347404292351 20.54727927627755
0.25 0.25 0.25 0.25
172.32026203022144
45.0
31.30393934882636 188.8039616260421
2
123.34122280636075 188.8039616260421
0.25 0.25 0.25 0.25
154.6451621551871
45.0
341.07795393606955 177.37917723373465
0
341.07795393606955 52.51041152712506
0.25 0.25 0.25 0.25
124.86876570660958
45.0
287.97499083142964 299.4490445378941
3
145.82967460754412 299.4490445378941
0.25 0.25 0.25 0.25
142.14531622388552
45.0
463.3540188632285 370.80340737292727
0
463.3540188632285 472.13460320714546
0.25 0.25 0.25 0.25
157.0619894199273
45.0
64.46793088040593 262.84208818707964
0
64.46793088040593 241.46536492148593
0.25 0.25 0.25 0.25
21.376723265593707
45.0
480.1988442199587 48.25308767341673
3
455.13459038177723 48.25308767341673
0.25 0.25 0.25 0.25
25.064253838181482
45.0
252.77616203676553 333.8827271196744
0
252.77616203676553 320.8028928566919
0.25 0.25 0.25 0.25
13.079834262982509
45.0
462.47395611011126 131.2650389481847
0
462.47395611011126 126.23504351663058
0.25 0.25 0.25 0.25
5.0299954315541076
45.0
159.327855835394 156.7263212073783
0
159.327855835394 133.2409825849964
0.25 0.25 0.25 0.25
23.485338622381914
45.0
292.9280238686852 324.5303410479761
1
292.9280238686852 345.80881438811247
0.25 0.25 0.25 0.25
21.27847334013636
45.0
300.74894362766645 232.85582997920676
3
264.86304979197484 232.85582997920676
0.25 0.25 0.25 0.25
35.88589383569162
45.0
375.3379525939738 454.1231464184035
1
375.3379525939738 457.54224763058795
0.25 0.25 0.25 0.25
3.4191012121844553
45.0
349.25373551120197 447.67727677849734
0
349.25373551120197 408.12396734853394
0.25 0.25 0.25 0.25
39.553309429963385
45.0
357.5095997054818 166.8162269014333
3
318.02805103089054 166.8162269014333
0.25 0.25 0.25 0.25
39.48154867459124
45.0
194.301160153718 243.02460435978975
2
228.5393246238021 243.02460435978975
0.25 0.25 0.25 0.25
34.23816447008409
45.0
83.19918758892544 391.12742666141565
2
132.60430082705577 391.12742666141565
0.25 0.25 0.25 0.25
49.40511323813033
45.0
317.10718283830306 59.1289739721977
2
323.96076253513405 59.1289739721977
0.25 0.25 0.25 0.25
6.8535796968310025
45.0
200.00017715109198 343.476720364608
2
238.54920425109196 343.476720364608
0.25 0.25 0.25 0.25
38.54902709999998
45.0
360.653640572811 273.66388100129245
0
360.653640572811 237.25163515605587
0.25 0.25 0.25 0.25
36.41224584523658
45.0
318.0675904485913 291.3679109963447
2
350.21851507813625 291.3679109963447
0.25 0.25 0.25 0.25
32.150924629544924
45.0
453.4568050041663 21.088322787810363
3
497.5162908588733 21.088322787810363
0.25 0.25 0.25 0.25
49.02690413696039
45.0
235.2985089726469 430.807001190685
1
235.2985089726469 442.9083136210052
0.25 0.25 0.25 0.25
12.10131243032022
45.0
355.8785618867555 463.74000188343183
1
355.8785618867555 487.6811337698912
0.25 0.25 0.25 0.25
23.941131886459356
45.0
