12925
69.24792529019926 434.10573838852645
2
192.11804007007947 434.10573838852645
0.25 0.25 0.25 0.25
122.87011477988021
45.0
335.20112305366024 286.9341543638592
3
228.74020485389087 286.9341543638592
0.25 0.25 0.25 0.25
106.46091819976937
45.0
223.29303623328443 272.3989461714059
3
117.43428502361161 272.3989461714059
0.25 0.25 0.25 0.25
105.85875120967282
45.0
30.64041056653315 483.28045659179566
2
181.41983977451423 483.28045659179566
0.25 0.25 0.25 0.25
150.77942920798108
45.0
326.55110996903534 60.25561404026888
3
158.4470589390083 60.25561404026888
0.25 0.25 0.25 0.25
168.10405103002705
45.0
301.53176981279216 444.6509761551157
2
422.3734967715301 444.6509761551157
0.25 0.25 0.25 0.25
120.84172695873792
45.0
496.50680686472936 389.4090503676707
0
496.50680686472936 246.3348392270455
0.25 0.25 0.25 0.25
143.0742111406252
45.0
51.87095249500838 176.44317974389503
0
51.87095249500838 66.1370859025178
0.25 0.25 0.25 0.25
110.30609384137723
45.0
92.39097458286633 82.42127740627168
2
33.22816900664115 82.42127740627168
0.25 0.25 0.25 0.25
125.61914358950749
45.0
126.31942205633914 67.01569895005389
2
259.43302236035436 67.01569895005389
0.25 0.25 0.25 0.25
133.11360030401522
45.0
348.0955200093748 496.5904782764121
2
498.4892531405583 496.5904782764121
0.25 0.25 0.25 0.25
150.39373313118347
45.0
263.0013462478838 342.99004442137215
1
263.0013462478838 434.273824259348
0.25 0.25 0.25 0.25
91.28377983797583
45.0
261.9391510093118 157.10030587474932
3
143.10229732731347 157.10030587474932
0.25 0.25 0.25 0.25
118.83685368199832
45.0
21.53469156423131 50.43849376881906
2
129.17191809153212 50.43849376881906
0.25 0.25 0.25 0.25
150.70660965576343
45.0
437.13584453224826 488.9892685341014
3
441.56756307034345 488.9892685341014
0.25 0.25 0.25 0.25
121.2965923974083
45.0
71.15288978483858 369.57127756283387
2
178.04762877905344 369.57127756283387
0.25 0.25 0.25 0.25
106.89473899421486
45.0
123.75229524840688 432.9520557776875
0
123.75229524840688 304.91481769009226
0.25 0.25 0.25 0.25
128.03723808759526
45.0
42.37927078270462 18.963610151528485
1
42.37927078270462 178.03390113032142
0.25 0.25 0.25 0.25
159.07029097879294
45.0
288.6243632175367 159.42355327375202
2
377.2955637212886 159.42355327375202
0.25 0.25 0.25 0.25
88.67120050375189
45.0
17.210650902775768 164.3691080395366
2
75.53793723477514 164.3691080395366
0.25 0.25 0.25 0.25
92.74858813755091
45.0
362.63840932486846 33.03429039823715
1
362.63840932486846 115.51159614287965
0.25 0.25 0.25 0.25
148.5458865411168
45.0
233.22632695182278 451.80621733291764
0
233.22632695182278 458.4186383527813
0.25 0.25 0.25 0.25
89.77514431430114
45.0
298.26444655649465 50.667348819322285
1
298.26444655649465 196.30046071711706
0.25 0.25 0.25 0.25
145.63311189779478
45.0
208.38065198081958 72.74745394470216
3
34.251570198050274 72.74745394470216
0.25 0.25 0.25 0.25
174.1290817827693
45.0
108.91578855012085 54.468851457606206
2
63.40447348010059 54.468851457606206
0.25 0.25 0.25 0.25
172.32026203022144
45.0
432.63154711673496 23.77169145342259
3
412.7232907280779 23.77169145342259
0.25 0.25 0.25 0.25
154.6451621551871
45.0
342.1278282831929 198.27699423321747
1
342.1278282831929 323.14575993982703
0.25 0.25 0.25 0.25
124.86876570660958
45.0
145.82967460754412 269.13222035764795
0
145.82967460754412 126.98690413376244
0.25 0.25 0.25 0.25
142.14531622388552
45.0
337.7781292577895 470.2373333124183
3
180.7161398378622 470.2373333124183
0.25 0.25 0.25 0.25
157.0619894199273
45.0
170.67602504112486 177.3351951247048
3
149.29930177553115 177.3351951247048
0.25 0.25 0.25 0.25
21.376723265593707
45.0
369.41563275095257 26.939673841127718
3
344.3513789127711 26.939673841127718
0.25 0.25 0.25 0.25
25.064253838181482
45.0
226.61649351080052 373.12222990862193
3
213.53665924781802 373.12222990862193
0.25 0.25 0.25 0.25
13.079834262982509
45.0
457.4439606785572 131.2650389481847
1
457.4439606785572 136.2950343797388
0.25 0.25 0.25 0.25
5.0299954315541076
45.0
206.29853308015782 242.5244353731142
2
229.78387170253973 242.5244353731142
0.25 0.25 0.25 0.25
23.485338622381914
45.0
356.76344388909433 239.4164476874306
1
356.76344388909433 260.694921027567
0.25 0.25 0.25 0.25
21.27847334013636
45.0
157.20536828490003 196.96993614351516
0
157.20536828490003 161.08404230782355
0.25 0.25 0.25 0.25
35.88589383569162
45.0
378.75705380615824 454.1231464184035
3
375.3379525939738 454.1231464184035
0.25 0.25 0.25 0.25
3.4191012121844553
45.0
492.5330267689444 91.69749190882683
3
467.9136638010922 91.69749190882683
0.25 0.25 0.25 0.25
39.553309429963385
45.0
195.23208173879556 4.071250932150633
2
234.7136304133868 4.071250932150633
0.25 0.25 0.25 0.25
39.48154867459124
45.0
79.60415560695469 311.8792575291172
1
79.60415560695469 346.11742199920127
0.25 0.25 0.25 0.25
34.23816447008409
45.0
126.31900060098909 242.91208694702462
2
175.7241138391194 242.91208694702462
0.25 0.25 0.25 0.25
49.40511323813033
45.0
344.521501625627 24.86107548804268
3
337.66792192879603 24.86107548804268
0.25 0.25 0.25 0.25
6.8535796968310025
45.0
491.6076060489081 382.025747464608
3
469.8433668510919 382.025747464608
0.25 0.25 0.25 0.25
38.54902709999998
45.0
469.89037810852085 346.4883726917657
3
493.69737604624254 346.4883726917657
0.25 0.25 0.25 0.25
36.41224584523658
45.0
253.7657411895015 259.21698636679974
2
285.91666581904644 259.21698636679974
0.25 0.25 0.25 0.25
32.150924629544924
45.0
306.3760925932851 217.1959393356519
0
306.3760925932851 168.16903519869152
0.25 0.25 0.25 0.25
49.02690413696039
45.0
174.79194682104588 406.6043763300446
0
174.79194682104588 394.5030638997244
0.25 0.25 0.25 0.25
12.10131243032022
45.0
27.17954829659411 344.0343424511351
3
3.2384164101347537 344.0343424511351
0.25 0.25 0.25 0.25
23.941131886459356
45.0
