88464
141.1368262646036 370.4188415199202
3
26.56918363849465 370.4188415199202
0.25 0.25 0.25 0.25
114.56764262610895
45.0
373.1372831232194 249.27242504575187
3
458.48126115320326 249.27242504575187
0.25 0.25 0.25 0.25
168.38145572357737
45.0
90.79539016805569 41.0232654331887
1
90.79539016805569 130.3583726133034
0.25 0.25 0.25 0.25
89.3351071801147
45.0
62.05255116092488 48.763650383718
2
57.83418128651901 48.763650383718
0.25 0.25 0.25 0.25
119.88673244744389
45.0
395.16557027616363 148.01205182643798
3
243.53815091337333 148.01205182643798
0.25 0.25 0.25 0.25
151.6274193627903
45.0
92.48957667628335 430.6015325100128
2
61.889157271256124 430.6015325100128
0.25 0.25 0.25 0.25
154.37873394753947
45.0
101.52582669557046 258.722358739595
0
101.52582669557046 130.4042870673171
0.25 0.25 0.25 0.25
128.31807167227788
45.0
341.89785539460553 219.94701661805192
0
341.89785539460553 82.43012645376677
0.25 0.25 0.25 0.25
137.51689016428514
45.0
156.57649581528958 469.0705905406679
2
290.7813520480979 469.0705905406679
0.25 0.25 0.25 0.25
134.20485623280834
45.0
229.1959893260929 26.283490770801478
1
229.1959893260929 88.6513126130627
0.25 0.25 0.25 0.25
114.93480338386418
45.0
2.409412687840131 403.82660894402
2
90.3331659539482 403.82660894402
0.25 0.25 0.25 0.25
87.92375326610806
45.0
73.08926291401869 398.1491609688504
0
73.08926291401869 470.7092540287722
0.25 0.25 0.25 0.25
131.1415850023774
45.0
148.80315119579018 321.9242300029416
1
148.80315119579018 452.19448387313696
0.25 0.25 0.25 0.25
130.27025387019535
45.0
216.9998757513717 432.8768536642997
0
216.9998757513717 282.8263048058904
0.25 0.25 0.25 0.25
150.0505488584093
45.0
122.611571030969 83.53275004903355
3
27.924499168984596 83.53275004903355
0.25 0.25 0.25 0.25
94.6870718619844
45.0
432.25227388101655 253.79798708492171
3
467.9188219661188 253.79798708492171
0.25 0.25 0.25 0.25
99.82890415286467
45.0
331.275937769003 447.39441301623765
2
477.53392556914787 447.39441301623765
0.25 0.25 0.25 0.25
146.25798780014486
45.0
204.05642554917594 332.10301808745965
2
347.77360401873534 332.10301808745965
0.25 0.25 0.25 0.25
143.7171784695594
45.0
122.80835481675581 144.4808335103014
1
122.80835481675581 8.081662835657426
0.25 0.25 0.25 0.25
152.56249634595883
45.0
431.34236225407994 87.80294012597375
1
431.34236225407994 86.5574927867469
0.25 0.25 0.25 0.25
174.36043291272065
45.0
141.71021037299286 440.797382935986
0
141.71021037299286 412.58864273789914
0.25 0.25 0.25 0.25
146.61397432611486
45.0
283.2041284819064 372.51631934693694
3
167.85202783067302 372.51631934693694
0.25 0.25 0.25 0.25
115.35210065123337
45.0
87.96350228267539 294.35282225737103
0
87.96350228267539 167.9301974143512
0.25 0.25 0.25 0.25
126.42262484301983
45.0
111.73512008443424 36.96482229860419
1
111.73512008443424 103.8639070018711
0.25 0.25 0.25 0.25
140.8287293004753
45.0
213.3559116255127 253.57922319681063
3
100.01638787127132 253.57922319681063
0.25 0.25 0.25 0.25
113.33952375424138
45.0
296.3397153322646 324.0228145448776
2
447.8116634289655 324.0228145448776
0.25 0.25 0.25 0.25
151.47194809670094
45.0
27.57526140032894 249.74555362156713
2
135.1538509818334 249.74555362156713
0.25 0.25 0.25 0.25
162.72911238216233
45.0
450.36775118355706 229.46217911508674
1
450.36775118355706 393.2241011714483
0.25 0.25 0.25 0.25
163.76192205636156
45.0
40.40249877761721 46.320096309814744
1
40.40249877761721 120.36002711579454
0.25 0.25 0.25 0.25
166.68012342560928
45.0
447.66696448646167 352.050714504923
3
415.8751986758276 352.050714504923
0.25 0.25 0.25 0.25
136.45783683771077
45.0
421.7646269457838 50.720807866180024
3
474.8144677270768 50.720807866180024
0.25 0.25 0.25 0.25
103.42090532713942
45.0
330.90890393758946 408.5907151221305
2
430.15439144028323 408.5907151221305
0.25 0.25 0.25 0.25
99.24548750269376
45.0
92.00984379144973 188.53396933883113
1
92.00984379144973 359.93235102418885
0.25 0.25 0.25 0.25
171.39838168535772
45.0
355.88893557197866 73.25630575486679
1
355.88893557197866 223.19347511361116
0.25 0.25 0.25 0.25
149.93716935874437
45.0
427.3744814813017 399.8366889014693
3
289.6682753985883 399.8366889014693
0.25 0.25 0.25 0.25
137.70620608271338
45.0
429.82010702811874 74.5495714193465
3
305.6997886602106 74.5495714193465
0.25 0.25 0.25 0.25
124.12031836790815
45.0
286.7052420667927 370.8651475746734
0
286.7052420667927 263.94968749072336
0.25 0.25 0.25 0.25
106.91546008395004
45.0
430.6620415690562 241.55097113963225
3
477.7470328523491 241.55097113963225
0.25 0.25 0.25 0.25
91.59092557859466
45.0
268.3671307844933 368.6306374842836
2
419.50444093810415 368.6306374842836
0.25 0.25 0.25 0.25
151.13731015361083
45.0
265.3190673604397 487.92056498755585
0
265.3190673604397 370.054184051192
0.25 0.25 0.25 0.25
142.02525096125214
45.0
220.88955050993422 106.22154832284866
1
220.88955050993422 224.95142949818558
0.25 0.25 0.25 0.25
118.72988117533691
45.0
358.8094145990466 483.9207941329918
0
358.8094145990466 405.80238857421
0.25 0.25 0.25 0.25
110.27681729279821
45.0
497.5002037541867 281.94927817858377
3
368.68098411346966 281.94927817858377
0.25 0.25 0.25 0.25
128.81921964071702
45.0
441.1010521983899 127.48211599596539
3
304.0964081524171 127.48211599596539
0.25 0.25 0.25 0.25
137.00464404597278
45.0
419.0590396439603 421.0081058404162
3
468.8858142533592 421.0081058404162
0.25 0.25 0.25 0.25
112.05514610268047
45.0
375.7761146697451 422.31769493201296
3
480.14299983831825 422.31769493201296
0.25 0.25 0.25 0.25
144.08088549193673
45.0
123.99969920897993 210.82136417927236
1
123.99969920897993 339.081946522748
0.25 0.25 0.25 0.25
128.26058234347565
45.0
421.0232274161342 39.34236182616303
3
265.9489139194308 39.34236182616303
0.25 0.25 0.25 0.25
155.07431349670338
45.0
