88464
308.05454424686036 453.8777005110486
3
193.4869016207514 453.8777005110486
0.25 0.25 0.25 0.25
114.56764262610895
45.0
468.76999549466746 276.44941080790863
3
300.3885397710901 276.44941080790863
0.25 0.25 0.25 0.25
168.38145572357737
45.0
462.5290739313707 264.3757002310556
3
448.13581888851456 264.3757002310556
0.25 0.25 0.25 0.25
89.3351071801147
45.0
218.62705415441178 247.6309748581569
0
218.62705415441178 127.744242410713
0.25 0.25 0.25 0.25
119.88673244744389
45.0
301.2252474808254 61.30246410380437
2
452.8526668436157 61.30246410380437
0.25 0.25 0.25 0.25
151.6274193627903
45.0
451.2977627991113 25.611128014592566
1
451.2977627991113 179.98986196213204
0.25 0.25 0.25 0.25
154.37873394753947
45.0
385.201886615318 435.72478194948167
3
486.48004171240405 435.72478194948167
0.25 0.25 0.25 0.25
128.31807167227788
45.0
267.13431769459754 494.9807969466222
0
267.13431769459754 367.50231288909265
0.25 0.25 0.25 0.25
137.51689016428514
45.0
424.9862082809062 274.2997279375179
3
440.80893548628546 274.2997279375179
0.25 0.25 0.25 0.25
134.20485623280834
45.0
276.65156668367274 479.5640652389642
0
276.65156668367274 405.50113137717165
0.25 0.25 0.25 0.25
114.93480338386418
45.0
283.60817223096956 189.39333879825097
3
195.6844189648615 189.39333879825097
0.25 0.25 0.25 0.25
87.92375326610806
45.0
56.832807859338516 306.6914440620558
0
56.832807859338516 175.54985905967837
0.25 0.25 0.25 0.25
131.1415850023774
45.0
451.50568989774365 156.994754516277
3
321.2354360275483 156.994754516277
0.25 0.25 0.25 0.25
130.27025387019535
45.0
416.3932894504603 132.775755947481
3
266.34274059205103 132.775755947481
0.25 0.25 0.25 0.25
150.0505488584093
45.0
376.6864870334213 443.03189064104436
0
376.6864870334213 348.34481877905995
0.25 0.25 0.25 0.25
94.6870718619844
45.0
459.364029609352 355.33784970913973
1
459.364029609352 455.1667538620044
0.25 0.25 0.25 0.25
99.82890415286467
45.0
107.49802563143157 113.83162358332777
2
38.75996216871329 113.83162358332777
0.25 0.25 0.25 0.25
146.25798780014486
45.0
370.81228832906163 117.1092651819657
1
370.81228832906163 26.607913287593703
0.25 0.25 0.25 0.25
143.7171784695594
45.0
182.31663787516186 313.7308773587954
3
29.754141529203025 313.7308773587954
0.25 0.25 0.25 0.25
152.56249634595883
45.0
45.57633900775812 225.0452852157185
2
219.93677192047878 225.0452852157185
0.25 0.25 0.25 0.25
174.36043291272065
45.0
141.71021037299286 371.1659495430006
2
288.3241846991077 371.1659495430006
0.25 0.25 0.25 0.25
146.61397432611486
45.0
283.2041284819064 319.59628456046335
3
167.85202783067305 319.59628456046335
0.25 0.25 0.25 0.25
115.35210065123337
45.0
164.88174740336433 177.19468088223232
1
164.88174740336433 303.61730572525215
0.25 0.25 0.25 0.25
126.42262484301983
45.0
140.1329098777802 36.96482229860419
1
140.1329098777802 177.79355159907948
0.25 0.25 0.25 0.25
140.8287293004753
45.0
253.4673392018575 346.8630331628796
0
253.4673392018575 233.52350940863823
0.25 0.25 0.25 0.25
113.33952375424138
45.0
83.13841774978806 39.224718325430786
1
83.13841774978806 190.69666642213173
0.25 0.25 0.25 0.25
151.47194809670094
45.0
87.9031995677816 262.0671092319456
0
87.9031995677816 99.33799684978328
0.25 0.25 0.25 0.25
162.72911238216233
45.0
6.061079661866131 279.25205471582865
2
157.70084239449542 279.25205471582865
0.25 0.25 0.25 0.25
163.76192205636156
45.0
292.6347858589786 379.8418242683447
3
125.95466243336932 379.8418242683447
0.25 0.25 0.25 0.25
166.68012342560928
45.0
8.574098592332064 352.0507145049231
2
127.88373824537871 352.0507145049231
0.25 0.25 0.25 0.25
136.45783683771077
45.0
95.33989968991335 429.4016303903866
2
8.08100563722607 429.4016303903866
0.25 0.25 0.25 0.25
103.42090532713942
45.0
246.75366638102037 95.18184736440055
1
246.75366638102037 4.063640138293209
0.25 0.25 0.25 0.25
99.24548750269376
45.0
349.63573682572655 125.87250391973805
3
478.9658814889158 125.87250391973805
0.25 0.25 0.25 0.25
171.39838168535772
45.0
494.17389506927697 276.1782184738326
1
494.17389506927697 426.11538783257697
0.25 0.25 0.25 0.25
149.93716935874437
45.0
87.39378542854547 462.4571050158173
2
50.31242065416791 462.4571050158173
0.25 0.25 0.25 0.25
137.70620608271338
45.0
204.85639092489157 453.94797957980575
2
328.97670929279974 453.94797957980575
0.25 0.25 0.25 0.25
124.12031836790815
45.0
324.46610131124237 194.79508665122296
1
324.46610131124237 301.710546735173
0.25 0.25 0.25 0.25
106.91546008395004
45.0
492.7473955814319 333.1418967182269
0
492.7473955814319 241.55097113963225
0.25 0.25 0.25 0.25
91.59092557859466
45.0
127.08362860106342 461.8067765626188
2
278.22093875467425 461.8067765626188
0.25 0.25 0.25 0.25
151.13731015361083
45.0
123.29381639918756 245.4986629036449
1
123.29381639918756 387.52391386489705
0.25 0.25 0.25 0.25
142.02525096125214
45.0
354.3518753860228 56.06059772554397
3
235.6219942106859 56.06059772554397
0.25 0.25 0.25 0.25
118.72988117533691
45.0
413.1283064505409 493.5532727725604
3
476.5948762566609 493.5532727725604
0.25 0.25 0.25 0.25
110.27681729279821
45.0
49.935030580562994 104.50838074356733
2
178.75425022128002 104.50838074356733
0.25 0.25 0.25 0.25
128.81921964071702
45.0
106.91752398550125 31.44496362818313
2
243.92216803147403 31.44496362818313
0.25 0.25 0.25 0.25
137.00464404597278
45.0
315.500208465404 76.34635260825068
1
315.500208465404 35.708793494429784
0.25 0.25 0.25 0.25
112.05514610268047
45.0
367.20991622618794 450.73381646316466
0
367.20991622618794 405.1852980448987
0.25 0.25 0.25 0.25
144.08088549193673
45.0
182.52807157803116 339.081946522748
1
182.52807157803116 467.3425288662237
0.25 0.25 0.25 0.25
128.26058234347565
45.0
41.32048140294785 419.0451078393496
0
41.32048140294785 263.97079434264623
0.25 0.25 0.25 0.25
155.07431349670338
45.0
