88464
327.00123615364566 462.663440497823
3
212.43359352753671 462.663440497823
0.25 0.25 0.25 0.25
114.56764262610895
45.0
67.24057470045722 448.5200837937218
0
67.24057470045722 383.09846048270083
0.25 0.25 0.25 0.25
168.38145572357737
45.0
1.4602829879409853 460.3597356100232
0
1.4602829879409853 450.30515720986205
0.25 0.25 0.25 0.25
89.3351071801147
45.0
376.5882382084018 250.4626636720597
0
376.5882382084018 130.57593122461583
0.25 0.25 0.25 0.25
119.88673244744389
45.0
330.0687957645514 422.4233422682926
2
481.6962151273417 422.4233422682926
0.25 0.25 0.25 0.25
151.6274193627903
45.0
310.76611148759787 269.29925724446036
1
310.76611148759787 423.6779911919998
0.25 0.25 0.25 0.25
154.37873394753947
45.0
362.5667652589635 2.0862153950393463
1
362.5667652589635 130.40428706731723
0.25 0.25 0.25 0.25
128.31807167227788
45.0
479.4147455588907 245.31860023232508
0
479.4147455588907 107.80171006803994
0.25 0.25 0.25 0.25
137.51689016428514
45.0
293.53123576135226 421.5774276624511
0
293.53123576135226 287.3725714296428
0.25 0.25 0.25 0.25
134.20485623280834
45.0
68.15284346791985 141.21829415466573
2
183.08764685178403 141.21829415466573
0.25 0.25 0.25 0.25
114.93480338386418
45.0
221.68802224519334 458.9116481373168
0
221.68802224519334 370.9878948712087
0.25 0.25 0.25 0.25
87.92375326610806
45.0
123.44145716205804 44.40827405730096
1
123.44145716205804 175.54985905967837
0.25 0.25 0.25 0.25
131.1415850023774
45.0
363.3974669891111 448.41032288762995
3
233.12721311891573 448.41032288762995
0.25 0.25 0.25 0.25
130.27025387019535
45.0
133.45506397431188 67.62863491979323
2
283.50561283272117 67.62863491979323
0.25 0.25 0.25 0.25
150.0505488584093
45.0
475.49715972443846 314.46468425483084
3
429.8157684135772 314.46468425483084
0.25 0.25 0.25 0.25
94.6870718619844
45.0
61.759371469246716 52.42922030783903
1
61.759371469246716 47.399683845025635
0.25 0.25 0.25 0.25
99.82890415286467
45.0
406.1161817661058 423.5884984152236
3
259.85819396596094 423.5884984152236
0.25 0.25 0.25 0.25
146.25798780014486
45.0
204.05642554917594 451.73919940935616
2
347.77360401873534 451.73919940935616
0.25 0.25 0.25 0.25
143.7171784695594
45.0
402.81660864283253 76.54335908858957
3
444.62089501120863 76.54335908858957
0.25 0.25 0.25 0.25
152.56249634595883
45.0
313.43448381025803 31.350385657075037
3
139.07405089753738 31.350385657075037
0.25 0.25 0.25 0.25
174.36043291272065
45.0
245.53607203974357 491.4821035863114
3
98.92209771362872 491.4821035863114
0.25 0.25 0.25 0.25
146.61397432611486
45.0
360.38732327203934 103.64321218336971
1
360.38732327203934 218.99531283460308
0.25 0.25 0.25 0.25
115.35210065123337
45.0
27.078123816185837 351.2578159781644
2
99.344501026834 351.2578159781644
0.25 0.25 0.25 0.25
126.42262484301983
45.0
84.72896913647844 431.0532204066841
2
56.09976016399685 431.0532204066841
0.25 0.25 0.25 0.25
140.8287293004753
45.0
326.6954353797541 480.2582707052934
0
326.6954353797541 366.918746951052
0.25 0.25 0.25 0.25
113.33952375424138
45.0
265.47504058937676 99.52835500233738
2
416.9469886860777 99.52835500233738
0.25 0.25 0.25 0.25
151.47194809670094
45.0
145.70188993545878 7.484861588699232
1
145.70188993545878 155.2442507934631
0.25 0.25 0.25 0.25
162.72911238216233
45.0
40.91801498552758 212.03371145325602
0
40.91801498552758 48.27178939689446
0.25 0.25 0.25 0.25
163.76192205636156
45.0
125.87392187971363 46.320096309814744
2
40.80620154589565 46.320096309814744
0.25 0.25 0.25 0.25
166.68012342560928
45.0
236.69463013172907 104.19034857387078
1
236.69463013172907 32.267488263839994
0.25 0.25 0.25 0.25
136.45783683771077
45.0
440.60541445568265 260.33565362819525
0
440.60541445568265 156.91474830105582
0.25 0.25 0.25 0.25
103.42090532713942
45.0
341.17413366207984 209.51758481321895
0
341.17413366207984 110.27209731052518
0.25 0.25 0.25 0.25
99.24548750269376
45.0
164.55940823034683 245.31454956312353
0
164.55940823034683 73.91616787776582
0.25 0.25 0.25 0.25
171.39838168535772
45.0
44.3623869930438 175.80123462629876
0
44.3623869930438 25.864065267554395
0.25 0.25 0.25 0.25
149.93716935874437
45.0
469.95106250362005 288.6943415120976
3
392.34273141366657 288.6943415120976
0.25 0.25 0.25 0.25
137.70620608271338
45.0
22.271886640720453 343.9025673253671
0
22.271886640720453 219.78224895745893
0.25 0.25 0.25 0.25
124.12031836790815
45.0
34.041138185057335 377.2322652240723
0
34.041138185057335 270.31680514012226
0.25 0.25 0.25 0.25
106.91546008395004
45.0
209.9792835891599 25.72162423161032
2
301.57020916775457 25.72162423161032
0.25 0.25 0.25 0.25
91.59092557859466
45.0
24.053681552547403 142.74246405182453
1
24.053681552547403 8.3948461017863
0.25 0.25 0.25 0.25
151.13731015361083
45.0
320.2516662982739 399.1704004073671
0
320.2516662982739 458.8043486313808
0.25 0.25 0.25 0.25
142.02525096125214
45.0
167.05306363265368 350.28999639777146
0
167.05306363265368 231.56011522243455
0.25 0.25 0.25 0.25
118.72988117533691
45.0
358.8094145990466 270.87580391221104
0
358.8094145990466 160.5989866194128
0.25 0.25 0.25 0.25
110.27681729279821
45.0
178.75425022128005 73.954623617831
1
178.75425022128005 54.86459602288602
0.25 0.25 0.25 0.25
128.81921964071702
45.0
441.1010521983899 475.60612087751747
3
304.0964081524171 475.60612087751747
0.25 0.25 0.25 0.25
137.00464404597278
45.0
419.0590396439603 397.3631765748436
0
419.0590396439603 490.58167732247597
0.25 0.25 0.25 0.25
112.05514610268047
45.0
350.0775193390738 117.02352706102522
1
350.0775193390738 27.057358430911506
0.25 0.25 0.25 0.25
144.08088549193673
45.0
336.8733126693121 186.89941682701786
1
336.8733126693121 315.1599991704935
0.25 0.25 0.25 0.25
128.26058234347565
45.0
306.45011369595085 185.28607069031978
0
306.45011369595085 30.211757193616393
0.25 0.25 0.25 0.25
155.07431349670338
45.0
