62785
196.03500340403025 381.1326061597123
3
42.37682932340317 381.1326061597123
0.25 0.25 0.25 0.25
153.65817408062708
45.0
297.3243581514157 448.2310779849704
0
297.3243581514157 385.01534135481734
0.25 0.25 0.25 0.25
166.75358066021224
45.0
315.8220507824633 282.6315691978898
3
215.08280399831312 282.6315691978898
0.25 0.25 0.25 0.25
100.73924678415015
45.0
361.31226975590675 328.2761573269629
3
258.23794357064423 328.2761573269629
0.25 0.25 0.25 0.25
103.0743261852625
45.0
357.0764675721957 416.4505318501733
2
484.0133001051722 416.4505318501733
0.25 0.25 0.25 0.25
126.9368325329765
45.0
63.73020928619468 94.08622680766322
2
227.84543772938534 94.08622680766322
0.25 0.25 0.25 0.25
164.11522844319066
45.0
197.93948303165996 311.15048356459454
0
197.93948303165996 193.40009299073898
0.25 0.25 0.25 0.25
117.75039057385555
45.0
291.56103531917375 196.18784472864894
3
199.54948705286893 196.18784472864894
0.25 0.25 0.25 0.25
92.01154826630484
45.0
462.692932431616 425.69015594552684
0
462.692932431616 264.64097679397935
0.25 0.25 0.25 0.25
161.0491791515475
45.0
398.8054109053123 413.96211902510765
3
483.3548484749863 413.96211902510765
0.25 0.25 0.25 0.25
117.83974061970142
45.0
261.11260439144036 95.50992357595675
2
432.39276352261345 95.50992357595675
0.25 0.25 0.25 0.25
171.2801591311731
45.0
409.3686937858686 332.9324323178139
3
443.95765662313227 332.9324323178139
0.25 0.25 0.25 0.25
146.67364959099916
45.0
482.9688484619372 156.89383101159532
1
482.9688484619372 330.8261317544477
0.25 0.25 0.25 0.25
173.9323007428524
45.0
424.8940810031802 491.1432007265477
0
424.8940810031802 383.13323334166387
0.25 0.25 0.25 0.25
125.72356593178841
45.0
488.9271873561988 298.09432199533825
0
488.9271873561988 144.40535418713182
0.25 0.25 0.25 0.25
153.68896780820643
45.0
58.37236953160203 47.16974042844356
2
222.89787323871133 47.16974042844356
0.25 0.25 0.25 0.25
164.5255037071093
45.0
469.52457790837934 207.13159950746092
3
420.53414187291503 207.13159950746092
0.25 0.25 0.25 0.25
109.94128021870563
45.0
478.21416532042394 470.2286559319066
3
404.0434812010826 470.2286559319066
0.25 0.25 0.25 0.25
117.74235347849344
45.0
169.6601687012555 239.59550370163214
2
342.8675929670992 239.59550370163214
0.25 0.25 0.25 0.25
173.2074242658437
45.0
228.8774321386162 103.74321930539804
1
228.8774321386162 47.640995067547806
0.25 0.25 0.25 0.25
151.38421437294585
45.0
424.5612163642284 350.02009955744114
1
424.5612163642284 384.66220823181436
0.25 0.25 0.25 0.25
34.64210867437321
45.0
11.119311355565559 158.40738587407185
1
11.119311355565559 166.0821253963
0.25 0.25 0.25 0.25
7.674739522228164
45.0
490.68783053264355 89.39142278578056
1
490.68783053264355 95.66071697188741
0.25 0.25 0.25 0.25
6.269294186106849
45.0
461.12025744410823 331.89602226498016
2
478.8885504715259 331.89602226498016
0.25 0.25 0.25 0.25
17.768293027417663
45.0
352.8882296416802 472.58821548993643
3
335.2361054421081 472.58821548993643
0.25 0.25 0.25 0.25
17.652124199572107
45.0
491.0582245020856 123.11882764805519
1
491.0582245020856 150.5856794418911
0.25 0.25 0.25 0.25
27.46685179383591
45.0
45.17504003792746 453.1503247670344
0
45.17504003792746 448.1866430188893
0.25 0.25 0.25 0.25
4.963681748145104
45.0
317.4270016432331 209.87479586459654
3
277.0915977377143 209.87479586459654
0.25 0.25 0.25 0.25
40.33540390551876
45.0
242.4070917678396 50.45995301378819
3
237.12260541501462 50.45995301378819
0.25 0.25 0.25 0.25
5.284486352824991
45.0
248.0589810004361 159.1748236726769
0
248.0589810004361 149.40335293325606
0.25 0.25 0.25 0.25
9.77147073942084
45.0
372.52056998108685 385.0346178491758
2
404.81348804946776 385.0346178491758
0.25 0.25 0.25 0.25
32.292918068380914
45.0
14.142822652520351 258.3183398459855
2
13.906840184323585 258.3183398459855
0.25 0.25 0.25 0.25
28.049662836843936
45.0
256.45046678511596 413.22321302087926
1
256.45046678511596 414.75081522631206
0.25 0.25 0.25 0.25
1.5276022054328209
45.0
180.2972545468715 244.52410493656123
1
180.2972545468715 286.5788207147634
0.25 0.25 0.25 0.25
42.05471577820219
45.0
234.97802453436992 103.16121504582037
1
234.97802453436992 115.24634032384728
0.25 0.25 0.25 0.25
12.08512527802691
45.0
346.21942363193153 488.6198622192608
0
346.21942363193153 493.045373771766
0.25 0.25 0.25 0.25
18.334764008973202
45.0
24.386798129977706 278.1026179345255
3
3.413568293101534 278.1026179345255
0.25 0.25 0.25 0.25
20.973229836876172
45.0
49.56895832328056 62.501869217014566
2
94.42575181896345 62.501869217014566
0.25 0.25 0.25 0.25
44.856793495682886
45.0
415.7498154338027 467.26853427267093
2
422.3912344332272 467.26853427267093
0.25 0.25 0.25 0.25
6.641418999424492
45.0
381.8565794609086 199.23823228720562
0
381.8565794609086 156.85586326839996
0.25 0.25 0.25 0.25
42.382369018805655
45.0
490.18430874083504 489.8010316802344
0
490.18430874083504 489.4301491012656
0.25 0.25 0.25 0.25
0.37088257896878973
45.0
71.29850834162905 196.37760591878924
2
96.1502057655761 196.37760591878924
0.25 0.25 0.25 0.25
24.851697423947055
45.0
150.35490760792868 21.405470752902907
0
150.35490760792868 3.3884801555905426
0.25 0.25 0.25 0.25
18.016990597312365
45.0
493.1866353795035 119.15865914376533
0
493.1866353795035 86.81564872014434
0.25 0.25 0.25 0.25
32.34301042362099
45.0
194.280190791186 360.4495175217305
2
225.32572662315508 360.4495175217305
0.25 0.25 0.25 0.25
31.045535831969083
45.0
448.5311273960703 346.797454562393
3
426.4244783125339 346.797454562393
0.25 0.25 0.25 0.25
22.10664908353642
45.0
106.79124564731461 482.96900863510257
0
106.79124564731461 465.7265080042348
0.25 0.25 0.25 0.25
17.242500630867784
45.0
15.177761555859789 244.88021076968764
2
47.40312228176871 244.88021076968764
0.25 0.25 0.25 0.25
32.22536072590892
45.0
