32566
175.69588856948653 363.85643660822495
3
8.06527969093662 363.85643660822495
0.25 0.25 0.25 0.25
167.6306088785499
45.0
49.63751674235135 279.7990665221348
1
49.63751674235135 442.4921140155232
0.25 0.25 0.25 0.25
162.6930474933884
45.0
483.0619579865627 302.3604541979729
3
355.51129190474524 302.3604541979729
0.25 0.25 0.25 0.25
127.55066608181744
45.0
377.46970547958597 347.4546634262757
0
377.46970547958597 483.07374363094584
0.25 0.25 0.25 0.25
169.47159294277841
45.0
143.79555772204446 234.94042057396075
2
263.5516445057686 234.94042057396075
0.25 0.25 0.25 0.25
119.75608678372411
45.0
90.30489466378933 33.78482116642584
1
90.30489466378933 124.31871495136508
0.25 0.25 0.25 0.25
158.10353611779092
45.0
334.2436357437567 146.88905210856637
1
334.2436357437567 280.11959814249786
0.25 0.25 0.25 0.25
133.2305460339315
45.0
383.53008122491184 342.37610340784846
3
290.87073754156825 342.37610340784846
0.25 0.25 0.25 0.25
92.6593436833436
45.0
148.00701682111176 148.14147277685373
3
52.38498757441698 148.14147277685373
0.25 0.25 0.25 0.25
95.62202924669478
45.0
372.69771942072646 368.5727682728418
3
245.92177556179263 368.5727682728418
0.25 0.25 0.25 0.25
126.7759438589338
45.0
238.56428259148478 186.25130871990828
0
238.56428259148478 81.06283747726656
0.25 0.25 0.25 0.25
105.18847124264173
45.0
333.2492790805718 294.22646996843093
2
466.04055925830335 294.22646996843093
0.25 0.25 0.25 0.25
132.79128017773158
45.0
431.5132963790528 120.8767658316591
1
431.5132963790528 276.4607684767585
0.25 0.25 0.25 0.25
155.58400264509942
45.0
6.498277686391759 459.58076844884494
0
6.498277686391759 328.6212846752668
0.25 0.25 0.25 0.25
130.95948377357814
45.0
50.16552385219131 489.2261520210887
2
206.73590746358656 489.2261520210887
0.25 0.25 0.25 0.25
156.57038361139524
45.0
391.5341821061004 256.244495339841
0
391.5341821061004 150.25357703533155
0.25 0.25 0.25 0.25
105.99091830450948
45.0
418.6045946170941 184.17879177629914
3
431.45339481110636 184.17879177629914
0.25 0.25 0.25 0.25
149.94201057179959
45.0
288.39956098209973 221.60280153774397
3
145.0359765154201 221.60280153774397
0.25 0.25 0.25 0.25
143.36358446667964
45.0
215.23830123959243 183.85365748472174
0
215.23830123959243 95.74101112466587
0.25 0.25 0.25 0.25
88.11264636005586
45.0
57.0372551604618 256.2671153088886
1
57.0372551604618 361.94144663137695
0.25 0.25 0.25 0.25
105.67433132248836
45.0
221.7025515589381 137.62748662128692
2
370.152238572279 137.62748662128692
0.25 0.25 0.25 0.25
148.44968701334088
45.0
85.68415707377082 48.070384894840544
2
35.84467331842286 48.070384894840544
0.25 0.25 0.25 0.25
121.52883039219368
45.0
373.0309094771626 45.58626956002797
1
373.0309094771626 158.5380678863363
0.25 0.25 0.25 0.25
112.95179832630834
45.0
393.8108613596943 207.4834481756968
3
474.3731089895034 207.4834481756968
0.25 0.25 0.25 0.25
131.81602965080234
45.0
6.216452155825181 443.42294510786314
0
6.216452155825181 326.3981738753956
0.25 0.25 0.25 0.25
117.02477123246754
45.0
395.0283510682832 260.95710276577023
3
461.737820519101 260.95710276577023
0.25 0.25 0.25 0.25
143.23382841261576
45.0
101.43706205824444 463.5710235321118
0
101.43706205824444 290.3108489545318
0.25 0.25 0.25 0.25
173.26017457758
45.0
280.6363600904549 31.684083056224097
1
280.6363600904549 92.88309527318606
0.25 0.25 0.25 0.25
124.56717832941015
45.0
493.5440444043964 416.8076066175204
0
493.5440444043964 244.74527079178125
0.25 0.25 0.25 0.25
172.06233582573913
45.0
285.8440057138978 106.31975752668183
3
139.17464187138765 106.31975752668183
0.25 0.25 0.25 0.25
146.66936384251014
45.0
43.94903557685808 193.20576381015536
0
43.94903557685808 39.55103962819578
0.25 0.25 0.25 0.25
153.65472418195958
45.0
263.138954559064 433.799440967946
0
263.138954559064 331.01496681864285
0.25 0.25 0.25 0.25
102.78447414930312
45.0
409.9164008107539 13.802153662144946
3
466.23822372048335 13.802153662144946
0.25 0.25 0.25 0.25
123.84537546876281
45.0
117.9065643337377 152.36450083857835
1
117.9065643337377 265.12592840511735
0.25 0.25 0.25 0.25
112.76142756653901
45.0
83.94138640624675 13.651981016905296
2
186.13778633702898 13.651981016905296
0.25 0.25 0.25 0.25
102.19639993078223
45.0
134.12378842353405 257.1380958686992
0
134.12378842353405 96.50814016399045
0.25 0.25 0.25 0.25
160.62995570470878
45.0
110.97914356281815 174.362013599624
2
233.22936420896053 174.362013599624
0.25 0.25 0.25 0.25
122.25022064614238
45.0
158.45994850055754 199.68804072949067
2
267.68240253462693 199.68804072949067
0.25 0.25 0.25 0.25
109.22245403406939
45.0
35.28575195729297 393.1249603388509
2
126.27195136896694 393.1249603388509
0.25 0.25 0.25 0.25
90.98619941167397
45.0
156.43474199298305 407.65962053845135
3
131.98563110814666 407.65962053845135
0.25 0.25 0.25 0.25
24.449110884836372
45.0
342.9770489393447 41.90020600474712
2
361.12275349410396 41.90020600474712
0.25 0.25 0.25 0.25
18.145704554759266
45.0
428.3966339914188 153.97279890161715
2
472.50539171486514 153.97279890161715
0.25 0.25 0.25 0.25
44.10875772344631
45.0
366.0239571812287 348.4002765022059
2
383.3926015173905 348.4002765022059
0.25 0.25 0.25 0.25
17.368644336161832
45.0
401.9227736910956 138.2141129660792
1
401.9227736910956 147.9369431285017
0.25 0.25 0.25 0.25
9.722830162422497
45.0
497.7663647116148 455.66539452737345
3
455.7712941864484 455.66539452737345
0.25 0.25 0.25 0.25
46.46234110193678
45.0
70.96791743830937 166.4186134082599
1
70.96791743830937 211.71712848309642
0.25 0.25 0.25 0.25
45.29851507483652
45.0
254.24201398922497 401.41787893353876
3
216.7872049973892 401.41787893353876
0.25 0.25 0.25 0.25
37.45480899183577
45.0
372.9885612268696 355.14494440991564
2
391.83972322738083 355.14494440991564
0.25 0.25 0.25 0.25
18.851162000511245
45.0
