69736
53.478319596726124 58.137797776383934
2
168.26679213434463 58.137797776383934
0.25 0.25 0.25 0.25
114.7884725376185
45.0
101.03848265060421 57.52940756614345
1
101.03848265060421 106.31870703412866
0.25 0.25 0.25 0.25
163.8481146002721
45.0
101.86096981048973 248.4343804296764
1
101.86096981048973 390.87378941411066
0.25 0.25 0.25 0.25
142.43940898443427
45.0
337.0613837551095 297.1697921767216
0
337.0613837551095 202.24697556719804
0.25 0.25 0.25 0.25
94.9228166095236
45.0
458.66294143398875 165.18213144721926
3
419.037537103334 165.18213144721926
0.25 0.25 0.25 0.25
122.29952146267725
45.0
320.86679710682256 456.2691656198149
0
320.86679710682256 370.741173386901
0.25 0.25 0.25 0.25
172.98966099328408
45.0
355.0352953856334 486.9819574299322
0
355.0352953856334 348.781625769269
0.25 0.25 0.25 0.25
138.20033166066318
45.0
68.78150488934392 195.6544306730895
0
68.78150488934392 67.87004787244103
0.25 0.25 0.25 0.25
127.78438280064847
45.0
425.32840347600336 284.6121032525213
3
253.96479689866413 284.6121032525213
0.25 0.25 0.25 0.25
171.36360657733923
45.0
352.3439516257937 323.2474580828749
3
216.5134725935202 323.2474580828749
0.25 0.25 0.25 0.25
135.83047903227347
45.0
108.48755918700633 303.6982135282064
2
116.8920289434916 303.6982135282064
0.25 0.25 0.25 0.25
8.404469756485272
45.0
422.6271291352043 0.913051696758302
2
467.9876722171241 0.913051696758302
0.25 0.25 0.25 0.25
45.36054308191977
45.0
223.1693005968394 179.8045660293432
1
223.1693005968394 215.4440716495747
0.25 0.25 0.25 0.25
35.63950562023152
45.0
159.56292697537094 298.1618539793767
3
126.48771053274291 298.1618539793767
0.25 0.25 0.25 0.25
33.07521644262803
45.0
157.63878247324124 392.90230248886763
2
192.57438664594122 392.90230248886763
0.25 0.25 0.25 0.25
34.93560417269998
45.0
3.9255015981439314 214.14813967005028
1
3.9255015981439314 244.21829784757026
0.25 0.25 0.25 0.25
30.07015817751998
45.0
44.78597067557216 468.8253453340968
1
44.78597067557216 497.26438066376096
0.25 0.25 0.25 0.25
28.439035329664136
45.0
470.5542117000726 187.57048364188267
0
470.5542117000726 171.13685775407177
0.25 0.25 0.25 0.25
16.433625887810894
45.0
488.3099956528279 279.04503169766167
1
488.3099956528279 323.99657110834096
0.25 0.25 0.25 0.25
44.95153941067929
45.0
0.5521476590994112 271.1585284263734
2
22.396485041041075 271.1585284263734
0.25 0.25 0.25 0.25
21.844337381941664
45.0
270.469023656043 338.0252616180161
1
270.469023656043 371.45721058472884
0.25 0.25 0.25 0.25
33.43194896671276
45.0
380.3055047970365 66.56570664280008
0
380.3055047970365 65.89312187108035
0.25 0.25 0.25 0.25
0.6725847717197253
45.0
98.10826146202628 375.26272313203174
3
86.28339272255587 375.26272313203174
0.25 0.25 0.25 0.25
11.824868739470402
45.0
271.11038955001675 271.91781408496644
2
302.6748532795633 271.91781408496644
0.25 0.25 0.25 0.25
31.564463729546553
45.0
213.13051412857195 80.00533760041206
2
217.66393533397 80.00533760041206
0.25 0.25 0.25 0.25
4.533421205398048
45.0
115.64025441946701 14.56387746616717
3
65.69635830744508 14.56387746616717
0.25 0.25 0.25 0.25
49.94389611202193
45.0
293.81206913712015 52.0152272969493
2
307.3374807243663 52.0152272969493
0.25 0.25 0.25 0.25
13.525411587246117
45.0
340.89964662007634 249.3031677020528
3
324.5650949655948 249.3031677020528
0.25 0.25 0.25 0.25
16.334551654481523
45.0
122.04561613985992 199.92890558896147
2
164.43816201460277 199.92890558896147
0.25 0.25 0.25 0.25
42.39254587474285
45.0
248.01360979757152 427.65856183677477
1
248.01360979757152 438.5995425162009
0.25 0.25 0.25 0.25
10.940980679426149
45.0
40.952395728436855 333.82290327787905
1
40.952395728436855 337.09974227632955
0.25 0.25 0.25 0.25
3.276838998450504
45.0
232.24141734339483 234.77887761963234
0
232.24141734339483 222.7173987826755
0.25 0.25 0.25 0.25
12.061478836956836
45.0
34.44330075429534 42.164367116557685
2
35.545416348191814 42.164367116557685
0.25 0.25 0.25 0.25
1.1021155938964688
45.0
366.41281574397124 185.528400973748
2
380.4793012178259 185.528400973748
0.25 0.25 0.25 0.25
14.066485473854618
45.0
368.77931535391605 123.08679718270639
0
368.77931535391605 121.93481587350306
0.25 0.25 0.25 0.25
1.151981309203337
45.0
34.96440103454033 366.8940937335993
3
19.69299437920108 366.8940937335993
0.25 0.25 0.25 0.25
15.271406655339248
45.0
413.0122935496717 56.188696377050235
0
413.0122935496717 8.68381103034325
0.25 0.25 0.25 0.25
47.504885346706985
45.0
222.50313177225237 143.22017791977655
3
221.24382859534882 143.22017791977655
0.25 0.25 0.25 0.25
1.2593031769035534
45.0
94.28758458549619 386.63545764085643
2
100.20272264816958 386.63545764085643
0.25 0.25 0.25 0.25
5.915138062673392
45.0
70.18864613597663 386.21834056959153
0
70.18864613597663 341.91950150135887
0.25 0.25 0.25 0.25
44.298839068232674
45.0
483.3692756716482 255.29093862259174
0
483.3692756716482 205.7081892081316
0.25 0.25 0.25 0.25
49.58274941446014
45.0
21.760471528488246 27.002187351709402
0
21.760471528488246 19.154339207015916
0.25 0.25 0.25 0.25
7.8478481446934865
45.0
407.98874051675534 304.50944820809883
1
407.98874051675534 311.87073628195867
0.25 0.25 0.25 0.25
7.361288073859862
45.0
154.19771127109175 463.09483495145184
0
154.19771127109175 489.61748807363585
0.25 0.25 0.25 0.25
47.287676974912344
45.0
48.844649698324574 84.80572442998242
2
63.87227693845911 84.80572442998242
0.25 0.25 0.25 0.25
15.027627240134533
45.0
259.0952965778554 465.77489728483624
1
259.0952965778554 499.2845768451781
0.25 0.25 0.25 0.25
33.50967956034183
45.0
147.4916914815922 392.7303460545169
0
147.4916914815922 386.8358256684369
0.25 0.25 0.25 0.25
5.894520386079977
45.0
225.52562833852693 450.0493262914761
1
225.52562833852693 486.4867886519247
0.25 0.25 0.25 0.25
36.437462360448585
45.0
