69736
487.36779025279975 383.4195535574422
3
372.5793177151812 383.4195535574422
0.25 0.25 0.25 0.25
114.7884725376185
45.0
202.50635704080852 258.52051861943517
0
202.50635704080852 94.67240401916305
0.25 0.25 0.25 0.25
163.8481146002721
45.0
377.9673764524781 36.44443753919214
1
377.9673764524781 105.99497144524213
0.25 0.25 0.25 0.25
142.43940898443427
45.0
194.94538439727717 228.21612477566043
2
289.86820100680075 228.21612477566043
0.25 0.25 0.25 0.25
94.9228166095236
45.0
224.96959910395827 374.5470593294682
3
102.67007764128103 374.5470593294682
0.25 0.25 0.25 0.25
122.29952146267725
45.0
387.79201567155224 117.33795212498018
1
387.79201567155224 55.6517088683039
0.25 0.25 0.25 0.25
172.98966099328408
45.0
197.76603125701936 162.36437941478292
2
335.96636291768255 162.36437941478292
0.25 0.25 0.25 0.25
138.20033166066318
45.0
158.64620667628697 73.73603950291931
1
158.64620667628697 201.52042230356778
0.25 0.25 0.25 0.25
127.78438280064847
45.0
253.96479689866425 490.97865867327795
0
253.96479689866425 337.6577347493828
0.25 0.25 0.25 0.25
171.36360657733923
45.0
401.5305983998793 248.33308711467035
1
401.5305983998793 384.1635661469438
0.25 0.25 0.25 0.25
135.83047903227347
45.0
83.2741499175505 236.4624554763241
0
83.2741499175505 228.05798571983883
0.25 0.25 0.25 0.25
8.404469756485272
45.0
37.18245827728792 48.58359578069113
0
37.18245827728792 3.2230526987713546
0.25 0.25 0.25 0.25
45.36054308191977
45.0
489.6208118077908 358.0020941305007
3
453.9813061875593 358.0020941305007
0.25 0.25 0.25 0.25
35.63950562023152
45.0
167.30643369652952 66.63533888098044
1
167.30643369652952 99.71055532360847
0.25 0.25 0.25 0.25
33.07521644262803
45.0
345.4493243450406 358.086509450034
1
345.4493243450406 393.02211362273397
0.25 0.25 0.25 0.25
34.93560417269998
45.0
26.144656579376083 327.11470752530926
1
26.144656579376083 357.18486570282926
0.25 0.25 0.25 0.25
30.07015817751998
45.0
130.10307666456458 360.54044268791836
3
101.66404133490045 360.54044268791836
0.25 0.25 0.25 0.25
28.439035329664136
45.0
118.60514110465532 497.3581963538253
0
118.60514110465532 486.20817775836383
0.25 0.25 0.25 0.25
16.433625887810894
45.0
206.84761867323982 137.27196351396424
2
251.7991580839191 137.27196351396424
0.25 0.25 0.25 0.25
44.95153941067929
45.0
414.4902625977923 227.46985366249004
1
414.4902625977923 249.3141910444317
0.25 0.25 0.25 0.25
21.844337381941664
45.0
443.54570649237195 277.07830168735586
1
443.54570649237195 310.5102506540686
0.25 0.25 0.25 0.25
33.43194896671276
45.0
397.7927088617487 102.2126995439456
0
397.7927088617487 101.54011477222588
0.25 0.25 0.25 0.25
0.6725847717197253
45.0
422.1859630746711 174.23995456103512
1
422.1859630746711 186.0648233005055
0.25 0.25 0.25 0.25
11.824868739470402
45.0
139.22763893408845 495.69215476964075
3
107.66317520454189 495.69215476964075
0.25 0.25 0.25 0.25
31.564463729546553
45.0
235.79762015556219 161.60691929757684
1
235.79762015556219 166.14034050297488
0.25 0.25 0.25 0.25
4.533421205398048
45.0
65.69635830744502 415.23712412190395
3
15.752462195423092 415.23712412190395
0.25 0.25 0.25 0.25
49.94389611202193
45.0
347.9137154861047 177.91676968623466
0
347.9137154861047 164.39135809898855
0.25 0.25 0.25 0.25
13.525411587246117
45.0
471.5760598559284 93.72241704205908
2
487.9106115104099 93.72241704205908
0.25 0.25 0.25 0.25
16.334551654481523
45.0
64.94566835293968 114.24001652806668
1
64.94566835293968 156.63256240280953
0.25 0.25 0.25 0.25
42.39254587474285
45.0
29.193996209048436 351.07169708079164
3
18.25301552962229 351.07169708079164
0.25 0.25 0.25 0.25
10.940980679426149
45.0
188.4101506587094 419.02071723759207
0
188.4101506587094 415.74387823914157
0.25 0.25 0.25 0.25
3.276838998450504
45.0
436.1838141042436 391.5781025000712
3
424.12233526728676 391.5781025000712
0.25 0.25 0.25 0.25
12.061478836956836
45.0
32.239069566502394 47.67494508604004
2
33.341185160398865 47.67494508604004
0.25 0.25 0.25 0.25
1.1021155938964688
45.0
239.81444647927952 292.73210513730896
0
239.81444647927952 278.6656196634543
0.25 0.25 0.25 0.25
14.066485473854618
45.0
412.5546051036428 195.66161966251656
3
411.4026237944395 195.66161966251656
0.25 0.25 0.25 0.25
1.151981309203337
45.0
240.85125495689886 320.31920575666726
2
256.1226616122381 320.31920575666726
0.25 0.25 0.25 0.25
15.271406655339248
45.0
462.914586615532 248.6056454830313
1
462.914586615532 296.1105308297383
0.25 0.25 0.25 0.25
47.504885346706985
45.0
271.6159556714908 133.14575250454808
1
271.6159556714908 134.40505568145164
0.25 0.25 0.25 0.25
1.2593031769035534
45.0
141.60868908688332 392.55059570352984
1
141.60868908688332 398.46573376620324
0.25 0.25 0.25 0.25
5.915138062673392
45.0
144.75330727565694 177.34551067761154
0
144.75330727565694 133.04667160937888
0.25 0.25 0.25 0.25
44.298839068232674
45.0
53.695956176615766 362.8014491623094
0
53.695956176615766 313.21869974784926
0.25 0.25 0.25 0.25
49.58274941446014
45.0
260.7620616804775 19.15433920701591
1
260.7620616804775 27.002187351709395
0.25 0.25 0.25 0.25
7.8478481446934865
45.0
385.9048762951758 165.47781047399238
2
393.26616436903566 165.47781047399238
0.25 0.25 0.25 0.25
7.361288073859862
45.0
379.8843025066253 260.02655999812123
0
379.8843025066253 212.73888302320887
0.25 0.25 0.25 0.25
47.287676974912344
45.0
380.1055151765638 430.4411509530764
1
380.1055151765638 445.4687781932109
0.25 0.25 0.25 0.25
15.027627240134533
45.0
76.00149902556308 294.3669589825156
2
109.5111785859049 294.3669589825156
0.25 0.25 0.25 0.25
33.50967956034183
45.0
88.28912396160688 151.0550102252373
2
94.18364434768685 151.0550102252373
0.25 0.25 0.25 0.25
5.894520386079977
45.0
282.212036791536 185.57605010403796
2
318.64949915198457 185.57605010403796
0.25 0.25 0.25 0.25
36.437462360448585
45.0
