69736
28.21390010232568 268.6310810198237
2
143.00237263994418 268.6310810198237
0.25 0.25 0.25 0.25
114.7884725376185
45.0
479.46864904625056 219.4328844392986
3
356.68323635347735 219.4328844392986
0.25 0.25 0.25 0.25
163.8481146002721
45.0
473.7449403451675 181.80798363258646
3
383.8156506703982 181.80798363258646
0.25 0.25 0.25 0.25
142.43940898443427
45.0
378.1701664163197 89.14232546137735
2
473.0929830258433 89.14232546137735
0.25 0.25 0.25 0.25
94.9228166095236
45.0
26.95289215021093 136.25485481982264
2
95.34662931246632 136.25485481982264
0.25 0.25 0.25 0.25
122.29952146267725
45.0
109.9391701538342 62.6998173600374
2
63.05049083944988 62.6998173600374
0.25 0.25 0.25 0.25
172.98966099328408
45.0
328.1567447584499 407.4153892847622
2
466.3570764191131 407.4153892847622
0.25 0.25 0.25 0.25
138.20033166066318
45.0
420.08096390806213 217.92949307827735
3
292.29658110741366 217.92949307827735
0.25 0.25 0.25 0.25
127.78438280064847
45.0
54.41955085728978 59.15898754023908
2
225.783157434629 59.15898754023908
0.25 0.25 0.25 0.25
171.36360657733923
45.0
190.97796450330023 421.6207516310461
3
55.147485471026755 421.6207516310461
0.25 0.25 0.25 0.25
135.83047903227347
45.0
133.70096845646214 412.95632036251527
1
133.70096845646214 421.36079011900057
0.25 0.25 0.25 0.25
8.404469756485272
45.0
171.19603532528242 227.71576710635713
0
171.19603532528242 182.35522402443735
0.25 0.25 0.25 0.25
45.36054308191977
45.0
204.5047668459388 176.59049017297198
3
168.8652612257073 176.59049017297198
0.25 0.25 0.25 0.25
35.63950562023152
45.0
464.983381680182 257.34313081559003
0
464.983381680182 224.267914372962
0.25 0.25 0.25 0.25
33.07521644262803
45.0
297.38119916404116 279.544738948533
2
332.31680333674115 279.544738948533
0.25 0.25 0.25 0.25
34.93560417269998
45.0
477.19702924217586 364.8696458446698
0
477.19702924217586 334.7994876671498
0.25 0.25 0.25 0.25
30.07015817751998
45.0
414.87235806080923 445.85754867691077
0
414.87235806080923 417.41851334724663
0.25 0.25 0.25 0.25
28.439035329664136
45.0
151.4723928802771 368.34036840780243
0
151.4723928802771 351.90674251999155
0.25 0.25 0.25 0.25
16.433625887810894
45.0
84.99388372094722 245.15962525203804
0
84.99388372094722 200.20808584135875
0.25 0.25 0.25 0.25
44.95153941067929
45.0
217.89122616031727 78.3508696846933
2
239.73556354225894 78.3508696846933
0.25 0.25 0.25 0.25
21.844337381941664
45.0
72.83579885714909 73.52813888569668
0
72.83579885714909 40.09618991898392
0.25 0.25 0.25 0.25
33.43194896671276
45.0
388.3765220576729 85.39808025095243
2
389.0491068293926 85.39808025095243
0.25 0.25 0.25 0.25
0.6725847717197253
45.0
133.58286768043752 447.3642457759124
3
121.75799894096711 447.3642457759124
0.25 0.25 0.25 0.25
11.824868739470402
45.0
423.3078125000075 33.6639838650093
0
423.3078125000075 2.099520135462747
0.25 0.25 0.25 0.25
31.564463729546553
45.0
267.5315685933485 134.40639206518858
2
272.0649897987465 134.40639206518858
0.25 0.25 0.25 0.25
4.533421205398048
45.0
84.13533002862069 285.09949920596443
2
134.07922614064262 285.09949920596443
0.25 0.25 0.25 0.25
49.94389611202193
45.0
253.23583437538176 146.6931084076721
3
239.71042278813565 146.6931084076721
0.25 0.25 0.25 0.25
13.525411587246117
45.0
161.2195784207796 36.95399619379309
2
177.55413007526113 36.95399619379309
0.25 0.25 0.25 0.25
16.334551654481523
45.0
386.6649343570542 376.14563566361016
3
344.2723884823114 376.14563566361016
0.25 0.25 0.25 0.25
42.39254587474285
45.0
237.07262911814536 451.99065068953746
3
226.1316484387192 451.99065068953746
0.25 0.25 0.25 0.25
10.940980679426149
45.0
119.59653169124888 366.59129326238406
1
119.59653169124888 369.86813226083456
0.25 0.25 0.25 0.25
3.276838998450504
45.0
81.35703241748294 234.77887761963234
0
81.35703241748294 222.7173987826755
0.25 0.25 0.25 0.25
12.061478836956836
45.0
64.20042178950006 56.49186983721181
1
64.20042178950006 57.59398543110828
0.25 0.25 0.25 0.25
1.1021155938964688
45.0
267.94741742698875 53.60185208178046
3
253.88093195313414 53.60185208178046
0.25 0.25 0.25 0.25
14.066485473854618
45.0
392.9709228471861 193.35765704410989
1
392.9709228471861 194.50963835331322
0.25 0.25 0.25 0.25
1.151981309203337
45.0
172.4070609325936 229.4514338355459
0
172.4070609325936 214.18002718020665
0.25 0.25 0.25 0.25
15.271406655339248
45.0
301.9583943700862 133.83084500977776
0
301.9583943700862 86.32595966307078
0.25 0.25 0.25 0.25
47.504885346706985
45.0
252.72640801793776 133.14575250454808
3
251.4671048410342 133.14575250454808
0.25 0.25 0.25 0.25
1.2593031769035534
45.0
212.59034583896383 410.29600989155006
3
206.67520777629045 410.29600989155006
0.25 0.25 0.25 0.25
5.915138062673392
45.0
37.28233056984012 189.6665673174332
0
37.28233056984012 145.36772824920052
0.25 0.25 0.25 0.25
44.298839068232674
45.0
78.73099130900802 395.6941751551747
0
78.73099130900802 346.1114257407146
0.25 0.25 0.25 0.25
49.58274941446014
45.0
37.45616781787521 4.389205227064551
1
37.45616781787521 12.237053371758037
0.25 0.25 0.25 0.25
7.8478481446934865
45.0
349.08875304586996 385.48361702055706
3
341.7274649720101 385.48361702055706
0.25 0.25 0.25 0.25
7.361288073859862
45.0
59.62235732126712 212.85020975100218
2
106.91003429617946 212.85020975100218
0.25 0.25 0.25 0.25
47.287676974912344
45.0
93.92753141872817 449.3378311258476
1
93.92753141872817 464.3654583659821
0.25 0.25 0.25 0.25
15.027627240134533
45.0
467.5368801291547 270.00720673304033
3
498.9534403105034 270.00720673304033
0.25 0.25 0.25 0.25
33.50967956034183
45.0
141.5971710955122 221.78925485819718
2
147.4916914815922 221.78925485819718
0.25 0.25 0.25 0.25
5.894520386079977
45.0
9.287662092052734 413.61186393102753
1
9.287662092052734 450.0493262914761
0.25 0.25 0.25 0.25
36.437462360448585
45.0
