69736
86.57457243529282 486.2922598830206
0
86.57457243529282 398.91926757936085
0.25 0.25 0.25 0.25
114.7884725376185
45.0
366.35447164108064 317.5803871732181
3
202.50635704080852 317.5803871732181
0.25 0.25 0.25 0.25
163.8481146002721
45.0
232.60383035908376 387.9496523051506
0
232.60383035908376 469.6109387104151
0.25 0.25 0.25 0.25
142.43940898443427
45.0
184.74588204081726 431.3034603947168
3
89.82306543129367 431.3034603947168
0.25 0.25 0.25 0.25
94.9228166095236
45.0
246.57342740254035 402.4577260437592
3
124.2739059398631 402.4577260437592
0.25 0.25 0.25 0.25
122.29952146267725
45.0
380.0425602209932 380.393233700406
0
380.0425602209932 446.61710530631
0.25 0.25 0.25 0.25
172.98966099328408
45.0
216.8349637249702 104.97864082330028
2
355.0352953856334 104.97864082330028
0.25 0.25 0.25 0.25
138.20033166066318
45.0
264.15552707174766 67.87004787244109
1
264.15552707174766 195.65443067308956
0.25 0.25 0.25 0.25
127.78438280064847
45.0
197.6015179705941 396.29478347058057
3
26.237911393254876 396.29478347058057
0.25 0.25 0.25 0.25
171.36360657733923
45.0
352.3439516257937 372.4341048569605
3
216.51347259352022 372.4341048569605
0.25 0.25 0.25 0.25
135.83047903227347
45.0
93.21971496864018 194.44010669389775
2
101.62418472512545 194.44010669389775
0.25 0.25 0.25 0.25
8.404469756485272
45.0
352.63820765296157 182.59717282868564
3
307.2776645710418 182.59717282868564
0.25 0.25 0.25 0.25
45.36054308191977
45.0
401.3668286979969 461.706535134824
2
437.00633431822837 461.706535134824
0.25 0.25 0.25 0.25
35.63950562023152
45.0
266.5320830244136 84.22354188129125
3
233.4568665817856 84.22354188129125
0.25 0.25 0.25 0.25
33.07521644262803
45.0
65.96449096344077 56.798592904033626
0
65.96449096344077 21.862988731333644
0.25 0.25 0.25 0.25
34.93560417269998
45.0
312.31186351518414 214.14813967005034
2
342.38202169270414 214.14813967005034
0.25 0.25 0.25 0.25
30.07015817751998
45.0
40.531135313420236 208.24026390536437
3
12.0920999837561 208.24026390536437
0.25 0.25 0.25 0.25
28.439035329664136
45.0
184.33964465589892 338.30554476806594
2
200.77327054370983 338.30554476806594
0.25 0.25 0.25 0.25
16.433625887810894
45.0
375.5876433509013 148.3380964790199
1
375.5876433509013 193.28963588969918
0.25 0.25 0.25 0.25
44.95153941067929
45.0
437.43889529793285 336.6915405721984
0
437.43889529793285 314.8472031902567
0.25 0.25 0.25 0.25
21.844337381941664
45.0
325.3891197420214 176.7824547872176
0
325.3891197420214 143.35050582050485
0.25 0.25 0.25 0.25
33.43194896671276
45.0
397.120124090029 92.1239279681497
2
397.7927088617487 92.1239279681497
0.25 0.25 0.25 0.25
0.6725847717197253
45.0
114.73937584844094 126.94047960315355
2
126.56424458791135 126.94047960315355
0.25 0.25 0.25 0.25
11.824868739470402
45.0
387.3054051227132 138.42021439913887
2
418.86986885225974 138.42021439913887
0.25 0.25 0.25 0.25
31.564463729546553
45.0
172.3297232799896 125.3395496543925
2
176.86314448538764 125.3395496543925
0.25 0.25 0.25 0.25
4.533421205398048
45.0
283.9109144767085 134.14573311033743
2
333.85481058873046 134.14573311033743
0.25 0.25 0.25 0.25
49.94389611202193
45.0
246.32393689651113 42.66265381377353
2
259.84934848375724 42.66265381377353
0.25 0.25 0.25 0.25
13.525411587246117
45.0
463.08573352614553 36.95399619379309
0
463.08573352614553 20.619444539311566
0.25 0.25 0.25 0.25
16.334551654481523
45.0
486.15742801871727 326.2027459017809
0
486.15742801871727 283.81020002703804
0.25 0.25 0.25 0.25
42.39254587474285
45.0
25.510907188082314 427.65856183677477
2
36.45188786750846 427.65856183677477
0.25 0.25 0.25 0.25
10.940980679426149
45.0
132.7038876850509 382.97548825463656
3
129.4270486866004 382.97548825463656
0.25 0.25 0.25 0.25
3.276838998450504
45.0
207.0157162020637 234.77887761963234
3
194.95423736510685 234.77887761963234
0.25 0.25 0.25 0.25
12.061478836956836
45.0
60.89407500781064 63.104563400590635
1
60.89407500781064 64.2066789944871
0.25 0.25 0.25 0.25
1.1021155938964688
45.0
42.883649845314935 405.2639889281461
3
28.817164371460315 405.2639889281461
0.25 0.25 0.25 0.25
14.066485473854618
45.0
391.81894153798277 177.22991871526318
3
390.66696022877943 177.22991871526318
0.25 0.25 0.25 0.25
1.151981309203337
45.0
499.5348319023337 30.162479305221396
1
499.5348319023337 45.433885960560644
0.25 0.25 0.25 0.25
15.271406655339248
45.0
415.409701268825 106.09098944291033
3
367.904815922118 106.09098944291033
0.25 0.25 0.25 0.25
47.504885346706985
45.0
285.4682906174296 134.40505568145164
0
285.4682906174296 133.14575250454808
0.25 0.25 0.25 0.25
1.2593031769035534
45.0
159.35410327490345 398.46573376620324
2
165.26924133757683 398.46573376620324
0.25 0.25 0.25 0.25
5.915138062673392
45.0
100.45446820742427 284.81648738342835
0
100.45446820742427 240.5176483151957
0.25 0.25 0.25 0.25
44.298839068232674
45.0
359.53746437417396 438.8675531798501
3
309.95471495971384 438.8675531798501
0.25 0.25 0.25 0.25
49.58274941446014
45.0
166.58788394415546 129.02421323272472
0
166.58788394415546 121.17636508803123
0.25 0.25 0.25 0.25
7.8478481446934865
45.0
481.59193837534707 342.1487242466289
1
481.59193837534707 349.5100123204887
0.25 0.25 0.25 0.25
7.361288073859862
45.0
52.66357379442647 118.27485580117748
1
52.66357379442647 165.56253277608982
0.25 0.25 0.25 0.25
47.287676974912344
45.0
484.6458396622256 355.30301475240384
0
484.6458396622256 340.27538751226933
0.25 0.25 0.25 0.25
15.027627240134533
45.0
171.24015089633335 337.02656585372404
0
171.24015089633335 303.5168862933822
0.25 0.25 0.25 0.25
33.50967956034183
45.0
41.132960872967075 127.47692868091737
3
35.2384404868871 127.47692868091737
0.25 0.25 0.25 0.25
5.894520386079977
45.0
337.22482333609 142.3611111399993
2
373.6622856965386 142.3611111399993
0.25 0.25 0.25 0.25
36.437462360448585
45.0
