69736
372.5793177151812 87.65010280507198
1
372.5793177151812 202.43857534269048
0.25 0.25 0.25 0.25
114.7884725376185
45.0
219.4176694391759 452.8708863601572
0
219.4176694391759 383.2809990395707
0.25 0.25 0.25 0.25
163.8481146002721
45.0
46.426713391864666 324.24739261702075
1
46.426713391864666 466.68680160145504
0.25 0.25 0.25 0.25
142.43940898443427
45.0
144.17355049251302 95.76317666138196
2
239.0963671020366 95.76317666138196
0.25 0.25 0.25 0.25
94.9228166095236
45.0
426.3609854321488 100.37064655147347
1
426.3609854321488 21.928874911203778
0.25 0.25 0.25 0.25
122.29952146267725
45.0
160.1642199133251 13.176114559371513
1
160.1642199133251 186.1657755526556
0.25 0.25 0.25 0.25
172.98966099328408
45.0
86.44425022353965 309.6223541586893
2
224.64458188420284 309.6223541586893
0.25 0.25 0.25 0.25
138.20033166066318
45.0
292.29658110741366 398.71735851977724
3
164.51219830676519 398.71735851977724
0.25 0.25 0.25 0.25
127.78438280064847
45.0
225.78315743462912 196.7495374292061
3
54.41955085728989 196.7495374292061
0.25 0.25 0.25 0.25
171.36360657733923
45.0
118.14017904534904 470.8073984051317
2
253.97065807762252 470.8073984051317
0.25 0.25 0.25 0.25
135.83047903227347
45.0
32.8473313786389 295.2937437717211
0
32.8473313786389 286.8892740152358
0.25 0.25 0.25 0.25
8.404469756485272
45.0
193.75636152784057 409.1579394340363
3
148.39581844592078 409.1579394340363
0.25 0.25 0.25 0.25
45.36054308191977
45.0
349.1566319603827 467.01445362471304
0
349.1566319603827 431.37494800448155
0.25 0.25 0.25 0.25
35.63950562023152
45.0
233.4568665817856 91.96704860244986
3
200.38165013915756 91.96704860244986
0.25 0.25 0.25 0.25
33.07521644262803
45.0
458.9266990192416 349.41594729393296
3
423.9910948465416 349.41594729393296
0.25 0.25 0.25 0.25
34.93560417269998
45.0
259.0211418576954 454.7094050902103
1
259.0211418576954 484.7795632677303
0.25 0.25 0.25 0.25
30.07015817751998
45.0
329.17632397221354 360.54044268791836
3
300.7372886425494 360.54044268791836
0.25 0.25 0.25 0.25
28.439035329664136
45.0
282.9413999827643 39.66785065158459
2
299.3750258705752 39.66785065158459
0.25 0.25 0.25 0.25
16.433625887810894
45.0
40.042344310267936 469.9173223054345
0
40.042344310267936 485.13113828388623
0.25 0.25 0.25 0.25
44.95153941067929
45.0
43.136527104783916 445.91322748190674
2
64.98086448672558 445.91322748190674
0.25 0.25 0.25 0.25
21.844337381941664
45.0
273.42749265742555 471.7530574848671
3
239.9955436907128 471.7530574848671
0.25 0.25 0.25 0.25
33.43194896671276
45.0
382.3232591121956 95.48685182674834
0
382.3232591121956 94.81426705502861
0.25 0.25 0.25 0.25
0.6725847717197253
45.0
180.88234263831907 471.0139832548532
3
169.05747389884868 471.0139832548532
0.25 0.25 0.25 0.25
11.824868739470402
45.0
265.48549385227466 61.02940732363033
0
265.48549385227466 29.464943594083778
0.25 0.25 0.25 0.25
31.564463729546553
45.0
299.2655170311348 211.4745525569553
0
299.2655170311348 206.94113135155726
0.25 0.25 0.25 0.25
4.533421205398048
45.0
283.91091447670846 416.35920188146514
2
333.8548105887304 416.35920188146514
0.25 0.25 0.25 0.25
49.94389611202193
45.0
435.67969911795706 191.44218127348077
0
435.67969911795706 177.91676968623466
0.25 0.25 0.25 0.25
13.525411587246117
45.0
397.74752690821947 281.97227101101583
3
381.41297525373795 281.97227101101583
0.25 0.25 0.25 0.25
16.334551654481523
45.0
429.05748023179706 283.81020002703804
2
471.4500261065399 283.81020002703804
0.25 0.25 0.25 0.25
42.39254587474285
45.0
47.39286854693461 482.3634652339056
3
36.45188786750846 482.3634652339056
0.25 0.25 0.25 0.25
10.940980679426149
45.0
181.8564726618084 323.99238628252755
1
181.8564726618084 327.26922528097805
0.25 0.25 0.25 0.25
3.276838998450504
45.0
339.6919834085889 475.74563029340356
0
339.6919834085889 463.6841514564467
0.25 0.25 0.25 0.25
12.061478836956836
45.0
34.443300754295336 77.43206612124476
1
34.443300754295336 78.53418171514123
0.25 0.25 0.25 0.25
1.1021155938964688
45.0
169.48201911000646 123.93427945105356
2
183.54850458386107 123.93427945105356
0.25 0.25 0.25 0.25
14.066485473854618
45.0
401.03479201160945 192.20567573490655
2
402.1867733208128 192.20567573490655
0.25 0.25 0.25 0.25
1.151981309203337
45.0
270.46373207224474 305.8084671122422
2
285.735138727584 305.8084671122422
0.25 0.25 0.25 0.25
15.271406655339248
45.0
204.55121595751905 36.4236665972106
3
157.04633061081205 36.4236665972106
0.25 0.25 0.25 0.25
47.504885346706985
45.0
260.282227079359 125.58993344312674
0
260.282227079359 124.33063026622318
0.25 0.25 0.25 0.25
1.2593031769035534
45.0
188.92979358827034 424.08012435359456
2
194.84493165094372 424.08012435359456
0.25 0.25 0.25 0.25
5.915138062673392
45.0
431.1316006113678 253.3218233648935
0
431.1316006113678 209.02298429666084
0.25 0.25 0.25 0.25
44.298839068232674
45.0
334.62102742826784 106.54269037921132
0
334.62102742826784 56.95994096475118
0.25 0.25 0.25 0.25
49.58274941446014
45.0
150.89218765476846 105.48066879864426
1
150.89218765476846 113.32851694333775
0.25 0.25 0.25 0.25
7.8478481446934865
45.0
349.08875304586996 459.09649775915545
0
349.08875304586996 451.7352096852956
0.25 0.25 0.25 0.25
7.361288073859862
45.0
52.6635737944265 449.288594625564
2
99.95125076933884 449.288594625564
0.25 0.25 0.25 0.25
47.287676974912344
45.0
214.14854933980445 479.3930856061166
3
199.1209220996699 479.3930856061166
0.25 0.25 0.25 0.25
15.027627240134533
45.0
63.32760602605953 193.8379203014901
0
63.32760602605953 160.32824074114828
0.25 0.25 0.25 0.25
33.50967956034183
45.0
88.28912396160686 192.31665292779724
0
88.28912396160686 186.42213254171725
0.25 0.25 0.25 0.25
5.894520386079977
45.0
45.7251244525013 39.82620066224366
2
82.16258681294988 39.82620066224366
0.25 0.25 0.25 0.25
36.437462360448585
45.0
