69736
168.26679213434468 420.0997542058874
0
168.26679213434468 305.31128166826886
0.25 0.25 0.25 0.25
114.7884725376185
45.0
142.10118455810309 272.11145936151775
1
142.10118455810309 435.95957396178983
0.25 0.25 0.25 0.25
163.8481146002721
45.0
235.52796746804384 184.73212074154654
3
93.08855848360957 184.73212074154654
0.25 0.25 0.25 0.25
142.43940898443427
45.0
330.44053255510494 44.99134275661787
3
235.51771594558136 44.99134275661787
0.25 0.25 0.25 0.25
94.9228166095236
45.0
16.25476444695309 280.1582045810819
1
16.25476444695309 402.4577260437592
0.25 0.25 0.25 0.25
122.29952146267725
45.0
333.1538809066092 283.2795046265308
0
333.1538809066092 110.28984363324673
0.25 0.25 0.25 0.25
172.98966099328408
45.0
13.439275313591736 72.38096244794261
2
151.63960697425492 72.38096244794261
0.25 0.25 0.25 0.25
138.20033166066318
45.0
292.29658110741366 217.92949307827735
0
292.29658110741366 90.14511027762887
0.25 0.25 0.25 0.25
127.78438280064847
45.0
54.41955085728978 112.20461903710009
1
54.41955085728978 283.5682256144393
0.25 0.25 0.25 0.25
171.36360657733923
45.0
462.6389225678472 442.5487693366804
0
462.6389225678472 306.7182903044069
0.25 0.25 0.25 0.25
135.83047903227347
45.0
32.8473313786389 354.1250320671182
0
32.8473313786389 345.7205623106329
0.25 0.25 0.25 0.25
8.404469756485272
45.0
284.47744769168014 364.0393451563648
0
284.47744769168014 318.678802074445
0.25 0.25 0.25 0.25
45.36054308191977
45.0
277.8776207199197 497.34604075505547
2
313.5171263401512 497.34604075505547
0.25 0.25 0.25 0.25
35.63950562023152
45.0
167.30643369652952 389.6439965861023
0
167.30643369652952 356.5687801434742
0.25 0.25 0.25 0.25
33.07521644262803
45.0
121.84605090835862 244.609134775833
0
121.84605090835862 209.67353060313303
0.25 0.25 0.25 0.25
34.93560417269998
45.0
319.1614582127354 394.9398040221898
3
289.0913000352154 394.9398040221898
0.25 0.25 0.25 0.25
30.07015817751998
45.0
300.7372886425494 474.2965840065749
0
300.7372886425494 445.85754867691077
0.25 0.25 0.25 0.25
28.439035329664136
45.0
250.07414820714254 121.83598009063904
2
266.50777409495345 121.83598009063904
0.25 0.25 0.25 0.25
16.433625887810894
45.0
139.76381333244922 215.4219018198105
1
139.76381333244922 260.3734412304898
0.25 0.25 0.25 0.25
44.95153941067929
45.0
130.5138766325506 161.93684151666503
2
152.35821401449226 161.93684151666503
0.25 0.25 0.25 0.25
21.844337381941664
45.0
291.95717077530867 404.8891595514416
0
291.95717077530867 371.45721058472884
0.25 0.25 0.25 0.25
33.43194896671276
45.0
385.0135981990744 94.81426705502861
2
385.6861829707941 94.81426705502861
0.25 0.25 0.25 0.25
0.6725847717197253
45.0
346.4305049909045 411.88963955750125
2
358.2553737303749 411.88963955750125
0.25 0.25 0.25 0.25
11.824868739470402
45.0
450.4343325818063 376.6740446190959
2
481.99879631135286 376.6740446190959
0.25 0.25 0.25 0.25
31.564463729546553
45.0
349.13315029051324 184.27402532456705
3
344.5997290851152 184.27402532456705
0.25 0.25 0.25 0.25
4.533421205398048
45.0
184.02312225266456 234.03352533438124
1
184.02312225266456 283.9774214464032
0.25 0.25 0.25 0.25
49.94389611202193
45.0
402.01536183508927 204.96759286072685
0
402.01536183508927 191.44218127348074
0.25 0.25 0.25 0.25
13.525411587246117
45.0
430.4166302171825 265.6377193565343
2
446.751181871664 265.6377193565343
0.25 0.25 0.25 0.25
16.334551654481523
45.0
401.3723362692316 478.351828406924
0
401.3723362692316 479.25562571833314
0.25 0.25 0.25 0.25
42.39254587474285
45.0
14.569926508656158 408.2267279718328
3
3.628945829230009 408.2267279718328
0.25 0.25 0.25 0.25
10.940980679426149
45.0
126.15020968814989 337.09974227632955
1
126.15020968814989 340.37658127478005
0.25 0.25 0.25 0.25
3.276838998450504
45.0
419.07843985227436 391.5781025000712
2
431.1399186892312 391.5781025000712
0.25 0.25 0.25 0.25
12.061478836956836
45.0
44.362341099363576 77.43206612124476
3
43.260225505467105 77.43206612124476
0.25 0.25 0.25 0.25
1.1021155938964688
45.0
211.6814755315703 67.66833755563508
3
197.6149900577157 67.66833755563508
0.25 0.25 0.25 0.25
14.066485473854618
45.0
413.70658641284615 192.20567573490655
3
412.5546051036428 192.20567573490655
0.25 0.25 0.25 0.25
1.151981309203337
45.0
50.23580768987961 183.63721386952813
3
34.96440103454036 183.63721386952813
0.25 0.25 0.25 0.25
15.271406655339248
45.0
14.531674570691095 83.92855194391761
1
14.531674570691095 131.4334372906246
0.25 0.25 0.25 0.25
47.504885346706985
45.0
245.1705889565164 111.7375984971876
1
245.1705889565164 112.99690167409116
0.25 0.25 0.25 0.25
1.2593031769035534
45.0
212.59034583896386 477.3163669176552
2
218.50548390163723 477.3163669176552
0.25 0.25 0.25 0.25
5.915138062673392
45.0
391.6730431157015 499.75844079506186
3
347.3742040474688 499.75844079506186
0.25 0.25 0.25 0.25
44.298839068232674
45.0
384.20377684272796 389.28480376539
1
384.20377684272796 438.8675531798501
0.25 0.25 0.25 0.25
49.58274941446014
45.0
103.80509878660754 43.62844595053198
1
103.80509878660754 51.47629409522547
0.25 0.25 0.25 0.25
7.8478481446934865
45.0
496.3241974030734 385.48361702055706
1
496.3241974030734 392.8449050944169
0.25 0.25 0.25 0.25
7.361288073859862
45.0
390.6360961456536 23.699501851352792
3
343.34841917074124 23.699501851352792
0.25 0.25 0.25 0.25
47.287676974912344
45.0
56.34874098261717 404.25494940544405
2
71.37636822275171 404.25494940544405
0.25 0.25 0.25 0.25
15.027627240134533
45.0
333.4981618877873 236.4975271726985
0
333.4981618877873 202.9878476123567
0.25 0.25 0.25 0.25
33.50967956034183
45.0
17.55487932864716 233.57829563035716
0
17.55487932864716 227.68377524427717
0.25 0.25 0.25 0.25
5.894520386079977
45.0
373.6622856965386 231.42455212878457
3
337.22482333609 231.42455212878457
0.25 0.25 0.25 0.25
36.437462360448585
45.0
