82740
234.85700024463367 343.84506553596714
0
234.85700024463367 178.43703356468583
0.25 0.25 0.25 0.25
165.4080319712813
45.0
308.0721814420299 302.5490090986441
1
308.0721814420299 460.7331216409684
0.25 0.25 0.25 0.25
158.1841125423243
45.0
445.3217567676618 82.78790501989283
1
445.3217567676618 218.9316798917734
0.25 0.25 0.25 0.25
136.14377487188057
45.0
328.166899393867 135.80733545690236
0
328.166899393867 9.261488891857383
0.25 0.25 0.25 0.25
126.54584656504498
45.0
35.68162731624216 492.37014723582115
0
35.68162731624216 351.17305707370497
0.25 0.25 0.25 0.25
141.19709016211618
45.0
265.1155481739087 155.54737597151166
1
265.1155481739087 282.37456262323826
0.25 0.25 0.25 0.25
126.82718665172662
45.0
54.48260878861919 465.6914180142626
2
209.33321631965154 465.6914180142626
0.25 0.25 0.25 0.25
154.85060753103235
45.0
458.43288847229906 17.708857656968235
1
458.43288847229906 189.70703437144613
0.25 0.25 0.25 0.25
171.9981767144779
45.0
327.84182768472664 61.66421725433834
3
207.4867118350735 61.66421725433834
0.25 0.25 0.25 0.25
120.35511584965313
45.0
104.90082660639695 299.9556229150705
2
267.0057069341549 299.9556229150705
0.25 0.25 0.25 0.25
162.10488032775794
45.0
22.193486575122733 267.6583040909692
1
22.193486575122733 404.0930767868442
0.25 0.25 0.25 0.25
136.43477269587504
45.0
29.900419446044253 369.4097938807246
1
29.900419446044253 466.3446397940353
0.25 0.25 0.25 0.25
96.93484591331074
45.0
470.8895970755992 314.4663156897351
3
318.0792038208235 314.4663156897351
0.25 0.25 0.25 0.25
152.81039325477568
45.0
126.5050906070324 200.40082378257202
0
126.5050906070324 71.06946077108745
0.25 0.25 0.25 0.25
129.33136301148457
45.0
98.85717479955855 333.84134954261424
2
247.54895320747173 333.84134954261424
0.25 0.25 0.25 0.25
148.69177840791318
45.0
8.986827237644604 361.94511667753204
2
157.3720003292251 361.94511667753204
0.25 0.25 0.25 0.25
148.3851730915805
45.0
233.17364989546147 173.49474350495748
0
233.17364989546147 82.32121231395092
0.25 0.25 0.25 0.25
91.17353119100656
45.0
465.87274984585906 16.921505271994135
3
318.95331124589063 16.921505271994135
0.25 0.25 0.25 0.25
146.9194385999684
45.0
34.111456988872476 125.01446314964329
0
34.111456988872476 21.2343835873952
0.25 0.25 0.25 0.25
103.78007956224809
45.0
176.4737001510036 281.5961543015238
2
328.47952536945365 281.5961543015238
0.25 0.25 0.25 0.25
152.00582521845004
45.0
118.92637412919458 94.7692461209457
1
118.92637412919458 266.33084581094187
0.25 0.25 0.25 0.25
171.56159968999617
45.0
100.49333287844254 463.0562613900098
0
100.49333287844254 293.4718203231938
0.25 0.25 0.25 0.25
169.58444106681597
45.0
219.91144854033627 107.75511210913317
1
219.91144854033627 261.73231416992616
0.25 0.25 0.25 0.25
153.977202060793
45.0
332.0423994377462 123.35888003028828
1
332.0423994377462 234.77848869761274
0.25 0.25 0.25 0.25
111.41960866732447
45.0
294.3282089415145 109.7564566349165
1
294.3282089415145 49.95118541161787
0.25 0.25 0.25 0.25
159.70764204653437
45.0
419.8394925606571 101.51040845534915
1
419.8394925606571 200.11165101648743
0.25 0.25 0.25 0.25
98.60124256113828
45.0
376.095763821304 394.81224314443
0
376.095763821304 440.35647799115895
0.25 0.25 0.25 0.25
164.83127886441105
45.0
354.9510503551732 64.89277825568581
1
354.9510503551732 214.52216230984237
0.25 0.25 0.25 0.25
149.62938405415656
45.0
28.330202603724416 64.23134746005587
1
28.330202603724416 31.382165073380946
0.25 0.25 0.25 0.25
95.61351253343682
45.0
344.9785471564935 287.77523768368553
1
344.9785471564935 429.96975875268583
0.25 0.25 0.25 0.25
142.1945210690003
45.0
107.61449024412829 477.87655610098875
2
57.062925032316286 477.87655610098875
0.25 0.25 0.25 0.25
164.67741527644458
45.0
346.3658362747242 323.3850840914396
0
346.3658362747242 177.37961491773194
0.25 0.25 0.25 0.25
146.00546917370764
45.0
340.84809359404767 365.9555036491746
3
195.98080895572755 365.9555036491746
0.25 0.25 0.25 0.25
144.86728463832011
45.0
352.8015339104272 268.3697282226477
0
352.8015339104272 152.76874887138624
0.25 0.25 0.25 0.25
115.60097935126149
45.0
466.71669133995783 413.968702641733
3
350.5295610375865 413.968702641733
0.25 0.25 0.25 0.25
116.18713030237132
45.0
349.8750961205652 463.78596610891407
3
231.13077142442697 463.78596610891407
0.25 0.25 0.25 0.25
118.74432469613825
45.0
159.7546422598789 39.94699206747441
2
256.7588312381338 39.94699206747441
0.25 0.25 0.25 0.25
97.00418897825489
45.0
329.80548070493603 465.63029394100954
0
329.80548070493603 295.631141321086
0.25 0.25 0.25 0.25
169.99915261992356
45.0
119.5572290260045 279.79578744251444
1
119.5572290260045 401.1643795673974
0.25 0.25 0.25 0.25
121.36859212488298
45.0
452.56113992109573 115.8036014750704
1
452.56113992109573 146.25115204827947
0.25 0.25 0.25 0.25
30.447550573209075
45.0
213.10126570102153 296.3101602014943
0
213.10126570102153 271.36280298394456
0.25 0.25 0.25 0.25
24.94735721754972
45.0
219.45331030531707 180.81996156166628
1
219.45331030531707 190.43265817214922
0.25 0.25 0.25 0.25
9.612696610482946
45.0
74.85105972521653 286.23564208331925
3
64.07899755563241 286.23564208331925
0.25 0.25 0.25 0.25
10.772062169584112
45.0
132.89508228347086 312.704790245846
0
132.89508228347086 311.46065640744183
0.25 0.25 0.25 0.25
1.2441338384041933
45.0
35.019528962724635 51.41792591043725
2
54.91107984543163 51.41792591043725
0.25 0.25 0.25 0.25
19.891550882706994
45.0
332.2948598632267 112.3935020652541
2
381.2004137751586 112.3935020652541
0.25 0.25 0.25 0.25
48.90555391193192
45.0
282.2083072547251 444.0878622717354
3
264.45259788116937 444.0878622717354
0.25 0.25 0.25 0.25
17.755709373555774
45.0
239.1036847556449 28.34898204460221
2
253.3245482179122 28.34898204460221
0.25 0.25 0.25 0.25
14.220863462267303
45.0
