61867
164.52473979858985 411.40347017732415
3
39.269293783064256 411.40347017732415
0.25 0.25 0.25 0.25
125.25544601552559
45.0
140.99640705318396 498.75801624535086
0
140.99640705318396 379.4515940517882
0.25 0.25 0.25 0.25
119.30642219356261
45.0
21.755696692118732 400.02857684071375
0
21.755696692118732 294.1310316261108
0.25 0.25 0.25 0.25
105.8975452146029
45.0
151.21065335395983 299.2485424893342
0
151.21065335395983 129.70802583982513
0.25 0.25 0.25 0.25
169.5405166495091
45.0
210.61029878739245 262.28017083293764
0
210.61029878739245 128.5967461783525
0.25 0.25 0.25 0.25
133.68342465458514
45.0
117.19283913789216 444.95901129463414
0
117.19283913789216 429.41720493123466
0.25 0.25 0.25 0.25
125.62378377413116
45.0
103.45088208890428 418.0397765667001
2
234.25990100320317 418.0397765667001
0.25 0.25 0.25 0.25
130.8090189142989
45.0
308.1340054636443 72.79713005334577
1
308.1340054636443 97.8187503475994
0.25 0.25 0.25 0.25
170.61588040094517
45.0
192.47171051468902 415.4613271089038
2
320.840155488649 415.4613271089038
0.25 0.25 0.25 0.25
128.36844497395995
45.0
372.8885146582942 416.30800627326073
3
234.69956317295305 416.30800627326073
0.25 0.25 0.25 0.25
138.18895148534114
45.0
305.9628904509953 29.376585260302193
2
467.186215577286 29.376585260302193
0.25 0.25 0.25 0.25
161.22332512629072
45.0
132.01333752680108 303.9093471835154
1
132.01333752680108 407.72176608341624
0.25 0.25 0.25 0.25
103.81241889990082
45.0
94.60738903357988 418.5487125811999
2
188.84038066597526 418.5487125811999
0.25 0.25 0.25 0.25
94.23299163239538
45.0
223.50716511700625 159.81512101606404
2
355.14268703517075 159.81512101606404
0.25 0.25 0.25 0.25
131.6355219181645
45.0
243.2629238195832 79.62962326749778
1
243.2629238195832 72.39863499684498
0.25 0.25 0.25 0.25
152.02825826434275
45.0
183.1914709224122 78.38924494808654
1
183.1914709224122 62.94724523128622
0.25 0.25 0.25 0.25
141.33649017937276
45.0
368.3732346948375 484.32109990590277
0
368.3732346948375 350.5335337845305
0.25 0.25 0.25 0.25
133.78756612137227
45.0
89.73838077883363 230.46398311716774
1
89.73838077883363 392.8597930476426
0.25 0.25 0.25 0.25
162.39580993047485
45.0
57.950885022657786 91.51513230334167
2
43.83110190437198 91.51513230334167
0.25 0.25 0.25 0.25
101.78198692702976
45.0
373.45445284201435 323.9067517184931
3
241.3965559848818 323.9067517184931
0.25 0.25 0.25 0.25
132.05789685713256
45.0
371.57696857603855 382.6054524055546
0
371.57696857603855 214.0231813306305
0.25 0.25 0.25 0.25
168.5822710749241
45.0
242.63832916394722 239.8092942172268
1
242.63832916394722 380.00006700282165
0.25 0.25 0.25 0.25
140.19077278559485
45.0
455.1060659591078 206.76641237875677
3
317.64334324131164 206.76641237875677
0.25 0.25 0.25 0.25
137.46272271779614
45.0
324.9703821981734 342.8059641684449
0
324.9703821981734 231.11147183392586
0.25 0.25 0.25 0.25
111.69449233451905
45.0
475.0941569308742 391.46965797161727
0
475.0941569308742 235.20399089714533
0.25 0.25 0.25 0.25
156.26566707447193
45.0
87.51602022070415 160.46551977512547
1
87.51602022070415 287.0102244254233
0.25 0.25 0.25 0.25
126.54470465029783
45.0
315.7433661914463 69.15734709652884
1
315.7433661914463 34.534272351801945
0.25 0.25 0.25 0.25
103.69161944833078
45.0
367.65464971774486 466.9280318596602
0
367.65464971774486 373.5084004574096
0.25 0.25 0.25 0.25
93.4196314022506
45.0
463.44266392216326 254.45051259535967
1
463.44266392216326 354.76178312102866
0.25 0.25 0.25 0.25
100.311270525669
45.0
429.6403927537483 95.34749300095348
3
399.3566845930908 95.34749300095348
0.25 0.25 0.25 0.25
171.0029226531609
45.0
284.9761640034011 293.78343137963566
2
381.4219809864075 293.78343137963566
0.25 0.25 0.25 0.25
96.4458169830064
45.0
477.19229618516545 427.68169828928694
3
315.1218853250608 427.68169828928694
0.25 0.25 0.25 0.25
162.07041086010466
45.0
301.60212416842717 211.66173257422838
3
187.9842887856123 211.66173257422838
0.25 0.25 0.25 0.25
113.61783538281486
45.0
154.69019785364367 166.46071413845425
0
154.69019785364367 48.76463564599885
0.25 0.25 0.25 0.25
117.6960784924554
45.0
375.7572705424102 312.43542370422097
2
474.182717871386 312.43542370422097
0.25 0.25 0.25 0.25
98.42544732897579
45.0
287.663471691958 243.10106235340172
1
287.663471691958 334.24137099678956
0.25 0.25 0.25 0.25
91.14030864338784
45.0
3.5068688091766376 257.9387037036061
1
3.5068688091766376 394.7439375339786
0.25 0.25 0.25 0.25
136.80523383037252
45.0
392.3756919459927 106.14393618384969
1
392.3756919459927 259.1388918544251
0.25 0.25 0.25 0.25
152.9949556705754
45.0
166.4305713582005 123.04399873285352
1
166.4305713582005 0.8675765275699803
0.25 0.25 0.25 0.25
123.9115752604235
45.0
78.2805251010005 106.7222679309877
2
60.145694840660155 106.7222679309877
0.25 0.25 0.25 0.25
138.42621994166066
45.0
492.17174657284124 181.38153365155594
3
355.29646989816104 181.38153365155594
0.25 0.25 0.25 0.25
136.87527667468024
45.0
77.25084086695377 335.21892144378654
1
77.25084086695377 423.5459548284901
0.25 0.25 0.25 0.25
88.32703338470354
45.0
53.13986454554845 31.80206156368945
2
178.11883390851835 31.80206156368945
0.25 0.25 0.25 0.25
124.9789693629699
45.0
410.0770976471855 29.061831420330464
3
491.8488612882388 29.061831420330464
0.25 0.25 0.25 0.25
98.07404106457568
45.0
212.9468278169637 471.3543830104112
0
212.9468278169637 322.64674655240174
0.25 0.25 0.25 0.25
148.7076364580095
45.0
171.0876673417425 59.89771775030721
1
171.0876673417425 112.52814428901647
0.25 0.25 0.25 0.25
172.42586203932368
45.0
492.1103185848783 60.573942819598855
3
409.33273613430856 60.573942819598855
0.25 0.25 0.25 0.25
98.55694528081314
45.0
312.30830461067126 429.66626627919914
0
312.30830461067126 464.537828110045
0.25 0.25 0.25 0.25
105.79590561075591
45.0
