17707
89.617025270564 465.4560330176769
0
89.617025270564 328.9818858601888
0.25 0.25 0.25 0.25
136.47414715748806
45.0
20.34759456327822 74.0548991283755
2
108.0217590978408 74.0548991283755
0.25 0.25 0.25 0.25
128.36935366111902
45.0
141.4404832339236 122.19197344004112
2
250.0822294599609 122.19197344004112
0.25 0.25 0.25 0.25
108.6417462260373
45.0
342.6795781961863 410.48815569336034
3
175.23426056456532 410.48815569336034
0.25 0.25 0.25 0.25
167.44531763162098
45.0
133.59180576511292 267.2170616772793
0
133.59180576511292 175.41679261534975
0.25 0.25 0.25 0.25
91.80026906192953
45.0
420.4147468033965 99.87118365577425
1
420.4147468033965 252.61917018016638
0.25 0.25 0.25 0.25
152.74798652439213
45.0
471.72915305042306 494.945113170333
0
471.72915305042306 335.68530564678827
0.25 0.25 0.25 0.25
159.25980752354474
45.0
258.4400705878593 393.9178598549305
3
101.89755232043947 393.9178598549305
0.25 0.25 0.25 0.25
156.5425182674198
45.0
334.24259259149676 317.2952562412189
1
334.24259259149676 429.8325516144621
0.25 0.25 0.25 0.25
112.53729537324321
45.0
171.02238589792898 88.84925856442297
3
31.482155479807062 88.84925856442297
0.25 0.25 0.25 0.25
139.54023041812192
45.0
8.56563540621437 243.72860924019494
1
8.56563540621437 354.16675768577096
0.25 0.25 0.25 0.25
110.43814844557602
45.0
166.940813279214 233.36029818241582
3
2.509575895591979 233.36029818241582
0.25 0.25 0.25 0.25
164.43123738362203
45.0
205.09366279121812 405.2766050101152
2
315.97624120700834 405.2766050101152
0.25 0.25 0.25 0.25
110.88257841579022
45.0
266.0945290585303 437.4452676808279
2
412.5915092518376 437.4452676808279
0.25 0.25 0.25 0.25
146.49698019330725
45.0
260.8786057551591 364.6002592930855
3
88.57706327879222 364.6002592930855
0.25 0.25 0.25 0.25
172.3015424763669
45.0
2.149325079214208 123.75472906420889
2
88.23802617422244 123.75472906420889
0.25 0.25 0.25 0.25
90.38735125343665
45.0
8.941383468521565 132.43333788360212
1
8.941383468521565 272.62448414412876
0.25 0.25 0.25 0.25
140.19114626052664
45.0
209.00896396295445 489.04527652833247
3
106.9479751152362 489.04527652833247
0.25 0.25 0.25 0.25
102.06098884771825
45.0
275.20826422348375 286.0181964974585
1
275.20826422348375 391.9024899089699
0.25 0.25 0.25 0.25
105.8842934115114
45.0
148.54376367322536 347.7394984669544
0
148.54376367322536 223.86580867914265
0.25 0.25 0.25 0.25
123.87368978781174
45.0
490.0425436409549 385.1057145080355
3
380.5135166011514 385.1057145080355
0.25 0.25 0.25 0.25
109.52902703980344
45.0
20.955909430518915 125.13646063334949
1
20.955909430518915 230.88965993472905
0.25 0.25 0.25 0.25
105.75319930137957
45.0
139.2347549791276 413.90281167383955
2
268.5730914726506 413.90281167383955
0.25 0.25 0.25 0.25
129.33833649352303
45.0
147.44070800654765 427.10460733479874
0
147.44070800654765 311.94900977334345
0.25 0.25 0.25 0.25
115.15559756145528
45.0
124.73881996218131 218.63470225368349
3
26.01630037715296 218.63470225368349
0.25 0.25 0.25 0.25
98.72251958502835
45.0
241.27627450552163 382.76974425355274
0
241.27627450552163 214.8225871351868
0.25 0.25 0.25 0.25
167.94715711836594
45.0
3.817912446429716 473.8029109782075
0
3.817912446429716 389.1923005736056
0.25 0.25 0.25 0.25
137.00478844818693
45.0
66.77717558825128 370.8050382205322
2
227.35189965503358 370.8050382205322
0.25 0.25 0.25 0.25
160.5747240667823
45.0
173.19828833645252 34.59808652711257
1
173.19828833645252 115.12102689097108
0.25 0.25 0.25 0.25
149.71911341808365
45.0
376.10782329114284 97.70188635907508
2
400.3777461670714 97.70188635907508
0.25 0.25 0.25 0.25
24.269922875928547
45.0
425.97145520294714 108.24877947962733
2
458.35178858886445 108.24877947962733
0.25 0.25 0.25 0.25
32.38033338591734
45.0
26.474843318611082 153.9721632216809
0
26.474843318611082 139.97099196730568
0.25 0.25 0.25 0.25
14.001171254375205
45.0
103.44927808162934 162.40272410596094
2
144.24648902372962 162.40272410596094
0.25 0.25 0.25 0.25
40.79721094210028
45.0
27.751994843967985 251.8729276050248
1
27.751994843967985 264.7302942421784
0.25 0.25 0.25 0.25
12.857366637153566
45.0
398.2518716289527 345.22219765391225
0
398.2518716289527 337.874248996566
0.25 0.25 0.25 0.25
7.347948657346254
45.0
285.53784288074473 309.66479660201196
1
285.53784288074473 353.9433503379742
0.25 0.25 0.25 0.25
44.27855373596225
45.0
208.7655000165161 262.2666226205139
1
208.7655000165161 301.2874049739934
0.25 0.25 0.25 0.25
39.02078235347947
45.0
454.1466035119679 364.7080138073795
0
454.1466035119679 358.96553968988644
0.25 0.25 0.25 0.25
5.742474117493035
45.0
179.47514676448174 479.7826392960384
0
179.47514676448174 452.64175058404174
0.25 0.25 0.25 0.25
27.140888711996624
45.0
247.3277369558898 268.9033929601062
0
247.3277369558898 221.1760741468072
0.25 0.25 0.25 0.25
47.72731881329902
45.0
439.1036847043242 371.1165038663145
0
439.1036847043242 331.8388686357034
0.25 0.25 0.25 0.25
39.27763523061108
45.0
422.1560810906767 219.39953503279148
0
422.1560810906767 202.77495292983167
0.25 0.25 0.25 0.25
16.624582102959806
45.0
236.64734874384257 326.4017848457247
0
236.64734874384257 302.8684357532412
0.25 0.25 0.25 0.25
23.53334909248352
45.0
221.90989979301565 34.56729493041884
2
243.0725844403577 34.56729493041884
0.25 0.25 0.25 0.25
21.162684647342054
45.0
258.29933954874906 459.2216024859199
3
233.06096822889828 459.2216024859199
0.25 0.25 0.25 0.25
25.238371319850785
45.0
491.043377550017 229.4284669112439
3
498.3748637107215 229.4284669112439
0.25 0.25 0.25 0.25
10.581758739261499
45.0
367.13828299383283 9.672692745626705
3
346.1508005077203 9.672692745626705
0.25 0.25 0.25 0.25
20.98748248611252
45.0
391.8084517068066 426.81265120931124
3
385.0465949166456 426.81265120931124
0.25 0.25 0.25 0.25
6.761856790161019
45.0
