17707
136.729232632885 420.77506312009336
0
136.729232632885 442.75078972241863
0.25 0.25 0.25 0.25
136.47414715748806
45.0
290.30077133686416 330.79360645061354
0
290.30077133686416 202.42425278949452
0.25 0.25 0.25 0.25
128.36935366111902
45.0
401.7682478962629 144.41625740570544
1
401.7682478962629 253.05800363174274
0.25 0.25 0.25 0.25
108.6417462260373
45.0
352.0233897756382 84.94133200957032
1
352.0233897756382 252.3866496411913
0.25 0.25 0.25 0.25
167.44531763162098
45.0
399.1896532696768 283.58455269429794
2
490.9899223316063 283.58455269429794
0.25 0.25 0.25 0.25
91.80026906192953
45.0
357.60136100146656 67.15297805152031
3
204.85337447707442 67.15297805152031
0.25 0.25 0.25 0.25
152.74798652439213
45.0
382.8468433329599 230.9764266413091
1
382.8468433329599 390.23623416485384
0.25 0.25 0.25 0.25
159.25980752354474
45.0
19.592228470522684 237.3753415875107
2
176.1347467379425 237.3753415875107
0.25 0.25 0.25 0.25
156.5425182674198
45.0
453.51847502120575 444.79449465310586
0
453.51847502120575 442.66820997365096
0.25 0.25 0.25 0.25
112.53729537324321
45.0
433.5753099208516 88.84925856442297
1
433.5753099208516 50.690971853698954
0.25 0.25 0.25 0.25
139.54023041812192
45.0
95.81584904954576 464.604906131347
0
95.81584904954576 354.16675768577096
0.25 0.25 0.25 0.25
110.43814844557602
45.0
353.1780502681877 397.79153556603785
0
353.1780502681877 437.7772270503401
0.25 0.25 0.25 0.25
164.43123738362203
45.0
200.98007427544215 151.19308132672384
0
200.98007427544215 40.31050291093362
0.25 0.25 0.25 0.25
110.88257841579022
45.0
412.5915092518376 169.9301686473641
3
440.9115105548551 169.9301686473641
0.25 0.25 0.25 0.25
146.49698019330725
45.0
12.850701295811916 463.0981982305476
2
159.450841180555 463.0981982305476
0.25 0.25 0.25 0.25
172.3015424763669
45.0
279.0505150517211 333.9211634151713
1
279.0505150517211 424.3085146686079
0.25 0.25 0.25 0.25
90.38735125343665
45.0
448.95600766568555 129.28697846113755
1
448.95600766568555 269.4781247216642
0.25 0.25 0.25 0.25
140.19114626052664
45.0
382.74708064617255 305.53318731007846
0
382.74708064617255 203.4721984623602
0.25 0.25 0.25 0.25
102.06098884771825
45.0
89.48597530744782 74.24960967443573
2
195.3702687189592 74.24960967443573
0.25 0.25 0.25 0.25
105.8842934115114
45.0
90.19313420489195 147.75526068429258
0
90.19313420489195 23.881570896480838
0.25 0.25 0.25 0.25
123.87368978781174
45.0
71.84134819983134 272.0684477307852
1
71.84134819983134 381.59747477058863
0.25 0.25 0.25 0.25
109.52902703980344
45.0
386.4367136222414 490.6172648250721
0
386.4367136222414 384.8640655236925
0.25 0.25 0.25 0.25
105.75319930137957
45.0
188.85530190428673 103.45053430025254
2
318.19363839780976 103.45053430025254
0.25 0.25 0.25 0.25
129.33833649352303
45.0
147.44070800654765 494.14017315684356
3
32.285110445092386 494.14017315684356
0.25 0.25 0.25 0.25
115.15559756145528
45.0
26.01630037715296 287.7526998211748
1
26.01630037715296 386.47521940620317
0.25 0.25 0.25 0.25
98.72251958502835
45.0
88.69500280754684 207.13964442499125
2
79.2521543108191 207.13964442499125
0.25 0.25 0.25 0.25
167.94715711836594
45.0
332.8993160656073 211.2210312627271
2
469.9041045137942 211.2210312627271
0.25 0.25 0.25 0.25
137.00478844818693
45.0
227.35189965503358 147.47078957912086
3
66.77717558825128 147.47078957912086
0.25 0.25 0.25 0.25
160.5747240667823
45.0
370.9511956811218 67.08723296438544
3
479.3296909007945 67.08723296438544
0.25 0.25 0.25 0.25
149.71911341808365
45.0
400.3777461670714 170.51165498686072
3
376.10782329114284 170.51165498686072
0.25 0.25 0.25 0.25
24.269922875928547
45.0
69.78778795785655 11.107779321875313
2
102.16812134377389 11.107779321875313
0.25 0.25 0.25 0.25
32.38033338591734
45.0
96.48069959048712 28.043063085196803
3
82.47952833611191 28.043063085196803
0.25 0.25 0.25 0.25
14.001171254375205
45.0
18.94235474467149 284.79435693226173
2
21.854856197428788 284.79435693226173
0.25 0.25 0.25 0.25
40.79721094210028
45.0
66.32409475542869 136.15662787064264
2
79.18146139258225 136.15662787064264
0.25 0.25 0.25 0.25
12.857366637153566
45.0
368.8600769995677 257.04681376575724
0
368.8600769995677 249.69886510841098
0.25 0.25 0.25 0.25
7.347948657346254
45.0
241.25928914478249 353.9433503379742
0
241.25928914478249 309.66479660201196
0.25 0.25 0.25 0.25
44.27855373596225
45.0
322.98511174173007 127.94120091428076
3
283.9643293882506 127.94120091428076
0.25 0.25 0.25 0.25
39.02078235347947
45.0
488.4286553131018 410.6478067473237
1
488.4286553131018 416.39028086481676
0.25 0.25 0.25 0.25
5.742474117493035
45.0
152.3342580524851 384.5129171439784
0
152.3342580524851 357.3720284319818
0.25 0.25 0.25 0.25
27.140888711996624
45.0
483.6906359431056 17.460519919687897
1
483.6906359431056 30.266798893611124
0.25 0.25 0.25 0.25
47.72731881329902
45.0
281.99314378188 449.6717743275366
0
281.99314378188 410.3941390969255
0.25 0.25 0.25 0.25
39.27763523061108
45.0
405.5314989877169 36.52913190023361
2
422.1560810906767 36.52913190023361
0.25 0.25 0.25 0.25
16.624582102959806
45.0
377.84744329874354 91.06829392088957
3
354.31409420626005 91.06829392088957
0.25 0.25 0.25 0.25
23.53334909248352
45.0
348.88600767706805 34.56729493041884
2
370.0486923244101 34.56729493041884
0.25 0.25 0.25 0.25
21.162684647342054
45.0
384.491196148003 414.5865409148262
2
409.72956746785377 414.5865409148262
0.25 0.25 0.25 0.25
25.238371319850785
45.0
491.043377550017 208.26494943272093
1
491.043377550017 218.8467081719824
0.25 0.25 0.25 0.25
10.581758739261499
45.0
409.1132479660579 158.22716714327345
3
388.12576547994536 158.22716714327345
0.25 0.25 0.25 0.25
20.98748248611252
45.0
418.8558788674506 453.86007836995526
2
425.6177356576116 453.86007836995526
0.25 0.25 0.25 0.25
6.761856790161019
45.0
