16844
158.73790876114697 124.96456370192607
2
290.15621594276473 124.96456370192607
0.25 0.25 0.25 0.25
131.41830718161776
45.0
60.16747238088624 474.6674373107969
2
114.4901221961311 474.6674373107969
0.25 0.25 0.25 0.25
174.65759457701733
45.0
202.95273418021873 427.2801228092803
3
95.36145689032703 427.2801228092803
0.25 0.25 0.25 0.25
107.59127728989169
45.0
266.9673036463579 44.6490152771342
1
266.9673036463579 111.69432933946266
0.25 0.25 0.25 0.25
156.34334461659685
45.0
135.67994018561077 317.80055141488185
3
0.21218438076579105 317.80055141488185
0.25 0.25 0.25 0.25
135.46775580484498
45.0
197.93863019032005 494.0840934917225
0
197.93863019032005 391.95128796206996
0.25 0.25 0.25 0.25
102.13280552965256
45.0
82.88579485291827 202.05655175314206
2
199.2921960842765 202.05655175314206
0.25 0.25 0.25 0.25
116.40640123135823
45.0
238.4643658185148 419.19184447727537
2
355.25633349958014 419.19184447727537
0.25 0.25 0.25 0.25
116.79196768106533
45.0
469.2444585594418 12.378704169311732
3
366.0900011765275 12.378704169311732
0.25 0.25 0.25 0.25
164.6655402640307
45.0
331.1545019466165 398.7807531654355
3
180.61013844200104 398.7807531654355
0.25 0.25 0.25 0.25
150.54436350461546
45.0
346.65342794400055 196.1811027195863
0
346.65342794400055 108.44409136345017
0.25 0.25 0.25 0.25
87.73701135613614
45.0
244.53499653788185 419.82171796097305
0
244.53499653788185 319.26825872417635
0.25 0.25 0.25 0.25
100.55345923679668
45.0
101.8673963308035 495.95483725379285
2
0.4213910947802333 495.95483725379285
0.25 0.25 0.25 0.25
102.28878742558373
45.0
314.53577622994084 392.09665932258287
3
165.52316909634862 392.09665932258287
0.25 0.25 0.25 0.25
149.0126071335922
45.0
0.21597533545877923 91.97457525460891
1
0.21597533545877923 228.19285504200298
0.25 0.25 0.25 0.25
136.21827978739407
45.0
340.2861845420707 414.33310607364103
3
170.79106896669205 414.33310607364103
0.25 0.25 0.25 0.25
169.49511557537866
45.0
15.73307537788051 116.60166331728463
1
15.73307537788051 222.9176929012175
0.25 0.25 0.25 0.25
106.31602958393286
45.0
394.15820120639705 171.71921416185285
1
394.15820120639705 294.9426175946321
0.25 0.25 0.25 0.25
123.22340343277926
45.0
272.48739766140045 246.94314863433772
2
413.1614951177553 246.94314863433772
0.25 0.25 0.25 0.25
140.67409745635484
45.0
490.76318863944266 116.89364859111429
3
369.87486864944253 116.89364859111429
0.25 0.25 0.25 0.25
120.88831999000014
45.0
68.8657431034685 419.5381800644957
0
68.8657431034685 416.36403495199465
0.25 0.25 0.25 0.25
164.09778498350965
45.0
242.85901270224923 218.5729002618558
1
242.85901270224923 313.9544886340751
0.25 0.25 0.25 0.25
95.3815883722193
45.0
215.29102522402604 73.36686435540524
1
215.29102522402604 22.452251372273935
0.25 0.25 0.25 0.25
95.81911572767918
45.0
228.8621462103573 325.9878517437521
2
336.58702205656687 325.9878517437521
0.25 0.25 0.25 0.25
107.72487584620954
45.0
269.84253444718905 204.13228259878696
1
269.84253444718905 362.16884955751925
0.25 0.25 0.25 0.25
158.0365669587323
45.0
51.173397323087016 156.33876865864616
1
51.173397323087016 257.6732343596229
0.25 0.25 0.25 0.25
101.33446570097672
45.0
433.8576973162325 336.05791821272123
3
299.61441230995683 336.05791821272123
0.25 0.25 0.25 0.25
134.2432850062756
45.0
253.92244614487385 177.53178237850796
3
122.66056234075393 177.53178237850796
0.25 0.25 0.25 0.25
131.26188380411992
45.0
447.48543669599326 403.2604791674521
3
430.2914786405303 403.2604791674521
0.25 0.25 0.25 0.25
122.22308466347644
45.0
485.3535902614624 175.948532467286
3
467.71994624903573 175.948532467286
0.25 0.25 0.25 0.25
46.926463489501884
45.0
31.205083472083594 452.22265401631097
2
8.493017170050663 452.22265401631097
0.25 0.25 0.25 0.25
39.69810064213426
45.0
377.4941800492237 215.98791997497074
2
405.26225437298984 215.98791997497074
0.25 0.25 0.25 0.25
27.76807432376616
45.0
143.62907249532637 379.29981725053983
1
143.62907249532637 424.2659719376768
0.25 0.25 0.25 0.25
44.96615468713699
45.0
301.2437255556972 403.94205850480074
2
345.9092953018048 403.94205850480074
0.25 0.25 0.25 0.25
44.665569746107565
45.0
100.20690617603466 193.30818183549044
2
113.69328875588695 193.30818183549044
0.25 0.25 0.25 0.25
13.486382579852286
45.0
488.30659933723524 95.90245717295778
3
453.24933722474225 95.90245717295778
0.25 0.25 0.25 0.25
35.057262112493
45.0
256.8302515742521 322.8493644365243
2
291.73130305746787 322.8493644365243
0.25 0.25 0.25 0.25
34.90105148321576
45.0
481.1608758905397 251.0493920189739
3
481.51531826805245 251.0493920189739
0.25 0.25 0.25 0.25
37.323805841407804
45.0
416.95308540512036 286.44690171550224
0
416.95308540512036 241.93618257008657
0.25 0.25 0.25 0.25
44.510719145415656
45.0
41.88621123407456 280.21406996743804
3
5.040792669607342 280.21406996743804
0.25 0.25 0.25 0.25
36.84541856446722
45.0
205.86141656112375 374.57609282254566
0
205.86141656112375 344.61014646340004
0.25 0.25 0.25 0.25
29.96594635914564
45.0
454.25593511317777 0.40675457414257465
2
473.16085417696297 0.40675457414257465
0.25 0.25 0.25 0.25
18.90491906378522
45.0
153.5705835149124 129.01698363781304
1
153.5705835149124 138.85658625820503
0.25 0.25 0.25 0.25
9.839602620391974
45.0
383.6973082724767 5.1886988300406784
3
339.16619146886524 5.1886988300406784
0.25 0.25 0.25 0.25
44.531116803611454
45.0
418.82502934811674 101.58771930706314
1
418.82502934811674 106.08874940522519
0.25 0.25 0.25 0.25
4.501030098162046
45.0
14.831832357930484 136.68085716591077
2
36.063187870524715 136.68085716591077
0.25 0.25 0.25 0.25
21.23135551259423
45.0
99.63951200144191 93.90140407507735
3
67.22217418339895 93.90140407507735
0.25 0.25 0.25 0.25
32.41733781804296
45.0
474.6296229894938 29.930941781224135
1
474.6296229894938 36.72651508092856
0.25 0.25 0.25 0.25
6.795573299704421
45.0
