16844
418.2817774182661 387.8011780651616
0
418.2817774182661 256.38287088354383
0.25 0.25 0.25 0.25
131.41830718161776
45.0
367.91417642595775 412.31675249359637
3
457.4282289970249 412.31675249359637
0.25 0.25 0.25 0.25
174.65759457701733
45.0
366.6821566602145 288.01034112841404
2
474.2734339501062 288.01034112841404
0.25 0.25 0.25 0.25
107.59127728989169
45.0
452.8094871362074 139.0524275933121
3
296.46614251961057 139.0524275933121
0.25 0.25 0.25 0.25
156.34334461659685
45.0
290.8570682838664 182.33279561003687
1
290.8570682838664 317.80055141488185
0.25 0.25 0.25 0.25
135.46775580484498
45.0
270.0692868648915 16.579934156540276
1
270.0692868648915 85.55287137311228
0.25 0.25 0.25 0.25
102.13280552965256
45.0
151.63458500205246 37.992539439559735
1
151.63458500205246 154.39894067091797
0.25 0.25 0.25 0.25
116.40640123135823
45.0
294.3677634572239 244.96880190141803
3
177.57579577615854 244.96880190141803
0.25 0.25 0.25 0.25
116.79196768106533
45.0
115.8998611997489 329.7030262815574
2
48.76567906428181 329.7030262815574
0.25 0.25 0.25 0.25
164.6655402640307
45.0
421.5673155764608 151.50257068851286
3
271.02295207184534 151.50257068851286
0.25 0.25 0.25 0.25
150.54436350461546
45.0
293.80929167036686 277.39682914359696
2
381.546303026503 277.39682914359696
0.25 0.25 0.25 0.25
87.73701135613614
45.0
459.3392181196949 335.87203582807695
3
440.1073226435084 335.87203582807695
0.25 0.25 0.25 0.25
100.55345923679668
45.0
227.88684020178505 166.20060072120424
0
227.88684020178505 63.911813295620505
0.25 0.25 0.25 0.25
102.28878742558373
45.0
122.43491916120308 199.99580225384517
2
26.57768797238913 199.99580225384517
0.25 0.25 0.25 0.25
149.0126071335922
45.0
362.39877320939945 181.72081355376145
2
498.6170529967935 181.72081355376145
0.25 0.25 0.25 0.25
136.21827978739407
45.0
66.37500147043312 94.15224065249495
2
103.12011410494554 94.15224065249495
0.25 0.25 0.25 0.25
169.49511557537866
45.0
196.8989837899852 308.66245501844685
3
90.58295420605235 308.66245501844685
0.25 0.25 0.25 0.25
106.31602958393286
45.0
270.9347977736178 458.61057553980936
2
394.15820120639705 458.61057553980936
0.25 0.25 0.25 0.25
123.22340343277926
45.0
149.53489470766408 236.2044149567912
2
290.2089921640189 236.2044149567912
0.25 0.25 0.25 0.25
140.67409745635484
45.0
281.8799887394413 59.096111228888205
1
281.8799887394413 179.98443121888835
0.25 0.25 0.25 0.25
120.88831999000014
45.0
95.23204188004115 431.7773250509367
0
95.23204188004115 267.67954006742707
0.25 0.25 0.25 0.25
164.09778498350965
45.0
184.851457064435 18.37439276038978
2
280.2330454366543 18.37439276038978
0.25 0.25 0.25 0.25
95.3815883722193
45.0
455.44278486972814 214.0904828276323
3
359.623669142049 214.0904828276323
0.25 0.25 0.25 0.25
95.81911572767918
45.0
13.412394517938225 458.56239656382877
2
94.31248132827132 458.56239656382877
0.25 0.25 0.25 0.25
107.72487584620954
45.0
307.82836292422013 97.87631388766101
3
149.79179596548784 97.87631388766101
0.25 0.25 0.25 0.25
158.0365669587323
45.0
139.16320601429658 350.33355984623745
2
240.4976717152733 350.33355984623745
0.25 0.25 0.25 0.25
101.33446570097672
45.0
29.169162658664987 410.00419826292625
2
105.07412234761063 410.00419826292625
0.25 0.25 0.25 0.25
134.2432850062756
45.0
354.11258701079254 440.0555499867478
2
485.37447081491246 440.0555499867478
0.25 0.25 0.25 0.25
131.26188380411992
45.0
480.8472305907162 7.839420207353982
3
396.9296847458073 7.839420207353982
0.25 0.25 0.25 0.25
122.22308466347644
45.0
63.01541885594543 463.18402633715937
0
63.01541885594543 489.88951017333875
0.25 0.25 0.25 0.25
46.926463489501884
45.0
87.88921845431918 412.5245533741768
2
127.58731909645343 412.5245533741768
0.25 0.25 0.25 0.25
39.69810064213426
45.0
428.12929968441324 132.3343726592538
3
400.3612253606471 132.3343726592538
0.25 0.25 0.25 0.25
27.76807432376616
45.0
485.8970931245914 81.10632650381649
1
485.8970931245914 126.07248119095348
0.25 0.25 0.25 0.25
44.96615468713699
45.0
211.91258606348208 118.59117444252178
0
211.91258606348208 73.92560469641421
0.25 0.25 0.25 0.25
44.665569746107565
45.0
208.09796681485295 4.498825717558407
3
194.61158423500066 4.498825717558407
0.25 0.25 0.25 0.25
13.486382579852286
45.0
207.8485024372913 254.6701639519722
0
207.8485024372913 219.6129018394792
0.25 0.25 0.25 0.25
35.057262112493
45.0
289.45607914394276 287.9483129533085
2
324.35713062715854 287.9483129533085
0.25 0.25 0.25 0.25
34.90105148321576
45.0
324.12289480689753 139.07797449475044
1
324.12289480689753 176.40178033615825
0.25 0.25 0.25 0.25
37.323805841407804
45.0
494.02547630404837 425.7246046111482
3
461.463804550536 425.7246046111482
0.25 0.25 0.25 0.25
44.510719145415656
45.0
373.4949783142795 317.05948853190523
3
336.6495597498123 317.05948853190523
0.25 0.25 0.25 0.25
36.84541856446722
45.0
325.7252019977062 205.90065814941562
2
355.69114835685184 205.90065814941562
0.25 0.25 0.25 0.25
29.96594635914564
45.0
337.789955185185 434.40638389291735
3
318.8850361213998 434.40638389291735
0.25 0.25 0.25 0.25
18.90491906378522
45.0
340.52303330236015 217.57340722134091
2
350.36263592275213 217.57340722134091
0.25 0.25 0.25 0.25
9.839602620391974
45.0
260.0537572986318 361.43763325893224
3
215.52264049502037 361.43763325893224
0.25 0.25 0.25 0.25
44.531116803611454
45.0
288.29515650141695 79.0825688162529
1
288.29515650141695 83.58359891441495
0.25 0.25 0.25 0.25
4.501030098162046
45.0
163.4513209460901 181.7894755230027
0
163.4513209460901 160.55812001040846
0.25 0.25 0.25 0.25
21.23135551259423
45.0
229.3088632736138 192.9171639279778
3
196.89152545557084 192.9171639279778
0.25 0.25 0.25 0.25
32.41733781804296
45.0
365.90045019422314 138.66011457649483
1
365.90045019422314 145.45568787619925
0.25 0.25 0.25 0.25
6.795573299704421
45.0
