96096
443.54659202578534 134.58401296197033
1
443.54659202578534 9.742816050821546
0.25 0.25 0.25 0.25
144.32682901279188
45.0
383.0137767075614 118.40134954549347
0
383.0137767075614 12.300141775104208
0.25 0.25 0.25 0.25
106.10120777038927
45.0
495.2233531470778 267.94400885294675
1
495.2233531470778 428.8294964221608
0.25 0.25 0.25 0.25
160.88548756921404
45.0
343.82731540592124 295.60434189900366
0
343.82731540592124 141.54051458166973
0.25 0.25 0.25 0.25
154.06382731733393
45.0
469.8075372530709 465.6604448713932
0
469.8075372530709 377.42727984356213
0.25 0.25 0.25 0.25
156.91227528504464
45.0
132.7342660586511 425.40039587370654
2
239.18883285063623 425.40039587370654
0.25 0.25 0.25 0.25
106.45456679198513
45.0
290.9451683022944 24.710211012313806
1
290.9451683022944 73.55552788372597
0.25 0.25 0.25 0.25
98.26573889603978
45.0
8.787221383962788 245.34082452033772
1
8.787221383962788 398.07276746711807
0.25 0.25 0.25 0.25
152.73194294678035
45.0
103.84481351012585 176.3995195135014
1
103.84481351012585 339.7000457090421
0.25 0.25 0.25 0.25
163.30052619554073
45.0
332.36610388177934 251.81965124705528
2
437.8505693809245 251.81965124705528
0.25 0.25 0.25 0.25
105.48446549914517
45.0
170.34536849878737 266.17992134179997
2
292.727898216158 266.17992134179997
0.25 0.25 0.25 0.25
122.38252971737063
45.0
374.6892396671801 202.1929418578269
1
374.6892396671801 308.10691357567396
0.25 0.25 0.25 0.25
105.91397171784706
45.0
293.8562918959667 75.52777108136542
1
293.8562918959667 91.05538801593647
0.25 0.25 0.25 0.25
166.5831590973019
45.0
413.091711388523 33.81558905073774
1
413.091711388523 86.18538429255292
0.25 0.25 0.25 0.25
120.00097334329067
45.0
370.152815398792 489.9801273687334
0
370.152815398792 346.25882115911804
0.25 0.25 0.25 0.25
143.72130620961536
45.0
329.9520807874783 170.74753680887946
2
463.7415564534422 170.74753680887946
0.25 0.25 0.25 0.25
133.78947566596386
45.0
209.0449499128738 420.73614967752076
0
209.0449499128738 458.51327825732176
0.25 0.25 0.25 0.25
120.75057206515753
45.0
478.8182605055447 301.29882834269233
1
478.8182605055447 411.65984447378196
0.25 0.25 0.25 0.25
110.36101613108963
45.0
228.00503385896366 24.84690933407768
1
228.00503385896366 67.40372728998511
0.25 0.25 0.25 0.25
92.25063662406279
45.0
92.53886933015778 420.8496953843371
2
36.3520416930408 420.8496953843371
0.25 0.25 0.25 0.25
128.89091102319858
45.0
178.89957334736454 433.7100192178322
0
178.89957334736454 273.4033127413629
0.25 0.25 0.25 0.25
160.3067064764693
45.0
152.6164352763475 415.4837077346375
2
250.35589259589244 415.4837077346375
0.25 0.25 0.25 0.25
97.73945731954495
45.0
491.72257836407806 249.87119248828543
3
369.24442715760847 249.87119248828543
0.25 0.25 0.25 0.25
139.03299447831347
45.0
115.90768083280568 251.629071660784
3
7.4364778619765275 251.629071660784
0.25 0.25 0.25 0.25
108.47120297082915
45.0
490.39646823752264 487.1907997086022
3
345.7515188941346 487.1907997086022
0.25 0.25 0.25 0.25
163.85201286834277
45.0
401.2697763642542 38.878094012079316
1
401.2697763642542 206.8464635136891
0.25 0.25 0.25 0.25
167.96836950160977
45.0
190.10684403960295 469.1719730808104
0
190.10684403960295 298.5612263356295
0.25 0.25 0.25 0.25
170.6107467451809
45.0
237.56878593687208 207.89361211380384
2
345.8328526101505 207.89361211380384
0.25 0.25 0.25 0.25
108.26406667327844
45.0
63.86676142286615 276.6464108724873
2
221.02316611975334 276.6464108724873
0.25 0.25 0.25 0.25
157.1564046968872
45.0
431.1862056025385 214.86474929688734
0
431.1862056025385 85.29233855277212
0.25 0.25 0.25 0.25
129.57241074411522
45.0
43.58804784201044 135.57866168423115
1
43.58804784201044 302.40930421761686
0.25 0.25 0.25 0.25
166.8306425333857
45.0
431.3402046862202 172.3592172677494
1
431.3402046862202 284.21094313595523
0.25 0.25 0.25 0.25
111.85172586820585
45.0
482.75018671371004 399.85089751044336
0
482.75018671371004 482.5759098806551
0.25 0.25 0.25 0.25
117.57319260890152
45.0
230.42685528341016 414.2206751201426
0
230.42685528341016 260.2184930355753
0.25 0.25 0.25 0.25
154.0021820845673
45.0
301.903051143441 323.49348775599645
3
176.3342996686789 323.49348775599645
0.25 0.25 0.25 0.25
125.5687514747621
45.0
459.89652528837655 229.240391232435
3
391.9867844927676 229.240391232435
0.25 0.25 0.25 0.25
148.11669021885592
45.0
236.1119549285847 194.12825106093223
0
236.1119549285847 31.139546067990466
0.25 0.25 0.25 0.25
162.98870499294176
45.0
127.97898823480648 447.4472574447252
0
127.97898823480648 275.7284658103129
0.25 0.25 0.25 0.25
171.7187916344123
45.0
353.3156313508862 92.41789493817976
3
193.4410258100774 92.41789493817976
0.25 0.25 0.25 0.25
159.87460554080877
45.0
415.07139265468857 156.5206008702582
1
415.07139265468857 190.76222790877196
0.25 0.25 0.25 0.25
34.241627038513776
45.0
6.7179521557737445 407.85176854354074
3
3.4244236466515154 407.85176854354074
0.25 0.25 0.25 0.25
3.293528509122229
45.0
88.94599014710374 327.39906007481545
3
76.22916333571781 327.39906007481545
0.25 0.25 0.25 0.25
12.716826811385928
45.0
271.02942218968167 448.8069430617414
2
314.58534037320294 448.8069430617414
0.25 0.25 0.25 0.25
43.55591818352126
45.0
191.2148823021708 412.8252720227815
2
219.23917345348394 412.8252720227815
0.25 0.25 0.25 0.25
28.02429115131314
45.0
165.78261155015207 225.89242890451635
3
131.53884768907557 225.89242890451635
0.25 0.25 0.25 0.25
34.243763861076516
45.0
88.62580575631564 80.72311018975465
3
86.34366085904131 80.72311018975465
0.25 0.25 0.25 0.25
2.2821448972743408
45.0
159.17875278967324 190.8503678202411
3
125.55966570035119 190.8503678202411
0.25 0.25 0.25 0.25
33.61908708932204
45.0
275.8916244605015 21.025784351368472
1
275.8916244605015 45.067621835178386
0.25 0.25 0.25 0.25
24.041837483809914
45.0
