50264
115.77903776083326 128.63724813828148
73.29359667046862 128.63724813828148
0.4352438520670899 0.04435103503728998 0.17750826916205292 0.34289684373356716
42.48544109036464
45.0
50.208070105272014 208.01140078680942
37.821839617598414 208.01140078680942
0.0037787520542186225 0.18624329894196934 0.4303193876041769 0.3796585613996353
12.3862304876736
45.0
270.7321719331045 4.426907111963601
264.70850218126816 4.426907111963601
0.24677586771639787 0.16879345094849457 0.38904787379205197 0.1953828075430555
6.023669751836342
45.0
154.82710451049752 3.336963753537816
123.80540685702832 3.336963753537816
0.1535049001132272 0.3387377774151505 0.3305634190632345 0.1771939034083878
31.0216976534692
45.0
113.4247918746525 253.6736257440797
103.68416372495444 253.6736257440797
0.2161209684240766 0.05274765521884072 0.4296924931728713 0.3014388831842115
9.74062814969805
45.0
199.80095162972754 377.12017939486765
169.67718679101847 377.12017939486765
0.29726216291746693 0.49018308679976247 0.10215645588167066 0.11039829440109994
30.123764838709064
45.0
340.32863997642966 388.3249850010105
330.0876088819632 388.3249850010105
0.4044955902482052 0.018247729701181756 0.2899753512977096 0.28728132875290346
10.241031094466473
45.0
72.24772226136292 464.7548321654708
42.95404719689361 464.7548321654708
0.08601711506877345 0.15723119078257727 0.550712322143458 0.20603937200519123
29.29367506446931
45.0
332.12226026705844 283.2228552525622
299.783711601019 283.2228552525622
0.2859125313025738 0.336712972900378 0.3104376454462733 0.06693685035077489
32.33854866603944
45.0
32.65238611886127 248.96609511609734
486.53987505387863 248.96609511609734
0.2577279164710555 0.30515567199382315 0.27260428897627736 0.164512122558844
46.11251106498263
45.0
57.769273592802946 71.46104322580328
41.601404114932365 71.46104322580328
0.06077226474938893 0.36092346210618276 0.09341832975671198 0.4848859433877164
16.167869477870582
45.0
377.2700424519387 452.21819387683365
339.5937060681916 452.21819387683365
0.31489075402890293 0.2435655890215343 0.3811485069947131 0.060395149954849604
37.67633638374714
45.0
427.1221087102352 300.74501649010404
415.10469765006746 300.74501649010404
0.48423694661792877 0.021419388686299043 0.3869794840770924 0.10736418061867971
12.017411060167726
45.0
314.3790119794952 474.8548742079579
268.92634003823844 474.8548742079579
0.3651512809478948 0.08946343305533974 0.24595448359964023 0.2994308023971252
45.452671941256796
45.0
395.56076687648726 232.51581975725645
399.4816967318103 232.51581975725645
0.39020474796996457 0.3478304185365611 0.24259175940971978 0.019373074083754552
3.920929855323024
45.0
61.16374301641196 471.55914907100396
103.84107471938813 471.55914907100396
0.329483117797589 0.3274647639257151 0.32125440006237915 0.021797718214316787
42.67733170297617
45.0
51.58468677653901 388.37091649885195
5.061678421274067 388.37091649885195
0.4025850699204476 0.05157807278153698 0.4736826274605718 0.07215422983744355
46.52300835526494
45.0
398.2225688210067 53.191221230946454
381.8969452919528 53.191221230946454
0.19009508691872926 0.12859755274125365 0.20404214300459644 0.4772652173354206
16.325623529053857
45.0
130.10981982215208 447.5919054430484
82.7476504066243 447.5919054430484
0.5178253801772618 0.11578799402806589 0.22534646100467845 0.14104016478999382
47.36216941552778
45.0
466.8889823428486 215.44566481866872
430.1176611591851 215.44566481866872
0.14576591573464157 0.25270468377883465 0.29603110266130206 0.3054982978252216
36.77132118366349
45.0
262.15182915844605 179.31017938669592
235.81630103811491 179.31017938669592
0.33349632452159245 0.4561788131372907 0.08976292479594222 0.12056193754517458
26.33552812033113
45.0
232.62513980911643 177.68336002577013
231.13466433942125 177.68336002577013
0.053059207796175914 0.2981331373078834 0.32510939636999237 0.32369825852594836
1.490475469695196
45.0
84.95983276015998 395.51921208251997
84.19958862881367 395.51921208251997
0.1382632384988472 0.30858481224755474 0.23566693573960867 0.31748501351398933
0.760244131346316
45.0
30.80723217609932 26.55844896619783
490.23825969173413 26.55844896619783
0.383569296782526 0.1677001846450552 0.3626222326278217 0.08610828594459728
40.56897248436519
45.0
184.49541700325955 241.47988257449475
165.9707885493093 241.47988257449475
0.2854758517747695 0.23682973297574744 0.3328727503275375 0.14482166492194556
18.524628453950243
45.0
212.54417310897526 272.7357238818638
205.66530450407396 272.7357238818638
0.25273134821217935 0.18958134773371527 0.4488340318349497 0.10885327221915576
6.878868604901306
45.0
391.93034969429993 484.47652685406825
345.07628117959524 484.47652685406825
0.48616790348023403 0.1263987186847179 0.23427283148993977 0.15316054634510834
46.8540685147047
45.0
39.494283235513535 329.76430087935927
499.911528241026 329.76430087935927
0.2692738582753153 0.27735942185614304 0.2023175690465645 0.25104915082197726
39.5827549944875
45.0
207.44720235982498 293.2284161116229
178.20361470176857 293.2284161116229
0.32312811350946397 0.15564052787149993 0.20157961060598034 0.3196517480130558
29.243587658056402
45.0
371.6339321596781 5.315814920655043
331.3071697435039 5.315814920655043
0.193044947664185 0.25381144838327424 0.31686717871279596 0.23627642523974485
40.32676241617426
45.0
219.81291054950887 226.55299555745327
217.29035124184608 226.55299555745327
0.4543495037984389 0.04548547350623091 0.08948751491764227 0.410677507777688
2.5225593076627972
45.0
405.9490928869998 363.2705664209476
400.11161099765656 363.2705664209476
0.16422433460562774 0.016089274017131786 0.12212453369202747 0.6975618576852131
5.837481889343243
45.0
63.748764501778396 249.72103277566322
17.3176256549541 249.72103277566322
0.0004648397322855976 0.21055110345542627 0.5539875262119196 0.23499653060036857
46.4311388468243
45.0
58.78514767228789 171.32002819437872
46.96515226858139 171.32002819437872
0.14578337179531572 0.41811896737608817 0.13545587272087006 0.30064178810772607
11.819995403706496
45.0
331.04858176423414 258.34084607939104
311.09476388858184 258.34084607939104
0.23048563270500386 0.33866185609706423 0.1826134995598209 0.24823901163811105
19.95381787565229
45.0
336.6996808363164 105.8852087863414
322.1511473008994 105.8852087863414
0.12467259660488153 0.29338315940007426 0.30415089124026345 0.2777933527547808
14.54853353541698
45.0
108.22265524825704 96.64837568098064
74.862021598058 96.64837568098064
0.47434086317057633 0.19093060588618638 0.01641326132869363 0.31831526961454376
33.36063365019903
45.0
468.8755659907612 298.1900513310416
428.5867527215722 298.1900513310416
0.49823327143262264 0.010177864587844896 0.08385969706691965 0.4077291669126128
40.28881326918896
45.0
303.13746553111423 182.50571691732375
312.1848222433748 182.50571691732375
0.6021187681670208 0.2996047199003614 0.06483358361059423 0.033442928322023474
9.047356712260596
45.0
108.08642400470438 499.15017127056524
79.73323836608486 499.15017127056524
0.32469677581668405 0.23478665529752932 0.24698641902451915 0.19353014986126738
28.353185638619514
45.0
176.82957881859153 95.36428837043474
165.804552141564 95.36428837043474
0.21024846761059265 0.09470333250096798 0.354887861713062 0.3401603381753774
11.025026677027554
45.0
415.28562570059506 399.1268666446342
403.5065330844082 399.1268666446342
0.16644577199438543 0.3624735797251242 0.12379384218736618 0.34728680609312423
11.779092616186842
45.0
237.59892810785433 261.9132254060009
202.02578595597458 261.9132254060009
0.2438006553784873 0.105761476849294 0.19405213198827534 0.4563857357839433
35.57314215187976
45.0
74.73889679697145 141.45451345340086
65.4461113866835 141.45451345340086
0.29458042565079057 0.027796104588549257 0.3068619839900818 0.3707614857705784
9.292785410287946
45.0
47.07287758463708 289.930696006281
41.57779964433367 289.930696006281
0.1850432752893335 0.20391976357835154 0.29396928153101476 0.3170676796013002
5.495077940303405
45.0
131.98481289681786 57.6703533869403
93.0315504293111 57.6703533869403
0.36329419040048655 0.34588405428838104 0.16858250876618944 0.12223924654494298
38.95326246750677
45.0
111.5311290597218 412.75120687667805
104.60236159199336 412.75120687667805
0.03852914369066767 0.1689569451793789 0.2999108066822812 0.49260310444767225
6.928767467728447
45.0
271.5945403060888 225.13256743217278
266.18986992959117 225.13256743217278
0.08471376061605042 0.2983174944821597 0.3585727086938911 0.2583960362078988
5.4046703764976165
45.0
