55230
237.6190160328214 382.83033397314773
0
237.6190160328214 462.7862858410914
0.25 0.25 0.25 0.25
154.38338018576084
45.0
279.84765273716084 199.9988665106855
1
279.84765273716084 307.6230971739586
0.25 0.25 0.25 0.25
107.62423066327311
45.0
418.22079820876854 247.3717020453752
3
246.6407606882622 247.3717020453752
0.25 0.25 0.25 0.25
171.58003752050635
45.0
104.46758527545387 450.6723575512872
2
11.758109610547393 450.6723575512872
0.25 0.25 0.25 0.25
116.22569488600126
45.0
152.40831345294404 64.43944763689714
3
17.084960946149806 64.43944763689714
0.25 0.25 0.25 0.25
135.32335250679424
45.0
302.31652066208835 21.31384634858216
1
302.31652066208835 113.65676965922898
0.25 0.25 0.25 0.25
92.34292331064682
45.0
105.99946948171262 368.26494093678707
0
105.99946948171262 460.23402567627386
0.25 0.25 0.25 0.25
171.50103338693904
45.0
451.2807854210273 390.1641489306229
0
451.2807854210273 450.09306732770915
0.25 0.25 0.25 0.25
159.74278374166795
45.0
273.2814651017413 86.12946006137636
1
273.2814651017413 24.757068982811475
0.25 0.25 0.25 0.25
110.88652904418784
45.0
292.73162986567377 217.26185634946583
0
292.73162986567377 114.08295126146419
0.25 0.25 0.25 0.25
103.17890508800164
45.0
420.2638085678635 409.9031138617763
0
420.2638085678635 283.7923494699568
0.25 0.25 0.25 0.25
126.11076439181954
45.0
413.69200416339936 458.3448931535306
3
496.4973447630897 458.3448931535306
0.25 0.25 0.25 0.25
89.81065107351095
45.0
118.09500752204775 59.31122760543661
2
239.4112374391012 59.31122760543661
0.25 0.25 0.25 0.25
121.31622991705345
45.0
38.680111746670406 98.78330381455879
1
38.680111746670406 46.3939096140588
0.25 0.25 0.25 0.25
145.1772134286176
45.0
86.93041306423788 87.87594755359544
1
86.93041306423788 30.20654988056208
0.25 0.25 0.25 0.25
118.08249743415752
45.0
17.99817502607729 322.56277724422364
1
17.99817502607729 457.86339657498695
0.25 0.25 0.25 0.25
135.30061933076334
45.0
199.98227005798552 253.79060041681876
3
26.357076006554678 253.79060041681876
0.25 0.25 0.25 0.25
173.62519405143084
45.0
64.45215787040087 305.92046667163424
2
195.8485660975508 305.92046667163424
0.25 0.25 0.25 0.25
131.39640822714992
45.0
276.68254514368687 397.2869457529023
1
276.68254514368687 497.1470121194693
0.25 0.25 0.25 0.25
99.86006636656703
45.0
423.93275245278767 271.37426063809914
0
423.93275245278767 167.5766663822323
0.25 0.25 0.25 0.25
103.79759425586683
45.0
45.19413779392274 76.75239210684165
1
45.19413779392274 125.98800739876268
0.25 0.25 0.25 0.25
49.23561529192103
45.0
13.856134494118946 71.8927327802778
1
13.856134494118946 83.55326753107187
0.25 0.25 0.25 0.25
11.660534750794065
45.0
313.42000160466773 39.800598417204746
3
288.14089050184407 39.800598417204746
0.25 0.25 0.25 0.25
25.27911110282367
45.0
356.3340770348737 184.1796474197385
0
356.3340770348737 140.9872115828481
0.25 0.25 0.25 0.25
43.19243583689042
45.0
446.7185439013274 154.83461525092514
1
446.7185439013274 187.98450456132377
0.25 0.25 0.25 0.25
33.14988931039865
45.0
387.95103515095053 326.6055779570238
3
376.721688021935 326.6055779570238
0.25 0.25 0.25 0.25
11.229347129015538
45.0
93.89184046674166 413.1894145954494
3
56.17436866053072 413.1894145954494
0.25 0.25 0.25 0.25
37.71747180621094
45.0
402.0768644450552 85.57157361955967
2
424.11416657679763 85.57157361955967
0.25 0.25 0.25 0.25
22.037302131742393
45.0
276.53875786693357 232.06551326087435
3
251.74672951561297 232.06551326087435
0.25 0.25 0.25 0.25
24.792028351320607
45.0
103.522410455206 253.74208446220803
0
103.522410455206 224.20811518852247
0.25 0.25 0.25 0.25
29.53396927368555
45.0
242.24042285887748 258.97515306497525
1
242.24042285887748 266.04931732728403
0.25 0.25 0.25 0.25
7.074164262308768
45.0
272.3947426179149 28.60523997888987
3
230.71926556048345 28.60523997888987
0.25 0.25 0.25 0.25
41.67547705743148
45.0
228.51715295159664 89.76970742427727
1
228.51715295159664 107.152412035064
0.25 0.25 0.25 0.25
17.382704610786725
45.0
21.723639944321633 478.85468571105184
0
21.723639944321633 453.103252291887
0.25 0.25 0.25 0.25
25.751433419164847
45.0
26.0581565966014 280.80767574572974
1
26.0581565966014 326.67257373227255
0.25 0.25 0.25 0.25
45.86489798654282
45.0
71.77784480228445 370.51455630368275
2
111.09133465828222 370.51455630368275
0.25 0.25 0.25 0.25
39.313489855997766
45.0
156.3011539364963 376.606242373034
1
156.3011539364963 384.4550138525642
0.25 0.25 0.25 0.25
7.848771479530237
45.0
96.75144754134223 173.92420084659693
0
96.75144754134223 144.71957992764538
0.25 0.25 0.25 0.25
29.204620918951534
45.0
62.38164348270183 445.9515535971636
0
62.38164348270183 405.97400777265284
0.25 0.25 0.25 0.25
39.97754582451072
45.0
208.74575281179386 266.8653127441569
2
234.8050699358298 266.8653127441569
0.25 0.25 0.25 0.25
26.059317124035935
45.0
364.43496193458896 244.1480507146955
2
373.95911461253405 244.1480507146955
0.25 0.25 0.25 0.25
9.524152677945091
45.0
200.6005666393773 124.71512517348802
0
200.6005666393773 93.50413344815658
0.25 0.25 0.25 0.25
31.210991725331443
45.0
321.8389760669055 53.814021352867286
1
321.8389760669055 94.80509331708755
0.25 0.25 0.25 0.25
40.99107196422027
45.0
403.33872287575855 229.37470254268305
3
362.98725411789815 229.37470254268305
0.25 0.25 0.25 0.25
40.35146875786039
45.0
176.80561580802384 169.66795375483912
0
176.80561580802384 138.226712668324
0.25 0.25 0.25 0.25
31.44124108651512
45.0
481.26253418243385 322.93579784117435
1
481.26253418243385 326.8030175395097
0.25 0.25 0.25 0.25
3.867219698335372
45.0
140.0675368272213 368.9053526425256
3
115.10320970769743 368.9053526425256
0.25 0.25 0.25 0.25
24.964327119523865
45.0
49.135382189350864 352.91189977476574
0
49.135382189350864 340.327718811451
0.25 0.25 0.25 0.25
12.58418096331475
45.0
