55230
465.70211510401714 80.31980658413482
3
379.914504710222 80.31980658413482
0.25 0.25 0.25 0.25
154.38338018576084
45.0
29.546580681011136 212.59459068351202
2
78.07764998226197 212.59459068351202
0.25 0.25 0.25 0.25
107.62423066327311
45.0
386.02025236540953 335.8123774144897
3
214.44021484490318 335.8123774144897
0.25 0.25 0.25 0.25
171.58003752050635
45.0
196.5300932234768 288.4154086912745
3
80.30439833747553 288.4154086912745
0.25 0.25 0.25 0.25
116.22569488600126
45.0
122.55802585103069 213.17130012807763
0
122.55802585103069 77.8479476212834
0.25 0.25 0.25 0.25
135.32335250679424
45.0
267.51317561890767 363.8300033111202
1
267.51317561890767 456.17292662176703
0.25 0.25 0.25 0.25
92.34292331064682
45.0
382.033598900337 281.24633997188414
1
382.033598900337 452.7473733588232
0.25 0.25 0.25 0.25
171.50103338693904
45.0
395.406837295606 290.3502835860412
0
395.406837295606 130.60749984437325
0.25 0.25 0.25 0.25
159.74278374166795
45.0
277.32394230636004 320.02994976360833
0
277.32394230636004 209.14342071942048
0.25 0.25 0.25 0.25
110.88652904418784
45.0
183.56209224636572 232.8853612453702
1
183.56209224636572 336.06426633337185
0.25 0.25 0.25 0.25
103.17890508800164
45.0
185.81451005333713 328.98924222002825
2
311.9252744451567 328.98924222002825
0.25 0.25 0.25 0.25
126.11076439181954
45.0
246.15354020775715 87.0194506681073
3
156.3428891342462 87.0194506681073
0.25 0.25 0.25 0.25
89.81065107351095
45.0
85.18925959571183 275.1673014821512
0
85.18925959571183 153.85107156509773
0.25 0.25 0.25 0.25
121.31622991705345
45.0
119.88258174828653 18.56806638723407
2
265.0597951769041 18.56806638723407
0.25 0.25 0.25 0.25
145.1772134286176
45.0
94.33286944491567 205.95844498775296
2
212.4153668790732 205.95844498775296
0.25 0.25 0.25 0.25
118.08249743415752
45.0
123.78950439539071 112.84837070951627
2
11.511114935372632 112.84837070951627
0.25 0.25 0.25 0.25
135.30061933076334
45.0
450.489255909496 440.7101757889046
3
375.8855500390731 440.7101757889046
0.25 0.25 0.25 0.25
173.62519405143084
45.0
409.9622092209995 203.57793503723573
1
409.9622092209995 334.97434326438565
0.25 0.25 0.25 0.25
131.39640822714992
45.0
375.14327517592415 296.0275430520055
3
275.2832088093571 296.0275430520055
0.25 0.25 0.25 0.25
99.86006636656703
45.0
330.4961164768104 403.01756403249635
0
330.4961164768104 493.1848417116368
0.25 0.25 0.25 0.25
103.79759425586683
45.0
226.8489048000274 304.27024159768473
1
226.8489048000274 353.50585688960575
0.25 0.25 0.25 0.25
49.23561529192103
45.0
44.44653925985137 196.29956648798571
3
32.78600450905731 196.29956648798571
0.25 0.25 0.25 0.25
11.660534750794065
45.0
91.04577604051093 17.4717101913116
3
65.76666493768727 17.4717101913116
0.25 0.25 0.25 0.25
25.27911110282367
45.0
371.3633564407428 124.74137919001487
0
371.3633564407428 81.54894335312446
0.25 0.25 0.25 0.25
43.19243583689042
45.0
115.21965079734103 375.56361371545313
0
115.21965079734103 342.4137244050545
0.25 0.25 0.25 0.25
33.14988931039865
45.0
275.65756386079516 12.183858344588762
0
275.65756386079516 0.9545112155732234
0.25 0.25 0.25 0.25
11.229347129015538
45.0
132.41299037052397 16.668963494824425
3
94.69551856431303 16.668963494824425
0.25 0.25 0.25 0.25
37.71747180621094
45.0
369.2287101659289 490.56441606251474
3
347.19140803418645 490.56441606251474
0.25 0.25 0.25 0.25
22.037302131742393
45.0
492.01412102400514 32.32793265647629
0
492.01412102400514 7.5359043051556895
0.25 0.25 0.25 0.25
24.792028351320607
45.0
251.19225682363378 7.908683695653096
3
221.65828754994823 7.908683695653096
0.25 0.25 0.25 0.25
29.53396927368555
45.0
164.42461597348117 195.30767470419644
3
157.3504517111724 195.30767470419644
0.25 0.25 0.25 0.25
7.074164262308768
45.0
61.00907384153689 221.6590717440543
2
102.68455089896837 221.6590717440543
0.25 0.25 0.25 0.25
41.67547705743148
45.0
211.1344483408099 310.0324986238175
3
193.75174373002318 310.0324986238175
0.25 0.25 0.25 0.25
17.382704610786725
45.0
441.8021616006457 212.1281132589698
1
441.8021616006457 237.87954667813463
0.25 0.25 0.25 0.25
25.751433419164847
45.0
447.8699941794288 398.13803834847056
3
402.00509619288596 398.13803834847056
0.25 0.25 0.25 0.25
45.86489798654282
45.0
417.1467870697445 38.8438838556449
1
417.1467870697445 78.15737371164266
0.25 0.25 0.25 0.25
39.313489855997766
45.0
22.87203878448225 39.10906875323403
3
15.023267304952014 39.10906875323403
0.25 0.25 0.25 0.25
7.848771479530237
45.0
173.1330294848691 147.32662926186993
0
173.1330294848691 118.12200834291839
0.25 0.25 0.25 0.25
29.204620918951534
45.0
217.4611772888732 366.55781633537396
2
257.4387231133839 366.55781633537396
0.25 0.25 0.25 0.25
39.97754582451072
45.0
443.27960692811735 292.9246298681928
2
469.3389240521533 292.9246298681928
0.25 0.25 0.25 0.25
26.059317124035935
45.0
288.2417405110282 225.0997453588053
2
297.7658931889733 225.0997453588053
0.25 0.25 0.25 0.25
9.524152677945091
45.0
106.96759146338294 469.54198239720324
2
138.17858318871438 469.54198239720324
0.25 0.25 0.25 0.25
31.210991725331443
45.0
239.85683213846494 28.168122575573236
3
198.86576017424466 28.168122575573236
0.25 0.25 0.25 0.25
40.99107196422027
45.0
484.04166039147935 18.830639806871147
1
484.04166039147935 21.52082895098924
0.25 0.25 0.25 0.25
40.35146875786039
45.0
82.4818925484785 138.226712668324
0
82.4818925484785 106.78547158180889
0.25 0.25 0.25 0.25
31.44124108651512
45.0
446.4575568974156 241.72418417613176
0
446.4575568974156 237.8569644777964
0.25 0.25 0.25 0.25
3.867219698335372
45.0
13.818986010556898 305.1314795846188
2
38.783313130080764 305.1314795846188
0.25 0.25 0.25 0.25
24.964327119523865
45.0
152.21151322368513 244.3943093991627
2
164.79569418699987 244.3943093991627
0.25 0.25 0.25 0.25
12.58418096331475
45.0
