34881
268.73123234862965 105.18185598782247
1
268.73123234862965 12.357708377808194
0.25 0.25 0.25 0.25
117.53956436563067
45.0
331.87447188693943 278.11798483842074
2
440.3949839091305 278.11798483842074
0.25 0.25 0.25 0.25
108.52051202219107
45.0
485.97491805224274 204.22104312345303
3
423.9202992240753 204.22104312345303
0.25 0.25 0.25 0.25
90.10478272368195
45.0
176.28577432193023 178.91138839358254
1
176.28577432193023 322.2837714927356
0.25 0.25 0.25 0.25
143.37238309915304
45.0
348.22493584889077 99.08361701411718
3
224.00729219637708 99.08361701411718
0.25 0.25 0.25 0.25
124.21764365251369
45.0
381.1072287520851 405.35468844250454
0
381.1072287520851 431.70857559789533
0.25 0.25 0.25 0.25
162.93673595960018
45.0
160.6245423907942 277.75604712939196
0
160.6245423907942 126.84903354003734
0.25 0.25 0.25 0.25
150.90701358935462
45.0
422.5319682604295 4.484498666580521
3
425.9734036778168 4.484498666580521
0.25 0.25 0.25 0.25
151.4946280617537
45.0
100.46428290271365 79.56855858358966
2
234.36536664634167 79.56855858358966
0.25 0.25 0.25 0.25
133.90108374362802
45.0
10.794301327827156 491.4923743354825
0
10.794301327827156 328.4693921461492
0.25 0.25 0.25 0.25
163.02298218933333
45.0
13.318591212967021 169.50404911032263
0
13.318591212967021 22.028205770459067
0.25 0.25 0.25 0.25
147.47584333986356
45.0
102.07567059981861 434.27180492478215
2
53.87816997689566 434.27180492478215
0.25 0.25 0.25 0.25
155.95384057671427
45.0
37.15668092934527 258.037633092699
1
37.15668092934527 367.6505842983563
0.25 0.25 0.25 0.25
109.61295120565728
45.0
34.07161899412097 1.796221861016761
1
34.07161899412097 174.1354119355351
0.25 0.25 0.25 0.25
172.33919007451834
45.0
84.10889008945111 174.6599164008462
0
84.10889008945111 46.34488115198414
0.25 0.25 0.25 0.25
128.31503524886207
45.0
231.48933496982255 312.343668948054
0
231.48933496982255 164.43474106988856
0.25 0.25 0.25 0.25
147.90892787816546
45.0
99.71508356559093 230.63029522259507
2
237.02782518760654 230.63029522259507
0.25 0.25 0.25 0.25
137.3127416220156
45.0
106.42816333081136 448.2650277667026
0
106.42816333081136 449.9993824386073
0.25 0.25 0.25 0.25
101.73558979469014
45.0
46.26496349638472 427.95516243749273
2
186.98806454732525 427.95516243749273
0.25 0.25 0.25 0.25
140.72310105094053
45.0
465.7615576848257 359.033969228091
1
465.7615576848257 496.94537995766194
0.25 0.25 0.25 0.25
137.91141072957095
45.0
72.35889882214967 164.49169568121647
2
191.79723214808632 164.49169568121647
0.25 0.25 0.25 0.25
119.43833332593665
45.0
107.72551700802796 457.92559197812625
0
107.72551700802796 366.62359302997874
0.25 0.25 0.25 0.25
91.30199894814751
45.0
51.24464977829416 73.03620652890629
1
51.24464977829416 219.40913624116484
0.25 0.25 0.25 0.25
146.37292971225855
45.0
459.57442008354406 222.75466460575728
1
459.57442008354406 351.6277003545658
0.25 0.25 0.25 0.25
128.8730357488085
45.0
290.0212035686842 133.47349217124986
2
386.83040542329013 133.47349217124986
0.25 0.25 0.25 0.25
96.80920185460594
45.0
140.05627077211466 82.47380715527038
2
308.6164820574254 82.47380715527038
0.25 0.25 0.25 0.25
168.56021128531074
45.0
93.32671977587484 178.26877595484814
1
93.32671977587484 323.66940307116045
0.25 0.25 0.25 0.25
145.4006271163123
45.0
186.40794033521132 145.60223703591458
2
306.98338412818396 145.60223703591458
0.25 0.25 0.25 0.25
120.57544379297264
45.0
349.2449829212206 480.7815091735254
2
455.81792901856494 480.7815091735254
0.25 0.25 0.25 0.25
106.57294609734437
45.0
136.18514165111608 177.6083396577741
2
288.5144367469826 177.6083396577741
0.25 0.25 0.25 0.25
152.3292950958665
45.0
29.169899981567823 92.09853176389038
1
29.169899981567823 39.27517311669931
0.25 0.25 0.25 0.25
131.37370488058968
45.0
440.62481004778124 229.3689806683508
0
440.62481004778124 56.19081491131186
0.25 0.25 0.25 0.25
173.17816575703893
45.0
364.1968697586944 259.8397838124254
2
481.2405160421756 259.8397838124254
0.25 0.25 0.25 0.25
117.04364628348122
45.0
382.4794829023066 340.5294165315931
2
491.7211218303275 340.5294165315931
0.25 0.25 0.25 0.25
109.24163892802092
45.0
458.3407308049789 208.0418180050076
0
458.3407308049789 100.86579192172769
0.25 0.25 0.25 0.25
107.17602608327991
45.0
292.7075995070795 335.7686445264659
1
292.7075995070795 450.3375591044987
0.25 0.25 0.25 0.25
114.56891457803285
45.0
358.7337792689872 202.36990893101995
3
203.2618999609781 202.36990893101995
0.25 0.25 0.25 0.25
155.47187930800908
45.0
186.889217175748 375.8634191497526
1
186.889217175748 472.5525857835411
0.25 0.25 0.25 0.25
96.68916663378847
45.0
443.86220379732754 242.20644439523346
3
452.81054288864584 242.20644439523346
0.25 0.25 0.25 0.25
103.32725331402666
45.0
114.11588445084212 198.1101095226555
0
114.11588445084212 40.13457807567289
0.25 0.25 0.25 0.25
157.97553144698261
45.0
137.8500545073424 204.72858685425854
0
137.8500545073424 35.97141789970351
0.25 0.25 0.25 0.25
168.75716895455503
45.0
179.80236395925294 314.05236056559534
0
179.80236395925294 217.77459190492186
0.25 0.25 0.25 0.25
96.27776866067347
45.0
257.9876791165609 209.36737073795575
0
257.9876791165609 75.16168246607992
0.25 0.25 0.25 0.25
134.20568827187583
45.0
125.42608909146463 245.2271060392173
1
125.42608909146463 419.6728011295827
0.25 0.25 0.25 0.25
174.4456950903654
45.0
419.11303734649573 231.23238365334092
3
417.92345764551806 231.23238365334092
0.25 0.25 0.25 0.25
162.96350500798619
45.0
18.81630219956395 496.4975764829562
2
155.71282992464293 496.4975764829562
0.25 0.25 0.25 0.25
136.89652772507898
45.0
188.31988505386943 61.68821916062814
2
346.66941740891343 61.68821916062814
0.25 0.25 0.25 0.25
158.349532355044
45.0
293.40909306028607 298.2539074059513
2
425.3898718970265 298.2539074059513
0.25 0.25 0.25 0.25
131.98077883674046
45.0
