34881
89.68077712376567 129.89727274343886
2
27.858787241865002 129.89727274343886
0.25 0.25 0.25 0.25
117.53956436563067
45.0
223.3539598647484 169.59747281622967
3
114.83344784255732 169.59747281622967
0.25 0.25 0.25 0.25
108.52051202219107
45.0
63.501168329347436 114.11626039977108
2
26.603614394334514 114.11626039977108
0.25 0.25 0.25 0.25
90.10478272368195
45.0
459.4238588261651 42.7523686825719
3
397.2037580746819 42.7523686825719
0.25 0.25 0.25 0.25
143.37238309915304
45.0
403.3397768460818 397.7869575959377
3
472.44257950140445 397.7869575959377
0.25 0.25 0.25 0.25
124.21764365251369
45.0
195.790908550086 264.79753672530336
3
32.8541725904858 264.79753672530336
0.25 0.25 0.25 0.25
162.93673595960018
45.0
160.6245423907942 70.499938414555
1
160.6245423907942 221.40695200390962
0.25 0.25 0.25 0.25
150.90701358935462
45.0
274.4787756160631 86.54773296289727
3
122.9841475543094 86.54773296289727
0.25 0.25 0.25 0.25
151.4946280617537
45.0
91.94802674829327 376.31085028747793
0
91.94802674829327 242.4097665438499
0.25 0.25 0.25 0.25
133.90108374362802
45.0
130.36657399750618 2.423427767482508
2
293.3895561868395 2.423427767482508
0.25 0.25 0.25 0.25
163.02298218933333
45.0
193.1253379318755 60.78583081131467
1
193.1253379318755 86.69001252854889
0.25 0.25 0.25 0.25
147.47584333986356
45.0
430.06280767003864 342.59492088778234
3
413.9833517532471 342.59492088778234
0.25 0.25 0.25 0.25
155.95384057671427
45.0
209.03609978013822 38.81173068138449
1
209.03609978013822 148.42468188704177
0.25 0.25 0.25 0.25
109.61295120565728
45.0
104.30538772730915 174.1354119355351
2
276.6445778018275 174.1354119355351
0.25 0.25 0.25 0.25
172.33919007451834
45.0
8.83441882238202 302.97495164970826
2
137.1494540712441 302.97495164970826
0.25 0.25 0.25 0.25
128.31503524886207
45.0
64.32852078650836 424.8901016790612
0
64.32852078650836 427.20097044277327
0.25 0.25 0.25 0.25
147.90892787816546
45.0
374.34056680962215 230.63029522259507
0
374.34056680962215 93.31755360057946
0.25 0.25 0.25 0.25
137.3127416220156
45.0
173.45195723169854 246.528202849227
0
173.45195723169854 144.79261305453684
0.25 0.25 0.25 0.25
101.73558979469014
45.0
468.4342666492063 413.01686979407634
3
390.8426322998532 413.01686979407634
0.25 0.25 0.25 0.25
140.72310105094053
45.0
361.7069066926 192.61167369019267
0
361.7069066926 54.70026296062173
0.25 0.25 0.25 0.25
137.91141072957095
45.0
311.23556547402296 164.49169568121647
3
191.79723214808632 164.49169568121647
0.25 0.25 0.25 0.25
119.43833332593665
45.0
20.745506489502986 359.4704101255788
1
20.745506489502986 450.7724090737263
0.25 0.25 0.25 0.25
91.30199894814751
45.0
338.65312338686164 316.8615666362496
0
338.65312338686164 170.48863692399107
0.25 0.25 0.25 0.25
146.37292971225855
45.0
201.82834858592702 4.0071209013917155
1
201.82834858592702 124.86591484741678
0.25 0.25 0.25 0.25
128.8730357488085
45.0
322.7419890128921 253.76331524717392
0
322.7419890128921 156.954113392568
0.25 0.25 0.25 0.25
96.80920185460594
45.0
17.142672801331628 251.03401844058106
0
17.142672801331628 82.47380715527032
0.25 0.25 0.25 0.25
168.56021128531074
45.0
384.12797400849945 50.67253865272198
3
238.72734689218714 50.67253865272198
0.25 0.25 0.25 0.25
145.4006271163123
45.0
342.3798337844029 266.1776808288872
3
221.80438999143024 266.1776808288872
0.25 0.25 0.25 0.25
120.57544379297264
45.0
308.40149779731985 478.37500570257384
2
414.9744438946642 478.37500570257384
0.25 0.25 0.25 0.25
106.57294609734437
45.0
406.8269730612843 243.9134053288398
1
406.8269730612843 396.2427004247063
0.25 0.25 0.25 0.25
152.3292950958665
45.0
423.2910146233369 302.0225828778787
0
423.2910146233369 170.648877997289
0.25 0.25 0.25 0.25
131.37370488058968
45.0
306.5156388329758 329.2345111449995
3
133.33747307593688 329.2345111449995
0.25 0.25 0.25 0.25
173.17816575703893
45.0
374.4548829395136 389.0292773371308
2
491.4985292229948 389.0292773371308
0.25 0.25 0.25 0.25
117.04364628348122
45.0
54.754566118243844 205.6787781085115
2
54.487072809777075 205.6787781085115
0.25 0.25 0.25 0.25
109.24163892802092
45.0
422.92496555449804 243.45758325548843
1
422.92496555449804 350.63360933876834
0.25 0.25 0.25 0.25
107.17602608327991
45.0
478.1545713368548 335.76864452646583
0
478.1545713368548 221.199729948433
0.25 0.25 0.25 0.25
114.56891457803285
45.0
195.9850138111036 175.74257383694373
0
195.9850138111036 20.270694528934655
0.25 0.25 0.25 0.25
155.47187930800908
45.0
6.489116091828976 182.4850858821756
2
90.2000505419595 182.4850858821756
0.25 0.25 0.25 0.25
96.68916663378847
45.0
270.48023030954084 448.8609510232868
0
270.48023030954084 447.81179566268656
0.25 0.25 0.25 0.25
103.32725331402666
45.0
307.66389857200136 223.66967350018794
0
307.66389857200136 65.69414205320533
0.25 0.25 0.25 0.25
157.97553144698261
45.0
393.507479810983 301.54292000940654
3
224.75031085642797 301.54292000940654
0.25 0.25 0.25 0.25
168.75716895455503
45.0
242.53102407670627 84.27450985098312
3
146.2532554160328 84.27450985098312
0.25 0.25 0.25 0.25
96.27776866067347
45.0
392.19336738843674 119.6041879026651
3
473.60094433968743 119.6041879026651
0.25 0.25 0.25 0.25
134.20568827187583
45.0
172.100259633657 452.5556743222444
0
172.100259633657 372.99863058739015
0.25 0.25 0.25 0.25
174.4456950903654
45.0
70.96705737844053 231.23238365334092
2
233.93056238642671 231.23238365334092
0.25 0.25 0.25 0.25
162.96350500798619
45.0
22.908003724883287 359.60104875787727
2
113.9885240001957 359.60104875787727
0.25 0.25 0.25 0.25
136.89652772507898
45.0
494.98105023604256 61.68821916062831
3
336.63151788099856 61.68821916062831
0.25 0.25 0.25 0.25
158.349532355044
45.0
237.56286236636242 298.2539074059513
0
237.56286236636242 166.27312856921083
0.25 0.25 0.25 0.25
131.98077883674046
45.0
