2401
21.308374070010302 165.5071888108407
2
164.870257965474 165.5071888108407
0.25 0.25 0.25 0.25
143.5618838954637
45.0
275.05208858480796 347.9662314753066
1
275.05208858480796 453.0571173791893
0.25 0.25 0.25 0.25
105.09088590388274
45.0
495.6879563100276 368.257127924937
0
495.6879563100276 267.30535705784234
0.25 0.25 0.25 0.25
100.95177086709465
45.0
177.60060673202577 191.4692625518287
1
177.60060673202577 300.7577973975464
0.25 0.25 0.25 0.25
109.2885348457177
45.0
325.7626841221688 345.70072430992695
3
172.93165810792698 345.70072430992695
0.25 0.25 0.25 0.25
152.83102601424184
45.0
108.47160206358524 56.6904694092641
2
252.69990585858676 56.6904694092641
0.25 0.25 0.25 0.25
144.22830379500152
45.0
66.3441223190568 53.15137579152446
2
50.717394102934605 53.15137579152446
0.25 0.25 0.25 0.25
117.0615164219914
45.0
464.2670128580356 493.7922248977219
3
364.8485358583865 493.7922248977219
0.25 0.25 0.25 0.25
99.41847699964912
45.0
52.68512945057171 130.68952638178416
1
52.68512945057171 231.84091235389178
0.25 0.25 0.25 0.25
101.15138597210762
45.0
203.20531911813544 198.79880671354488
0
203.20531911813544 107.6962696773246
0.25 0.25 0.25 0.25
91.10253703622028
45.0
354.1266636308239 250.64636792939558
0
354.1266636308239 124.8387011661812
0.25 0.25 0.25 0.25
125.80766676321439
45.0
63.33658671389479 117.92311670041481
2
169.016368571393 117.92311670041481
0.25 0.25 0.25 0.25
105.67978185749821
45.0
283.054951672429 6.869513259178177
3
127.33609365967561 6.869513259178177
0.25 0.25 0.25 0.25
155.7188580127534
45.0
226.12964979284754 103.63582289245818
3
91.68351025807343 103.63582289245818
0.25 0.25 0.25 0.25
134.44613953477412
45.0
340.6788918551339 294.2790676930675
2
496.7761679365413 294.2790676930675
0.25 0.25 0.25 0.25
156.09727608140741
45.0
203.82920754531176 64.13303624616239
2
304.51715839153167 64.13303624616239
0.25 0.25 0.25 0.25
100.68795084621992
45.0
182.2434772166721 392.70125417869644
3
39.24140836057518 392.70125417869644
0.25 0.25 0.25 0.25
143.0020688560969
45.0
289.67401471243363 476.9520134382924
3
172.83238541229193 476.9520134382924
0.25 0.25 0.25 0.25
116.8416293001417
45.0
417.81960930282753 198.18005593489772
0
417.81960930282753 71.89897406150958
0.25 0.25 0.25 0.25
126.28108187338815
45.0
105.27662235458445 180.09606032512073
2
49.03956506276455 180.09606032512073
0.25 0.25 0.25 0.25
154.316187417349
45.0
61.932992517827444 56.63367776857015
2
26.864539085333604 56.63367776857015
0.25 0.25 0.25 0.25
88.79753160316105
45.0
267.35989623299236 112.59283893176888
3
157.0725251636333 112.59283893176888
0.25 0.25 0.25 0.25
110.28737106935907
45.0
143.02513273313335 359.793191804667
0
143.02513273313335 470.83100061755886
0.25 0.25 0.25 0.25
169.3758075777741
45.0
339.65200547078797 233.27205434032885
1
339.65200547078797 326.51048147396745
0.25 0.25 0.25 0.25
93.23842713363858
45.0
50.902917138337386 327.1674809064915
2
175.90901848096757 327.1674809064915
0.25 0.25 0.25 0.25
125.00610134263019
45.0
361.01369235996634 92.9366343984978
1
361.01369235996634 22.434658523146027
0.25 0.25 0.25 0.25
115.37129292164383
45.0
103.60638536099856 264.8787711100529
2
218.79651746073762 264.8787711100529
0.25 0.25 0.25 0.25
115.19013209973906
45.0
150.18164080155938 374.2252748161077
0
150.18164080155938 252.6426764444603
0.25 0.25 0.25 0.25
121.58259837164738
45.0
306.4830602760869 433.30286445357433
0
306.4830602760869 321.2062876478583
0.25 0.25 0.25 0.25
112.09657680571604
45.0
44.02638484506037 336.3956937424971
1
44.02638484506037 378.667236989711
0.25 0.25 0.25 0.25
42.271543247213906
45.0
118.84559993699182 45.58099651156666
1
118.84559993699182 81.79332242472006
0.25 0.25 0.25 0.25
36.2123259131534
45.0
244.8647077629651 221.14783786138352
3
244.05203949087883 221.14783786138352
0.25 0.25 0.25 0.25
0.8126682720862921
45.0
271.2298457355754 273.53143819114155
3
250.9932603387844 273.53143819114155
0.25 0.25 0.25 0.25
20.236585396791
45.0
26.967073603020417 168.26997280464883
0
26.967073603020417 126.63451512448
0.25 0.25 0.25 0.25
41.635457680168834
45.0
437.10110523486776 406.4090425512602
1
437.10110523486776 425.8531258967065
0.25 0.25 0.25 0.25
19.444083345446277
45.0
186.37523093178572 146.00827983282574
0
186.37523093178572 98.9310777993435
0.25 0.25 0.25 0.25
47.07720203348224
45.0
297.8280385262221 449.6646472685168
2
347.7398839420782 449.6646472685168
0.25 0.25 0.25 0.25
49.911845415856135
45.0
208.65335514994936 329.82309023927417
1
208.65335514994936 353.3293780335402
0.25 0.25 0.25 0.25
23.506287794266008
45.0
300.23641480984173 296.2533769932811
3
259.0952872781601 296.2533769932811
0.25 0.25 0.25 0.25
41.14112753168165
45.0
291.0373746894927 358.85259603272976
3
255.72941802956547 358.85259603272976
0.25 0.25 0.25 0.25
35.30795665992723
45.0
215.52453943635976 38.29311398916115
2
259.4842868509343 38.29311398916115
0.25 0.25 0.25 0.25
43.95974741457457
45.0
307.57364273864846 403.37184917221145
0
307.57364273864846 365.71766016217555
0.25 0.25 0.25 0.25
37.65418901003592
45.0
282.68245846423406 257.95773605507935
1
282.68245846423406 303.26482950460013
0.25 0.25 0.25 0.25
45.307093449520764
45.0
437.8904751709063 314.23010671763456
0
437.8904751709063 305.6183374382767
0.25 0.25 0.25 0.25
8.611769279357862
45.0
396.0389184040135 99.00880064258084
0
396.0389184040135 81.29846502175607
0.25 0.25 0.25 0.25
17.710335620824768
45.0
418.7852221213014 160.1257041459319
3
379.31804902354315 160.1257041459319
0.25 0.25 0.25 0.25
39.46717309775824
45.0
133.24407105968282 190.83898175151649
1
133.24407105968282 217.64206975613217
0.25 0.25 0.25 0.25
26.803088004615677
45.0
27.3144913313077 222.8669990101114
2
43.59096396150794 222.8669990101114
0.25 0.25 0.25 0.25
16.27647263020024
45.0
