2401
404.444090348135 121.6165789800867
1
404.444090348135 265.1784628755504
0.25 0.25 0.25 0.25
143.5618838954637
45.0
145.31145503072298 137.7844596675411
0
145.31145503072298 32.69357376365838
0.25 0.25 0.25 0.25
105.09088590388274
45.0
210.97443975963495 469.2088987920316
3
110.0226688925403 469.2088987920316
0.25 0.25 0.25 0.25
100.95177086709465
45.0
275.9567190393857 43.510993528147324
2
385.2452538851034 43.510993528147324
0.25 0.25 0.25 0.25
109.2885348457177
45.0
285.56141993479855 262.686880395378
0
285.56141993479855 109.85585438113617
0.25 0.25 0.25 0.25
152.83102601424184
45.0
170.3868789614071 220.11502633428694
3
26.15857516640557 220.11502633428694
0.25 0.25 0.25 0.25
144.22830379500152
45.0
417.528671585031 170.21289221351586
0
417.528671585031 53.15137579152446
0.25 0.25 0.25 0.25
117.0615164219914
45.0
364.84853585838647 201.35202390228346
3
265.43005885873737 201.35202390228346
0.25 0.25 0.25 0.25
99.41847699964912
45.0
64.1989891716479 119.17566666070798
1
64.1989891716479 220.3270526328156
0.25 0.25 0.25 0.25
101.15138597210762
45.0
294.3078561543557 289.90134374976515
2
385.410393190576 289.90134374976515
0.25 0.25 0.25 0.25
91.10253703622028
45.0
479.9343303940383 126.77663236024763
3
354.1266636308239 126.77663236024763
0.25 0.25 0.25 0.25
125.80766676321439
45.0
302.58472214111595 304.796010729578
3
196.90494028361775 304.796010729578
0.25 0.25 0.25 0.25
105.67978185749821
45.0
193.0229455831552 474.02608729743827
0
193.0229455831552 318.30722928468487
0.25 0.25 0.25 0.25
155.7188580127534
45.0
150.5605335146545 372.5281019620064
3
16.11439397988039 372.5281019620064
0.25 0.25 0.25 0.25
134.44613953477412
45.0
433.35982442498585 450.3763437744749
0
433.35982442498585 393.52638014411764
0.25 0.25 0.25 0.25
156.09727608140741
45.0
499.0135516217724 432.42720952273805
0
499.0135516217724 331.73925867651815
0.25 0.25 0.25 0.25
100.68795084621992
45.0
389.76479820771556 106.69711646650262
3
467.23313293618753 106.69711646650262
0.25 0.25 0.25 0.25
143.0020688560969
45.0
411.37576108841654 392.51405536397476
3
294.53413178827486 392.51405536397476
0.25 0.25 0.25 0.25
116.8416293001417
45.0
417.81960930282753 306.94427155865486
3
455.8993088237843 306.94427155865486
0.25 0.25 0.25 0.25
126.28108187338815
45.0
259.5928097719334 25.77987290777179
1
259.5928097719334 128.5363145095772
0.25 0.25 0.25 0.25
154.316187417349
45.0
227.6867546568843 56.633677768570124
1
227.6867546568843 145.43120937173117
0.25 0.25 0.25 0.25
88.79753160316105
45.0
495.3482987474788 120.00649930753724
1
495.3482987474788 230.2938703768963
0.25 0.25 0.25 0.25
110.28737106935907
45.0
332.59259906689954 190.4173842268929
3
163.21679148912543 190.4173842268929
0.25 0.25 0.25 0.25
169.3758075777741
45.0
380.6327131282963 326.51048147396745
1
380.6327131282963 419.74890860760604
0.25 0.25 0.25 0.25
93.23842713363858
45.0
449.0726774911418 422.8691271492896
0
449.0726774911418 452.12477150808013
0.25 0.25 0.25 0.25
125.00610134263019
45.0
215.8427722482528 208.30792732014163
1
215.8427722482528 323.67922024178546
0.25 0.25 0.25 0.25
115.37129292164383
45.0
320.4429541403062 380.068903209792
1
320.4429541403062 495.25903530953104
0.25 0.25 0.25 0.25
115.19013209973906
45.0
430.39213802985637 468.46866016093395
0
430.39213802985637 346.8860617892866
0.25 0.25 0.25 0.25
121.58259837164738
45.0
133.03405569533288 351.37317318643795
3
20.93747888961684 351.37317318643795
0.25 0.25 0.25 0.25
112.09657680571604
45.0
424.4702740699856 294.1241504952832
3
382.19873082277167 294.1241504952832
0.25 0.25 0.25 0.25
42.271543247213906
45.0
351.9146369340023 280.3299367068139
0
351.9146369340023 244.1176107936605
0.25 0.25 0.25 0.25
36.2123259131534
45.0
237.55069331418855 210.58315032426182
2
238.36336158627483 210.58315032426182
0.25 0.25 0.25 0.25
0.8126682720862921
45.0
250.9932603387844 293.76802358793253
0
250.9932603387844 273.53143819114155
0.25 0.25 0.25 0.25
20.236585396791
45.0
26.96707360302039 168.2699728046488
0
26.96707360302039 126.63451512447998
0.25 0.25 0.25 0.25
41.635457680168834
45.0
475.98927192576036 484.1853759330454
0
475.98927192576036 496.3705407215083
0.25 0.25 0.25 0.25
19.444083345446277
45.0
45.143624831339025 89.37773033458545
2
92.22082686482126 89.37773033458545
0.25 0.25 0.25 0.25
47.07720203348224
45.0
302.87719814692883 349.8409564368045
2
352.78904356278497 349.8409564368045
0.25 0.25 0.25 0.25
49.911845415856135
45.0
373.1973697098115 212.29165126794408
1
373.1973697098115 235.79793906221008
0.25 0.25 0.25 0.25
23.506287794266008
45.0
94.53077715143344 498.0409853483106
3
53.38964961975179 498.0409853483106
0.25 0.25 0.25 0.25
41.14112753168165
45.0
149.80554804978374 429.2996640077068
3
114.49759138985651 429.2996640077068
0.25 0.25 0.25 0.25
35.30795665992723
45.0
171.56479202178517 170.17235623288485
3
127.6050446072106 170.17235623288485
0.25 0.25 0.25 0.25
43.95974741457457
45.0
181.93081439181844 10.824229938183578
2
219.58500340185435 10.824229938183578
0.25 0.25 0.25 0.25
37.65418901003592
45.0
282.682458464234 288.9713294497129
0
282.682458464234 243.66423600019215
0.25 0.25 0.25 0.25
45.307093449520764
45.0
377.6080902154012 322.8418759969924
3
368.99632093604333 322.8418759969924
0.25 0.25 0.25 0.25
8.611769279357862
45.0
497.6990678710379 28.167458159281775
3
479.98873225021316 28.167458159281775
0.25 0.25 0.25 0.25
17.710335620824768
45.0
260.9165297302684 313.48037302716693
0
260.9165297302684 274.0131999294087
0.25 0.25 0.25 0.25
39.46717309775824
45.0
107.98372098185827 110.42971773766943
3
81.1806329772426 110.42971773766943
0.25 0.25 0.25 0.25
26.803088004615677
45.0
27.3144913313077 287.97288953091237
2
43.59096396150794 287.97288953091237
0.25 0.25 0.25 0.25
16.27647263020024
45.0
