2401
145.1375088924909 492.09645474773424
0
145.1375088924909 364.3416613568021
0.25 0.25 0.25 0.25
143.5618838954637
45.0
43.493736953068264 249.4216812238799
1
43.493736953068264 354.5125671277626
0.25 0.25 0.25 0.25
105.09088590388274
45.0
476.65253896813465 497.76202480487103
0
476.65253896813465 396.8102539377764
0.25 0.25 0.25 0.25
100.95177086709465
45.0
51.908885497767486 300.7577973975464
1
51.908885497767486 410.04633224326415
0.25 0.25 0.25 0.25
109.2885348457177
45.0
76.10987363571985 239.23005611732833
2
228.9408996499617 239.23005611732833
0.25 0.25 0.25 0.25
152.83102601424184
45.0
295.4189296263873 375.9944419757405
0
295.4189296263873 231.76613818073895
0.25 0.25 0.25 0.25
144.22830379500152
45.0
66.34412231905677 111.29211126943608
1
66.34412231905677 5.769405152555322
0.25 0.25 0.25 0.25
117.0615164219914
45.0
331.08080313915724 231.21326411736618
3
231.66232613950814 231.21326411736618
0.25 0.25 0.25 0.25
99.41847699964912
45.0
64.1989891716479 241.84778986099582
2
36.952396800459724 241.84778986099582
0.25 0.25 0.25 0.25
101.15138597210762
45.0
14.616522850425639 283.51762155449586
2
76.48601418579464 283.51762155449586
0.25 0.25 0.25 0.25
91.10253703622028
45.0
468.37499676024083 252.5842991234623
3
405.8173364765448 252.5842991234623
0.25 0.25 0.25 0.25
125.80766676321439
45.0
462.30814826648975 191.2003735796137
1
462.30814826648975 296.8801554371119
0.25 0.25 0.25 0.25
105.67978185749821
45.0
446.1224202590852 440.0330001136558
3
290.4035622463318 440.0330001136558
0.25 0.25 0.25 0.25
155.7188580127534
45.0
370.53193160283 80.88659570715191
3
495.02192886239584 80.88659570715191
0.25 0.25 0.25 0.25
134.44613953477412
45.0
208.95903943706026 138.18179161165983
2
365.05631551846767 138.18179161165983
0.25 0.25 0.25 0.25
156.09727608140741
45.0
196.94969908311282 171.70049555458144
0
196.94969908311282 71.0125447083615
0.25 0.25 0.25 0.25
100.68795084621992
45.0
246.76272935161865 384.5853982372694
0
246.76272935161865 472.4125329066337
0.25 0.25 0.25 0.25
143.0020688560969
45.0
251.79165290874957 471.4733228604324
3
134.95002360860786 471.4733228604324
0.25 0.25 0.25 0.25
116.8416293001417
45.0
182.83983510279768 105.62538274740443
1
182.83983510279768 231.90646462079258
0.25 0.25 0.25 0.25
126.28108187338815
45.0
123.60793163119541 449.3895621953494
0
123.60793163119541 396.2942503873016
0.25 0.25 0.25 0.25
154.316187417349
45.0
362.93859099050246 187.77443624443507
2
451.7361225936635 187.77443624443507
0.25 0.25 0.25 0.25
88.79753160316105
45.0
284.076959113803 210.8556139005399
2
394.3643301831621 210.8556139005399
0.25 0.25 0.25 0.25
110.28737106935907
45.0
0.6683368226782136 324.53739141775634
1
0.6683368226782136 493.9131989955305
0.25 0.25 0.25 0.25
169.3758075777741
45.0
168.53316039099462 232.92008132786407
3
75.29473325735604 232.92008132786407
0.25 0.25 0.25 0.25
93.23842713363858
45.0
51.09816010250347 202.16137956386126
0
51.09816010250347 77.15527822123107
0.25 0.25 0.25 0.25
125.00610134263019
45.0
253.83802450578662 99.81069918725603
1
253.83802450578662 215.18199210889986
0.25 0.25 0.25 0.25
115.37129292164383
45.0
412.46559276256426 75.63505978237964
1
412.46559276256426 190.8251918821187
0.25 0.25 0.25 0.25
115.19013209973906
45.0
420.6860505716752 9.477479701165493
1
420.6860505716752 112.10511867048189
0.25 0.25 0.25 0.25
121.58259837164738
45.0
158.90971846459342 70.40556028209312
1
158.90971846459342 182.50213708780916
0.25 0.25 0.25 0.25
112.09657680571604
45.0
336.4175043798648 167.30952075364144
1
336.4175043798648 209.58106400085535
0.25 0.25 0.25 0.25
42.271543247213906
45.0
313.85235507105386 349.224729385089
2
350.06468098420726 349.224729385089
0.25 0.25 0.25 0.25
36.2123259131534
45.0
269.24475592555365 243.08988120771323
0
269.24475592555365 242.27721293562695
0.25 0.25 0.25 0.25
0.8126682720862921
45.0
20.48966537674002 228.9612424463253
2
40.72625077353102 228.9612424463253
0.25 0.25 0.25 0.25
20.236585396791
45.0
444.07066608065674 290.4690773531564
3
402.4352084004879 290.4690773531564
0.25 0.25 0.25 0.25
41.635457680168834
45.0
240.70122727478443 457.4823740306157
0
240.70122727478443 438.0382906851694
0.25 0.25 0.25 0.25
19.444083345446277
45.0
386.0627963625876 262.92019849353596
0
386.0627963625876 215.8429964600537
0.25 0.25 0.25 0.25
47.07720203348224
45.0
351.02595187990767 249.10118855346911
2
400.9377972957638 249.10118855346911
0.25 0.25 0.25 0.25
49.911845415856135
45.0
51.88134807436527 151.07304079948466
2
75.38763586863128 151.07304079948466
0.25 0.25 0.25 0.25
23.506287794266008
45.0
12.977356391210265 469.51279705626916
0
12.977356391210265 489.3460754120492
0.25 0.25 0.25 0.25
41.14112753168165
45.0
156.58884836752395 358.6837506878523
3
121.28089170759672 358.6837506878523
0.25 0.25 0.25 0.25
35.30795665992723
45.0
323.06662007375013 170.43143254849662
1
323.06662007375013 214.39117996307118
0.25 0.25 0.25 0.25
43.95974741457457
45.0
102.63959441749931 215.10090412203192
1
102.63959441749931 252.75509313206783
0.25 0.25 0.25 0.25
37.65418901003592
45.0
209.20768125940845 107.74295565162983
0
209.20768125940845 62.435862202109064
0.25 0.25 0.25 0.25
45.307093449520764
45.0
1.3097580763449912 21.429951219467064
2
7.302011203012871 21.429951219467064
0.25 0.25 0.25 0.25
8.611769279357862
45.0
29.00913649578092 237.48757615308966
0
29.00913649578092 219.7772405322649
0.25 0.25 0.25 0.25
17.710335620824768
45.0
383.87891238990744 133.9792036042178
2
423.3460854876657 133.9792036042178
0.25 0.25 0.25 0.25
39.46717309775824
45.0
330.6941688480034 3.217365719206718
3
303.8910808433877 3.217365719206718
0.25 0.25 0.25 0.25
26.803088004615677
45.0
444.7032149444994 363.0860156770972
0
444.7032149444994 346.8095430468969
0.25 0.25 0.25 0.25
16.27647263020024
45.0
