2401
16.375186801764528 180.306750615578
1
16.375186801764528 323.8686345110417
0.25 0.25 0.25 0.25
143.5618838954637
45.0
122.32551146832589 303.60370808893526
1
122.32551146832589 408.694593992818
0.25 0.25 0.25 0.25
105.09088590388274
45.0
393.84256415193136 300.33443346093964
1
393.84256415193136 401.2862043280343
0.25 0.25 0.25 0.25
100.95177086709465
45.0
101.11844466338916 207.87244894036928
1
101.11844466338916 317.160983786087
0.25 0.25 0.25 0.25
109.2885348457177
45.0
395.5798662218617 219.2630219253972
3
242.74884020761988 219.2630219253972
0.25 0.25 0.25 0.25
152.83102601424184
45.0
252.69990585858676 335.5489504342565
1
252.69990585858676 479.777254229258
0.25 0.25 0.25 0.25
144.22830379500152
45.0
481.0365402090997 194.70842154579694
0
481.0365402090997 77.64690512380554
0.25 0.25 0.25 0.25
117.0615164219914
45.0
265.4300588587374 476.3465348871954
2
364.8485358583865 476.3465348871954
0.25 0.25 0.25 0.25
99.41847699964912
45.0
390.6808665301231 195.79235097669107
0
390.6808665301231 94.64096500458345
0.25 0.25 0.25 0.25
101.15138597210762
45.0
16.744430248848715 8.082103047412005
1
16.744430248848715 99.18464008363229
0.25 0.25 0.25 0.25
91.10253703622028
45.0
9.01033386975628 126.7766323602478
2
134.81800063297067 126.7766323602478
0.25 0.25 0.25 0.25
125.80766676321439
45.0
114.97272430351744 394.6440820021443
0
114.97272430351744 499.6761361403575
0.25 0.25 0.25 0.25
105.67978185749821
45.0
381.1621781362701 411.5967524474938
0
381.1621781362701 432.68438953975283
0.25 0.25 0.25 0.25
155.7188580127534
45.0
412.7168618377991 280.26689266220137
3
278.27072230302497 280.26689266220137
0.25 0.25 0.25 0.25
134.44613953477412
45.0
116.2781068672083 260.12731323980853
1
116.2781068672083 416.22458932121594
0.25 0.25 0.25 0.25
156.09727608140741
45.0
297.63764992933255 258.5693416790949
3
196.94969908311265 258.5693416790949
0.25 0.25 0.25 0.25
100.68795084621992
45.0
385.706870237002 104.66815248114585
1
385.706870237002 247.67022133724277
0.25 0.25 0.25 0.25
143.0020688560969
45.0
69.68305800974142 172.52309866128255
2
186.52468730988312 172.52309866128255
0.25 0.25 0.25 0.25
116.8416293001417
45.0
46.31009824230436 187.93140094779255
0
46.31009824230436 61.65031907440439
0.25 0.25 0.25 0.25
126.28108187338815
45.0
426.12987004035637 54.43343901367132
3
271.81368262300737 54.43343901367132
0.25 0.25 0.25 0.25
154.316187417349
45.0
185.3435277841804 144.18853780298053
2
274.14105938734144 144.18853780298053
0.25 0.25 0.25 0.25
88.79753160316105
45.0
63.50221697508485 458.28227289138283
2
46.78515409427422 458.28227289138283
0.25 0.25 0.25 0.25
110.28737106935907
45.0
273.0638964662911 118.5706494489871
3
103.688088888517 118.5706494489871
0.25 0.25 0.25 0.25
169.3758075777741
45.0
85.55942253989663 46.795200073051674
2
7.679004593741951 46.795200073051674
0.25 0.25 0.25 0.25
93.23842713363858
45.0
73.95675198116822 297.96064728874245
1
73.95675198116822 422.96674863137264
0.25 0.25 0.25 0.25
125.00610134263019
45.0
330.86768113263605 92.24386632397665
1
330.86768113263605 207.61515924562048
0.25 0.25 0.25 0.25
115.37129292164383
45.0
255.5077063583891 38.9238708847281
3
140.31757425865004 38.9238708847281
0.25 0.25 0.25 0.25
115.19013209973906
45.0
147.66198199537746 374.2252748161077
1
147.66198199537746 495.80787318775504
0.25 0.25 0.25 0.25
121.58259837164738
45.0
168.51082070111033 248.14578763216628
0
168.51082070111033 136.04921082645023
0.25 0.25 0.25 0.25
112.09657680571604
45.0
424.4702740699856 128.5912819768559
0
424.4702740699856 86.31973872964198
0.25 0.25 0.25 0.25
42.271543247213906
45.0
96.57839959213351 313.01240347193556
0
96.57839959213351 276.80007755878216
0.25 0.25 0.25 0.25
36.2123259131534
45.0
265.9940828372085 250.40389565648977
1
265.9940828372085 251.21656392857605
0.25 0.25 0.25 0.25
0.8126682720862921
45.0
250.9932603387844 422.91978085699367
2
271.2298457355754 422.91978085699367
0.25 0.25 0.25 0.25
20.236585396791
45.0
347.7520455184991 209.90543048481766
3
306.11658783833025 209.90543048481766
0.25 0.25 0.25 0.25
41.635457680168834
45.0
475.98927192576036 211.96820909679727
2
495.43335527120666 211.96820909679727
0.25 0.25 0.25 0.25
19.444083345446277
45.0
237.31958736955443 89.37773033458542
0
237.31958736955443 42.300528301103185
0.25 0.25 0.25 0.25
47.07720203348224
45.0
201.29041563233926 151.04058940463415
1
201.29041563233926 200.95243482049028
0.25 0.25 0.25 0.25
49.911845415856135
45.0
477.9928960403143 281.34039241164203
3
454.48660824604826 281.34039241164203
0.25 0.25 0.25 0.25
23.506287794266008
45.0
123.05896544347492 115.1578983235354
3
81.91783791179327 115.1578983235354
0.25 0.25 0.25 0.25
41.14112753168165
45.0
432.26920132920174 5.6041840885799274
1
432.26920132920174 29.7037725713473
0.25 0.25 0.25 0.25
35.30795665992723
45.0
311.992429538535 60.44149505959128
0
311.992429538535 16.48174764501671
0.25 0.25 0.25 0.25
43.95974741457457
45.0
253.25635045764295 220.08626072742948
0
253.25635045764295 182.43207171739357
0.25 0.25 0.25 0.25
37.65418901003592
45.0
31.22325157186833 334.2784228992337
2
14.083841877652432 334.2784228992337
0.25 0.25 0.25 0.25
45.307093449520764
45.0
455.11401372962206 99.13481869154297
0
455.11401372962206 90.52304941218512
0.25 0.25 0.25 0.25
8.611769279357862
45.0
135.27115022072948 432.3012679821621
3
117.5608145999047 432.3012679821621
0.25 0.25 0.25 0.25
17.710335620824768
45.0
300.3837028280267 304.6737239809208
3
260.91652973026845 304.6737239809208
0.25 0.25 0.25 0.25
39.46717309775824
45.0
464.70960887108185 407.1146981792482
0
464.70960887108185 380.3116101746325
0.25 0.25 0.25 0.25
26.803088004615677
45.0
151.7267076008949 21.280090442892103
3
135.45023497069468 21.280090442892103
0.25 0.25 0.25 0.25
16.27647263020024
45.0
