2401
16.375186801764528 462.4973311382596
0
16.375186801764528 393.94078496627674
0.25 0.25 0.25 0.25
143.5618838954637
45.0
278.325256411036 486.21452010329926
3
173.23437050715324 486.21452010329926
0.25 0.25 0.25 0.25
105.09088590388274
45.0
293.78441457583835 93.95494133649252
1
293.78441457583835 194.90671220358718
0.25 0.25 0.25 0.25
100.95177086709465
45.0
368.84206749656283 464.2619465224776
3
259.5535326508451 464.2619465224776
0.25 0.25 0.25 0.25
109.2885348457177
45.0
325.7626841221688 302.27686583994614
2
478.59371013641066 302.27686583994614
0.25 0.25 0.25 0.25
152.83102601424184
45.0
449.24535998639954 87.53783438573748
3
305.017056191398 87.53783438573748
0.25 0.25 0.25 0.25
144.22830379500152
45.0
310.42137598918566 248.26206934371962
0
310.42137598918566 131.20055292172822
0.25 0.25 0.25 0.25
117.0615164219914
45.0
342.71126314617504 376.9280578875463
2
442.12974014582414 376.9280578875463
0.25 0.25 0.25 0.25
99.41847699964912
45.0
193.1997298603702 117.66868444673582
0
193.1997298603702 16.517298474628205
0.25 0.25 0.25 0.25
101.15138597210762
45.0
287.9241339590865 10.210010445835024
3
196.8215969228662 10.210010445835024
0.25 0.25 0.25 0.25
91.10253703622028
45.0
9.010333869756337 0.9689655970334172
2
134.81800063297072 0.9689655970334172
0.25 0.25 0.25 0.25
125.80766676321439
45.0
307.7464031264754 20.159190135382715
1
307.7464031264754 85.5205917221155
0.25 0.25 0.25 0.25
105.67978185749821
45.0
135.411314034243 75.81388225619287
2
291.1301720469964 75.81388225619287
0.25 0.25 0.25 0.25
155.7188580127534
45.0
318.3908590926526 467.5329212898623
0
318.3908590926526 333.08678175508817
0.25 0.25 0.25 0.25
134.44613953477412
45.0
116.27810686720824 271.58085851596917
2
272.37538294861565 271.58085851596917
0.25 0.25 0.25 0.25
156.09727608140741
45.0
492.13404315957337 251.74992101420384
1
492.13404315957337 352.43787186042374
0.25 0.25 0.25 0.25
100.68795084621992
45.0
98.68825053212981 325.35253607982327
2
44.3138183239671 325.35253607982327
0.25 0.25 0.25 0.25
143.0020688560969
45.0
134.95002360860786 178.00178923914254
2
251.79165290874957 178.00178923914254
0.25 0.25 0.25 0.25
116.8416293001417
45.0
414.9046888753636 440.4935646945688
3
288.6236070019755 440.4935646945688
0.25 0.25 0.25 0.25
126.28108187338815
45.0
43.39461970975236 482.6179987342816
2
197.71080712710136 482.6179987342816
0.25 0.25 0.25 0.25
154.316187417349
45.0
185.3435277841804 56.63367776857015
1
185.3435277841804 145.4312093717312
0.25 0.25 0.25 0.25
88.79753160316105
45.0
274.7735566087606 450.8686125156145
0
274.7735566087606 340.5812414462554
0.25 0.25 0.25 0.25
110.28737106935907
45.0
251.31837173367595 118.5706494489871
2
420.69417931145006 118.5706494489871
0.25 0.25 0.25 0.25
169.3758075777741
45.0
33.30170306376638 394.1262101375816
0
33.30170306376638 300.887783003943
0.25 0.25 0.25 0.25
93.23842713363858
45.0
301.0127413056808 202.01494734073674
1
301.0127413056808 327.0210486833669
0.25 0.25 0.25 0.25
125.00610134263019
45.0
23.095438662498964 176.84035581410546
1
23.095438662498964 292.2116487357493
0.25 0.25 0.25 0.25
115.37129292164383
45.0
25.12744215891098 232.59294618655463
2
140.31757425865004 232.59294618655463
0.25 0.25 0.25 0.25
115.19013209973906
45.0
393.3468375448541 495.80787318775504
3
485.07056408349854 495.80787318775504
0.25 0.25 0.25 0.25
121.58259837164738
45.0
55.68233291032175 88.14394278498185
2
167.7789097160378 88.14394278498185
0.25 0.25 0.25 0.25
112.09657680571604
45.0
279.628923199517 125.03797750642755
2
321.9004664467309 125.03797750642755
0.25 0.25 0.25 0.25
42.271543247213906
45.0
337.96951136570726 12.898529746444993
1
337.96951136570726 23.313796166708407
0.25 0.25 0.25 0.25
36.2123259131534
45.0
257.86740011634566 243.0898812077132
0
257.86740011634566 242.27721293562692
0.25 0.25 0.25 0.25
0.8126682720862921
45.0
311.70301652915737 301.50026847624775
2
331.93960192594835 301.50026847624775
0.25 0.25 0.25 0.25
20.236585396791
45.0
485.70612376082556 334.81180352532414
0
485.70612376082556 293.1763458451553
0.25 0.25 0.25 0.25
41.635457680168834
45.0
475.98927192576036 192.524125751351
3
456.54518858031406 192.524125751351
0.25 0.25 0.25 0.25
19.444083345446277
45.0
480.2172004295521 204.46423916318088
3
472.7055975369657 204.46423916318088
0.25 0.25 0.25 0.25
47.07720203348224
45.0
449.3266664566678 350.6879710680587
2
499.23851187252393 350.6879710680587
0.25 0.25 0.25 0.25
49.911845415856135
45.0
310.4505138112914 46.277514468981984
3
286.94422601702536 46.277514468981984
0.25 0.25 0.25 0.25
23.506287794266008
45.0
123.05896544347492 255.11224946159945
2
164.20009297515656 255.11224946159945
0.25 0.25 0.25 0.25
41.14112753168165
45.0
467.577157989129 135.627642551129
0
467.577157989129 100.31968589120176
0.25 0.25 0.25 0.25
35.30795665992723
45.0
83.6452971926361 115.397494598707
0
83.6452971926361 71.43774718413243
0.25 0.25 0.25 0.25
43.95974741457457
45.0
10.322972612608453 295.3946387475013
2
47.977161622644374 295.3946387475013
0.25 0.25 0.25 0.25
37.65418901003592
45.0
59.39093532717321 439.18610985316246
1
59.39093532717321 484.49320330268324
0.25 0.25 0.25 0.25
45.307093449520764
45.0
325.93747453925397 38.65348977818279
3
317.3257052598961 38.65348977818279
0.25 0.25 0.25 0.25
8.611769279357862
45.0
454.0571913955753 443.7263826720646
1
454.0571913955753 461.43671829288934
0.25 0.25 0.25 0.25
17.710335620824768
45.0
142.51501043699375 475.86308892799775
0
142.51501043699375 484.66973797424396
0.25 0.25 0.25 0.25
39.46717309775824
45.0
464.70960887108185 244.44515776074786
3
437.90652086646617 244.44515776074786
0.25 0.25 0.25 0.25
26.803088004615677
45.0
27.31449133130768 184.04481674489443
0
27.31449133130768 167.7683441146942
0.25 0.25 0.25 0.25
16.27647263020024
45.0
