2401
293.63258005620037 215.84659019309262
1
293.63258005620037 359.4084740885563
0.25 0.25 0.25 0.25
143.5618838954637
45.0
409.67525370354383 357.78573495399064
3
304.5843677996611 357.78573495399064
0.25 0.25 0.25 0.25
105.09088590388274
45.0
356.66535075914703 74.91952399459966
1
356.66535075914703 175.8712948616943
0.25 0.25 0.25 0.25
100.95177086709465
45.0
401.6484402736439 262.08806321958275
3
292.3599054279262 262.08806321958275
0.25 0.25 0.25 0.25
109.2885348457177
45.0
89.3065354505759 378.86442031671413
2
63.52449056366595 378.86442031671413
0.25 0.25 0.25 0.25
152.83102601424184
45.0
449.24535998639954 498.9735073592793
0
449.24535998639954 356.79818884571915
0.25 0.25 0.25 0.25
144.22830379500152
45.0
363.9750237871083 132.78514240069285
0
363.9750237871083 15.723625978701449
0.25 0.25 0.25 0.25
117.0615164219914
45.0
66.59310485943921 137.61001712122595
1
66.59310485943921 237.02849412087505
0.25 0.25 0.25 0.25
99.41847699964912
45.0
98.74056833487646 252.3952802784661
2
199.89195430698408 252.3952802784661
0.25 0.25 0.25 0.25
101.15138597210762
45.0
287.9241339590865 368.23643639544696
2
379.02667099530674 368.23643639544696
0.25 0.25 0.25 0.25
91.10253703622028
45.0
361.9513323141717 0.9689655970335878
1
361.9513323141717 126.77663236024797
0.25 0.25 0.25 0.25
125.80766676321439
45.0
145.26880269399504 459.35775586959204
3
39.589020836496815 459.35775586959204
0.25 0.25 0.25 0.25
105.67978185749821
45.0
110.33955006778427 440.0330001136558
2
266.0584080805377 440.0330001136558
0.25 0.25 0.25 0.25
155.7188580127534
45.0
311.65490834624893 456.8979624319446
0
311.65490834624893 322.4518228971705
0.25 0.25 0.25 0.25
134.44613953477412
45.0
230.06819974886554 271.5808585159694
3
73.97092366745812 271.5808585159694
0.25 0.25 0.25 0.25
156.09727608140741
45.0
405.2051092377517 317.9802417521198
1
405.2051092377517 418.6681925983397
0.25 0.25 0.25 0.25
100.68795084621992
45.0
180.21451323131532 382.5564342519126
2
323.21658208741223 382.5564342519126
0.25 0.25 0.25 0.25
143.0020688560969
45.0
177.69250248813316 411.6850478394259
0
177.69250248813316 294.84341853928424
0.25 0.25 0.25 0.25
116.8416293001417
45.0
312.03583740364974 242.15511960789775
2
438.31691927703787 242.15511960789775
0.25 0.25 0.25 0.25
126.28108187338815
45.0
444.46117931696745 161.76475104850965
0
444.46117931696745 7.448563631160653
0.25 0.25 0.25 0.25
154.316187417349
45.0
143.00030091147647 101.84531093027664
0
143.00030091147647 13.047779327115592
0.25 0.25 0.25 0.25
88.79753160316105
45.0
54.198814470042464 134.83382005907396
2
56.088556599316604 134.83382005907396
0.25 0.25 0.25 0.25
110.28737106935907
45.0
0.6683368226782136 268.94550210649527
2
170.04414440045232 268.94550210649527
0.25 0.25 0.25 0.25
169.3758075777741
45.0
85.55942253989669 496.26503100521467
2
7.679004593741894 496.26503100521467
0.25 0.25 0.25 0.25
93.23842713363858
45.0
426.116464130394 47.7532016393161
1
426.116464130394 77.25289970331409
0.25 0.25 0.25 0.25
125.00610134263019
45.0
207.6471471807887 215.18199210889986
1
207.6471471807887 330.5532850305437
0.25 0.25 0.25 0.25
115.37129292164383
45.0
48.29493563639198 269.9353365168376
1
48.29493563639198 385.12546861657665
0.25 0.25 0.25 0.25
115.19013209973906
45.0
214.56615431338273 468.46866016093395
3
92.98355594173535 468.46866016093395
0.25 0.25 0.25 0.25
121.58259837164738
45.0
279.8754865217538 424.43367320212997
2
391.97206332746987 424.43367320212997
0.25 0.25 0.25 0.25
112.09657680571604
45.0
209.60287463822308 255.40591171849763
0
209.60287463822308 213.13436847128372
0.25 0.25 0.25 0.25
42.271543247213906
45.0
291.5851547261955 118.0056483378736
3
255.37282881304213 118.0056483378736
0.25 0.25 0.25 0.25
36.2123259131534
45.0
256.2420635721731 253.65456874483493
0
256.2420635721731 252.84190047274865
0.25 0.25 0.25 0.25
0.8126682720862921
45.0
141.403017797588 87.30514466878834
2
161.639603194379 87.30514466878834
0.25 0.25 0.25 0.25
20.236585396791
45.0
431.77197655478477 376.44726120549296
2
473.4074342349536 376.44726120549296
0.25 0.25 0.25 0.25
41.635457680168834
45.0
46.260393820321696 399.1501239942768
3
26.81631047487542 399.1501239942768
0.25 0.25 0.25 0.25
19.444083345446277
45.0
284.3967894030367 207.85182184128644
1
284.3967894030367 254.9290238747687
0.25 0.25 0.25 0.25
47.07720203348224
45.0
149.85559396153099 295.48685060357064
1
149.85559396153099 345.3986960194268
0.25 0.25 0.25 0.25
49.911845415856135
45.0
253.70039325109278 472.82635449225893
3
230.19410545682678 472.82635449225893
0.25 0.25 0.25 0.25
23.506287794266008
45.0
383.24750417634516 24.180733323910715
1
383.24750417634516 65.32186085559236
0.25 0.25 0.25 0.25
41.14112753168165
45.0
137.25201843393114 393.99170734777954
2
172.55997509385838 393.99170734777954
0.25 0.25 0.25 0.25
35.30795665992723
45.0
136.15343988023676 214.13210364745942
1
136.15343988023676 258.091851062034
0.25 0.25 0.25 0.25
43.95974741457457
45.0
290.91053946767886 290.40928214210373
1
290.91053946767886 328.06347115213964
0.25 0.25 0.25 0.25
37.65418901003592
45.0
435.74314850701234 107.74295565162983
2
481.0502419565331 107.74295565162983
0.25 0.25 0.25 0.25
45.307093449520764
45.0
199.38045150157586 81.91128013282727
1
199.38045150157586 90.52304941218513
0.25 0.25 0.25 0.25
8.611769279357862
45.0
130.383884091642 95.80489118649155
0
130.383884091642 78.09455556566678
0.25 0.25 0.25 0.25
17.710335620824768
45.0
168.66151097870787 116.14450753837576
2
208.1286840764661 116.14450753837576
0.25 0.25 0.25 0.25
39.46717309775824
45.0
98.15523922584748 345.22277834079716
3
71.35215122123181 345.22277834079716
0.25 0.25 0.25 0.25
26.803088004615677
45.0
343.7026408628972 395.6389609374977
3
327.42616823269697 395.6389609374977
0.25 0.25 0.25 0.25
16.27647263020024
45.0
