2401
132.11988436194494 225.71296472958417
2
11.441999533518754 225.71296472958417
0.25 0.25 0.25 0.25
143.5618838954637
45.0
169.96120268092523 323.66843950813313
0
169.96120268092523 218.5775536042504
0.25 0.25 0.25 0.25
105.09088590388274
45.0
255.71357989205234 429.83933034087363
0
255.71357989205234 469.20889879203173
0.25 0.25 0.25 0.25
100.95177086709465
45.0
183.07137058220843 82.180727706111
3
73.78283573649072 82.180727706111
0.25 0.25 0.25 0.25
109.2885348457177
45.0
465.3970483215546 378.86442031671413
0
465.3970483215546 468.304553669044
0.25 0.25 0.25 0.25
152.83102601424184
45.0
324.21330932141933 222.1680116157283
2
468.44161311642085 222.1680116157283
0.25 0.25 0.25 0.25
144.22830379500152
45.0
167.77891052492603 398.96879191134155
0
167.77891052492603 281.9072754893501
0.25 0.25 0.25 0.25
117.0615164219914
45.0
38.64060214371885 365.29759788052854
2
138.05907914336797 365.29759788052854
0.25 0.25 0.25 0.25
99.41847699964912
45.0
199.89195430698408 139.73003458528228
2
301.0433402790917 139.73003458528228
0.25 0.25 0.25 0.25
101.15138597210762
45.0
472.25711542995003 94.92882528678614
0
472.25711542995003 3.8262882505658524
0.25 0.25 0.25 0.25
91.10253703622028
45.0
103.87466468202783 250.64636792939524
0
103.87466468202783 124.83870116618085
0.25 0.25 0.25 0.25
125.80766676321439
45.0
277.45032473599787 304.79601072957763
2
383.13010659349607 304.79601072957763
0.25 0.25 0.25 0.25
105.67978185749821
45.0
266.0584080805376 218.62729017742276
0
266.0584080805376 62.908432164669364
0.25 0.25 0.25 0.25
155.7188580127534
45.0
91.68351025807343 64.19450268553993
2
226.12964979284754 64.19450268553993
0.25 0.25 0.25 0.25
134.44613953477412
45.0
386.1654758302729 427.6781345973768
0
386.1654758302729 416.2245893212157
0.25 0.25 0.25 0.25
156.09727608140741
45.0
91.35513653114877 217.2922909058999
0
91.35513653114877 116.60434005967998
0.25 0.25 0.25 0.25
100.68795084621992
45.0
182.2434772166721 238.5398834031373
1
182.2434772166721 381.5419522592342
0.25 0.25 0.25 0.25
143.0020688560969
45.0
126.11783878685793 406.2063572615659
2
242.95946808699964 406.2063572615659
0.25 0.25 0.25 0.25
116.8416293001417
45.0
329.61822695039615 136.6881260122667
1
329.61822695039615 262.96920788565484
0.25 0.25 0.25 0.25
126.28108187338815
45.0
240.79600942279745 93.77231197814064
1
240.79600942279745 248.08849939548963
0.25 0.25 0.25 0.25
154.316187417349
45.0
166.227453276705 480.26258970814933
3
77.42992167354396 480.26258970814933
0.25 0.25 0.25 0.25
88.79753160316105
45.0
379.5370094316256 24.54644898971489
3
269.2496383622665 24.54644898971489
0.25 0.25 0.25 0.25
110.28737106935907
45.0
491.2042404439994 115.82453999536588
3
321.8284328662253 115.82453999536588
0.25 0.25 0.25 0.25
169.3758075777741
45.0
75.29473325735604 403.02660387157607
0
75.29473325735604 309.7881767379375
0.25 0.25 0.25 0.25
93.23842713363858
45.0
448.8774345269758 172.8081137229878
3
426.116464130394 172.8081137229878
0.25 0.25 0.25 0.25
125.00610134263019
45.0
15.592581669556012 22.781042560406604
1
15.592581669556012 138.15233548205043
0.25 0.25 0.25 0.25
115.37129292164383
45.0
260.5642717651736 118.034015519447
0
260.5642717651736 2.843883419707936
0.25 0.25 0.25 0.25
115.19013209973906
45.0
299.10345220002785 197.96425039081814
2
420.6860505716752 197.96425039081814
0.25 0.25 0.25 0.25
121.58259837164738
45.0
279.8754865217538 303.46790514496956
3
167.7789097160378 303.46790514496956
0.25 0.25 0.25 0.25
112.09657680571604
45.0
452.22477938406564 152.7924828205076
3
409.95323613685173 152.7924828205076
0.25 0.25 0.25 0.25
42.271543247213906
45.0
310.07926022911715 483.658766617439
2
346.29158614227055 483.658766617439
0.25 0.25 0.25 0.25
36.2123259131534
45.0
263.55607802094966 257.71791010526636
2
264.36874629303594 257.71791010526636
0.25 0.25 0.25 0.25
0.8126682720862921
45.0
40.22009081363301 26.595388478415344
0
40.22009081363301 6.358803081624345
0.25 0.25 0.25 0.25
20.236585396791
45.0
26.218057927072344 498.64636575400056
2
15.41739975309649 498.64636575400056
0.25 0.25 0.25 0.25
41.635457680168834
45.0
240.70122727478443 399.1501239942768
0
240.70122727478443 379.7060406488305
0.25 0.25 0.25 0.25
19.444083345446277
45.0
96.08798126910769 19.543013707357474
2
143.16518330258992 19.543013707357474
0.25 0.25 0.25 0.25
47.07720203348224
45.0
351.02595187990767 493.3711405841179
0
351.02595187990767 456.717014000026
0.25 0.25 0.25 0.25
49.911845415856135
45.0
98.8939236628973 261.26976434386467
0
98.8939236628973 237.76347654959866
0.25 0.25 0.25 0.25
23.506287794266008
45.0
424.3886317080268 312.16862604568234
1
424.3886317080268 353.309753577364
0.25 0.25 0.25 0.25
41.14112753168165
45.0
101.94406177400391 288.0678373679978
1
101.94406177400391 323.37579402792505
0.25 0.25 0.25 0.25
35.30795665992723
45.0
479.28302392380715 49.626380839987995
3
476.7572286616182 49.626380839987995
0.25 0.25 0.25 0.25
43.95974741457457
45.0
349.2106737029317 69.46950468728582
1
349.2106737029317 107.12369369732174
0.25 0.25 0.25 0.25
37.65418901003592
45.0
247.10719734634228 334.2784228992337
3
201.8001038968215 334.2784228992337
0.25 0.25 0.25 0.25
45.307093449520764
45.0
259.66283645708097 56.0759722947537
1
259.66283645708097 64.68774157411156
0.25 0.25 0.25 0.25
8.611769279357862
45.0
46.71947211660567 60.384219944842016
1
46.71947211660567 78.09455556566678
0.25 0.25 0.25 0.25
17.710335620824768
45.0
89.7271647831914 357.4615696347231
3
50.25999168543316 357.4615696347231
0.25 0.25 0.25 0.25
39.46717309775824
45.0
71.35215122123181 50.38881029002464
0
71.35215122123181 23.58572228540896
0.25 0.25 0.25 0.25
26.803088004615677
45.0
148.3849693004943 493.29779671869926
3
132.10849667029407 493.29779671869926
0.25 0.25 0.25 0.25
16.27647263020024
45.0
