89062
440.1420688709644 410.04958249734625
0
440.1420688709644 408.5340878119429
0.25 0.25 0.25 0.25
1.5154946854033347
45.0
271.2625129166212 110.42739370128982
2
316.59299275204194 110.42739370128982
0.25 0.25 0.25 0.25
45.33047983542075
45.0
334.46291503438715 389.2228490678939
0
334.46291503438715 354.0070251222826
0.25 0.25 0.25 0.25
35.215823945611284
45.0
53.13045816305089 380.9083584547093
0
53.13045816305089 357.0245972555302
0.25 0.25 0.25 0.25
23.883761199179105
45.0
97.20464707730895 27.657952444627256
0
97.20464707730895 7.303649887169101
0.25 0.25 0.25 0.25
20.354302557458155
45.0
377.6458318015741 436.2862539606659
0
377.6458318015741 426.0209340978189
0.25 0.25 0.25 0.25
10.265319862846955
45.0
99.1244294789775 84.42517427235843
0
99.1244294789775 62.456415735246466
0.25 0.25 0.25 0.25
21.96875853711197
45.0
231.79212899712797 146.85396063672937
1
231.79212899712797 167.2230629048836
0.25 0.25 0.25 0.25
20.369102268154233
45.0
442.2534941147077 32.27578977731225
1
442.2534941147077 15.064916943499597
0.25 0.25 0.25 0.25
47.340706720811845
45.0
34.19637915075247 290.532123922619
2
65.76909472386751 290.532123922619
0.25 0.25 0.25 0.25
31.57271557311504
45.0
93.20531135420173 181.61415052230012
2
132.1800467553183 181.61415052230012
0.25 0.25 0.25 0.25
38.974735401116575
45.0
344.89458414123334 17.371725963643666
3
344.2264594278542 17.371725963643666
0.25 0.25 0.25 0.25
0.6681247133791424
45.0
435.6148181996173 479.68911139246165
0
435.6148181996173 497.86555261029383
0.25 0.25 0.25 0.25
22.44533599724453
45.0
316.66219243698515 27.795741427916113
1
316.66219243698515 37.8674335250829
0.25 0.25 0.25 0.25
10.07169209716679
45.0
160.4127532363362 57.28157648677302
2
177.61343707567607 57.28157648677302
0.25 0.25 0.25 0.25
17.200683839339888
45.0
6.011372471787595 378.66675291095
2
48.73410099391932 378.66675291095
0.25 0.25 0.25 0.25
42.722728522131725
45.0
317.3025658807013 165.79167251051769
1
317.3025658807013 212.41929069353816
0.25 0.25 0.25 0.25
46.62761818302047
45.0
448.64263529738764 264.46617066342196
2
481.0949563086616 264.46617066342196
0.25 0.25 0.25 0.25
32.45232101127397
45.0
421.9911279478931 144.39408688257305
0
421.9911279478931 110.03098556121472
0.25 0.25 0.25 0.25
34.36310132135833
45.0
249.08772583200985 440.02707579569085
2
268.3627359850277 440.02707579569085
0.25 0.25 0.25 0.25
19.275010153017867
45.0
314.5983969701934 304.69307272106755
0
314.5983969701934 265.7024633558842
0.25 0.25 0.25 0.25
38.99060936518331
45.0
328.1285376786564 171.49381605421593
3
322.9996432985942 171.49381605421593
0.25 0.25 0.25 0.25
5.12889438006221
45.0
151.33138850851321 435.80443689315064
3
134.75361741761208 435.80443689315064
0.25 0.25 0.25 0.25
16.577771090901127
45.0
263.2118431890595 44.795695161220664
0
263.2118431890595 38.715971849309234
0.25 0.25 0.25 0.25
6.079723311911428
45.0
402.619942615041 370.4702381527776
0
402.619942615041 369.3726042016591
0.25 0.25 0.25 0.25
1.0976339511185096
45.0
31.88518006914633 99.973981154866
2
64.348523544845 99.973981154866
0.25 0.25 0.25 0.25
32.463343475698665
45.0
186.16280982062298 84.27393540004135
2
220.1113680784161 84.27393540004135
0.25 0.25 0.25 0.25
33.94855825779311
45.0
269.06396349193955 452.0115840618116
2
296.20621605811147 452.0115840618116
0.25 0.25 0.25 0.25
27.142252566171944
45.0
232.25077605200227 105.18649601700945
3
221.15934189210066 105.18649601700945
0.25 0.25 0.25 0.25
11.091434159901597
45.0
154.04542648185006 206.21049238460392
2
189.64805307284865 206.21049238460392
0.25 0.25 0.25 0.25
35.602626590998604
45.0
18.2266388331101 283.3888840798323
0
18.2266388331101 246.35231550336144
0.25 0.25 0.25 0.25
37.03656857647085
45.0
296.47080918264976 93.78886125076869
3
279.0533476993854 93.78886125076869
0.25 0.25 0.25 0.25
17.41746148326433
45.0
269.7161317140676 191.37786932578615
0
269.7161317140676 149.83349998315865
0.25 0.25 0.25 0.25
41.5443693426275
45.0
288.0301403721072 49.28228303275428
1
288.0301403721072 85.7786417249417
0.25 0.25 0.25 0.25
36.49635869218743
45.0
396.61966369070217 63.49184222310927
1
396.61966369070217 76.2595278028036
0.25 0.25 0.25 0.25
12.767685579694326
45.0
34.089593635703366 328.38490872509317
2
55.94515384003203 328.38490872509317
0.25 0.25 0.25 0.25
21.85556020432866
45.0
249.5643115949311 284.7610156703632
3
213.83642783534552 284.7610156703632
0.25 0.25 0.25 0.25
35.72788375958559
45.0
220.83563898948302 467.4521682670471
2
254.38455629636536 467.4521682670471
0.25 0.25 0.25 0.25
33.54891730688234
45.0
119.24321131264486 445.7155547709139
1
119.24321131264486 483.3670424121027
0.25 0.25 0.25 0.25
37.651487641188815
45.0
374.8698645131751 197.1543259042562
3
368.16680260702043 197.1543259042562
0.25 0.25 0.25 0.25
6.703061906154678
45.0
50.335141780361354 414.05104492242504
3
29.03727171175671 414.05104492242504
0.25 0.25 0.25 0.25
21.297870068604645
45.0
212.90220276553407 78.94461115501194
1
212.90220276553407 98.31350165422074
0.25 0.25 0.25 0.25
19.368890499208803
45.0
214.59817611213253 361.70245382311396
1
214.59817611213253 390.3296259524784
0.25 0.25 0.25 0.25
28.627172129364432
45.0
160.69630867933256 38.36515610912218
1
160.69630867933256 54.626665248935424
0.25 0.25 0.25 0.25
16.261509139813242
45.0
355.65209051868817 405.8795672842567
2
388.3595665409274 405.8795672842567
0.25 0.25 0.25 0.25
32.707476022239206
45.0
10.6168265133728 194.68880353757754
0
10.6168265133728 156.26373350734008
0.25 0.25 0.25 0.25
38.42507003023747
45.0
310.1352666163412 255.08201026960614
1
310.1352666163412 282.3246690111178
0.25 0.25 0.25 0.25
27.242658741511665
45.0
389.34281074490684 226.74821454667048
2
390.30063252787056 226.74821454667048
0.25 0.25 0.25 0.25
0.9578217829637248
45.0
