89062
435.59558481475443 414.5960665535562
3
434.0800901293511 414.5960665535562
0.25 0.25 0.25 0.25
1.5154946854033347
45.0
361.9234725874627 473.0712323846559
0
361.9234725874627 481.59828777992334
0.25 0.25 0.25 0.25
45.33047983542075
45.0
369.6787389799984 72.28043355739229
2
404.8945629256097 72.28043355739229
0.25 0.25 0.25 0.25
35.215823945611284
45.0
469.194317853367 475.7890743502161
1
469.194317853367 499.6728355493952
0.25 0.25 0.25 0.25
23.883761199179105
45.0
167.40128616964705 318.36519103216125
0
167.40128616964705 298.0108884747031
0.25 0.25 0.25 0.25
20.354302557458155
45.0
490.5643502928909 426.0209340978189
3
480.2990304300439 426.0209340978189
0.25 0.25 0.25 0.25
10.265319862846955
45.0
340.78077338720914 62.45641573524648
0
340.78077338720914 40.487657198134514
0.25 0.25 0.25 0.25
21.96875853711197
45.0
292.89943580159064 207.96126744119204
2
313.26853806974486 207.96126744119204
0.25 0.25 0.25 0.25
20.369102268154233
45.0
205.54996051064842 15.064916943499597
2
252.89066723146027 15.064916943499597
0.25 0.25 0.25 0.25
47.340706720811845
45.0
429.06745610629196 322.10483949573404
2
460.640171679407 322.10483949573404
0.25 0.25 0.25 0.25
31.57271557311504
45.0
288.07898835978455 220.58888592341668
3
249.10425295866798 220.58888592341668
0.25 0.25 0.25 0.25
38.974735401116575
45.0
346.2308335679916 28.061721377709954
1
346.2308335679916 28.729846091089097
0.25 0.25 0.25 0.25
0.6681247133791424
45.0
272.59581383620406 412.3531034007281
0
272.59581383620406 389.9077674034836
0.25 0.25 0.25 0.25
22.44533599724453
45.0
276.3754240483179 47.93912562224969
1
276.3754240483179 58.01081771941648
0.25 0.25 0.25 0.25
10.07169209716679
45.0
263.6168562723755 22.880208808093244
3
246.41617243303563 22.880208808093244
0.25 0.25 0.25 0.25
17.200683839339888
45.0
250.32499866100272 364.9968759562597
2
293.04772718313444 364.9968759562597
0.25 0.25 0.25 0.25
42.722728522131725
45.0
109.9720749920491 414.55976384229825
0
109.9720749920491 367.9321456592778
0.25 0.25 0.25 0.25
46.62761818302047
45.0
32.120228522228864 4.847602573230219
1
32.120228522228864 37.29992358450419
0.25 0.25 0.25 0.25
32.45232101127397
45.0
181.44941869838482 110.03098556121472
3
147.0863173770265 110.03098556121472
0.25 0.25 0.25 0.25
34.36310132135833
45.0
307.58704064857875 266.55198441852986
0
307.58704064857875 247.276974265512
0.25 0.25 0.25 0.25
19.275010153017867
45.0
153.28891541200633 460.6555101818009
3
114.29830604682303 460.6555101818009
0.25 0.25 0.25 0.25
38.99060936518331
45.0
364.03079833909186 186.88049919440255
0
364.03079833909186 181.75160481434034
0.25 0.25 0.25 0.25
5.12889438006221
45.0
267.3757861448212 452.3822079840518
2
283.9535572357223 452.3822079840518
0.25 0.25 0.25 0.25
16.577771090901127
45.0
324.00907630817386 44.795695161220664
1
324.00907630817386 50.87541847313209
0.25 0.25 0.25 0.25
6.079723311911428
45.0
408.1081123706335 369.3726042016591
2
409.205746321752 369.3726042016591
0.25 0.25 0.25 0.25
1.0976339511185096
45.0
356.5186148261329 99.973981154866
3
324.0552713504342 99.973981154866
0.25 0.25 0.25 0.25
32.463343475698665
45.0
288.0084845940023 186.11961017342068
2
321.95704285179545 186.11961017342068
0.25 0.25 0.25 0.25
33.94855825779311
45.0
377.6329737566272 5.143364614749704
2
404.77522632279914 5.143364614749704
0.25 0.25 0.25 0.25
27.142252566171944
45.0
454.07945925003446 83.00362769720626
2
465.17089340993607 83.00362769720626
0.25 0.25 0.25 0.25
11.091434159901597
45.0
332.0585594368431 28.197359429610927
2
367.6611860278417 28.197359429610927
0.25 0.25 0.25 0.25
35.602626590998604
45.0
166.37291313899348 12.903664531934467
2
203.40948171546432 12.903664531934467
0.25 0.25 0.25 0.25
37.03656857647085
45.0
366.1406551157071 58.95393828424004
0
366.1406551157071 41.536476800975706
0.25 0.25 0.25 0.25
17.41746148326433
45.0
103.5386543435576 22.265256178335974
3
61.9942850009301 22.265256178335974
0.25 0.25 0.25 0.25
41.5443693426275
45.0
40.437087857579584 330.27961920005964
3
3.940729165392156 330.27961920005964
0.25 0.25 0.25 0.25
36.49635869218743
45.0
281.7104934734532 25.881956834751012
1
281.7104934734532 38.64964241444534
0.25 0.25 0.25 0.25
12.767685579694326
45.0
165.22295486167536 415.8071495424077
1
165.22295486167536 437.66270974673637
0.25 0.25 0.25 0.25
21.85556020432866
45.0
357.80971231802386 322.2322629741951
0
357.80971231802386 286.5043792146095
0.25 0.25 0.25 0.25
35.72788375958559
45.0
388.58022552389474 230.60757597101184
1
388.58022552389474 264.1564932778942
0.25 0.25 0.25 0.25
33.54891730688234
45.0
382.80362480096653 10.487869388746091
1
382.80362480096653 48.13935702993491
0.25 0.25 0.25 0.25
37.651487641188815
45.0
294.43312163931887 170.34207827963746
2
301.13618354547356 170.34207827963746
0.25 0.25 0.25 0.25
6.703061906154678
45.0
50.33514178036135 456.64678505963434
2
71.63301184896599 456.64678505963434
0.25 0.25 0.25 0.25
21.297870068604645
45.0
406.59110775762224 156.42017315184717
0
406.59110775762224 137.05128265263835
0.25 0.25 0.25 0.25
19.368890499208803
45.0
441.8757583354941 418.95679808184286
0
441.8757583354941 390.3296259524784
0.25 0.25 0.25 0.25
28.627172129364432
45.0
209.48083609877233 152.1957200878149
1
209.48083609877233 168.45722922762815
0.25 0.25 0.25 0.25
16.261509139813242
45.0
257.52966245197047 176.92723512858217
3
224.82218642973126 176.92723512858217
0.25 0.25 0.25 0.25
32.707476022239206
45.0
241.1672466947976 266.4120368252721
0
241.1672466947976 227.98696679503462
0.25 0.25 0.25 0.25
38.42507003023747
45.0
125.74727324784544 472.49140231527724
3
98.50461450633378 472.49140231527724
0.25 0.25 0.25 0.25
27.242658741511665
45.0
378.8067711323059 233.45296702741652
1
378.8067711323059 234.41078881038024
0.25 0.25 0.25 0.25
0.9578217829637248
45.0
