89062
440.1420688709644 399.441119699523
3
438.6265741855611 399.441119699523
0.25 0.25 0.25 0.25
1.5154946854033347
45.0
320.763168564592 110.42739370128982
3
275.4326887291712 110.42739370128982
0.25 0.25 0.25 0.25
45.33047983542075
45.0
489.4579652375563 174.23033406188665
0
489.4579652375563 139.01451011627537
0.25 0.25 0.25 0.25
35.215823945611284
45.0
339.73559255320015 70.41946286538092
1
339.73559255320015 94.30322406456003
0.25 0.25 0.25 0.25
23.883761199179105
45.0
239.684764979516 135.17646801503798
3
219.33046242205785 135.17646801503798
0.25 0.25 0.25 0.25
20.354302557458155
45.0
408.44179139011504 440.5299076851704
3
398.17647152726806 440.5299076851704
0.25 0.25 0.25 0.25
10.265319862846955
45.0
77.15567094186554 216.23772549503025
0
77.15567094186554 194.26896695791828
0.25 0.25 0.25 0.25
21.96875853711197
45.0
231.79212899712797 411.65229012273426
2
252.1612312652822 411.65229012273426
0.25 0.25 0.25 0.25
20.369102268154233
45.0
300.2313739522721 157.0870371059351
1
300.2313739522721 204.42774382674696
0.25 0.25 0.25 0.25
47.340706720811845
45.0
281.5307765803979 195.8139772032739
0
281.5307765803979 164.24126163015887
0.25 0.25 0.25 0.25
31.57271557311504
45.0
101.66836565138117 181.61415052230012
2
140.64310105249774 181.61415052230012
0.25 0.25 0.25 0.25
38.974735401116575
45.0
350.2395818482665 12.694852969989665
3
349.57145713488734 12.694852969989665
0.25 0.25 0.25 0.25
0.6681247133791424
45.0
407.26782981967114 161.185512651626
0
407.26782981967114 138.74017665438146
0.25 0.25 0.25 0.25
22.44533599724453
45.0
377.09234501998606 203.85317680692006
2
387.1640371171529 203.85317680692006
0.25 0.25 0.25 0.25
10.07169209716679
45.0
45.99545283574247 97.52457806728597
2
63.19613667508236 97.52457806728597
0.25 0.25 0.25 0.25
17.200683839339888
45.0
122.15681309460757 450.44233300052315
3
79.43408457247585 450.44233300052315
0.25 0.25 0.25 0.25
42.722728522131725
45.0
317.3025658807013 321.30452747625736
1
317.3025658807013 367.9321456592778
0.25 0.25 0.25 0.25
46.62761818302047
45.0
189.0240672071959 296.91849167469593
3
156.57174619592195 296.91849167469593
0.25 0.25 0.25 0.25
32.45232101127397
45.0
318.9018239838182 30.89148140482706
1
318.9018239838182 65.25458272618539
0.25 0.25 0.25 0.25
34.36310132135833
45.0
288.31203049556086 266.55198441852986
1
288.31203049556086 285.82699457154774
0.25 0.25 0.25 0.25
19.275010153017867
45.0
139.53307191724005 31.758807164784393
1
139.53307191724005 7.231802200398917
0.25 0.25 0.25 0.25
38.99060936518331
45.0
333.2574320587186 99.68929473334504
3
328.1285376786564 99.68929473334504
0.25 0.25 0.25 0.25
5.12889438006221
45.0
130.49072003680593 435.80443689315064
1
130.49072003680593 452.3822079840518
0.25 0.25 0.25 0.25
16.577771090901127
45.0
281.4510131247938 166.39016139944923
0
281.4510131247938 160.3104380875378
0.25 0.25 0.25 0.25
6.079723311911428
45.0
401.5223086639225 372.6655060550146
3
400.424674712804 372.6655060550146
0.25 0.25 0.25 0.25
1.0976339511185096
45.0
357.67494163923755 62.34273622362733
3
325.2115981635389 62.34273622362733
0.25 0.25 0.25 0.25
32.463343475698665
45.0
153.32277275730812 424.95443846685544
2
187.27133101510123 424.95443846685544
0.25 0.25 0.25 0.25
33.94855825779311
45.0
51.925942962563965 153.4468058339204
1
51.925942962563965 180.58905840009234
0.25 0.25 0.25 0.25
27.142252566171944
45.0
165.7021710925926 205.0094034561239
2
176.79360525249422 205.0094034561239
0.25 0.25 0.25 0.25
11.091434159901597
45.0
11.634920117855657 188.54485556841956
0
11.634920117855657 152.94222897742097
0.25 0.25 0.25 0.25
35.602626590998604
45.0
203.40948171546432 346.245430155459
2
240.44605029193517 346.245430155459
0.25 0.25 0.25 0.25
37.03656857647085
45.0
400.97557808223576 62.96829209861028
2
418.3930395655001 62.96829209861028
0.25 0.25 0.25 0.25
17.41746148326433
45.0
481.0176522301675 434.72280659056645
1
481.0176522301675 476.2671759331939
0.25 0.25 0.25 0.25
41.5443693426275
45.0
222.9188813185167 12.78592434056685
1
222.9188813185167 23.710434351620577
0.25 0.25 0.25 0.25
36.49635869218743
45.0
422.15503485009083 101.79489896219226
0
422.15503485009083 89.02721338249793
0.25 0.25 0.25 0.25
12.767685579694326
45.0
34.089593635703366 219.1071077034499
3
12.234033431374705 219.1071077034499
0.25 0.25 0.25 0.25
21.85556020432866
45.0
106.65277655658875 177.57736439160644
1
106.65277655658875 213.30524815119202
0.25 0.25 0.25 0.25
35.72788375958559
45.0
287.93347360324765 299.7075817326354
0
287.93347360324765 266.15866442575305
0.25 0.25 0.25 0.25
33.54891730688234
45.0
144.31720217567687 307.3141980528623
1
144.31720217567687 344.9656856940511
0.25 0.25 0.25 0.25
37.651487641188815
45.0
354.76067879471105 210.56044971656559
0
354.76067879471105 203.8573878104109
0.25 0.25 0.25 0.25
6.703061906154678
45.0
7.739401643152064 392.7531748538204
1
7.739401643152064 414.05104492242504
0.25 0.25 0.25 0.25
21.297870068604645
45.0
212.90220276553407 214.52684464947362
2
232.2710932647429 214.52684464947362
0.25 0.25 0.25 0.25
19.368890499208803
45.0
128.9278894402406 390.3296259524784
1
128.9278894402406 418.95679808184286
0.25 0.25 0.25 0.25
28.627172129364432
45.0
209.48083609877233 266.0262840665077
0
209.48083609877233 249.76477492669443
0.25 0.25 0.25 0.25
16.261509139813242
45.0
88.32081710324502 405.8795672842567
1
88.32081710324502 438.58704330649596
0.25 0.25 0.25 0.25
32.707476022239206
45.0
202.74217666456013 421.0604961600479
2
241.1672466947976 421.0604961600479
0.25 0.25 0.25 0.25
38.42507003023747
45.0
201.1646316502945 262.5285058191155
0
201.1646316502945 235.28584707760382
0.25 0.25 0.25 0.25
27.242658741511665
45.0
396.0475632256529 224.83257098074304
3
395.08974144268916 224.83257098074304
0.25 0.25 0.25 0.25
0.9578217829637248
45.0
