18580
416.74000463472896 215.33989633872392
296.3811226263874 215.33989633872392
0.2478658820783264 0.1784183590146141 0.266369510213209 0.3073462486938504
120.35888200834154
45.0
171.9899520721211 156.46562488913014
62.625126156009514 156.46562488913014
0.05110874141664609 0.22682687438422985 0.36144699416107495 0.36061739003804905
109.36482591611158
45.0
408.89400030051604 165.7638406184103
292.2844067759611 165.7638406184103
0.04094761772732877 0.24056774995429073 0.3339604826654186 0.3845241496529619
116.60959352455495
45.0
180.52331260917992 497.0739966627249
68.67343645943743 497.0739966627249
0.10833893694797016 0.2667316903199498 0.3614587430703595 0.2634706296617206
111.8498761497425
45.0
345.8877874654012 268.60133414861656
224.37619611623347 268.60133414861656
0.14426863812355067 0.36203669230851654 0.09740554678307968 0.396289122784853
121.5115913491677
45.0
375.21145897552117 313.64272443916377
251.54422616153695 313.64272443916377
0.22849901239041745 0.41364228139479475 0.10835908128132435 0.24949962493346334
123.66723281398424
45.0
418.2977735689506 404.9885244893301
93.0115210909552 404.9885244893301
0.5801064174227907 0.13068020065908562 0.28296157302418956 0.006251808893934033
174.71374752200458
45.0
384.2029931653865 43.755632269381785
284.98566029766556 43.755632269381785
0.4721095988116387 0.14480050914018497 0.09439122202020837 0.2886986700279678
99.21733286772096
45.0
434.13790093073885 483.61160893479297
278.85434122670927 483.61160893479297
0.26244763887849604 0.25118140427504443 0.25942780571565516 0.22694315113080438
155.28355970402959
45.0
123.86894894510095 261.0077021346502
27.05459875246015 261.0077021346502
0.044813860511960533 0.2575364714082662 0.3550095188647514 0.3426401492150219
96.8143501926408
45.0
388.01465780812134 246.46066554552004
294.7412066135285 246.46066554552004
0.34673603814597015 0.26717917536643554 0.01944631482844588 0.36663847165914837
93.27345119459285
45.0
201.1975510002768 472.08091230649757
109.96973398367157 472.08091230649757
0.06928919307266267 0.760778249930704 0.02242365883486313 0.14750889816177024
91.22781701660523
45.0
436.75244214173904 250.73612639348363
325.6655696299717 250.73612639348363
0.4412336613608079 0.26773470583873893 0.028458191924488573 0.2625734408759645
111.08687251176735
45.0
411.2907594842794 51.28842491805946
295.63301431863806 51.28842491805946
0.35249515335660225 0.048007580427710146 0.3208240395187195 0.27867322669696815
115.65774516564134
45.0
223.2722359205856 116.28919426924078
76.07288347721305 116.28919426924078
0.149733903906709 0.39209307089345685 0.0810322714357108 0.3771407537641233
147.19935244337253
45.0
478.70562944693154 384.62613922857213
109.7831725031242 384.62613922857213
0.3517339552198832 0.09769853593834289 0.5373547956527502 0.01321271318902367
131.07754305619267
45.0
351.0316371351152 192.05209624443935
221.0386257270201 192.05209624443935
0.029807202618842857 0.1038000152649244 0.4718433027536119 0.3945494793626208
129.9930114080951
45.0
435.13348564542474 125.27177629985204
338.5997997504217 125.27177629985204
0.24515114041497013 0.3238376004967232 0.334405141814637 0.0966061172736696
96.53368589500302
45.0
357.69301496163484 301.2052094396844
212.60075644590913 301.2052094396844
0.23394947827557497 0.33915694542544095 0.28769856387743953 0.13919501242154442
145.09225851572572
45.0
426.7947339296122 60.01764218791994
306.0951982904748 60.01764218791994
0.19451167507511283 0.45351915287985384 0.033748631014897834 0.31822054103013553
120.6995356391374
45.0
359.949966987259 427.438774827824
222.57793158556575 427.438774827824
0.13548428803501397 0.0025305660392136026 0.38090136629684634 0.4810837796289261
137.37203540169327
45.0
458.4526100419182 133.25989260367922
287.26316116570746 133.25989260367922
0.1589990778572076 0.29919220715484407 0.04911147042208559 0.4926972445658627
171.18944887621075
45.0
293.21696471164796 481.2138985719884
195.2422948850866 481.2138985719884
0.12835744098122323 0.07648771393963635 0.3640083718089088 0.43114647327023164
97.97466982656135
45.0
293.71890934396765 146.02553082118914
167.76640106348287 146.02553082118914
0.4410950402257684 0.012893675910816292 0.23373974380240017 0.3122715400610151
125.95250828048479
45.0
184.71525189738685 214.6674894531903
21.703277643362753 214.6674894531903
0.1038374856017678 0.09194243093075868 0.25822914801899494 0.5459909354484787
163.0119742540241
45.0
446.1379546049911 415.01895078559613
334.31514732948784 415.01895078559613
0.4436113187022096 0.2930047781271962 0.18391623195302967 0.07946767121756444
111.82280727550322
45.0
75.05383187628252 335.86310782123354
469.1790085439521 335.86310782123354
0.23791398817916942 0.3372412309367352 0.047035755472582 0.3778090254115134
105.87482333233042
45.0
147.2578465371704 154.6693282193523
0.6388085967705024 154.6693282193523
0.24821729378287796 0.4746165584457285 0.05827501363851483 0.21889113413287872
146.6190379403999
45.0
123.49632603409952 85.102574746038
453.66234858302073 85.102574746038
0.12547925685992029 0.44898101148799374 0.2744019023171239 0.15113782933496214
169.83397745107877
45.0
470.26709821591965 256.81673925304773
441.594751842502 256.81673925304773
0.18778739325604887 0.4250234749477452 0.10490304387049539 0.2822860879257105
28.672346373417696
45.0
390.5128567562576 440.67293597903773
384.0634266565203 440.67293597903773
0.487538973560917 0.07150934687916949 0.15589537102668313 0.2850563085332304
6.449430099737313
45.0
161.08375903363282 285.8754751826834
151.69964980326245 285.8754751826834
0.25899162644275553 0.27179798767808994 0.42094479200589247 0.04826559387326214
9.38410923037038
45.0
24.092679952545723 241.48808625716222
499.65355408992997 241.48808625716222
0.12987705857543905 0.41017165554584684 0.26618407305407155 0.19376721282464254
24.439125862615736
45.0
296.66938922069664 141.26001320652875
279.31286126224813 141.26001320652875
0.02788307048219428 0.04162810689640888 0.6610253639787758 0.2694634586426211
17.356527958448538
45.0
418.08704780915343 376.88270095758304
401.0451788348728 376.88270095758304
0.3070076459006617 0.24104828699444525 0.1793039574511548 0.27264010965373825
17.041868974280668
45.0
54.918405727904606 190.2335920787303
11.698826920507884 190.2335920787303
0.23902633608178459 0.21659268968782544 0.1747428748402664 0.3696380993901236
43.21957880739672
45.0
50.81461529942531 257.7519391203322
2.769765310069779 257.7519391203322
0.2169383537737554 0.3454797073781706 0.3323076834232855 0.10527425542478856
48.044849989355534
45.0
163.42772717342496 13.832648443914962
134.26537097247794 13.832648443914962
0.5105464210039671 0.3371469586738359 0.03878641887320064 0.1135202014489964
29.16235620094701
45.0
443.6331693804278 401.4383719527402
401.24650861277894 401.4383719527402
0.18182142838724713 0.2209369320448084 0.4615732999838559 0.13566833958408842
42.38666076764882
45.0
322.96531267844256 82.17603154885033
302.49421525257156 82.17603154885033
0.18337799228061102 0.1629896730406269 0.37094514626133185 0.2826871884174303
20.471097425870983
45.0
185.75422811601425 398.54456373523084
139.1241061695317 398.54456373523084
0.35174957118861033 0.34691497628217793 0.1869058830995114 0.11442956942970048
46.63012194648255
45.0
11.081987340482442 165.42341906529913
464.3570053327936 165.42341906529913
0.2902194639916466 0.20640611843248677 0.2909493733844183 0.2124250441914483
46.724982007688794
45.0
104.04112487123632 386.06734547040173
56.28130541621042 386.06734547040173
0.32590083653044283 0.5712520642744342 0.012901762698050089 0.0899453364970729
47.759819455025905
45.0
70.79988294136645 443.6878777477327
53.142251476746125 443.6878777477327
0.19916953244720856 0.38184907042142485 0.1361527725907535 0.28282862454061297
17.657631464620327
45.0
466.3805737795845 366.96124118260974
425.83803987046684 366.96124118260974
0.35666668641042043 0.1054432432315251 0.335853205526233 0.20203686483182162
40.54253390911767
45.0
257.58369681921994 99.42322763261852
214.21219150692508 99.42322763261852
0.15370944798946487 0.22049196737306714 0.3637621989774446 0.2620363856600234
43.37150531229487
45.0
475.7586900251917 143.97150072468108
471.55825406172755 143.97150072468108
0.3016121731039819 0.1719677930914176 0.23451715229019252 0.29190288151440796
4.2004359634641215
45.0
32.888057193687274 132.82972113692566
22.914003436338916 132.82972113692566
0.2961282430133319 0.07251480262235245 0.37334481599828007 0.2580121383660357
9.974053757348356
45.0
