18580
166.4298188599505 150.05405868072694
166.4298188599505 29.6951766723854
0.2478658820783264 0.1784183590146141 0.266369510213209 0.3073462486938504
120.35888200834154
45.0
234.5306484076747 282.523729613525
234.5306484076747 391.8885555296366
0.05110874141664609 0.22682687438422985 0.36144699416107495 0.36061739003804905
109.36482591611158
45.0
424.8187161197304 255.66058529459076
424.8187161197304 372.2701788191457
0.04094761772732877 0.24056774995429073 0.3339604826654186 0.3845241496529619
116.60959352455495
45.0
318.37814276922245 42.43501933564244
318.37814276922245 154.28489548538494
0.10833893694797016 0.2667316903199498 0.3614587430703595 0.2634706296617206
111.8498761497425
45.0
479.02216769804716 322.67559820098927
479.02216769804716 444.187189550157
0.14426863812355067 0.36203669230851654 0.09740554678307968 0.396289122784853
121.5115913491677
45.0
21.25561846629205 409.60196183229834
21.25561846629205 285.9347290183141
0.22849901239041745 0.41364228139479475 0.10835908128132435 0.24949962493346334
123.66723281398424
45.0
356.0831006643466 35.142919858450455
356.0831006643466 360.4291723364459
0.5801064174227907 0.13068020065908562 0.28296157302418956 0.006251808893934033
174.71374752200458
45.0
107.50161420204071 299.74487993003856
107.50161420204071 200.52754706231764
0.4721095988116387 0.14480050914018497 0.09439122202020837 0.2886986700279678
99.21733286772096
45.0
73.9584158992418 191.73076567911835
73.9584158992418 36.447205975088764
0.26244763887849604 0.25118140427504443 0.25942780571565516 0.22694315113080438
155.28355970402959
45.0
123.8689489451009 449.6569786324725
123.8689489451009 46.47132882511329
0.044813860511960533 0.2575364714082662 0.3550095188647514 0.3426401492150219
96.8143501926408
45.0
278.1341049159414 436.1411884156839
278.1341049159414 342.8677372210911
0.34673603814597015 0.26717917536643554 0.01944631482844588 0.36663847165914837
93.27345119459285
45.0
495.9169251460373 316.028407544483
495.9169251460373 407.25622456108823
0.06928919307266267 0.760778249930704 0.02242365883486313 0.14750889816177024
91.22781701660523
45.0
45.00339853028595 25.50831785263472
45.00339853028595 414.42144534086736
0.4412336613608079 0.26773470583873893 0.028458191924488573 0.2625734408759645
111.08687251176735
45.0
176.42458199965904 60.07833857401408
176.42458199965904 444.4205934083727
0.35249515335660225 0.048007580427710146 0.3208240395187195 0.27867322669696815
115.65774516564134
45.0
36.78287310599444 391.57596685732096
36.78287310599444 38.77531930069347
0.149733903906709 0.39209307089345685 0.0810322714357108 0.3771407537641233
147.19935244337253
45.0
282.2503820730768 259.79233932031616
282.2503820730768 128.7147962641235
0.3517339552198832 0.09769853593834289 0.5373547956527502 0.01321271318902367
131.07754305619267
45.0
401.4858956089337 102.35260569635005
31.478907017028746 102.35260569635005
0.029807202618842857 0.1038000152649244 0.4718433027536119 0.3945494793626208
129.9930114080951
45.0
430.2932936150795 422.32857123976726
430.2932936150795 325.7948853447642
0.24515114041497013 0.3238376004967232 0.334405141814637 0.0966061172736696
96.53368589500302
45.0
103.08008917534858 77.88390287355799
103.08008917534858 432.7916443578323
0.23394947827557497 0.33915694542544095 0.28769856387743953 0.13919501242154442
145.09225851572572
45.0
83.3306521305725 76.0733654914327
83.3306521305725 455.37382985229533
0.19451167507511283 0.45351915287985384 0.033748631014897834 0.31822054103013553
120.6995356391374
45.0
371.042356405885 131.3651467412733
8.414391807578284 131.3651467412733
0.13548428803501397 0.0025305660392136026 0.38090136629684634 0.4810837796289261
137.37203540169327
45.0
498.0162431505952 424.53563587818707
498.0162431505952 95.72508475439781
0.1589990778572076 0.29919220715484407 0.04911147042208559 0.4926972445658627
171.18944887621075
45.0
360.8116819366296 28.555314062583534
360.8116819366296 126.52998388914489
0.12835744098122323 0.07648771393963635 0.3640083718089088 0.43114647327023164
97.97466982656135
45.0
335.6292736852979 122.72250157656651
335.6292736852979 496.76999329608174
0.4410950402257684 0.012893675910816292 0.23373974380240017 0.3122715400610151
125.95250828048479
45.0
116.03241984003557 40.691437961238535
116.03241984003557 203.70341221526263
0.1038374856017678 0.09194243093075868 0.25822914801899494 0.5459909354484787
163.0119742540241
45.0
236.76951807479674 162.8189801929649
236.76951807479674 50.99617291746165
0.4436113187022096 0.2930047781271962 0.18391623195302967 0.07946767121756444
111.82280727550322
45.0
244.52768506118582 236.11911452199877
244.52768506118582 130.24429118966833
0.23791398817916942 0.3372412309367352 0.047035755472582 0.3778090254115134
105.87482333233042
45.0
489.59029911355975 312.33687564296235
489.59029911355975 165.71783770256246
0.24821729378287796 0.4746165584457285 0.05827501363851483 0.21889113413287872
146.6190379403999
45.0
330.13722799094955 392.66231786696346
330.13722799094955 62.4962953180422
0.12547925685992029 0.44898101148799374 0.2744019023171239 0.15113782933496214
169.83397745107877
45.0
108.12296457034628 258.79048169609007
108.12296457034628 230.11813532267237
0.18778739325604887 0.4250234749477452 0.10490304387049539 0.2822860879257105
28.672346373417696
45.0
309.7258132391823 404.6935686194054
309.7258132391823 398.2441385196681
0.487538973560917 0.07150934687916949 0.15589537102668313 0.2850563085332304
6.449430099737313
45.0
103.32162679215078 323.41191210416486
103.32162679215078 314.0278028737945
0.25899162644275553 0.27179798767808994 0.42094479200589247 0.04826559387326214
9.38410923037038
45.0
279.7014213263882 75.61920686480097
279.7014213263882 100.05833272741671
0.12987705857543905 0.41017165554584684 0.26618407305407155 0.19376721282464254
24.439125862615736
45.0
221.22462978030038 2.407789538940392
238.5811577387489 2.407789538940392
0.02788307048219428 0.04162810689640888 0.6610253639787758 0.2694634586426211
17.356527958448538
45.0
338.3479724203092 228.97614967161616
338.3479724203092 211.93428069733548
0.3070076459006617 0.24104828699444525 0.1793039574511548 0.27264010965373825
17.041868974280668
45.0
117.55881362319622 54.62516822666476
117.55881362319622 11.40558941926804
0.23902633608178459 0.21659268968782544 0.1747428748402664 0.3696380993901236
43.21957880739672
45.0
265.88111647031593 259.4197396738441
265.88111647031593 211.37488968448858
0.2169383537737554 0.3454797073781706 0.3323076834232855 0.10527425542478856
48.044849989355534
45.0
67.46076940278195 9.07544797365415
67.46076940278195 479.91309177270716
0.5105464210039671 0.3371469586738359 0.03878641887320064 0.1135202014489964
29.16235620094701
45.0
390.98060881843105 87.4518881556265
390.98060881843105 45.065227387977686
0.18182142838724713 0.2209369320448084 0.4615732999838559 0.13566833958408842
42.38666076764882
45.0
45.06361049534492 82.17603154885036
45.06361049534492 61.70493412297938
0.18337799228061102 0.1629896730406269 0.37094514626133185 0.2826871884174303
20.471097425870983
45.0
193.59032582857316 483.96870991563685
193.59032582857316 437.33858796915433
0.35174957118861033 0.34691497628217793 0.1869058830995114 0.11442956942970048
46.63012194648255
45.0
403.65722124052786 141.8474654728059
403.65722124052786 95.12248346511711
0.2902194639916466 0.20640611843248677 0.2909493733844183 0.2124250441914483
46.724982007688794
45.0
371.15444470719433 348.8844972429416
371.15444470719433 301.12467778791574
0.32590083653044283 0.5712520642744342 0.012901762698050089 0.0899453364970729
47.759819455025905
45.0
395.1222427878917 407.47394032576346
395.1222427878917 389.8163088611431
0.19916953244720856 0.38184907042142485 0.1361527725907535 0.28282862454061297
17.657631464620327
45.0
182.50908177840728 448.3413275502597
182.50908177840728 407.798793641142
0.35666668641042043 0.1054432432315251 0.335853205526233 0.20203686483182162
40.54253390911767
45.0
22.72348432742558 191.07699389164463
22.72348432742558 234.4484992039395
0.15370944798946487 0.22049196737306714 0.3637621989774446 0.2620363856600234
43.37150531229487
45.0
118.57351278297193 463.2046339479553
118.57351278297193 459.00419798449116
0.3016121731039819 0.1719677930914176 0.23451715229019252 0.29190288151440796
4.2004359634641215
45.0
94.02969187035941 309.76806450403205
94.02969187035941 299.7940107466837
0.2961282430133319 0.07251480262235245 0.37334481599828007 0.2580121383660357
9.974053757348356
45.0
