38646
470.7201964816579 48.2563394033554
1
470.7201964816579 64.61196848530503
0.25 0.25 0.25 0.25
112.86830788866042
45.0
113.66199671950554 146.71335921760937
0
113.66199671950554 58.19310589647753
0.25 0.25 0.25 0.25
88.52025332113183
45.0
6.972102338788261 347.68166320196633
2
171.5965750513993 347.68166320196633
0.25 0.25 0.25 0.25
164.62447271261104
45.0
393.6373791542276 104.69607053826394
3
472.2511159574335 104.69607053826394
0.25 0.25 0.25 0.25
134.1115048883389
45.0
420.27308272802213 463.14080951180654
3
428.66749495815793 463.14080951180654
0.25 0.25 0.25 0.25
151.0594223138199
45.0
289.33742733437214 395.4501604394608
0
289.33742733437214 295.4668175462716
0.25 0.25 0.25 0.25
99.98334289318913
45.0
292.19496573454813 5.026878687813564
1
292.19496573454813 172.3084329682634
0.25 0.25 0.25 0.25
167.28155428044983
45.0
27.273166480779537 289.2630124672371
0
27.273166480779537 138.66275249167916
0.25 0.25 0.25 0.25
150.60025997555795
45.0
456.8701467891872 113.17246687452237
3
397.79960052347303 113.17246687452237
0.25 0.25 0.25 0.25
145.33025268733977
45.0
148.42710942248925 126.3074642284436
2
259.5151795789704 126.3074642284436
0.25 0.25 0.25 0.25
111.08807015648115
45.0
68.5097918121794 213.7878828007838
2
200.6508202659645 213.7878828007838
0.25 0.25 0.25 0.25
132.1410284537851
45.0
414.6784923079432 365.62144467031465
0
414.6784923079432 220.20467667764976
0.25 0.25 0.25 0.25
145.4167679926649
45.0
408.60473574963305 104.31050491778797
3
457.6440173960682 104.31050491778797
0.25 0.25 0.25 0.25
133.75124685429876
45.0
113.29742881111417 250.59260111030392
2
260.68631866143585 250.59260111030392
0.25 0.25 0.25 0.25
147.38888985032168
45.0
409.5870217932222 428.10198929941816
3
236.7531849333821 428.10198929941816
0.25 0.25 0.25 0.25
172.83383685984012
45.0
113.81588593851058 298.83668801932083
2
215.0151945013819 298.83668801932083
0.25 0.25 0.25 0.25
101.19930856287132
45.0
311.12252387583385 160.05920704137813
1
311.12252387583385 2.284278216276846
0.25 0.25 0.25 0.25
162.34348525765498
45.0
193.21563321187887 67.1578065314769
3
93.7519951626415 67.1578065314769
0.25 0.25 0.25 0.25
99.46363804923736
45.0
322.13334189663215 202.41766299695874
0
322.13334189663215 72.8707820967872
0.25 0.25 0.25 0.25
129.54688090017154
45.0
9.08147928691045 303.8894927204774
2
147.7018602574822 303.8894927204774
0.25 0.25 0.25 0.25
156.78333954439265
45.0
111.77729621871288 222.57679749369163
0
111.77729621871288 57.45595969284358
0.25 0.25 0.25 0.25
165.12083780084805
45.0
201.97241914991199 265.1307984019745
0
201.97241914991199 129.4999544965066
0.25 0.25 0.25 0.25
135.6308439054679
45.0
122.66485659284868 255.8966611526212
2
11.166994665728737 255.8966611526212
0.25 0.25 0.25 0.25
133.83185125857742
45.0
372.3780945076269 306.8078442289532
0
372.3780945076269 135.01325957048806
0.25 0.25 0.25 0.25
171.7945846584651
45.0
176.64870120464334 425.87234195642964
0
176.64870120464334 332.00283232704396
0.25 0.25 0.25 0.25
93.86950962938565
45.0
212.93389110472242 357.25019602144926
1
212.93389110472242 455.7598610667095
0.25 0.25 0.25 0.25
98.50966504526023
45.0
109.85394800186123 330.4287370213441
2
250.29646649764288 330.4287370213441
0.25 0.25 0.25 0.25
140.44251849578166
45.0
277.94338104581055 58.064578162247585
1
277.94338104581055 193.5192998228735
0.25 0.25 0.25 0.25
135.45472166062592
45.0
331.8500156830281 419.53082708523607
3
234.30447736690206 419.53082708523607
0.25 0.25 0.25 0.25
97.54553831612608
45.0
140.36070034977422 288.63768071154556
2
3.327373695248127 288.63768071154556
0.25 0.25 0.25 0.25
143.68807404502235
45.0
225.75077149741875 12.552480908000092
2
315.94888987138586 12.552480908000092
0.25 0.25 0.25 0.25
90.1981183739671
45.0
322.73744082841347 380.04099140751896
0
322.73744082841347 491.4728645765623
0.25 0.25 0.25 0.25
128.4861440159187
45.0
277.36518292652556 331.9541155447221
0
277.36518292652556 224.54131496140909
0.25 0.25 0.25 0.25
107.41280058331299
45.0
440.9670412548546 356.9692668867257
0
440.9670412548546 211.85130675182825
0.25 0.25 0.25 0.25
145.11796013489743
45.0
196.53130460647185 464.4696198380309
3
63.951972843731625 464.4696198380309
0.25 0.25 0.25 0.25
132.57933176274022
45.0
358.4888919855012 310.4969551766092
1
358.4888919855012 439.0362457585277
0.25 0.25 0.25 0.25
128.53929058191846
45.0
2.4883380008774907 25.890068354937114
1
2.4883380008774907 187.53918152536698
0.25 0.25 0.25 0.25
161.64911317042987
45.0
31.953242745686453 316.8849084335537
2
190.36613444292988 316.8849084335537
0.25 0.25 0.25 0.25
158.41289169724342
45.0
7.442819295146819 314.0143216016791
0
7.442819295146819 195.6029415726597
0.25 0.25 0.25 0.25
118.41138002901943
45.0
5.951263350560623 278.1404876864002
1
5.951263350560623 312.9920630170866
0.25 0.25 0.25 0.25
34.85157533068639
45.0
82.22181503719592 70.66108313028238
3
34.33167447719245 70.66108313028238
0.25 0.25 0.25 0.25
47.89014056000347
45.0
90.7732153040989 370.51492974136585
2
95.1432386242379 370.51492974136585
0.25 0.25 0.25 0.25
4.3700233201389995
45.0
88.48024912260229 84.3233706037397
1
88.48024912260229 106.99368652415825
0.25 0.25 0.25 0.25
22.670315920418542
45.0
147.38534042876705 398.17463677453213
0
147.38534042876705 379.0051229085306
0.25 0.25 0.25 0.25
19.1695138660015
45.0
454.19406522947986 176.1971075604136
0
454.19406522947986 128.99583955560368
0.25 0.25 0.25 0.25
47.20126800480991
45.0
397.6609118885405 44.6189023003608
3
379.69469478932575 44.6189023003608
0.25 0.25 0.25 0.25
17.96621709921475
45.0
421.169064384965 455.08831852681266
2
426.1817658136696 455.08831852681266
0.25 0.25 0.25 0.25
5.01270142870458
45.0
247.38791239639437 271.4782988842409
3
219.80958938467882 271.4782988842409
0.25 0.25 0.25 0.25
27.57832301171556
45.0
