96415
143.69633063789638 286.64021278741524
1
143.69633063789638 405.29417301281876
0.25 0.25 0.25 0.25
118.65396022540354
45.0
182.2353597701883 318.46365273593585
3
32.28906221873996 318.46365273593585
0.25 0.25 0.25 0.25
149.94629755144834
45.0
382.1600696953403 222.3373532730505
0
382.1600696953403 58.710174361569784
0.25 0.25 0.25 0.25
163.6271789114807
45.0
164.06799135345244 190.75602891875388
2
335.9066122852745 190.75602891875388
0.25 0.25 0.25 0.25
171.83862093182205
45.0
434.0308182561778 303.6863022328598
1
434.0308182561778 466.4993001442789
0.25 0.25 0.25 0.25
162.81299791141907
45.0
354.79212650048737 40.38398733990533
1
354.79212650048737 99.09520956520385
0.25 0.25 0.25 0.25
139.47919690510918
45.0
35.480484960702285 88.74964645978737
2
65.48349497292811 88.74964645978737
0.25 0.25 0.25 0.25
100.9639799336304
45.0
263.5830416129477 277.8138981627676
2
388.19686290316486 277.8138981627676
0.25 0.25 0.25 0.25
124.61382129021715
45.0
318.48420600159136 339.47616612709663
1
318.48420600159136 471.22791080843945
0.25 0.25 0.25 0.25
131.7517446813428
45.0
18.96941617207287 437.2789432712822
2
109.29258681030848 437.2789432712822
0.25 0.25 0.25 0.25
90.32317063823561
45.0
299.9987321378934 178.82500678917964
1
299.9987321378934 295.0345384783161
0.25 0.25 0.25 0.25
116.20953168913647
45.0
363.16806204679415 115.66177522863302
3
485.32274269938114 115.66177522863302
0.25 0.25 0.25 0.25
151.5091952538247
45.0
57.23879620900544 431.67247033664967
2
225.50986461507895 431.67247033664967
0.25 0.25 0.25 0.25
168.2710684060735
45.0
161.01094339077963 79.32281031780838
2
292.0997630040308 79.32281031780838
0.25 0.25 0.25 0.25
131.0888196132512
45.0
132.26837326338853 491.4393256380083
2
292.08510444440697 491.4393256380083
0.25 0.25 0.25 0.25
159.81673118101844
45.0
85.42652658333492 324.3647145045761
2
54.41217380094102 324.3647145045761
0.25 0.25 0.25 0.25
139.83870038427594
45.0
131.4798931406542 135.12646311823153
1
131.4798931406542 271.28805544050107
0.25 0.25 0.25 0.25
136.16159232226954
45.0
128.82006603604344 355.2425288739657
0
128.82006603604344 257.94975251282835
0.25 0.25 0.25 0.25
97.29277636113734
45.0
167.80741761038206 36.48502210597394
1
167.80741761038206 129.88437263195527
0.25 0.25 0.25 0.25
93.39935052598133
45.0
422.1075041065594 462.31717608673785
0
422.1075041065594 324.31541706231434
0.25 0.25 0.25 0.25
138.0017590244235
45.0
175.72865930303666 88.39395339643795
1
175.72865930303666 125.99288603186994
0.25 0.25 0.25 0.25
37.598932635431986
45.0
196.681727823852 208.83715002556406
0
196.681727823852 175.18748102581526
0.25 0.25 0.25 0.25
33.649668999748805
45.0
362.9305988525592 467.1786676417811
0
362.9305988525592 443.62983388508235
0.25 0.25 0.25 0.25
23.548833756698766
45.0
321.45161910346894 103.57008145158741
1
321.45161910346894 128.07189603283445
0.25 0.25 0.25 0.25
24.501814581247032
45.0
321.16967379598543 313.77332800128613
1
321.16967379598543 338.46164823313575
0.25 0.25 0.25 0.25
24.688320231849602
45.0
150.02479476047563 343.1937869208408
1
150.02479476047563 357.9301680292738
0.25 0.25 0.25 0.25
14.736381108432939
45.0
158.3731897225711 144.52626825031447
0
158.3731897225711 117.06256710433311
0.25 0.25 0.25 0.25
27.463701145981357
45.0
312.3768839279444 413.45727893404205
3
308.2557687565054 413.45727893404205
0.25 0.25 0.25 0.25
4.1211151714389995
45.0
411.57752884771446 107.38762105138854
2
421.2679113452694 107.38762105138854
0.25 0.25 0.25 0.25
9.690382497554918
45.0
371.82760745714774 464.37460723963227
0
371.82760745714774 433.93741517906506
0.25 0.25 0.25 0.25
30.437192060567213
45.0
346.89214512468783 285.31516216855994
1
346.89214512468783 299.22324778202767
0.25 0.25 0.25 0.25
13.908085613467735
45.0
153.50610164204272 474.2828255418706
1
153.50610164204272 499.0380992042901
0.25 0.25 0.25 0.25
24.755273662419548
45.0
347.15675656778717 45.22361943819275
0
347.15675656778717 22.35142636187004
0.25 0.25 0.25 0.25
22.87219307632271
45.0
317.96521017487765 118.87062924190843
2
323.68944406760016 118.87062924190843
0.25 0.25 0.25 0.25
5.7242338927225305
45.0
419.89039827227 349.47759027989525
0
419.89039827227 303.1784659704415
0.25 0.25 0.25 0.25
46.299124309453745
45.0
285.19842450661446 143.76456240117295
3
258.92381471474636 143.76456240117295
0.25 0.25 0.25 0.25
26.27460979186809
45.0
127.46570616169272 297.2567316911697
2
145.0040481582878 297.2567316911697
0.25 0.25 0.25 0.25
17.53834199659507
45.0
492.80224056762535 288.27740754934734
3
445.40079971838975 288.27740754934734
0.25 0.25 0.25 0.25
47.4014408492356
45.0
162.73809060466894 410.14232415515903
3
141.0416949952999 410.14232415515903
0.25 0.25 0.25 0.25
21.696395609369024
45.0
7.788330388676936 484.67277850141545
2
7.751496913602649 484.67277850141545
0.25 0.25 0.25 0.25
15.539827302279585
45.0
293.86574802709015 432.18217689395726
2
343.1976912443423 432.18217689395726
0.25 0.25 0.25 0.25
49.33194321725214
45.0
36.41935728140287 170.96158891714248
1
36.41935728140287 185.2787064898004
0.25 0.25 0.25 0.25
14.317117572657946
45.0
435.31873273787414 66.40144919462148
1
435.31873273787414 98.9701640461112
0.25 0.25 0.25 0.25
32.56871485148972
45.0
447.3914943787054 13.181791125325457
2
463.2172551515541 13.181791125325457
0.25 0.25 0.25 0.25
15.825760772848751
45.0
497.78998658859643 179.30790201202865
3
498.0420647490205 179.30790201202865
0.25 0.25 0.25 0.25
4.1679486623830915
45.0
41.92601945847591 270.68589190743376
1
41.92601945847591 283.96866870316177
0.25 0.25 0.25 0.25
13.282776795728001
45.0
377.79367938751426 102.19682317079705
3
345.0413950568319 102.19682317079705
0.25 0.25 0.25 0.25
32.752284330682336
45.0
8.091174319627982 357.4383886517052
2
34.74644317694653 357.4383886517052
0.25 0.25 0.25 0.25
26.655268857318546
45.0
