55386
184.96243046820143 422.87145968727236
0
184.96243046820143 320.50237103021146
0.25 0.25 0.25 0.25
102.3690886570609
45.0
483.1488922603954 474.87894420427176
0
483.1488922603954 436.6852886157999
0.25 0.25 0.25 0.25
88.43576717992836
45.0
156.54229461714544 301.8671328879154
1
156.54229461714544 436.7727171782776
0.25 0.25 0.25 0.25
134.90558429036224
45.0
304.780920887731 223.15610578968617
1
304.780920887731 356.56868350917443
0.25 0.25 0.25 0.25
133.41257771948827
45.0
457.0141976729325 250.92257712162652
1
457.0141976729325 421.08764905513146
0.25 0.25 0.25 0.25
170.16507193350495
45.0
87.17003548046398 407.06375526032275
0
87.17003548046398 427.18895941880623
0.25 0.25 0.25 0.25
165.74728532087096
45.0
177.69234116664813 299.2646434681456
2
305.1356532654648 299.2646434681456
0.25 0.25 0.25 0.25
127.44331209881666
45.0
149.60046922733554 405.79406555301307
0
149.60046922733554 231.8968881059977
0.25 0.25 0.25 0.25
173.89717744701537
45.0
170.50579497446566 367.66746607835
2
264.98807122027006 367.66746607835
0.25 0.25 0.25 0.25
94.4822762458044
45.0
93.96490176846379 354.58488901733017
0
93.96490176846379 487.96023345896833
0.25 0.25 0.25 0.25
157.45487752370144
45.0
309.826179307713 240.1571037461143
1
309.826179307713 284.304600523422
0.25 0.25 0.25 0.25
44.14749677730767
45.0
115.68041780260191 48.264189641205164
1
115.68041780260191 60.07329096056944
0.25 0.25 0.25 0.25
11.809101319364274
45.0
9.018453840344158 268.58712897587895
1
9.018453840344158 285.8570128354816
0.25 0.25 0.25 0.25
17.26988385960267
45.0
313.71965765630677 391.22955960038735
1
313.71965765630677 438.6927955310643
0.25 0.25 0.25 0.25
47.46323593067693
45.0
269.5307828394304 489.074587981521
2
309.2016509360101 489.074587981521
0.25 0.25 0.25 0.25
39.67086809657967
45.0
332.646200433362 481.5167039676802
1
332.646200433362 497.42461928877015
0.25 0.25 0.25 0.25
15.907915321089927
45.0
186.24560924809902 2.333041243218382
1
186.24560924809902 21.24046890723047
0.25 0.25 0.25 0.25
23.57351015044885
45.0
163.98000695012965 240.01196155996846
1
163.98000695012965 259.2706010905753
0.25 0.25 0.25 0.25
19.25863953060688
45.0
17.448229057838716 486.89103174733407
2
51.26104624524123 486.89103174733407
0.25 0.25 0.25 0.25
33.812817187402516
45.0
186.6600107073392 407.27823747768446
0
186.6600107073392 367.58071301814005
0.25 0.25 0.25 0.25
39.69752445954444
45.0
446.8493768921321 127.48949090871582
3
433.6204510108503 127.48949090871582
0.25 0.25 0.25 0.25
13.228925881281834
45.0
151.74550435678023 440.98628757554394
1
151.74550435678023 444.0847381660408
0.25 0.25 0.25 0.25
3.0984505904968374
45.0
192.6271107334963 159.44848289595896
3
155.28074193239073 159.44848289595896
0.25 0.25 0.25 0.25
37.34636880110557
45.0
301.89631529525604 165.52349359359926
1
301.89631529525604 196.77211436036276
0.25 0.25 0.25 0.25
31.248620766763498
45.0
446.267384349837 207.8869969710566
0
446.267384349837 161.1448475798247
0.25 0.25 0.25 0.25
46.7421493912319
45.0
116.9729681303267 272.4553851665512
2
155.2335202121156 272.4553851665512
0.25 0.25 0.25 0.25
38.26055208178889
45.0
461.3061084166088 15.225663010393646
3
498.38826454209254 15.225663010393646
0.25 0.25 0.25 0.25
40.305627041298635
45.0
93.19422716726521 67.04610640823682
3
75.17914129672921 67.04610640823682
0.25 0.25 0.25 0.25
18.015085870536
45.0
51.70136847241282 180.0839381825996
1
51.70136847241282 202.7079625903309
0.25 0.25 0.25 0.25
22.62402440773129
45.0
73.40114989749601 334.38284405163716
3
60.74918253057146 334.38284405163716
0.25 0.25 0.25 0.25
12.651967366924548
45.0
363.2450474076686 331.3753105246792
3
334.15599353334534 331.3753105246792
0.25 0.25 0.25 0.25
29.089053874323255
45.0
205.62744983988546 251.6462876009008
0
205.62744983988546 230.91911739191482
0.25 0.25 0.25 0.25
20.727170208985978
45.0
55.188239869746305 92.76024663726261
3
19.8564084611112 92.76024663726261
0.25 0.25 0.25 0.25
35.331831408635104
45.0
352.58518087312297 337.95953867706714
0
352.58518087312297 316.8082389274721
0.25 0.25 0.25 0.25
21.151299749595044
45.0
150.00921205679273 271.30346272456273
1
150.00921205679273 284.4687285225665
0.25 0.25 0.25 0.25
13.16526579800376
45.0
384.4062174467435 71.842099745882
1
384.4062174467435 101.74427980622299
0.25 0.25 0.25 0.25
29.902180060340992
45.0
219.73428086224658 119.38137960434686
3
189.26104568755053 119.38137960434686
0.25 0.25 0.25 0.25
30.473235174696033
45.0
43.83387354521142 18.77617483235956
1
43.83387354521142 31.89506751117061
0.25 0.25 0.25 0.25
13.11889267881105
45.0
244.29924409728528 227.66859952887717
1
244.29924409728528 263.5718539987265
0.25 0.25 0.25 0.25
35.90325446984936
45.0
291.33571516206905 183.43127031446184
3
258.9265845857054 183.43127031446184
0.25 0.25 0.25 0.25
32.40913057636365
45.0
73.09762779086469 202.3324671672486
2
96.57337933718824 202.3324671672486
0.25 0.25 0.25 0.25
23.475751546323558
45.0
165.23359850117302 362.0879256611789
3
164.20470705185232 362.0879256611789
0.25 0.25 0.25 0.25
1.0288914493206847
45.0
392.3062893325477 468.77027118692143
3
372.036369684295 468.77027118692143
0.25 0.25 0.25 0.25
20.269919648252703
45.0
104.97248164861988 119.907938202698
3
100.26234480983375 119.907938202698
0.25 0.25 0.25 0.25
4.710136838786127
45.0
261.42409700843325 122.76383340790812
2
273.0429466320623 122.76383340790812
0.25 0.25 0.25 0.25
11.618849623629046
45.0
265.901791384132 403.79921475530057
2
305.814652408822 403.79921475530057
0.25 0.25 0.25 0.25
39.91286102468999
45.0
180.7805229214949 378.35408247603374
1
180.7805229214949 407.8639315980172
0.25 0.25 0.25 0.25
29.50984912198343
45.0
256.26159416097005 365.7192244234019
1
256.26159416097005 384.82472506703834
0.25 0.25 0.25 0.25
19.105500643636425
45.0
