72365
263.3096341869624 493.7841674763324
3
247.96086045675875 493.7841674763324
0.25 0.25 0.25 0.25
15.348773730203646
45.0
306.3317768770429 32.77406984700323
0
306.3317768770429 22.449325503126442
0.25 0.25 0.25 0.25
10.324744343876791
45.0
14.96397870696461 278.73012196354114
2
4.43072923956889 278.73012196354114
0.25 0.25 0.25 0.25
19.3947079465335
45.0
141.63248517731336 74.30210895494193
3
136.75684986913595 74.30210895494193
0.25 0.25 0.25 0.25
4.875635308177401
45.0
385.5002398393067 316.62452451444767
2
432.6510209571736 316.62452451444767
0.25 0.25 0.25 0.25
47.15078111786695
45.0
443.26333420753787 11.308341092840877
1
443.26333420753787 16.642528456633247
0.25 0.25 0.25 0.25
5.33418736379237
45.0
385.1228855381813 137.90167923235708
3
360.47075125738724 137.90167923235708
0.25 0.25 0.25 0.25
24.65213428079408
45.0
444.13537805155124 123.95959779187136
1
444.13537805155124 165.10865055320915
0.25 0.25 0.25 0.25
41.149052761337785
45.0
487.3165441972501 13.289764703024446
1
487.3165441972501 48.159244177570585
0.25 0.25 0.25 0.25
34.86947947454614
45.0
252.41395909658934 368.8595815868813
2
288.73612915316176 368.8595815868813
0.25 0.25 0.25 0.25
36.322170056572425
45.0
427.1135577304448 344.2362756138184
1
427.1135577304448 377.17996818085595
0.25 0.25 0.25 0.25
32.943692567037566
45.0
300.49434272404886 459.83962621012716
3
286.3112362491788 459.83962621012716
0.25 0.25 0.25 0.25
14.183106474870028
45.0
101.96515563522712 98.1591890852568
1
101.96515563522712 145.6977223537934
0.25 0.25 0.25 0.25
47.53853326853662
45.0
273.29104675695703 360.8638976794616
2
310.28552304065 360.8638976794616
0.25 0.25 0.25 0.25
36.99447628369299
45.0
273.1097889732273 103.58217591131312
2
307.40995918185854 103.58217591131312
0.25 0.25 0.25 0.25
34.30017020863126
45.0
132.73306613169234 191.08522503877396
3
90.92741420756249 191.08522503877396
0.25 0.25 0.25 0.25
41.80565192412985
45.0
349.6317037674764 238.7703470172808
1
349.6317037674764 248.35014439835845
0.25 0.25 0.25 0.25
9.579797381077631
45.0
183.96514119089778 109.76659236798093
2
203.57331246223526 109.76659236798093
0.25 0.25 0.25 0.25
19.608171271337486
45.0
225.3155195882814 449.89196149984514
3
204.27368074053675 449.89196149984514
0.25 0.25 0.25 0.25
21.04183884774465
45.0
471.9522075984812 261.39726987667314
2
480.7739326801003 261.39726987667314
0.25 0.25 0.25 0.25
8.82172508161908
45.0
183.44695416985292 330.89490638173686
3
166.56118396662725 330.89490638173686
0.25 0.25 0.25 0.25
16.885770203225647
45.0
10.4624813755986 97.98715442256535
2
16.48017458536545 97.98715442256535
0.25 0.25 0.25 0.25
6.0176932097668505
45.0
444.78539286550637 441.1327058202934
2
450.04607582713265 441.1327058202934
0.25 0.25 0.25 0.25
5.26068296162629
45.0
62.5707667761928 163.59059577616574
2
109.95852782416577 163.59059577616574
0.25 0.25 0.25 0.25
47.38776104797297
45.0
305.60249750783834 105.58988285730888
0
305.60249750783834 102.61556740355597
0.25 0.25 0.25 0.25
2.974315453752907
45.0
453.03466991305504 153.96616481533317
2
494.84449347056284 153.96616481533317
0.25 0.25 0.25 0.25
41.809823557507805
45.0
132.62084481037422 74.26630825514735
1
132.62084481037422 99.45853018426791
0.25 0.25 0.25 0.25
25.192221929120556
45.0
112.20541402887683 24.437000609841977
0
112.20541402887683 24.363328112170564
0.25 0.25 0.25 0.25
0.07367249767141204
45.0
475.31502123892614 226.6701503079684
3
466.72553726380386 226.6701503079684
0.25 0.25 0.25 0.25
8.589483975122263
45.0
74.01627385980623 433.034286750231
3
31.641722488714215 433.034286750231
0.25 0.25 0.25 0.25
42.37455137109202
45.0
2.9198464541463984 371.92914693113016
2
6.81691554477216 371.92914693113016
0.25 0.25 0.25 0.25
9.736761998918558
45.0
163.27446978358591 260.71496596334487
1
163.27446978358591 298.02429004744243
0.25 0.25 0.25 0.25
37.309324084097554
45.0
122.39666044920422 186.70030301137365
0
122.39666044920422 165.7059290681467
0.25 0.25 0.25 0.25
20.994373943226936
45.0
150.0604416366175 453.1959367741276
0
150.0604416366175 429.1520248853632
0.25 0.25 0.25 0.25
24.043911888764395
45.0
204.3910983807116 301.101813576405
3
183.2857352358552 301.101813576405
0.25 0.25 0.25 0.25
21.10536314485641
45.0
370.93025767091166 421.13744906415116
3
338.5365155992856 421.13744906415116
0.25 0.25 0.25 0.25
32.39374207162602
45.0
231.94301865418507 16.956853856920404
2
274.9199515074917 16.956853856920404
0.25 0.25 0.25 0.25
42.97693285330664
45.0
6.2576220106523195 229.17204363003668
1
6.2576220106523195 243.66376552351787
0.25 0.25 0.25 0.25
14.491721893481174
45.0
234.16432520049952 361.52056023128716
3
206.68171778958134 361.52056023128716
0.25 0.25 0.25 0.25
27.48260741091818
45.0
178.05714354373777 164.5075788468372
0
178.05714354373777 158.28434276963372
0.25 0.25 0.25 0.25
6.22323607720347
45.0
5.24182292093694 403.41080046253956
1
5.24182292093694 449.4172966097632
0.25 0.25 0.25 0.25
46.00649614722365
45.0
13.777795075007369 400.61566246993635
0
13.777795075007369 376.54196829448586
0.25 0.25 0.25 0.25
24.073694175450473
45.0
198.86504179491618 304.20908380702014
0
198.86504179491618 297.0134671122579
0.25 0.25 0.25 0.25
7.195616694762252
45.0
347.81110817976764 168.27216818318416
2
386.40905516925704 168.27216818318416
0.25 0.25 0.25 0.25
38.59794698948937
45.0
452.2210081858167 4.351292240054747
1
452.2210081858167 41.80127539346541
0.25 0.25 0.25 0.25
37.44998315341066
45.0
421.51051092845273 303.8893078814917
1
421.51051092845273 332.23857400339824
0.25 0.25 0.25 0.25
28.349266121906574
45.0
53.25342983412317 159.08541530696112
0
53.25342983412317 129.98867376261558
0.25 0.25 0.25 0.25
29.09674154434555
45.0
420.07271197996056 455.8937010524609
3
407.4029110737655 455.8937010524609
0.25 0.25 0.25 0.25
12.66980090619504
45.0
