72365
294.00718164736975 383.4256426820382
1
294.00718164736975 398.77441641224186
0.25 0.25 0.25 0.25
15.348773730203646
45.0
261.5291620361807 39.49914056013431
0
261.5291620361807 29.174396216257513
0.25 0.25 0.25 0.25
10.324744343876791
45.0
334.14076433063855 324.850905886046
1
334.14076433063855 344.2456138325795
0.25 0.25 0.25 0.25
19.3947079465335
45.0
195.26447356726484 79.17774426311934
0
195.26447356726484 74.30210895494193
0.25 0.25 0.25 0.25
4.875635308177401
45.0
395.3338363641009 410.30438530314495
3
348.18305524623395 410.30438530314495
0.25 0.25 0.25 0.25
47.15078111786695
45.0
140.670051416658 331.35958292038305
0
140.670051416658 326.0253955565907
0.25 0.25 0.25 0.25
5.33418736379237
45.0
409.7750198189754 393.70776943255527
0
409.7750198189754 369.0556351517612
0.25 0.25 0.25 0.25
24.65213428079408
45.0
415.40905901810686 246.38187706016868
1
415.40905901810686 287.53092982150645
0.25 0.25 0.25 0.25
41.149052761337785
45.0
70.59512739548828 385.63913416119374
3
35.72564792094214 385.63913416119374
0.25 0.25 0.25 0.25
34.86947947454614
45.0
453.32621785199615 323.54229637651156
1
453.32621785199615 359.864466433084
0.25 0.25 0.25 0.25
36.322170056572425
45.0
415.42433474157156 278.3488904797434
2
448.3680273086091 278.3488904797434
0.25 0.25 0.25 0.25
32.943692567037566
45.0
272.1281297743088 176.17749671272645
0
272.1281297743088 161.99439023785644
0.25 0.25 0.25 0.25
14.183106474870028
45.0
278.34311051306577 98.1591890852568
1
278.34311051306577 145.6977223537934
0.25 0.25 0.25 0.25
47.53853326853662
45.0
346.13085898405336 137.74789963701414
1
346.13085898405336 174.74237592070713
0.25 0.25 0.25 0.25
36.99447628369299
45.0
307.40995918185854 381.9152709592182
1
307.40995918185854 416.21544116784946
0.25 0.25 0.25 0.25
34.30017020863126
45.0
449.2104146270092 390.85825571992757
2
491.01606655113903 390.85825571992757
0.25 0.25 0.25 0.25
41.80565192412985
45.0
190.53802194079694 200.45115749297025
2
200.11781932187458 200.45115749297025
0.25 0.25 0.25 0.25
9.579797381077631
45.0
223.18148373357275 423.49733270938066
3
203.57331246223526 423.49733270938066
0.25 0.25 0.25 0.25
19.608171271337486
45.0
361.5748173664929 255.52229463172966
2
382.61665621423754 255.52229463172966
0.25 0.25 0.25 0.25
21.04183884774465
45.0
13.222503354288618 226.1103695501968
3
4.4007782726695375 226.1103695501968
0.25 0.25 0.25 0.25
8.82172508161908
45.0
461.95187156240826 179.41775772471897
1
461.95187156240826 196.30352792794463
0.25 0.25 0.25 0.25
16.885770203225647
45.0
139.97984886857262 19.757142695596333
1
139.97984886857262 25.774835905363183
0.25 0.25 0.25 0.25
6.0176932097668505
45.0
292.22558697834404 499.00021839818254
0
292.22558697834404 495.7390986401912
0.25 0.25 0.25 0.25
5.26068296162629
45.0
259.42952457448246 125.9168707133283
1
259.42952457448246 173.30463176130127
0.25 0.25 0.25 0.25
47.38776104797297
45.0
445.3953238342257 60.97515105101526
3
442.42100838047276 60.97515105101526
0.25 0.25 0.25 0.25
2.974315453752907
45.0
383.16180123710103 321.20545904536436
2
424.97162479460883 321.20545904536436
0.25 0.25 0.25 0.25
41.809823557507805
45.0
82.23640095213315 228.04035489429936
1
82.23640095213315 253.23257682341992
0.25 0.25 0.25 0.25
25.192221929120556
45.0
111.68970654517696 25.836778065598835
2
111.76337904284837 25.836778065598835
0.25 0.25 0.25 0.25
0.07367249767141204
45.0
483.9045052140484 46.29098683040074
1
483.9045052140484 54.880470805523004
0.25 0.25 0.25 0.25
8.589483975122263
45.0
175.75460950819883 365.2744169142554
0
175.75460950819883 322.8998655431634
0.25 0.25 0.25 0.25
42.37455137109202
45.0
318.3932995101659 365.1782790980689
0
318.3932995101659 355.44151709915036
0.25 0.25 0.25 0.25
9.736761998918558
45.0
321.7467433096823 298.92489529811854
1
321.7467433096823 336.2342193822161
0.25 0.25 0.25 0.25
37.309324084097554
45.0
59.41353861952342 459.62716427332396
3
38.41916467629649 459.62716427332396
0.25 0.25 0.25 0.25
20.994373943226936
45.0
342.4117367467327 75.7701247786892
0
342.4117367467327 51.726212889924795
0.25 0.25 0.25 0.25
24.043911888764395
45.0
91.08398564727813 60.89488679123602
0
91.08398564727813 39.78952364637961
0.25 0.25 0.25 0.25
21.10536314485641
45.0
338.5365155992856 352.10635643446665
1
338.5365155992856 384.5000985060927
0.25 0.25 0.25 0.25
32.39374207162602
45.0
123.40298854621517 424.3430190500931
2
166.3799213995218 424.3430190500931
0.25 0.25 0.25 0.25
42.97693285330664
45.0
37.2175436697912 301.6306530974425
1
37.2175436697912 316.1223749909237
0.25 0.25 0.25 0.25
14.491721893481174
45.0
480.38346748337335 361.52056023128716
3
452.90086007245515 361.52056023128716
0.25 0.25 0.25 0.25
27.48260741091818
45.0
277.62892077899323 239.1864117732788
1
277.62892077899323 245.40964785048226
0.25 0.25 0.25 0.25
6.22323607720347
45.0
144.92058075965417 458.56971109578956
0
144.92058075965417 412.5632149485659
0.25 0.25 0.25 0.25
46.00649614722365
45.0
206.36734847861115 315.4160411370547
2
230.44104265406162 315.4160411370547
0.25 0.25 0.25 0.25
24.073694175450473
45.0
126.90887484729355 332.9915505860691
3
119.7132581525313 332.9915505860691
0.25 0.25 0.25 0.25
7.195616694762252
45.0
274.1618359275128 144.0580294594548
3
235.56388893802344 144.0580294594548
0.25 0.25 0.25 0.25
38.59794698948937
45.0
276.1206375608512 246.6490446917322
3
238.67065440744054 246.6490446917322
0.25 0.25 0.25 0.25
37.44998315341066
45.0
294.9968278524816 453.7651916767155
1
294.9968278524816 482.1144577986221
0.25 0.25 0.25 0.25
28.349266121906574
45.0
442.2218574028667 352.0518186251287
1
442.2218574028667 381.14856016947425
0.25 0.25 0.25 0.25
29.09674154434555
45.0
407.4029110737655 480.75729441656375
0
407.4029110737655 468.0874935103687
0.25 0.25 0.25 0.25
12.66980090619504
45.0
