72365
324.7047291077771 275.98422657061246
3
309.3559553775734 275.98422657061246
0.25 0.25 0.25 0.25
15.348773730203646
45.0
58.5379126239999 146.3462576296479
1
58.5379126239999 156.6710019735247
0.25 0.25 0.25 0.25
10.324744343876791
45.0
491.3068641505598 93.30785571794857
3
489.29842790290667 93.30785571794857
0.25 0.25 0.25 0.25
19.3947079465335
45.0
161.135026410023 118.1828267285386
0
161.135026410023 113.30719142036119
0.25 0.25 0.25 0.25
4.875635308177401
45.0
227.45991469296368 400.4707887783507
3
180.30913357509672 400.4707887783507
0.25 0.25 0.25 0.25
47.15078111786695
45.0
402.0452322424839 192.67071146178154
3
396.71104487869155 192.67071146178154
0.25 0.25 0.25 0.25
5.33418736379237
45.0
47.87802600355469 236.51021635553343
1
47.87802600355469 261.1623506363275
0.25 0.25 0.25 0.25
24.65213428079408
45.0
238.3901142448624 465.5747536104669
3
197.24106148352462 465.5747536104669
0.25 0.25 0.25 0.25
41.149052761337785
45.0
417.5775852481578 21.579714771521708
2
452.44706472270394 21.579714771521708
0.25 0.25 0.25 0.25
34.86947947454614
45.0
288.7361291531618 267.91871784739453
3
252.41395909658937 267.91871784739453
0.25 0.25 0.25 0.25
36.322170056572425
45.0
151.8747942052711 149.91911289174504
0
151.8747942052711 116.97542032470747
0.25 0.25 0.25 0.25
32.943692567037566
45.0
484.87472689735944 62.712644913766255
1
484.87472689735944 76.89575138863628
0.25 0.25 0.25 0.25
14.183106474870028
45.0
54.42662236669053 193.23625562233002
3
6.8880890981539125 193.23625562233002
0.25 0.25 0.25 0.25
47.53853326853662
45.0
13.180572430816511 380.17476833468766
1
13.180572430816511 417.1692446183806
0.25 0.25 0.25 0.25
36.99447628369299
45.0
143.78731748004157 377.9835375803631
1
143.78731748004157 412.2837077889943
0.25 0.25 0.25 0.25
34.30017020863126
45.0
10.651756538419136 56.41304032688879
0
10.651756538419136 14.607388402758943
0.25 0.25 0.25 0.25
41.80565192412985
45.0
397.5306906728646 181.29156273081497
0
397.5306906728646 171.71176534973733
0.25 0.25 0.25 0.25
9.579797381077631
45.0
31.72474279381458 462.7136752520556
1
31.72474279381458 482.3218465233931
0.25 0.25 0.25 0.25
19.608171271337486
45.0
498.85942460896194 407.8082838043558
1
498.85942460896194 428.8501226521005
0.25 0.25 0.25 0.25
21.04183884774465
45.0
454.308757435243 323.1493454480068
3
445.48703235362393 323.1493454480068
0.25 0.25 0.25 0.25
8.82172508161908
45.0
200.33272437307858 499.75260841399347
3
183.44695416985292 499.75260841399347
0.25 0.25 0.25 0.25
16.885770203225647
45.0
73.78522356113729 79.93407479326481
2
79.80291677090413 79.93407479326481
0.25 0.25 0.25 0.25
6.0176932097668505
45.0
460.5674417503852 367.48314435752536
3
455.30675878875894 367.48314435752536
0.25 0.25 0.25 0.25
5.26068296162629
45.0
67.42778476876056 499.8380588954558
3
20.040023720787588 499.8380588954558
0.25 0.25 0.25 0.25
47.38776104797297
45.0
374.01175294415555 111.5385137648147
2
376.98606839790847 111.5385137648147
0.25 0.25 0.25 0.25
2.974315453752907
45.0
160.36590501050037 70.34651770031758
3
118.55608145299257 70.34651770031758
0.25 0.25 0.25 0.25
41.809823557507805
45.0
258.58195445597704 177.65591103605823
0
258.58195445597704 152.46368910693766
0.25 0.25 0.25 0.25
25.192221929120556
45.0
112.79479401024811 26.278813051627317
3
112.7211215125767 26.278813051627317
0.25 0.25 0.25 0.25
0.07367249767141204
45.0
440.957085338437 166.54376248211247
0
440.957085338437 157.9542785069902
0.25 0.25 0.25 0.25
8.589483975122263
45.0
332.7400069449054 238.15076280097935
2
375.11455831599744 238.15076280097935
0.25 0.25 0.25 0.25
42.37455137109202
45.0
110.02422844225052 488.7702909181528
2
119.76099044116907 488.7702909181528
0.25 0.25 0.25 0.25
9.736761998918558
45.0
275.2024420358787 335.33361413154
0
275.2024420358787 298.02429004744243
0.25 0.25 0.25 0.25
37.309324084097554
45.0
129.53582686951898 81.72843329523896
3
108.54145292629205 81.72843329523896
0.25 0.25 0.25 0.25
20.994373943226936
45.0
345.01740869933013 357.02028921907
3
320.97349681056573 357.02028921907
0.25 0.25 0.25 0.25
24.043911888764395
45.0
48.873259357565274 448.8393555904
3
27.767896212708866 448.8393555904
0.25 0.25 0.25 0.25
21.10536314485641
45.0
499.4947740425842 157.74390400471043
3
468.11148388578977 157.74390400471043
0.25 0.25 0.25 0.25
32.39374207162602
45.0
25.918578465654768 403.7492495366802
2
68.89551131896141 403.7492495366802
0.25 0.25 0.25 0.25
42.97693285330664
45.0
95.18443124371588 432.0561501387729
1
95.18443124371588 446.5478720322541
0.25 0.25 0.25 0.25
14.491721893481174
45.0
425.41825266153694 334.03795282036896
3
397.93564525061873 334.03795282036896
0.25 0.25 0.25 0.25
27.48260741091818
45.0
271.40568470178977 189.40052315565106
0
271.40568470178977 183.1772870784476
0.25 0.25 0.25 0.25
6.22323607720347
45.0
407.1573730070296 136.52423806522407
1
407.1573730070296 182.53073421244773
0.25 0.25 0.25 0.25
46.00649614722365
45.0
275.1065350303983 50.605405207099466
1
275.1065350303983 74.67909938254994
0.25 0.25 0.25 0.25
24.073694175450473
45.0
220.45189187920298 261.0353836384467
2
227.64750857396524 261.0353836384467
0.25 0.25 0.25 0.25
7.195616694762252
45.0
497.79710386227475 24.7175667642627
3
459.19915687278535 24.7175667642627
0.25 0.25 0.25 0.25
38.59794698948937
45.0
264.9710924187635 246.6490446917322
2
302.4210755721741 246.6490446917322
0.25 0.25 0.25 0.25
37.44998315341066
45.0
52.97005134366736 263.0960145566397
0
52.97005134366736 234.74674843473315
0.25 0.25 0.25 0.25
28.349266121906574
45.0
442.22185740286665 275.4723814843433
1
442.22185740286665 304.56912302868886
0.25 0.25 0.25 0.25
29.09674154434555
45.0
377.2104735209184 354.0592853546131
1
377.2104735209184 366.7290862608082
0.25 0.25 0.25 0.25
12.66980090619504
45.0
