95700
81.05130196789162 323.3849117246023
2
8.827500443460451 323.3849117246023
0.25 0.25 0.25 0.25
89.87880241135207
45.0
172.83910616735966 477.52723604583616
2
278.1612892569296 477.52723604583616
0.25 0.25 0.25 0.25
105.32218308956992
45.0
366.7329751062131 295.1487037587681
2
491.7209224102344 295.1487037587681
0.25 0.25 0.25 0.25
124.98794730402128
45.0
54.48141925514989 107.44011446218741
1
54.48141925514989 258.7849146961104
0.25 0.25 0.25 0.25
151.34480023392297
45.0
59.21994790823922 177.9359176892653
0
59.21994790823922 53.01479811461937
0.25 0.25 0.25 0.25
124.92111957464591
45.0
498.157024484007 433.5838721490795
3
407.666917399987 433.5838721490795
0.25 0.25 0.25 0.25
90.49010708402
45.0
279.9650541308844 260.14662736550343
2
410.342595684612 260.14662736550343
0.25 0.25 0.25 0.25
130.37754155372755
45.0
422.71835452425546 29.845547776712124
3
414.4945588786445 29.845547776712124
0.25 0.25 0.25 0.25
162.78708659710003
45.0
314.5011671325344 24.08253914388439
3
145.16315798149728 24.08253914388439
0.25 0.25 0.25 0.25
169.33800915103714
45.0
72.12285436829004 384.7385580637091
0
72.12285436829004 271.5741616829308
0.25 0.25 0.25 0.25
113.1643963807783
45.0
177.52842642749042 400.2303060930572
3
173.11910744614227 400.2303060930572
0.25 0.25 0.25 0.25
4.409318981348148
45.0
57.84358370612932 309.57958317783016
3
20.38687310796513 309.57958317783016
0.25 0.25 0.25 0.25
37.45671059816419
45.0
129.91377988075382 425.4996121611866
1
129.91377988075382 429.60932099307485
0.25 0.25 0.25 0.25
4.109708831888281
45.0
333.8321439275725 294.23579322266255
3
324.99017145521714 294.23579322266255
0.25 0.25 0.25 0.25
8.841972472355309
45.0
296.6939566391076 423.756857023959
1
296.6939566391076 437.5137637653476
0.25 0.25 0.25 0.25
13.756906741388587
45.0
441.87937603377407 151.75397875172018
0
441.87937603377407 105.60735461165606
0.25 0.25 0.25 0.25
46.146624140064105
45.0
260.97992519753143 131.8285208945778
1
260.97992519753143 155.74579656379152
0.25 0.25 0.25 0.25
23.917275669213716
45.0
487.75094616065394 17.7684553742524
3
459.6377862571375 17.7684553742524
0.25 0.25 0.25 0.25
28.113159903516443
45.0
167.27765079036016 10.573944257665062
1
167.27765079036016 44.55482087416884
0.25 0.25 0.25 0.25
33.98087661650378
45.0
103.99445423830133 119.34554624320575
2
119.58227815541757 119.34554624320575
0.25 0.25 0.25 0.25
15.587823917116234
45.0
109.41850526731884 475.42221859033066
3
83.2200229893023 475.42221859033066
0.25 0.25 0.25 0.25
26.198482278016535
45.0
73.25113868028677 451.29627072289236
2
89.58876394879704 451.29627072289236
0.25 0.25 0.25 0.25
16.337625268510266
45.0
149.28595555245633 330.39360260442834
0
149.28595555245633 325.232737257255
0.25 0.25 0.25 0.25
5.160865347173354
45.0
92.62482002810384 232.20725519738386
2
121.22623814106612 232.20725519738386
0.25 0.25 0.25 0.25
28.601418112962286
45.0
345.19741506601576 206.50397764422172
2
358.74279882594163 206.50397764422172
0.25 0.25 0.25 0.25
13.545383759925894
45.0
85.16095691517438 467.4160347591234
1
85.16095691517438 487.92872558048884
0.25 0.25 0.25 0.25
20.512690821365425
45.0
36.53840431683192 392.7890187057919
3
24.029606579314304 392.7890187057919
0.25 0.25 0.25 0.25
12.508797737517618
45.0
5.727698661228189 236.56678016448166
1
5.727698661228189 275.453382789159
0.25 0.25 0.25 0.25
38.886602624677316
45.0
319.07444710736917 354.9210727543365
2
326.5097689383043 354.9210727543365
0.25 0.25 0.25 0.25
7.435321830935132
45.0
366.4876137938918 358.0601754429987
2
388.6137159542143 358.0601754429987
0.25 0.25 0.25 0.25
22.126102160322496
45.0
5.760257396864446 94.05021496559837
0
5.760257396864446 45.37546564768592
0.25 0.25 0.25 0.25
48.67474931791245
45.0
89.90261192292459 29.677977058911516
1
89.90261192292459 17.079758403256236
0.25 0.25 0.25 0.25
46.75773546216775
45.0
162.52893827800654 357.0907053965873
3
131.34543636226857 357.0907053965873
0.25 0.25 0.25 0.25
31.18350191573795
45.0
197.9713094615733 298.6221722501836
0
197.9713094615733 259.33150995487694
0.25 0.25 0.25 0.25
39.29066229530665
45.0
95.71140175443543 15.420876779540011
3
80.42374536896727 15.420876779540011
0.25 0.25 0.25 0.25
15.287656385468152
45.0
271.10097930582197 193.65680842878268
3
249.21931353281153 193.65680842878268
0.25 0.25 0.25 0.25
21.88166577301044
45.0
408.4540975443904 25.243628948597536
1
408.4540975443904 44.458612528765656
0.25 0.25 0.25 0.25
19.21498358016812
45.0
410.9884313164829 149.17777448754964
3
384.53841572124617 149.17777448754964
0.25 0.25 0.25 0.25
26.450015595236724
45.0
21.551522180821124 161.99865602729616
2
26.26459296287755 161.99865602729616
0.25 0.25 0.25 0.25
4.713070782056428
45.0
483.2665234041436 309.83589698979586
2
494.2355095814909 309.83589698979586
0.25 0.25 0.25 0.25
10.968986177347311
45.0
302.58288896827565 32.62474597383787
3
254.35742717076903 32.62474597383787
0.25 0.25 0.25 0.25
48.22546179750662
45.0
271.1462985378902 205.0691364781173
2
294.00246154486763 205.0691364781173
0.25 0.25 0.25 0.25
22.856163006977464
45.0
424.37011301440174 298.66956932666824
0
424.37011301440174 298.40273027826345
0.25 0.25 0.25 0.25
0.26683904840478223
45.0
185.53801827838822 406.75699934928264
0
185.53801827838822 388.17259582636325
0.25 0.25 0.25 0.25
18.584403522919406
45.0
495.4075380928898 132.98178309270293
1
495.4075380928898 177.70434857996577
0.25 0.25 0.25 0.25
44.72256548726283
45.0
54.900304844415594 184.0663617042306
1
54.900304844415594 221.67129277855256
0.25 0.25 0.25 0.25
37.60493107432196
45.0
333.37685139566383 113.5111357352947
0
333.37685139566383 96.35297104425076
0.25 0.25 0.25 0.25
17.158164691043932
45.0
19.053188243412222 78.12010484420098
1
19.053188243412222 82.9729945300886
0.25 0.25 0.25 0.25
4.852889685887623
45.0
