69667
177.75149924093748 32.52017937129139
3
74.83020326291961 32.52017937129139
0.25 0.25 0.25 0.25
102.92129597801787
45.0
135.53407764907405 337.19505498843534
2
250.29745362159585 337.19505498843534
0.25 0.25 0.25 0.25
114.7633759725218
45.0
313.18998600601947 103.73418322067761
2
410.7247831201138 103.73418322067761
0.25 0.25 0.25 0.25
97.53479711409429
45.0
233.86859073819818 245.7592652295856
0
233.86859073819818 89.6379155357684
0.25 0.25 0.25 0.25
156.1213496938172
45.0
406.57832483209984 361.4102468298054
1
406.57832483209984 452.3045179446708
0.25 0.25 0.25 0.25
90.89427111486542
45.0
407.53378197858046 235.35693766971718
0
407.53378197858046 109.84736016581891
0.25 0.25 0.25 0.25
125.50957750389829
45.0
256.60996863273203 95.62810532421688
3
118.00131510291155 95.62810532421688
0.25 0.25 0.25 0.25
138.6086535298205
45.0
283.33512650780375 339.1859186304114
3
185.44767439416444 339.1859186304114
0.25 0.25 0.25 0.25
97.88745211363931
45.0
353.9187411138879 84.49967704697329
2
477.3005251490438 84.49967704697329
0.25 0.25 0.25 0.25
123.38178403515585
45.0
492.9330617670519 6.838177905001075
1
492.9330617670519 133.06810358051365
0.25 0.25 0.25 0.25
126.22992567551258
45.0
60.34739272848419 379.1584066018416
1
60.34739272848419 393.7068300419688
0.25 0.25 0.25 0.25
14.548423440127173
45.0
367.20687581721756 372.1621688049047
1
367.20687581721756 421.56921313591874
0.25 0.25 0.25 0.25
49.40704433101402
45.0
436.5556597514635 317.0043726428398
2
475.56184141114034 317.0043726428398
0.25 0.25 0.25 0.25
39.0061816596768
45.0
67.05724895641143 441.48353985741386
2
89.17441003460198 441.48353985741386
0.25 0.25 0.25 0.25
22.117161078190556
45.0
193.28866514485244 309.90345590079687
3
182.12647142991588 309.90345590079687
0.25 0.25 0.25 0.25
11.162193714936558
45.0
39.41240755435973 169.41674541506626
2
82.34443293930933 169.41674541506626
0.25 0.25 0.25 0.25
42.9320253849496
45.0
257.70756943625815 457.25293291311164
1
257.70756943625815 498.30380823780587
0.25 0.25 0.25 0.25
41.05087532469425
45.0
75.37952527460877 87.2035558869338
3
36.578518940669724 87.2035558869338
0.25 0.25 0.25 0.25
38.80100633393904
45.0
311.2069115859078 408.9298393026182
2
333.7303847070849 408.9298393026182
0.25 0.25 0.25 0.25
22.523473121177144
45.0
419.54880459578385 394.2127911946801
3
374.3327086526791 394.2127911946801
0.25 0.25 0.25 0.25
45.21609594310471
45.0
160.1211367826562 324.96478016954984
1
160.1211367826562 329.47098699719766
0.25 0.25 0.25 0.25
4.506206827647791
45.0
373.6180675658716 477.6801918963013
0
373.6180675658716 465.25843260071116
0.25 0.25 0.25 0.25
12.421759295590151
45.0
363.8402077436096 226.54176109570182
3
334.7599399780744 226.54176109570182
0.25 0.25 0.25 0.25
29.08026776553519
45.0
312.76652827682443 432.47921933459804
3
286.88310981224595 432.47921933459804
0.25 0.25 0.25 0.25
25.883418464578472
45.0
99.7099305101396 262.17473486499335
0
99.7099305101396 213.1300956005289
0.25 0.25 0.25 0.25
49.04463926446444
45.0
120.45016541730956 77.57968238429999
0
120.45016541730956 44.49676401997965
0.25 0.25 0.25 0.25
33.082918364320335
45.0
200.4794652191502 438.17356228928224
2
216.18222483289426 438.17356228928224
0.25 0.25 0.25 0.25
15.702759613744071
45.0
407.6772969666051 385.0590971294384
1
407.6772969666051 413.232239406168
0.25 0.25 0.25 0.25
28.173142276729585
45.0
234.3729075421039 139.85393323593905
0
234.3729075421039 137.44598839435088
0.25 0.25 0.25 0.25
2.4079448415881775
45.0
103.70432381337329 78.86578419827183
3
89.31689508784082 78.86578419827183
0.25 0.25 0.25 0.25
14.38742872553247
45.0
136.18887280576513 171.92425710017866
1
136.18887280576513 208.41303161339312
0.25 0.25 0.25 0.25
36.48877451321446
45.0
434.4945647361269 110.89050923728799
3
393.9470265556823 110.89050923728799
0.25 0.25 0.25 0.25
40.54753818044459
45.0
186.89494382914773 39.762262798674485
1
186.89494382914773 51.603682454938905
0.25 0.25 0.25 0.25
11.841419656264424
45.0
467.7580684725589 409.16914000278626
3
454.97043099535404 409.16914000278626
0.25 0.25 0.25 0.25
12.78763747720485
45.0
411.5431886481186 46.33019134709506
1
411.5431886481186 93.96567237978897
0.25 0.25 0.25 0.25
47.63548103269391
45.0
85.25783040596508 218.52775370109958
0
85.25783040596508 168.98779882328972
0.25 0.25 0.25 0.25
49.53995487780986
45.0
365.78086789403847 273.21322099342996
3
346.97946112867226 273.21322099342996
0.25 0.25 0.25 0.25
18.801406765366206
45.0
81.13736603344456 411.3814491999643
2
89.28203415019505 411.3814491999643
0.25 0.25 0.25 0.25
8.14466811675048
45.0
189.0480270962773 62.999744364751145
0
189.0480270962773 37.13170681230484
0.25 0.25 0.25 0.25
25.868037552446303
45.0
300.01236151336116 180.62840899667117
0
300.01236151336116 179.6265827442216
0.25 0.25 0.25 0.25
1.0018262524495614
45.0
255.9007778526161 259.5761316495378
2
272.43263742464535 259.5761316495378
0.25 0.25 0.25 0.25
16.53185957202924
45.0
440.54626606849075 42.03505839580115
1
440.54626606849075 81.30492758065202
0.25 0.25 0.25 0.25
39.26986918485087
45.0
467.1582632238218 104.99793078616216
1
467.1582632238218 124.42358564199999
0.25 0.25 0.25 0.25
19.42565485583783
45.0
474.01773788932564 60.723141626811696
3
496.13899317635844 60.723141626811696
0.25 0.25 0.25 0.25
29.843268934315887
45.0
107.64595120211962 317.46829012160566
1
107.64595120211962 328.34589050123463
0.25 0.25 0.25 0.25
10.877600379629
45.0
377.31166577070053 205.44410408438057
1
377.31166577070053 230.4199522814207
0.25 0.25 0.25 0.25
24.97584819704015
45.0
135.88710363186235 60.708540655387864
2
136.22107158207214 60.708540655387864
0.25 0.25 0.25 0.25
0.33396795020980696
45.0
26.656641971120255 302.26323478351384
2
44.66893350612011 302.26323478351384
0.25 0.25 0.25 0.25
18.012291534999857
45.0
