80214
181.45594273895128 23.168372560476257
1
181.45594273895128 116.83633181891864
0.25 0.25 0.25 0.25
140.0047043793949
45.0
260.42412412206295 190.9647522632864
2
380.04473872887354 190.9647522632864
0.25 0.25 0.25 0.25
119.6206146068106
45.0
469.34552576192675 209.66281873778792
1
469.34552576192675 346.5632884740511
0.25 0.25 0.25 0.25
136.90046973626318
45.0
142.76228373110126 163.77512196212427
2
153.29969131761348 163.77512196212427
0.25 0.25 0.25 0.25
10.537407586512215
45.0
333.19724884901393 61.29635973174766
2
334.0690507602291 61.29635973174766
0.25 0.25 0.25 0.25
0.8718019112152142
45.0
430.56883615039976 100.06514699918134
2
446.03181197833567 100.06514699918134
0.25 0.25 0.25 0.25
15.462975827935892
45.0
414.7003190399485 78.03277945691843
3
391.58316618660297 78.03277945691843
0.25 0.25 0.25 0.25
23.117152853345523
45.0
454.06750817937717 251.21039853031738
0
454.06750817937717 206.6225182332546
0.25 0.25 0.25 0.25
44.58788029706277
45.0
386.6143048649038 450.96879070066234
3
366.6752558547126 450.96879070066234
0.25 0.25 0.25 0.25
19.9390490101912
45.0
280.15475589704414 69.70106033675087
2
287.4897346737343 69.70106033675087
0.25 0.25 0.25 0.25
7.334978776690132
45.0
306.01597542280984 167.02677659331917
3
278.6034599677108 167.02677659331917
0.25 0.25 0.25 0.25
27.412515455099033
45.0
491.0919023388733 181.85681806832997
1
491.0919023388733 185.15379414733002
0.25 0.25 0.25 0.25
3.296976079000058
45.0
109.42657475973691 451.31453764484263
2
154.0743448121276 451.31453764484263
0.25 0.25 0.25 0.25
44.6477700523907
45.0
412.5793628075832 68.17808734489584
3
394.51425348651617 68.17808734489584
0.25 0.25 0.25 0.25
18.06510932106706
45.0
286.10201698244816 37.35044446995175
3
244.30308801394239 37.35044446995175
0.25 0.25 0.25 0.25
41.79892896850576
45.0
175.24222206707353 32.659755440351425
1
175.24222206707353 39.55417126588166
0.25 0.25 0.25 0.25
6.894415825530237
45.0
249.189509018531 483.93606988410835
0
249.189509018531 460.77227081692365
0.25 0.25 0.25 0.25
23.16379906718471
45.0
239.7726833447677 32.078914554175476
1
239.7726833447677 81.55029385529264
0.25 0.25 0.25 0.25
49.47137930111716
45.0
485.41364785159857 155.2043470890005
2
488.56226972393637 155.2043470890005
0.25 0.25 0.25 0.25
3.148621872337798
45.0
316.570791269269 438.4249318547013
1
316.570791269269 452.92769119982944
0.25 0.25 0.25 0.25
14.50275934512814
45.0
79.01157361465 468.1861179837525
3
61.20985342237719 468.1861179837525
0.25 0.25 0.25 0.25
17.801720192272807
45.0
117.26922102557512 105.30978903761371
2
147.36598109028841 105.30978903761371
0.25 0.25 0.25 0.25
30.096760064713298
45.0
41.40223453674583 102.66976115640645
1
41.40223453674583 138.06315910282396
0.25 0.25 0.25 0.25
35.3933979464175
45.0
19.5299186587064 77.34519226936865
0
19.5299186587064 69.91741340295184
0.25 0.25 0.25 0.25
7.427778866416823
45.0
298.45448227759005 195.02729368545153
2
315.0558052308449 195.02729368545153
0.25 0.25 0.25 0.25
16.601322953254872
45.0
292.66887993629877 489.5668136688837
0
292.66887993629877 451.30007088144885
0.25 0.25 0.25 0.25
38.266742787434865
45.0
350.81295711459086 276.09018035789893
2
384.79954396121843 276.09018035789893
0.25 0.25 0.25 0.25
33.986586846627546
45.0
156.17282873938206 132.33911778172492
2
171.21068836759656 132.33911778172492
0.25 0.25 0.25 0.25
15.037859628214495
45.0
354.87132573034864 298.8412168863485
2
365.5672714998871 298.8412168863485
0.25 0.25 0.25 0.25
10.695945769538467
45.0
454.45597252316963 437.28872131976766
3
432.37203336435584 437.28872131976766
0.25 0.25 0.25 0.25
22.083939158813788
45.0
101.28133951051586 104.91827164259863
1
101.28133951051586 129.98435277576428
0.25 0.25 0.25 0.25
25.066081133165646
45.0
314.95596835100594 176.28059959747867
0
314.95596835100594 148.22112644350943
0.25 0.25 0.25 0.25
28.05947315396923
45.0
335.22064921202053 126.04393065022194
3
314.012551755625 126.04393065022194
0.25 0.25 0.25 0.25
21.208097456395542
45.0
349.72793403804246 423.67468939003567
1
349.72793403804246 472.12199548504634
0.25 0.25 0.25 0.25
48.44730609501065
45.0
61.31917118219952 159.56676513517903
3
60.36647047706684 159.56676513517903
0.25 0.25 0.25 0.25
0.9527007051326808
45.0
476.9513341596573 255.5922954357005
1
476.9513341596573 268.1356345980507
0.25 0.25 0.25 0.25
12.543339162350192
45.0
236.6413893200432 427.54600550738604
1
236.6413893200432 435.7156809651765
0.25 0.25 0.25 0.25
8.16967545779047
45.0
199.76975256404262 457.8384768506397
3
167.4855111775965 457.8384768506397
0.25 0.25 0.25 0.25
32.28424138644614
45.0
111.6966663327361 266.29882300288216
0
111.6966663327361 254.3907951143902
0.25 0.25 0.25 0.25
11.908027888491969
45.0
366.35359494772905 77.41378861842635
1
366.35359494772905 97.72678273028231
0.25 0.25 0.25 0.25
20.312994111855954
45.0
309.6532287088482 365.2563192063585
2
354.4907426516268 365.2563192063585
0.25 0.25 0.25 0.25
44.83751394277865
45.0
165.3132959831815 255.66402625508385
1
165.3132959831815 279.90838769492296
0.25 0.25 0.25 0.25
24.244361439839107
45.0
81.2742120609517 203.2449565144011
3
49.44588944222902 203.2449565144011
0.25 0.25 0.25 0.25
31.828322618722677
45.0
411.279839384528 163.99228465285688
2
437.7754433975704 163.99228465285688
0.25 0.25 0.25 0.25
26.49560401304244
45.0
299.118016473417 338.07167797351883
2
341.9421627175092 338.07167797351883
0.25 0.25 0.25 0.25
42.82414624409216
45.0
357.0964544277315 496.9193602666486
2
374.8932633604039 496.9193602666486
0.25 0.25 0.25 0.25
17.79680893267245
45.0
262.9447361246621 330.15688190342325
1
262.9447361246621 364.1258762450898
0.25 0.25 0.25 0.25
33.96899434166656
45.0
368.1434911468847 426.0836626817412
2
388.9798290492282 426.0836626817412
0.25 0.25 0.25 0.25
20.836337902343544
45.0
