76237
71.26747252357882 340.19675481066264
0
71.26747252357882 245.57948968828543
0.25 0.25 0.25 0.25
94.6172651223772
45.0
99.36001689811098 456.7201905866309
0
99.36001689811098 397.60481987094863
0.25 0.25 0.25 0.25
145.67498954242046
45.0
59.90192095294864 237.48215364162274
2
44.79016274989952 237.48215364162274
0.25 0.25 0.25 0.25
104.69208370284817
45.0
17.155509313728146 267.33436345812567
1
17.155509313728146 402.95129292608704
0.25 0.25 0.25 0.25
135.61692946796137
45.0
6.731683483694866 176.6289655491182
0
6.731683483694866 69.93501006299203
0.25 0.25 0.25 0.25
106.69395548612616
45.0
47.15974998976017 30.333930648991412
1
47.15974998976017 76.69955036067597
0.25 0.25 0.25 0.25
107.03348100966738
45.0
19.579934672987065 218.98031849405834
1
19.579934672987065 355.3229575515711
0.25 0.25 0.25 0.25
136.34263905751277
45.0
309.04922787639146 71.18986499974372
2
421.1495871054915 71.18986499974372
0.25 0.25 0.25 0.25
112.10035922910001
45.0
442.22509797444644 287.35414648300133
3
353.3823834159369 287.35414648300133
0.25 0.25 0.25 0.25
88.84271455850957
45.0
226.86305229370404 400.92412373306115
0
226.86305229370404 495.41751943084296
0.25 0.25 0.25 0.25
103.65835683609592
45.0
302.7631091324748 495.88686838209196
0
302.7631091324748 395.98716868311567
0.25 0.25 0.25 0.25
99.89969969897632
45.0
107.36761170010446 353.4671144601106
1
107.36761170010446 444.80771625169575
0.25 0.25 0.25 0.25
91.34060179158514
45.0
37.934986771751014 406.4908658070285
2
145.99431806084948 406.4908658070285
0.25 0.25 0.25 0.25
108.05933128909847
45.0
265.7606331571252 433.8991435109375
0
265.7606331571252 411.63913376898995
0.25 0.25 0.25 0.25
154.46172272007254
45.0
487.04664610975044 294.68976003704574
3
331.561596957716 294.68976003704574
0.25 0.25 0.25 0.25
155.48504915203443
45.0
281.9002460338763 404.1789744839723
0
281.9002460338763 456.4817263317491
0.25 0.25 0.25 0.25
139.33929918427867
45.0
191.51375633036426 166.36700318713545
3
26.851545622552464 166.36700318713545
0.25 0.25 0.25 0.25
164.6622107078118
45.0
160.31629283785622 193.62416293375423
2
269.5323806238363 193.62416293375423
0.25 0.25 0.25 0.25
109.21608778598004
45.0
105.24806313606712 431.34084116480244
0
105.24806313606712 263.2833474488605
0.25 0.25 0.25 0.25
168.05749371594192
45.0
315.0476154426914 263.2917867533438
2
472.16503448000105 263.2917867533438
0.25 0.25 0.25 0.25
157.11741903730965
45.0
477.9533409441565 211.5590225974496
1
477.9533409441565 348.74222490028586
0.25 0.25 0.25 0.25
137.18320230283626
45.0
35.675069433328446 369.4935547516253
0
35.675069433328446 226.949969868482
0.25 0.25 0.25 0.25
142.54358488314332
45.0
473.32431822060494 313.3195001408344
1
473.32431822060494 460.25822875754
0.25 0.25 0.25 0.25
146.93872861670562
45.0
99.80538429301461 132.37995716051793
2
270.7783544886764 132.37995716051793
0.25 0.25 0.25 0.25
170.97297019566182
45.0
46.84532402306303 164.76429358554643
0
46.84532402306303 40.423733689164635
0.25 0.25 0.25 0.25
124.34055989638179
45.0
234.13095558476743 287.3268950576946
2
365.6614432678389 287.3268950576946
0.25 0.25 0.25 0.25
131.53048768307144
45.0
393.24744787741633 299.56329548061115
3
439.24816199528334 299.56329548061115
0.25 0.25 0.25 0.25
167.5043901273003
45.0
248.3634770436572 200.3440670129525
0
248.3634770436572 39.9442325125616
0.25 0.25 0.25 0.25
160.3998345003909
45.0
298.72332658091267 357.09624388591146
1
298.72332658091267 456.3464075918998
0.25 0.25 0.25 0.25
99.25016370598831
45.0
357.91777624410895 140.24898558103175
1
357.91777624410895 163.70746071480033
0.25 0.25 0.25 0.25
23.45847513376859
45.0
191.98474812593753 199.79418400166173
0
191.98474812593753 178.91332782194934
0.25 0.25 0.25 0.25
20.880856179712403
45.0
354.4977649728121 120.8237083931539
2
392.91049636438777 120.8237083931539
0.25 0.25 0.25 0.25
38.41273139157566
45.0
372.90918015085236 112.77698252675555
0
372.90918015085236 98.66822269836685
0.25 0.25 0.25 0.25
14.108759828388695
45.0
261.9964864334291 419.9433722249615
3
241.99548763820383 419.9433722249615
0.25 0.25 0.25 0.25
20.000998795225257
45.0
178.2598210586105 28.579094628434415
2
205.88078468021627 28.579094628434415
0.25 0.25 0.25 0.25
27.62096362160577
45.0
131.30535150675257 468.9974862626069
3
114.85477419598865 468.9974862626069
0.25 0.25 0.25 0.25
16.45057731076392
45.0
237.21403943392914 360.0790680553434
0
237.21403943392914 338.36886136347437
0.25 0.25 0.25 0.25
21.710206691869033
45.0
76.89187190458003 31.80811285467866
2
120.39617060752272 31.80811285467866
0.25 0.25 0.25 0.25
43.504298702942684
45.0
409.4780739945345 32.36293824678708
3
409.00827397581236 32.36293824678708
0.25 0.25 0.25 0.25
0.4698000187221274
45.0
343.62656537434543 12.820818142750063
2
368.06868598980714 12.820818142750063
0.25 0.25 0.25 0.25
24.442120615461693
45.0
152.4440086102448 172.87656167431032
0
152.4440086102448 147.81187753583544
0.25 0.25 0.25 0.25
25.064684138474885
45.0
358.0758966700777 115.10299011253073
1
358.0758966700777 140.25470840341526
0.25 0.25 0.25 0.25
25.151718290884524
45.0
164.77373106416624 265.7965763584077
1
164.77373106416624 286.6018980659528
0.25 0.25 0.25 0.25
20.805321707545065
45.0
178.6378536799695 99.29537580937821
0
178.6378536799695 83.10707888394339
0.25 0.25 0.25 0.25
16.188296925434827
45.0
34.425113473367176 436.8064163256877
1
34.425113473367176 470.3037967417131
0.25 0.25 0.25 0.25
33.49738041602542
45.0
9.472173850348195 117.86389060135792
2
0.5248990209872773 117.86389060135792
0.25 0.25 0.25 0.25
9.997072871335472
45.0
428.44021174260087 429.4244972961658
1
428.44021174260087 434.5238081745242
0.25 0.25 0.25 0.25
5.099310878358426
45.0
386.99704166745425 98.89186655329763
1
386.99704166745425 104.69256944494359
0.25 0.25 0.25 0.25
5.800702891645959
45.0
