78865
460.540095045097 160.97017059708875
3
382.23028699859196 160.97017059708875
0.25 0.25 0.25 0.25
157.22961795631105
45.0
128.29703036024057 160.33281255995814
0
128.29703036024057 28.80231870705603
0.25 0.25 0.25 0.25
131.5304938529021
45.0
429.51423341340615 242.40951772850434
3
286.148592723375 242.40951772850434
0.25 0.25 0.25 0.25
143.36564069003117
45.0
366.1532268365719 402.22077391151504
2
470.2631535645353 402.22077391151504
0.25 0.25 0.25 0.25
104.10992672796337
45.0
6.430252381084188 124.54281333140398
1
6.430252381084188 255.37135774092906
0.25 0.25 0.25 0.25
130.82854440952508
45.0
8.642681450249427 60.11289517575875
2
169.58127634064263 60.11289517575875
0.25 0.25 0.25 0.25
160.9385948903932
45.0
316.5494272384259 4.328960761222476
2
415.9327270837756 4.328960761222476
0.25 0.25 0.25 0.25
99.38329984534968
45.0
154.13093919034145 156.70561156196288
0
154.13093919034145 1.1539634773707803
0.25 0.25 0.25 0.25
155.5516480845921
45.0
314.0436988500236 403.77267044585165
3
163.14143988931013 403.77267044585165
0.25 0.25 0.25 0.25
150.90225896071345
45.0
207.26938837179287 198.72115077906233
2
356.574582261596 198.72115077906233
0.25 0.25 0.25 0.25
149.30519388980312
45.0
370.16754878515724 406.5600381627696
0
370.16754878515724 313.22546684797896
0.25 0.25 0.25 0.25
93.33457131479062
45.0
394.5272874844079 217.4213924972422
1
394.5272874844079 371.47670648294
0.25 0.25 0.25 0.25
154.0553139856978
45.0
359.0951324211276 137.70316153654665
3
480.7678618263442 137.70316153654665
0.25 0.25 0.25 0.25
160.13700575252824
45.0
82.16722964319314 302.104898265526
0
82.16722964319314 154.1132342536982
0.25 0.25 0.25 0.25
147.9916640118278
45.0
157.719670725172 303.1381565114932
3
18.319348475347 303.1381565114932
0.25 0.25 0.25 0.25
139.400322249825
45.0
210.106127394007 478.93898939318547
0
210.106127394007 341.9442101954178
0.25 0.25 0.25 0.25
136.99477919776768
45.0
482.75038560187545 379.0737386513303
1
482.75038560187545 492.74893356793723
0.25 0.25 0.25 0.25
113.67519491660693
45.0
143.37125668687509 469.6305249505292
2
0.04751750848589609 469.6305249505292
0.25 0.25 0.25 0.25
143.41877419536098
45.0
359.258190857313 37.34550838509762
1
359.258190857313 173.51540009853747
0.25 0.25 0.25 0.25
136.16989171343985
45.0
210.1472172579953 210.91640186853385
1
210.1472172579953 327.61083686287856
0.25 0.25 0.25 0.25
116.6944349943447
45.0
76.18430252238522 133.1239260028674
1
76.18430252238522 0.07266769919681337
0.25 0.25 0.25 0.25
133.1965937020642
45.0
13.304404007028012 399.5311891173974
0
13.304404007028012 489.7295044081457
0.25 0.25 0.25 0.25
110.73930647445691
45.0
93.90303181677751 193.7406761318724
1
93.90303181677751 338.10658523502957
0.25 0.25 0.25 0.25
144.36590910315718
45.0
394.18830645200353 31.468893031538954
3
299.8856116205575 31.468893031538954
0.25 0.25 0.25 0.25
94.30269483144606
45.0
489.1810527255505 270.0410509688588
0
489.1810527255505 162.64813720213505
0.25 0.25 0.25 0.25
107.39291376672377
45.0
168.96027944259532 159.17010121603568
2
333.1101522844639 159.17010121603568
0.25 0.25 0.25 0.25
164.14987284186856
45.0
412.6147535503651 295.9471058821751
0
412.6147535503651 146.72676292069661
0.25 0.25 0.25 0.25
149.22034296147848
45.0
72.27133735413813 180.71824206455665
2
53.901059429418424 180.71824206455665
0.25 0.25 0.25 0.25
126.17239678355655
45.0
115.97111770965057 157.8183234586325
2
209.87802850647947 157.8183234586325
0.25 0.25 0.25 0.25
93.9069107968289
45.0
134.6202901766896 326.0868956755114
2
137.4782744841663 326.0868956755114
0.25 0.25 0.25 0.25
2.8579843074766966
45.0
29.527844953442237 98.35587236780515
3
4.441542215399345 98.35587236780515
0.25 0.25 0.25 0.25
25.086302738042892
45.0
87.50721438990537 478.5008280567912
3
83.74346332472712 478.5008280567912
0.25 0.25 0.25 0.25
3.7637510651782504
45.0
212.92046669159953 408.7646143776748
1
212.92046669159953 441.0256749538209
0.25 0.25 0.25 0.25
32.261060576146136
45.0
282.3926319971907 59.597330693375014
2
291.460392920142 59.597330693375014
0.25 0.25 0.25 0.25
9.067760922951324
45.0
172.29100553045637 127.56677968451963
0
172.29100553045637 117.64136382883387
0.25 0.25 0.25 0.25
9.925415855685754
45.0
166.1473336088435 280.0164648435028
0
166.1473336088435 254.4945066150953
0.25 0.25 0.25 0.25
25.52195822840747
45.0
494.89581513341074 448.5276393167685
0
494.89581513341074 401.34540459373164
0.25 0.25 0.25 0.25
47.18223472303684
45.0
158.94673695280508 219.96486975212173
0
158.94673695280508 214.38811759233425
0.25 0.25 0.25 0.25
5.5767521597874845
45.0
329.82937954202185 144.647257641522
1
329.82937954202185 158.10100789658748
0.25 0.25 0.25 0.25
13.453750255065462
45.0
180.49217736539447 460.1017876567942
2
197.89305480552324 460.1017876567942
0.25 0.25 0.25 0.25
17.400877440128777
45.0
135.76696401189042 355.0659185134012
3
102.29765330845109 355.0659185134012
0.25 0.25 0.25 0.25
33.46931070343934
45.0
76.23205392757825 477.922155439376
1
76.23205392757825 494.3632318226119
0.25 0.25 0.25 0.25
16.44107638323589
45.0
286.2090951906875 362.4241596377161
3
273.6396115268119 362.4241596377161
0.25 0.25 0.25 0.25
12.56948366387558
45.0
84.84543933508263 210.70114428990064
1
84.84543933508263 233.72424574405392
0.25 0.25 0.25 0.25
23.023101454153277
45.0
65.65550942542455 304.56845211699107
2
84.69549138178112 304.56845211699107
0.25 0.25 0.25 0.25
19.039981956356574
45.0
442.8705254727274 358.36028197960604
1
442.8705254727274 405.1891316874206
0.25 0.25 0.25 0.25
46.828849707814605
45.0
164.97398471202268 35.64696330928193
3
128.23720858081998 35.64696330928193
0.25 0.25 0.25 0.25
36.73677613120269
45.0
441.9491261229101 276.4633250388997
3
407.8959060365421 276.4633250388997
0.25 0.25 0.25 0.25
34.05322008636803
45.0
