44965
487.81718952472283 175.32045003770668
3
317.5961031160389 175.32045003770668
0.25 0.25 0.25 0.25
170.22108640868396
45.0
457.2591141558298 382.1509046988424
3
366.34948528031043 382.1509046988424
0.25 0.25 0.25 0.25
90.90962887551942
45.0
389.3196374754182 201.57459768579065
1
389.3196374754182 302.5472711303859
0.25 0.25 0.25 0.25
100.97267344459529
45.0
148.0902968615394 282.50662780052073
2
12.228410980194553 282.50662780052073
0.25 0.25 0.25 0.25
160.31870784173395
45.0
177.72320035973547 127.9620107550403
2
342.8604733934592 127.9620107550403
0.25 0.25 0.25 0.25
165.13727303372372
45.0
271.48645114548515 162.89804397727292
1
271.48645114548515 261.86331134364764
0.25 0.25 0.25 0.25
98.96526736637472
45.0
469.19467524943207 357.024344039241
3
367.1929046628202 357.024344039241
0.25 0.25 0.25 0.25
163.6124200877478
45.0
20.57317774532305 353.5015751010553
0
20.57317774532305 493.4511589348996
0.25 0.25 0.25 0.25
153.0472659640451
45.0
155.68427327445738 59.494307916618254
1
155.68427327445738 96.55783962448629
0.25 0.25 0.25 0.25
156.05214754110455
45.0
129.13358221119339 423.74091625744734
2
1.8036307838478365 423.74091625744734
0.25 0.25 0.25 0.25
130.93721299504122
45.0
477.4851961674898 15.128623377399379
3
372.3974934688023 15.128623377399379
0.25 0.25 0.25 0.25
150.11731036370796
45.0
159.7377508465692 372.39692492559004
1
159.7377508465692 495.84097981860856
0.25 0.25 0.25 0.25
123.44405489301852
45.0
145.49811300280695 7.552379451563013
1
145.49811300280695 163.66427402622108
0.25 0.25 0.25 0.25
156.11189457465807
45.0
56.924709999606335 243.6413149623012
2
212.62627725906304 243.6413149623012
0.25 0.25 0.25 0.25
155.7015672594567
45.0
484.62791205443204 468.18709633937874
0
484.62791205443204 336.9906498873656
0.25 0.25 0.25 0.25
131.19644645201316
45.0
212.5836407681137 54.455377759816315
1
212.5836407681137 187.29821521622011
0.25 0.25 0.25 0.25
132.8428374564038
45.0
217.70109937407807 227.81838169206623
0
217.70109937407807 95.00067843950569
0.25 0.25 0.25 0.25
132.81770325256053
45.0
86.24696795498829 485.5577518404193
2
29.472732548330697 485.5577518404193
0.25 0.25 0.25 0.25
115.71970050331899
45.0
312.23476403436916 1.0570797049497287
2
482.99689150787265 1.0570797049497287
0.25 0.25 0.25 0.25
170.76212747350348
45.0
172.63218663621876 395.7633809175543
3
69.52217917774527 395.7633809175543
0.25 0.25 0.25 0.25
103.11000745847349
45.0
16.048274137851536 481.52227101091444
2
128.43931501252848 481.52227101091444
0.25 0.25 0.25 0.25
112.39104087467695
45.0
274.3850671971451 31.72878164953528
1
274.3850671971451 113.34735315199876
0.25 0.25 0.25 0.25
145.07613480153404
45.0
143.77054697176766 284.7486701812805
0
143.77054697176766 164.14062805720528
0.25 0.25 0.25 0.25
120.60804212407523
45.0
437.5697474713743 153.26448389288134
3
398.54055946263156 153.26448389288134
0.25 0.25 0.25 0.25
163.88969306599415
45.0
296.47799732415035 67.22013008622713
1
296.47799732415035 91.56335681731596
0.25 0.25 0.25 0.25
158.7834869035431
45.0
146.46392468471515 276.0406704707116
3
7.635701324427259 276.0406704707116
0.25 0.25 0.25 0.25
138.8282233602879
45.0
8.280610480819405 288.66504586467124
1
8.280610480819405 432.1905189993039
0.25 0.25 0.25 0.25
143.52547313463265
45.0
479.4266399079454 280.0098490376918
3
394.5952156298629 280.0098490376918
0.25 0.25 0.25 0.25
125.97814446219166
45.0
181.81308546731213 152.63318430431377
0
181.81308546731213 25.187867576568394
0.25 0.25 0.25 0.25
127.44531672774538
45.0
114.66931146167155 111.42518581644305
1
114.66931146167155 233.97811887465687
0.25 0.25 0.25 0.25
122.55293305821382
45.0
114.2485847190416 224.43111263292826
0
114.2485847190416 121.97562718593058
0.25 0.25 0.25 0.25
102.45548544699768
45.0
147.8230789951546 219.70107961966087
1
147.8230789951546 354.09910774155753
0.25 0.25 0.25 0.25
134.39802812189666
45.0
15.347383103917537 38.772837814670766
2
117.05871082444173 38.772837814670766
0.25 0.25 0.25 0.25
132.40609392835927
45.0
168.2915107752433 186.71178224633638
3
63.65163774501582 186.71178224633638
0.25 0.25 0.25 0.25
104.63987303022748
45.0
278.83219578791443 54.19529862980306
2
427.2474874650103 54.19529862980306
0.25 0.25 0.25 0.25
148.41529167709584
45.0
239.54795945095807 81.46563250749745
1
239.54795945095807 90.56792441633311
0.25 0.25 0.25 0.25
172.03355692383056
45.0
386.73862324449635 221.29043324038162
1
386.73862324449635 375.1979951083646
0.25 0.25 0.25 0.25
153.90756186798296
45.0
169.79533473426693 300.05033563364105
2
295.51266982135627 300.05033563364105
0.25 0.25 0.25 0.25
125.71733508708934
45.0
112.73074843546465 86.92739170087009
1
112.73074843546465 78.46285506785927
0.25 0.25 0.25 0.25
165.39024676872936
45.0
153.6596802178552 187.0140183339864
0
153.6596802178552 36.82552606895382
0.25 0.25 0.25 0.25
150.18849226503258
45.0
4.083574881891593 350.9916995459706
2
144.67992618959428 350.9916995459706
0.25 0.25 0.25 0.25
140.5963513077027
45.0
215.11795002095198 115.39914441595573
2
311.81176528337306 115.39914441595573
0.25 0.25 0.25 0.25
96.69381526242108
45.0
114.52148349607302 182.35104228811576
3
8.374937141379178 182.35104228811576
0.25 0.25 0.25 0.25
106.14654635469384
45.0
60.03088534214308 141.19545021444983
2
73.6125930820744 141.19545021444983
0.25 0.25 0.25 0.25
133.64347842421748
45.0
378.1982745854144 403.27916374544816
3
490.1704034898745 403.27916374544816
0.25 0.25 0.25 0.25
131.63132192471105
45.0
242.65939445926023 197.44885704679194
3
67.76683025426053 197.44885704679194
0.25 0.25 0.25 0.25
174.8925642049997
45.0
196.89347039377014 206.7423023508626
2
307.0941729721634 206.7423023508626
0.25 0.25 0.25 0.25
110.20070257839323
45.0
286.7601255717318 300.8338393469041
3
174.45049447737273 300.8338393469041
0.25 0.25 0.25 0.25
112.30963109435908
45.0
