18310
93.7170210253185 73.54626774571594
1
93.7170210253185 68.28816710720929
0.25 0.25 0.25 0.25
141.83443485292523
45.0
455.1621422475846 459.8580057795549
3
305.1982440354493 459.8580057795549
0.25 0.25 0.25 0.25
149.96389821213532
45.0
475.4500871364694 276.6981339944457
3
344.1445224560422 276.6981339944457
0.25 0.25 0.25 0.25
131.30556468042718
45.0
432.48521440091895 75.57004331579213
3
265.9063082174356 75.57004331579213
0.25 0.25 0.25 0.25
166.57890618348338
45.0
193.09806221766175 46.270890800659515
1
193.09806221766175 165.05109106832683
0.25 0.25 0.25 0.25
118.78020026766731
45.0
80.06940814045637 313.2639120150455
1
80.06940814045637 424.4398498556644
0.25 0.25 0.25 0.25
111.17593784061894
45.0
417.99552344444237 165.40086689708926
0
417.99552344444237 35.22286475860841
0.25 0.25 0.25 0.25
130.17800213848085
45.0
129.00531688372456 146.20054593033598
2
237.5676992234704 146.20054593033598
0.25 0.25 0.25 0.25
108.56238233974584
45.0
236.02876573793597 447.8502183935557
0
236.02876573793597 378.5208529242569
0.25 0.25 0.25 0.25
173.62892868218736
45.0
1.0043136071454342 154.74733917006412
0
1.0043136071454342 14.890354744427952
0.25 0.25 0.25 0.25
139.85698442563617
45.0
280.2954092955789 291.81916545131753
0
280.2954092955789 144.96755920795127
0.25 0.25 0.25 0.25
146.85160624336626
45.0
3.6538383239256405 107.65335864535336
1
3.6538383239256405 247.3839849880614
0.25 0.25 0.25 0.25
139.73062634270804
45.0
53.27057763465382 358.3429938069173
0
53.27057763465382 223.0701739137637
0.25 0.25 0.25 0.25
135.2728198931536
45.0
404.5277896266317 429.17054403231884
3
488.18789808518704 429.17054403231884
0.25 0.25 0.25 0.25
107.28431228818121
45.0
320.2669101353911 76.13835335282062
1
320.2669101353911 198.3858428529708
0.25 0.25 0.25 0.25
122.24748950015018
45.0
241.16526821429918 186.0956595023874
1
241.16526821429918 318.7661597448614
0.25 0.25 0.25 0.25
132.670500242474
45.0
132.85538029912186 470.5454992931242
0
132.85538029912186 336.8330883027809
0.25 0.25 0.25 0.25
133.7124109903433
45.0
455.33822219158617 271.0174209072293
3
436.3753636586694 271.0174209072293
0.25 0.25 0.25 0.25
108.28641414974446
45.0
86.51979501954293 109.72814801804645
1
86.51979501954293 9.85345432998389
0.25 0.25 0.25 0.25
119.58160234803034
45.0
365.6528674027945 119.60300944360893
2
494.22785460036084 119.60300944360893
0.25 0.25 0.25 0.25
128.57498719756632
45.0
56.716031672387885 297.1957163780043
1
56.716031672387885 464.5178449431547
0.25 0.25 0.25 0.25
167.32212856515042
45.0
17.611906266844642 121.06328918095426
1
17.611906266844642 31.469248774595997
0.25 0.25 0.25 0.25
152.53253795555025
45.0
18.700379422943115 421.4061073724198
2
100.75096334017292 421.4061073724198
0.25 0.25 0.25 0.25
119.45134276311603
45.0
32.365328156605614 74.20871502332938
1
32.365328156605614 189.84067920401557
0.25 0.25 0.25 0.25
115.6319641806862
45.0
188.80162706093202 110.84154841396813
1
188.80162706093202 256.90964755733796
0.25 0.25 0.25 0.25
146.06809914336984
45.0
158.65764602176606 48.59638376046047
1
158.65764602176606 215.2703597860581
0.25 0.25 0.25 0.25
166.67397602559763
45.0
92.4973062455444 414.9462563530087
0
92.4973062455444 272.6073059744481
0.25 0.25 0.25 0.25
142.3389503785606
45.0
297.7440863705172 42.98161017801627
1
297.7440863705172 60.79587589562635
0.25 0.25 0.25 0.25
103.77748607364262
45.0
274.07469020896394 368.61448917702035
1
274.07469020896394 460.34914943747924
0.25 0.25 0.25 0.25
91.73466026045892
45.0
153.26794303102417 134.087592502255
1
153.26794303102417 25.46625335365661
0.25 0.25 0.25 0.25
159.55384585591162
45.0
364.5060863059707 365.1022044095215
2
490.657211441412 365.1022044095215
0.25 0.25 0.25 0.25
126.15112513544132
45.0
482.79455682682396 387.05562795384003
3
372.86011828878 387.05562795384003
0.25 0.25 0.25 0.25
144.34532488439604
45.0
130.57290288301988 226.04508843626718
2
275.7327542685523 226.04508843626718
0.25 0.25 0.25 0.25
145.15985138553242
45.0
307.43349888795547 388.24672071502175
3
177.43883893401258 388.24672071502175
0.25 0.25 0.25 0.25
129.9946599539429
45.0
143.35246122679462 486.77003868636893
0
143.35246122679462 349.02085906349805
0.25 0.25 0.25 0.25
137.74917962287088
45.0
54.52721211112117 277.663905016435
1
54.52721211112117 401.6335068391693
0.25 0.25 0.25 0.25
123.96960182273423
45.0
294.0878096359614 11.471426598688112
1
294.0878096359614 112.10050364470796
0.25 0.25 0.25 0.25
100.62907704601984
45.0
330.4891031241967 113.61690971947921
2
426.0760779719348 113.61690971947921
0.25 0.25 0.25 0.25
95.58697484773815
45.0
165.5112507676189 213.47434464258504
1
165.5112507676189 382.97944859935876
0.25 0.25 0.25 0.25
169.50510395677372
45.0
60.1681834176062 4.860592983259153
1
60.1681834176062 88.71652423250544
0.25 0.25 0.25 0.25
93.57711721576459
45.0
23.17045933402315 53.68769597643589
2
152.781689185941 53.68769597643589
0.25 0.25 0.25 0.25
129.61122985191784
45.0
148.46358488603062 344.9532377364044
2
307.7953244913457 344.9532377364044
0.25 0.25 0.25 0.25
159.33173960531508
45.0
368.3815550968948 129.16127735209884
1
368.3815550968948 300.6562388917904
0.25 0.25 0.25 0.25
171.49496153969156
45.0
362.1879113915976 434.28771071998494
3
227.0576106786898 434.28771071998494
0.25 0.25 0.25 0.25
135.1303007129078
45.0
157.75067510119618 174.29594860457263
1
157.75067510119618 333.03091016815813
0.25 0.25 0.25 0.25
158.7349615635855
45.0
425.9693307071001 470.41711894387095
3
283.3114372877804 470.41711894387095
0.25 0.25 0.25 0.25
142.6578934193197
45.0
298.9864960066064 441.921730706011
0
298.9864960066064 421.55431449541254
0.25 0.25 0.25 0.25
136.52395479857654
45.0
30.454255704522097 251.61996767747934
2
129.0760208908801 251.61996767747934
0.25 0.25 0.25 0.25
159.5302765954022
45.0
